,0,1,2,3,4,5,6,7,8,9,10,11,12,13,14,15,16,17,18,19,20,21,22,23
0,0.0,-0.8678148114344857,-1.0373232226052034,-1.1432027416649044,0.0,0.0,0.0,0.0,0.0,0.0,0.0,0.0,0.0,0.0,0.0,0.0,0.0,0.0,0.0,0.0,0.0,0.0,0.0,0.0
1,-0.8678148114344857,0.0,-0.840883460182708,-0.9347194469550726,0.0,-1.1821104284459245,0.0,0.0,0.0,0.0,0.0,0.0,0.0,0.0,0.0,0.0,0.0,0.0,0.0,0.0,0.0,0.0,0.0,0.0
2,-1.0373232226052034,-0.840883460182708,0.0,-0.7761083371277467,0.0,-0.9988391814021871,0.0,0.0,0.0,0.0,0.0,0.0,0.0,0.0,0.0,0.0,0.0,0.0,0.0,0.0,0.0,0.0,0.0,0.0
3,-1.1432027416649044,-0.9347194469550726,-0.7761083371277467,0.0,-0.8804252990482804,-0.9010444509429042,0.0,0.0,0.0,0.0,0.0,0.0,0.0,0.0,0.0,0.0,0.0,0.0,0.0,0.0,0.0,0.0,0.0,0.0
4,0.0,0.0,0.0,-0.8804252990482804,0.0,-0.710784899259388,0.0,-0.8535086916305291,-0.8553056346968554,0.0,0.0,0.0,0.0,0.0,0.0,0.0,0.0,0.0,0.0,0.0,0.0,0.0,0.0,0.0
5,0.0,-1.1821104284459245,-0.9988391814021871,-0.9010444509429042,-0.710784899259388,0.0,0.0,-0.8335829495922108,-0.8353530855250254,0.0,0.0,0.0,0.0,0.0,0.0,0.0,0.0,0.0,0.0,0.0,0.0,0.0,0.0,0.0
6,0.0,0.0,0.0,0.0,0.0,0.0,0.0,-0.6977445658425306,-0.6993169786118986,-0.735037541440792,-0.818882796040084,0.0,0.0,0.0,0.0,0.0,0.0,0.0,0.0,0.0,0.0,0.0,0.0,0.0
7,0.0,0.0,0.0,0.0,-0.8535086916305291,-0.8335829495922108,-0.6977445658425306,0.0,-0.694712419480633,-0.7302730024846887,0.0,0.0,0.0,0.0,0.0,0.0,0.0,0.0,0.0,0.0,0.0,0.0,0.0,0.0
8,0.0,0.0,0.0,0.0,-0.8553056346968554,-0.8353530855250254,-0.6993169786118986,-0.694712419480633,0.0,-0.7286532074029929,0.0,0.0,0.0,0.0,0.0,0.0,0.0,0.0,0.0,0.0,0.0,0.0,0.0,0.0
9,0.0,0.0,0.0,0.0,0.0,0.0,-0.735037541440792,-0.7302730024846887,-0.7286532074029929,0.0,-0.7738179276005913,-0.8881790288765375,0.0,0.0,0.0,0.0,0.0,0.0,0.0,0.0,0.0,0.0,0.0,0.0
10,0.0,0.0,0.0,0.0,0.0,0.0,-0.818882796040084,0.0,0.0,-0.7738179276005913,0.0,-0.7997050739120988,-0.8129187638008561,0.0,0.0,0.0,0.0,0.0,0.0,0.0,0.0,0.0,0.0,0.0
11,0.0,0.0,0.0,0.0,0.0,0.0,0.0,0.0,0.0,-0.8881790288765375,-0.7997050739120988,0.0,-0.7051551284637746,-0.792946584948169,0.0,0.0,0.0,0.0,0.0,0.0,0.0,0.0,0.0,0.0
12,0.0,0.0,0.0,0.0,0.0,0.0,0.0,0.0,0.0,0.0,-0.8129187638008561,-0.7051551284637746,0.0,-0.7799467682878782,0.0,0.0,0.0,0.0,0.0,0.0,0.0,0.0,0.0,0.0
13,0.0,0.0,0.0,0.0,0.0,0.0,0.0,0.0,0.0,0.0,0.0,-0.792946584948169,-0.7799467682878782,0.0,-0.874893042362034,-0.9761837598016506,0.0,0.0,0.0,0.0,0.0,0.0,0.0,0.0
14,0.0,0.0,0.0,0.0,0.0,0.0,0.0,0.0,0.0,0.0,0.0,0.0,0.0,-0.874893042362034,0.0,-0.7806153942806373,-0.8624290079359533,-0.8717580166567532,0.0,0.0,0.0,0.0,0.0,0.0
15,0.0,0.0,0.0,0.0,0.0,0.0,0.0,0.0,0.0,0.0,0.0,0.0,0.0,-0.9761837598016506,-0.7806153942806373,0.0,-0.7688714854833099,-0.777535015053056,0.0,0.0,0.0,0.0,0.0,0.0
16,0.0,0.0,0.0,0.0,0.0,0.0,0.0,0.0,0.0,0.0,0.0,0.0,0.0,0.0,-0.8624290079359533,-0.7688714854833099,0.0,-0.7012242110120601,0.0,0.0,0.0,0.0,0.0,0.0
17,0.0,0.0,0.0,0.0,0.0,0.0,0.0,0.0,0.0,0.0,0.0,0.0,0.0,0.0,-0.8717580166567532,-0.777535015053056,-0.7012242110120601,0.0,0.0,0.0,0.0,0.0,0.0,0.0
18,0.0,0.0,0.0,0.0,0.0,0.0,0.0,0.0,0.0,0.0,0.0,0.0,0.0,0.0,0.0,0.0,0.0,0.0,0.0,-0.8461864852178077,-0.975366561997049,-1.0128075489360737,0.0,0.0
19,0.0,0.0,0.0,0.0,0.0,0.0,0.0,0.0,0.0,0.0,0.0,0.0,0.0,0.0,0.0,0.0,0.0,0.0,-0.8461864852178077,0.0,-0.8071531807745473,-0.8405111464134597,0.0,0.0
20,0.0,0.0,0.0,0.0,0.0,0.0,0.0,0.0,0.0,0.0,0.0,0.0,0.0,0.0,0.0,0.0,0.0,0.0,-0.975366561997049,-0.8071531807745473,0.0,-0.7233089309511218,-1.082413209452023,-1.5074999612947784
21,0.0,0.0,0.0,0.0,0.0,0.0,0.0,0.0,0.0,0.0,0.0,0.0,0.0,0.0,0.0,0.0,0.0,0.0,-1.0128075489360737,-0.8405111464134597,-0.7233089309511218,0.0,-1.043508101230899,-1.461531399063347
22,0.0,0.0,0.0,0.0,0.0,0.0,0.0,0.0,0.0,0.0,0.0,0.0,0.0,0.0,0.0,0.0,0.0,0.0,0.0,0.0,-1.082413209452023,-1.043508101230899,0.0,-1.03002157743456
23,0.0,0.0,0.0,0.0,0.0,0.0,0.0,0.0,0.0,0.0,0.0,0.0,0.0,0.0,0.0,0.0,0.0,0.0,0.0,0.0,-1.5074999612947784,-1.461531399063347,-1.03002157743456,0.0
