,0,1,2,3,4,5,6,7,8,9,10,11,12,13,14,15,16,17,18,19,20,21,22
0,0.0,-1.002205779270286,-1.0650996841469025,-1.1207686830824164,0.0,0.0,0.0,0.0,0.0,0.0,0.0,0.0,0.0,0.0,0.0,0.0,0.0,0.0,0.0,0.0,0.0,0.0,0.0
1,-1.002205779270286,0.0,-0.7431559766791771,-0.7879483924994831,-0.797720151024848,0.0,0.0,0.0,0.0,0.0,0.0,0.0,0.0,0.0,0.0,0.0,0.0,0.0,0.0,0.0,0.0,0.0,0.0
2,-1.0650996841469025,-0.7431559766791771,0.0,-0.7359001821613498,-0.7452385019814147,0.0,0.0,0.0,0.0,0.0,0.0,0.0,0.0,0.0,0.0,0.0,0.0,0.0,0.0,0.0,0.0,0.0,0.0
3,-1.1207686830824164,-0.7879483924994831,-0.7359001821613498,0.0,-0.7021120494101507,-0.8161234457230033,0.0,0.0,0.0,0.0,0.0,0.0,0.0,0.0,0.0,0.0,0.0,0.0,0.0,0.0,0.0,0.0,0.0
4,0.0,-0.797720151024848,-0.7452385019814147,-0.7021120494101507,0.0,-0.8062049616966223,0.0,0.0,0.0,0.0,0.0,0.0,0.0,0.0,0.0,0.0,0.0,0.0,0.0,0.0,0.0,0.0,0.0
5,0.0,0.0,0.0,-0.8161234457230033,-0.8062049616966223,0.0,-0.7611082540887301,-0.8290804545524613,0.0,0.0,0.0,0.0,0.0,0.0,0.0,0.0,0.0,0.0,0.0,0.0,0.0,0.0,0.0
6,0.0,0.0,0.0,0.0,0.0,-0.7611082540887301,0.0,-0.7570597535025568,-0.8113270599034802,0.0,0.0,0.0,0.0,0.0,0.0,0.0,0.0,0.0,0.0,0.0,0.0,0.0,0.0
7,0.0,0.0,0.0,0.0,0.0,-0.8290804545524613,-0.7570597535025568,0.0,-0.744330091903668,0.0,0.0,0.0,0.0,0.0,0.0,0.0,0.0,0.0,0.0,0.0,0.0,0.0,0.0
8,0.0,0.0,0.0,0.0,0.0,0.0,-0.8113270599034802,-0.744330091903668,0.0,-0.8804107534580805,0.0,0.0,0.0,0.0,0.0,0.0,0.0,0.0,0.0,0.0,0.0,0.0,0.0
9,0.0,0.0,0.0,0.0,0.0,0.0,0.0,0.0,-0.8804107534580805,0.0,-0.7669332321988436,-0.9192692719199851,0.0,0.0,0.0,0.0,0.0,0.0,0.0,0.0,0.0,0.0,0.0
10,0.0,0.0,0.0,0.0,0.0,0.0,0.0,0.0,0.0,-0.7669332321988436,0.0,-0.8360557094655408,-0.959551972841742,0.0,0.0,0.0,0.0,0.0,0.0,0.0,0.0,0.0,0.0
11,0.0,0.0,0.0,0.0,0.0,0.0,0.0,0.0,0.0,-0.9192692719199851,-0.8360557094655408,0.0,-0.8028968156697144,-0.8304770002776498,-0.8871289776220738,-1.116638553933243,0.0,0.0,0.0,0.0,0.0,0.0,0.0
12,0.0,0.0,0.0,0.0,0.0,0.0,0.0,0.0,0.0,0.0,-0.959551972841742,-0.8028968156697144,0.0,-0.7181627520110089,-0.7697442280732508,-0.9812067379432743,0.0,0.0,0.0,0.0,0.0,0.0,0.0
13,0.0,0.0,0.0,0.0,0.0,0.0,0.0,0.0,0.0,0.0,0.0,-0.8304770002776498,-0.7181627520110089,0.0,-0.7435158398710853,0.0,0.0,0.0,0.0,0.0,0.0,0.0,0.0
14,0.0,0.0,0.0,0.0,0.0,0.0,0.0,0.0,0.0,0.0,0.0,-0.8871289776220738,-0.7697442280732508,-0.7435158398710853,0.0,-0.8914341302003902,-0.8999502631673336,0.0,0.0,0.0,0.0,0.0,0.0
15,0.0,0.0,0.0,0.0,0.0,0.0,0.0,0.0,0.0,0.0,0.0,-1.116638553933243,-0.9812067379432743,0.0,-0.8914341302003902,0.0,-0.7003697410683788,-0.7125002590606574,0.0,-0.9050058056925984,0.0,0.0,0.0
16,0.0,0.0,0.0,0.0,0.0,0.0,0.0,0.0,0.0,0.0,0.0,0.0,0.0,0.0,-0.8999502631673336,-0.7003697410683788,0.0,-0.7051915444111626,0.0,-0.8964601217740634,0.0,0.0,0.0
17,0.0,0.0,0.0,0.0,0.0,0.0,0.0,0.0,0.0,0.0,0.0,0.0,0.0,0.0,0.0,-0.7125002590606574,-0.7051915444111626,0.0,0.0,-0.8823540737304844,0.0,0.0,0.0
18,0.0,0.0,0.0,0.0,0.0,0.0,0.0,0.0,0.0,0.0,0.0,0.0,0.0,0.0,0.0,0.0,0.0,0.0,0.0,-0.6972239158480344,0.0,-0.8425763971140355,-1.0065193122913576
19,0.0,0.0,0.0,0.0,0.0,0.0,0.0,0.0,0.0,0.0,0.0,0.0,0.0,0.0,0.0,-0.9050058056925984,-0.8964601217740634,-0.8823540737304844,-0.6972239158480344,0.0,-0.8318658300900312,-0.8379513531610153,-1.001364030298455
20,0.0,0.0,0.0,0.0,0.0,0.0,0.0,0.0,0.0,0.0,0.0,0.0,0.0,0.0,0.0,0.0,0.0,0.0,0.0,-0.8318658300900312,0.0,-0.6985367308902856,-0.8446046398753784
21,0.0,0.0,0.0,0.0,0.0,0.0,0.0,0.0,0.0,0.0,0.0,0.0,0.0,0.0,0.0,0.0,0.0,0.0,-0.8425763971140355,-0.8379513531610153,-0.6985367308902856,0.0,-0.83848825588347
22,0.0,0.0,0.0,0.0,0.0,0.0,0.0,0.0,0.0,0.0,0.0,0.0,0.0,0.0,0.0,0.0,0.0,0.0,-1.0065193122913576,-1.001364030298455,-0.8446046398753784,-0.83848825588347,0.0
