,0,1,2,3,4,5,6,7,8,9,10,11,12,13,14,15,16,17,18,19,20,21,22
0,0.0,-0.9110672826001658,-1.2030271576668008,-1.2333090386116152,0.0,0.0,0.0,0.0,0.0,0.0,0.0,0.0,0.0,0.0,0.0,0.0,0.0,0.0,0.0,0.0,0.0,0.0,0.0
1,-0.9110672826001658,0.0,-0.9427620509959714,-0.969231357450423,-1.0469297169039256,0.0,0.0,0.0,0.0,0.0,0.0,0.0,0.0,0.0,0.0,0.0,0.0,0.0,0.0,0.0,0.0,0.0,0.0
2,-1.2030271576668008,-0.9427620509959714,0.0,-0.7148789763493786,-0.7792539255886031,0.0,0.0,0.0,0.0,0.0,0.0,0.0,0.0,0.0,0.0,0.0,0.0,0.0,0.0,0.0,0.0,0.0,0.0
3,-1.2333090386116152,-0.969231357450423,-0.7148789763493786,0.0,-0.7562091863262903,0.0,0.0,0.0,0.0,0.0,0.0,0.0,0.0,0.0,0.0,0.0,0.0,0.0,0.0,0.0,0.0,0.0,0.0
4,0.0,-1.0469297169039256,-0.7792539255886031,-0.7562091863262903,0.0,0.0,-1.4885395109201436,0.0,0.0,0.0,0.0,0.0,0.0,0.0,0.0,0.0,0.0,0.0,0.0,0.0,0.0,0.0,0.0
5,0.0,0.0,0.0,0.0,0.0,0.0,-0.8070843339349236,-0.9948580094118361,-1.1987250691343818,0.0,0.0,0.0,0.0,0.0,0.0,0.0,0.0,0.0,0.0,0.0,0.0,0.0,0.0
6,0.0,0.0,0.0,0.0,-1.4885395109201436,-0.8070843339349236,0.0,-0.86413745988647,-1.0527775197448859,0.0,0.0,0.0,0.0,0.0,0.0,0.0,0.0,0.0,0.0,0.0,0.0,0.0,0.0
7,0.0,0.0,0.0,0.0,0.0,-0.9948580094118361,-0.86413745988647,0.0,-0.8581602459312541,0.0,0.0,0.0,0.0,0.0,0.0,0.0,0.0,0.0,0.0,0.0,0.0,0.0,0.0
8,0.0,0.0,0.0,0.0,0.0,-1.1987250691343818,-1.0527775197448859,-0.8581602459312541,0.0,0.0,-0.8260853559060513,-0.9184469264989269,0.0,-0.9907747595978843,0.0,0.0,0.0,0.0,0.0,0.0,0.0,0.0,0.0
9,0.0,0.0,0.0,0.0,0.0,0.0,0.0,0.0,0.0,0.0,-0.715948703255765,0.0,-0.8560127021768505,0.0,-0.9122872107012049,0.0,0.0,0.0,0.0,0.0,0.0,0.0,0.0
10,0.0,0.0,0.0,0.0,0.0,0.0,0.0,0.0,-0.8260853559060513,-0.715948703255765,0.0,0.0,-0.8303255965460864,0.0,-0.8855477992292389,0.0,0.0,0.0,0.0,0.0,0.0,0.0,0.0
11,0.0,0.0,0.0,0.0,0.0,0.0,0.0,0.0,-0.9184469264989269,0.0,0.0,0.0,-0.7438677375350066,-0.7536934927913953,0.0,0.0,0.0,0.0,0.0,0.0,0.0,0.0,0.0
12,0.0,0.0,0.0,0.0,0.0,0.0,0.0,0.0,0.0,-0.8560127021768505,-0.8303255965460864,-0.7438677375350066,0.0,-0.7025120570114833,-0.7422463818263079,-0.7980076011163546,0.0,0.0,0.0,0.0,0.0,0.0,0.0
13,0.0,0.0,0.0,0.0,0.0,0.0,0.0,0.0,-0.9907747595978843,0.0,0.0,-0.7536934927913953,-0.7025120570114833,0.0,-0.7325216855876064,-0.7878012618408549,0.0,0.0,0.0,0.0,0.0,0.0,0.0
14,0.0,0.0,0.0,0.0,0.0,0.0,0.0,0.0,0.0,-0.9122872107012049,-0.8855477992292389,0.0,-0.7422463818263079,-0.7325216855876064,0.0,-0.7464255520723467,0.0,0.0,0.0,0.0,0.0,0.0,0.0
15,0.0,0.0,0.0,0.0,0.0,0.0,0.0,0.0,0.0,0.0,0.0,0.0,-0.7980076011163546,-0.7878012618408549,-0.7464255520723467,0.0,0.0,0.0,0.0,0.0,0.0,0.0,0.0
16,0.0,0.0,0.0,0.0,0.0,0.0,0.0,0.0,0.0,0.0,0.0,0.0,0.0,0.0,0.0,0.0,0.0,-0.7578121728392301,0.0,0.0,-0.9624291208376221,-0.9796419136593116,0.0
17,0.0,0.0,0.0,0.0,0.0,0.0,0.0,0.0,0.0,0.0,0.0,0.0,0.0,0.0,0.0,0.0,-0.7578121728392301,0.0,-0.7393388773531752,-0.8069248139119455,0.0,0.0,-0.9065345555822384
18,0.0,0.0,0.0,0.0,0.0,0.0,0.0,0.0,0.0,0.0,0.0,0.0,0.0,0.0,0.0,0.0,0.0,-0.7393388773531752,0.0,-0.7579064559790928,-0.8346690562153428,-0.8504434711218978,-0.8536706450862094
19,0.0,0.0,0.0,0.0,0.0,0.0,0.0,0.0,0.0,0.0,0.0,0.0,0.0,0.0,0.0,0.0,0.0,-0.8069248139119455,-0.7579064559790928,0.0,-0.7655402172327022,-0.7804552602434551,-0.7835081956507213
20,0.0,0.0,0.0,0.0,0.0,0.0,0.0,0.0,0.0,0.0,0.0,0.0,0.0,0.0,0.0,0.0,-0.9624291208376221,0.0,-0.8346690562153428,-0.7655402172327022,0.0,-0.7070953834252744,0.0
21,0.0,0.0,0.0,0.0,0.0,0.0,0.0,0.0,0.0,0.0,0.0,0.0,0.0,0.0,0.0,0.0,-0.9796419136593116,0.0,-0.8504434711218978,-0.7804552602434551,-0.7070953834252744,0.0,0.0
22,0.0,0.0,0.0,0.0,0.0,0.0,0.0,0.0,0.0,0.0,0.0,0.0,0.0,0.0,0.0,0.0,0.0,-0.9065345555822384,-0.8536706450862094,-0.7835081956507213,0.0,0.0,0.0
