,0,1,2,3,4,5,6,7,8,9,10,11,12,13,14,15,16,17,18,19,20,21
0,0.0,-1.0851992030546587,-1.221028930482369,-1.4072763361637128,0.0,0.0,0.0,0.0,0.0,0.0,0.0,0.0,0.0,0.0,0.0,0.0,0.0,0.0,0.0,0.0,0.0,0.0
1,-1.0851992030546587,0.0,-0.7973782208303752,-0.945407251833044,-1.0551029071145381,0.0,0.0,0.0,0.0,0.0,0.0,0.0,0.0,0.0,0.0,0.0,0.0,0.0,0.0,0.0,0.0,0.0
2,-1.221028930482369,-0.7973782208303752,0.0,-0.8287060081909318,-0.9301969345212907,0.0,0.0,0.0,0.0,0.0,0.0,0.0,0.0,0.0,0.0,0.0,0.0,0.0,0.0,0.0,0.0,0.0
3,-1.4072763361637128,-0.945407251833044,-0.8287060081909318,0.0,-0.7837203946940985,-0.9667778315901342,0.0,0.0,0.0,0.0,0.0,0.0,0.0,0.0,0.0,0.0,0.0,0.0,0.0,0.0,0.0,0.0
4,0.0,-1.0551029071145381,-0.9301969345212907,-0.7837203946940985,0.0,-0.8627841418195035,0.0,0.0,-1.0796062231406276,0.0,0.0,0.0,0.0,0.0,0.0,0.0,0.0,0.0,0.0,0.0,0.0,0.0
5,0.0,0.0,0.0,-0.9667778315901342,-0.8627841418195035,0.0,-0.8515082108309959,-0.8606993852446636,-0.8833077732320956,0.0,0.0,0.0,0.0,0.0,0.0,0.0,0.0,0.0,0.0,0.0,0.0,0.0
6,0.0,0.0,0.0,0.0,0.0,-0.8515082108309959,0.0,-0.7011688914616787,-0.7209402903381501,0.0,0.0,0.0,0.0,0.0,0.0,0.0,0.0,0.0,0.0,0.0,0.0,0.0
7,0.0,0.0,0.0,0.0,0.0,-0.8606993852446636,-0.7011688914616787,0.0,-0.7127633925278064,0.0,0.0,0.0,0.0,0.0,0.0,0.0,0.0,0.0,0.0,0.0,0.0,0.0
8,0.0,0.0,0.0,0.0,-1.0796062231406276,-0.8833077732320956,-0.7209402903381501,-0.7127633925278064,0.0,-0.9248243767161725,0.0,0.0,0.0,0.0,0.0,0.0,0.0,0.0,0.0,0.0,0.0,0.0
9,0.0,0.0,0.0,0.0,0.0,0.0,0.0,0.0,-0.9248243767161725,0.0,-0.7077162033584473,-0.758039554433645,-0.9295657981268453,0.0,0.0,0.0,0.0,0.0,0.0,0.0,0.0,0.0
10,0.0,0.0,0.0,0.0,0.0,0.0,0.0,0.0,0.0,-0.7077162033584473,0.0,-0.7427705703149385,-0.9121560723801777,0.0,0.0,0.0,0.0,0.0,0.0,0.0,0.0,0.0
11,0.0,0.0,0.0,0.0,0.0,0.0,0.0,0.0,0.0,-0.758039554433645,-0.7427705703149385,0.0,-0.855311569997409,0.0,0.0,0.0,0.0,0.0,0.0,0.0,0.0,0.0
12,0.0,0.0,0.0,0.0,0.0,0.0,0.0,0.0,0.0,-0.9295657981268453,-0.9121560723801777,-0.855311569997409,0.0,-0.8061937681684962,-0.9116397883387557,-1.0273978765159932,0.0,0.0,0.0,0.0,0.0,0.0
13,0.0,0.0,0.0,0.0,0.0,0.0,0.0,0.0,0.0,0.0,0.0,0.0,-0.8061937681684962,0.0,-0.7888819037695086,-0.8950015338025181,0.0,0.0,0.0,0.0,0.0,0.0
14,0.0,0.0,0.0,0.0,0.0,0.0,0.0,0.0,0.0,0.0,0.0,0.0,-0.9116397883387557,-0.7888819037695086,0.0,-0.7908082589815988,0.0,-1.0099914532771554,0.0,0.0,0.0,0.0
15,0.0,0.0,0.0,0.0,0.0,0.0,0.0,0.0,0.0,0.0,0.0,0.0,-1.0273978765159932,-0.8950015338025181,-0.7908082589815988,0.0,-0.8565211738518393,-0.8954339520630835,0.0,0.0,0.0,0.0
16,0.0,0.0,0.0,0.0,0.0,0.0,0.0,0.0,0.0,0.0,0.0,0.0,0.0,0.0,0.0,-0.8565211738518393,0.0,-0.7270483735741605,-0.9227164245638309,0.0,0.0,0.0
17,0.0,0.0,0.0,0.0,0.0,0.0,0.0,0.0,0.0,0.0,0.0,0.0,0.0,0.0,-1.0099914532771554,-0.8954339520630835,-0.7270483735741605,0.0,-0.8830660571541563,0.0,0.0,0.0
18,0.0,0.0,0.0,0.0,0.0,0.0,0.0,0.0,0.0,0.0,0.0,0.0,0.0,0.0,0.0,0.0,-0.9227164245638309,-0.8830660571541563,0.0,-0.9734067724102399,-1.0487929861924858,-1.0785695408917535
19,0.0,0.0,0.0,0.0,0.0,0.0,0.0,0.0,0.0,0.0,0.0,0.0,0.0,0.0,0.0,0.0,0.0,0.0,-0.9734067724102399,0.0,-0.7541686022569976,-0.7785093740485863
20,0.0,0.0,0.0,0.0,0.0,0.0,0.0,0.0,0.0,0.0,0.0,0.0,0.0,0.0,0.0,0.0,0.0,0.0,-1.0487929861924858,-0.7541686022569976,0.0,-0.7161431022112057
21,0.0,0.0,0.0,0.0,0.0,0.0,0.0,0.0,0.0,0.0,0.0,0.0,0.0,0.0,0.0,0.0,0.0,0.0,-1.0785695408917535,-0.7785093740485863,-0.7161431022112057,0.0
