,0,1,2,3,4,5,6,7,8,9,10,11,12,13,14,15,16,17,18,19,20
0,0.0,-1.0196654150876505,-1.093177259005778,-1.2433263976972981,0.0,0.0,0.0,0.0,0.0,0.0,0.0,0.0,0.0,0.0,0.0,0.0,0.0,0.0,0.0,0.0,0.0
1,-1.0196654150876505,0.0,-0.7510966631603334,-0.8721608822859909,-0.9163979761348857,0.0,0.0,0.0,0.0,0.0,0.0,0.0,0.0,0.0,0.0,0.0,0.0,0.0,0.0,0.0,0.0
2,-1.093177259005778,-0.7510966631603334,0.0,-0.8081152753737828,-0.8502942460319455,0.0,0.0,0.0,0.0,0.0,0.0,0.0,0.0,0.0,0.0,0.0,0.0,0.0,0.0,0.0,0.0
3,-1.2433263976972981,-0.8721608822859909,-0.8081152753737828,0.0,-0.7312717781329771,-0.8910412519497178,0.0,0.0,0.0,0.0,0.0,0.0,0.0,0.0,0.0,0.0,0.0,0.0,0.0,0.0,0.0
4,0.0,-0.9163979761348857,-0.8502942460319455,-0.7312717781329771,0.0,-0.8475780885548695,0.0,0.0,0.0,0.0,0.0,0.0,0.0,0.0,0.0,0.0,0.0,0.0,0.0,0.0,0.0
5,0.0,0.0,0.0,-0.8910412519497178,-0.8475780885548695,0.0,-1.0918009773629882,0.0,-1.1685805758991943,0.0,0.0,0.0,0.0,0.0,0.0,0.0,0.0,0.0,0.0,0.0,0.0
6,0.0,0.0,0.0,0.0,0.0,-1.0918009773629882,0.0,-0.734708794502587,-0.7514710690777847,-0.7938534586571013,0.0,0.0,0.0,0.0,0.0,0.0,0.0,0.0,0.0,0.0,0.0
7,0.0,0.0,0.0,0.0,0.0,0.0,-0.734708794502587,0.0,-0.7092590133606281,-0.750042825927618,-0.8277687276655766,0.0,0.0,0.0,0.0,0.0,0.0,0.0,0.0,0.0,0.0
8,0.0,0.0,0.0,0.0,0.0,-1.1685805758991943,-0.7514710690777847,-0.7092590133606281,0.0,-0.7333021199714789,0.0,-0.8370317602227462,0.0,0.0,0.0,0.0,0.0,0.0,0.0,0.0,0.0
9,0.0,0.0,0.0,0.0,0.0,0.0,-0.7938534586571013,-0.750042825927618,-0.7333021199714789,0.0,-0.7669461494843643,-0.7931385796523741,-0.8313024395410937,0.0,0.0,0.0,0.0,0.0,0.0,0.0,0.0
10,0.0,0.0,0.0,0.0,0.0,0.0,0.0,-0.8277687276655766,0.0,-0.7669461494843643,0.0,-0.7176211072063845,-0.7533551878968151,0.0,0.0,0.0,0.0,0.0,0.0,0.0,0.0
11,0.0,0.0,0.0,0.0,0.0,0.0,0.0,0.0,-0.8370317602227462,-0.7931385796523741,-0.7176211072063845,0.0,-0.7280522675148499,-0.9320935698734407,0.0,0.0,0.0,0.0,0.0,0.0,0.0
12,0.0,0.0,0.0,0.0,0.0,0.0,0.0,0.0,0.0,-0.8313024395410937,-0.7533551878968151,-0.7280522675148499,0.0,0.0,0.0,0.0,0.0,0.0,0.0,0.0,0.0
13,0.0,0.0,0.0,0.0,0.0,0.0,0.0,0.0,0.0,0.0,0.0,-0.9320935698734407,0.0,0.0,-0.9872684314810497,0.0,-1.071772004622693,0.0,0.0,0.0,0.0
14,0.0,0.0,0.0,0.0,0.0,0.0,0.0,0.0,0.0,0.0,0.0,0.0,0.0,-0.9872684314810497,0.0,-0.7009852504378705,-0.7610588498827832,-0.871029188607812,-0.974650964428002,0.0,0.0
15,0.0,0.0,0.0,0.0,0.0,0.0,0.0,0.0,0.0,0.0,0.0,0.0,0.0,0.0,-0.7009852504378705,0.0,-0.7527689938567075,-0.8619789765969769,0.0,0.0,0.0
16,0.0,0.0,0.0,0.0,0.0,0.0,0.0,0.0,0.0,0.0,0.0,0.0,0.0,-1.071772004622693,-0.7610588498827832,-0.7527689938567075,0.0,-0.7966806422853038,-0.8948192214291539,0.0,0.0
17,0.0,0.0,0.0,0.0,0.0,0.0,0.0,0.0,0.0,0.0,0.0,0.0,0.0,0.0,-0.871029188607812,-0.8619789765969769,-0.7966806422853038,0.0,-0.7828799837062375,-1.116902951722338,-1.1480878179258382
18,0.0,0.0,0.0,0.0,0.0,0.0,0.0,0.0,0.0,0.0,0.0,0.0,0.0,0.0,-0.974650964428002,0.0,-0.8948192214291539,-0.7828799837062375,0.0,-1.0044697609250888,-1.033875436773794
19,0.0,0.0,0.0,0.0,0.0,0.0,0.0,0.0,0.0,0.0,0.0,0.0,0.0,0.0,0.0,0.0,0.0,-1.116902951722338,-1.0044697609250888,0.0,-0.71641809774333
20,0.0,0.0,0.0,0.0,0.0,0.0,0.0,0.0,0.0,0.0,0.0,0.0,0.0,0.0,0.0,0.0,0.0,-1.1480878179258382,-1.033875436773794,-0.71641809774333,0.0
