,0,1,2,3,4,5,6,7,8,9,10,11,12,13,14,15,16,17,18,19,20,21,22,23,24,25
0,0.0,-0.9068818912045455,-0.9406799503033413,-0.9581127107302333,0.0,0.0,0.0,0.0,0.0,0.0,0.0,0.0,0.0,0.0,0.0,0.0,0.0,0.0,0.0,0.0,0.0,0.0,0.0,0.0,0.0,0.0
1,-0.9068818912045455,0.0,-0.7215675665148761,-0.7362858473605073,-0.8725911120376221,0.0,0.0,0.0,0.0,0.0,0.0,0.0,0.0,0.0,0.0,0.0,0.0,0.0,0.0,0.0,0.0,0.0,0.0,0.0,0.0,0.0
2,-0.9406799503033413,-0.7215675665148761,0.0,-0.7074671498202161,-0.8403427836024694,0.0,0.0,0.0,0.0,0.0,0.0,0.0,0.0,0.0,0.0,0.0,0.0,0.0,0.0,0.0,0.0,0.0,0.0,0.0,0.0,0.0
3,-0.9581127107302333,-0.7362858473605073,-0.7074671498202161,0.0,-0.8242770113524825,0.0,0.0,0.0,0.0,0.0,0.0,0.0,0.0,0.0,0.0,0.0,0.0,0.0,0.0,0.0,0.0,0.0,0.0,0.0,0.0,0.0
4,0.0,-0.8725911120376221,-0.8403427836024694,-0.8242770113524825,0.0,-0.8618638760510835,0.0,0.0,0.0,0.0,0.0,0.0,0.0,0.0,0.0,0.0,0.0,0.0,0.0,0.0,0.0,0.0,0.0,0.0,0.0,0.0
5,0.0,0.0,0.0,0.0,-0.8618638760510835,0.0,-0.9251929914166493,0.0,-1.0063180737584252,0.0,0.0,0.0,0.0,0.0,0.0,0.0,0.0,0.0,0.0,0.0,0.0,0.0,0.0,0.0,0.0,0.0
6,0.0,0.0,0.0,0.0,0.0,-0.9251929914166493,0.0,-0.7320725048089965,-0.7608137468636834,0.0,-0.800847876397165,0.0,0.0,0.0,0.0,0.0,0.0,0.0,0.0,0.0,0.0,0.0,0.0,0.0,0.0,0.0
7,0.0,0.0,0.0,0.0,0.0,0.0,-0.7320725048089965,0.0,-0.7208460061371353,-0.7590876411294994,-0.7594754564390368,0.0,0.0,0.0,0.0,0.0,0.0,0.0,0.0,0.0,0.0,0.0,0.0,0.0,0.0,0.0
8,0.0,0.0,0.0,0.0,0.0,-1.0063180737584252,-0.7608137468636834,-0.7208460061371353,0.0,0.0,0.0,-0.7804123360556284,0.0,0.0,0.0,0.0,0.0,0.0,0.0,0.0,0.0,0.0,0.0,0.0,0.0,0.0
9,0.0,0.0,0.0,0.0,0.0,0.0,0.0,-0.7590876411294994,0.0,0.0,-0.6935117368072369,-0.741446629278159,0.0,-0.9086904536589961,0.0,0.0,0.0,0.0,0.0,0.0,0.0,0.0,0.0,0.0,0.0,0.0
10,0.0,0.0,0.0,0.0,0.0,0.0,-0.800847876397165,-0.7594754564390368,0.0,-0.6935117368072369,0.0,-0.7410650194640409,-0.8124477308671505,0.0,0.0,0.0,0.0,0.0,0.0,0.0,0.0,0.0,0.0,0.0,0.0,0.0
11,0.0,0.0,0.0,0.0,0.0,0.0,0.0,0.0,-0.7804123360556284,-0.741446629278159,-0.7410650194640409,0.0,-0.7614457875839756,0.0,0.0,0.0,0.0,0.0,0.0,0.0,0.0,0.0,0.0,0.0,0.0,0.0
12,0.0,0.0,0.0,0.0,0.0,0.0,0.0,0.0,0.0,0.0,-0.8124477308671505,-0.7614457875839756,0.0,-0.779676144531665,0.0,0.0,0.0,0.0,0.0,0.0,-1.9682559369669637,0.0,0.0,0.0,0.0,0.0
13,0.0,0.0,0.0,0.0,0.0,0.0,0.0,0.0,0.0,-0.9086904536589961,0.0,0.0,-0.779676144531665,0.0,-0.7938177494069235,-1.026823632969032,0.0,0.0,0.0,0.0,0.0,0.0,0.0,0.0,0.0,0.0
14,0.0,0.0,0.0,0.0,0.0,0.0,0.0,0.0,0.0,0.0,0.0,0.0,0.0,-0.7938177494069235,0.0,-0.907820058188285,-1.1628410047287316,0.0,0.0,0.0,0.0,0.0,0.0,0.0,0.0,0.0
15,0.0,0.0,0.0,0.0,0.0,0.0,0.0,0.0,0.0,0.0,0.0,0.0,0.0,-1.026823632969032,-0.907820058188285,0.0,-0.9110405994299744,-1.0255725050858047,-1.0554160292339634,0.0,0.0,0.0,0.0,0.0,0.0,0.0
16,0.0,0.0,0.0,0.0,0.0,0.0,0.0,0.0,0.0,0.0,0.0,0.0,0.0,0.0,-1.1628410047287316,-0.9110405994299744,0.0,-0.7898017325108706,-0.8152650611038882,0.0,0.0,0.0,0.0,0.0,0.0,0.0
17,0.0,0.0,0.0,0.0,0.0,0.0,0.0,0.0,0.0,0.0,0.0,0.0,0.0,0.0,0.0,-1.0255725050858047,-0.7898017325108706,0.0,-0.7164873275074691,-0.8665319702189228,0.0,0.0,0.0,-1.2700485669055679,0.0,0.0
18,0.0,0.0,0.0,0.0,0.0,0.0,0.0,0.0,0.0,0.0,0.0,0.0,0.0,0.0,0.0,-1.0554160292339634,-0.8152650611038882,-0.7164873275074691,0.0,-0.8400450237912052,-0.9374900050966474,0.0,0.0,-1.237076294454366,0.0,0.0
19,0.0,0.0,0.0,0.0,0.0,0.0,0.0,0.0,0.0,0.0,0.0,0.0,0.0,0.0,0.0,0.0,0.0,-0.8665319702189228,-0.8400450237912052,0.0,-0.7793694193452994,0.0,0.0,-1.0499948685630816,0.0,0.0
20,0.0,0.0,0.0,0.0,0.0,0.0,0.0,0.0,0.0,0.0,0.0,0.0,-1.9682559369669637,0.0,0.0,0.0,0.0,0.0,-0.9374900050966474,-0.7793694193452994,0.0,0.0,0.0,0.0,0.0,0.0
21,0.0,0.0,0.0,0.0,0.0,0.0,0.0,0.0,0.0,0.0,0.0,0.0,0.0,0.0,0.0,0.0,0.0,0.0,0.0,0.0,0.0,0.0,-0.7877834572214452,-0.8272291127691132,-0.9363133842780027,-1.1363173773361603
22,0.0,0.0,0.0,0.0,0.0,0.0,0.0,0.0,0.0,0.0,0.0,0.0,0.0,0.0,0.0,0.0,0.0,0.0,0.0,0.0,0.0,-0.7877834572214452,0.0,-0.7293844731444972,-0.8301802398459426,0.0
23,0.0,0.0,0.0,0.0,0.0,0.0,0.0,0.0,0.0,0.0,0.0,0.0,0.0,0.0,0.0,0.0,0.0,-1.2700485669055679,-1.237076294454366,-1.0499948685630816,0.0,-0.8272291127691132,-0.7293844731444972,0.0,-0.7906424565079397,-0.9721433872010715
24,0.0,0.0,0.0,0.0,0.0,0.0,0.0,0.0,0.0,0.0,0.0,0.0,0.0,0.0,0.0,0.0,0.0,0.0,0.0,0.0,0.0,-0.9363133842780027,-0.8301802398459426,-0.7906424565079397,0.0,-0.8604395198066107
25,0.0,0.0,0.0,0.0,0.0,0.0,0.0,0.0,0.0,0.0,0.0,0.0,0.0,0.0,0.0,0.0,0.0,0.0,0.0,0.0,0.0,-1.1363173773361603,0.0,-0.9721433872010715,-0.8604395198066107,0.0
