,0,1,2,3,4,5,6,7,8,9,10,11,12,13,14,15,16,17,18,19,20,21
0,0.0,-1.1531567659815358,-1.4674592692299533,-1.7631668394786328,0.0,0.0,0.0,0.0,0.0,0.0,0.0,0.0,0.0,0.0,0.0,0.0,0.0,0.0,0.0,0.0,0.0,0.0
1,-1.1531567659815358,0.0,-0.9320195846067335,-1.171887366910036,-1.5202699624317335,0.0,0.0,0.0,0.0,0.0,0.0,0.0,0.0,0.0,0.0,0.0,0.0,0.0,0.0,0.0,0.0,0.0
2,-1.4674592692299533,-0.9320195846067335,0.0,-0.8949239650837536,-1.2002603655124384,0.0,0.0,0.0,0.0,0.0,0.0,0.0,0.0,0.0,0.0,0.0,0.0,0.0,0.0,0.0,0.0,0.0
3,-1.7631668394786328,-1.171887366910036,-0.8949239650837536,0.0,-0.9569832666309628,-1.1843284079565217,0.0,0.0,0.0,0.0,0.0,0.0,0.0,0.0,0.0,0.0,0.0,0.0,0.0,0.0,0.0,0.0
4,0.0,-1.5202699624317335,-1.2002603655124384,-0.9569832666309628,0.0,-0.8814597109470893,-1.121728232530566,0.0,0.0,0.0,0.0,0.0,0.0,0.0,0.0,0.0,0.0,0.0,0.0,0.0,0.0,0.0
5,0.0,0.0,0.0,-1.1843284079565217,-0.8814597109470893,0.0,-0.9016260672077071,-1.2534392944368697,0.0,0.0,0.0,0.0,0.0,0.0,0.0,0.0,0.0,0.0,0.0,0.0,0.0,0.0
6,0.0,0.0,0.0,0.0,-1.121728232530566,-0.9016260672077071,0.0,-0.9968482729504747,0.0,0.0,0.0,-1.1981241266610916,0.0,0.0,0.0,0.0,0.0,0.0,0.0,0.0,0.0,0.0
7,0.0,0.0,0.0,0.0,0.0,-1.2534392944368697,-0.9968482729504747,0.0,-0.7453959453461064,0.0,-0.8357197958791723,-0.8558483469604332,0.0,0.0,0.0,0.0,0.0,0.0,0.0,0.0,0.0,0.0
8,0.0,0.0,0.0,0.0,0.0,0.0,0.0,-0.7453959453461064,0.0,-0.7568953805205664,-0.7792786389778208,-0.7985211562122685,0.0,0.0,0.0,0.0,0.0,0.0,0.0,0.0,0.0,0.0
9,0.0,0.0,0.0,0.0,0.0,0.0,0.0,0.0,-0.7568953805205664,0.0,-0.714242116811541,0.0,-0.8910849843670422,0.0,0.0,0.0,0.0,0.0,0.0,0.0,0.0,0.0
10,0.0,0.0,0.0,0.0,0.0,0.0,0.0,-0.8357197958791723,-0.7792786389778208,-0.714242116811541,0.0,-0.7109357120335771,-0.8666702897800294,0.0,0.0,0.0,0.0,0.0,0.0,0.0,0.0,0.0
11,0.0,0.0,0.0,0.0,0.0,0.0,-1.1981241266610916,-0.8558483469604332,-0.7985211562122685,0.0,-0.7109357120335771,0.0,0.0,0.0,0.0,0.0,0.0,0.0,0.0,0.0,0.0,0.0
12,0.0,0.0,0.0,0.0,0.0,0.0,0.0,0.0,0.0,-0.8910849843670422,-0.8666702897800294,0.0,0.0,-0.9557666968661211,-0.9717099711643032,0.0,0.0,0.0,0.0,0.0,0.0,0.0
13,0.0,0.0,0.0,0.0,0.0,0.0,0.0,0.0,0.0,0.0,0.0,0.0,-0.9557666968661211,0.0,-0.7061183329365542,-0.7694293649472734,-0.886617365335433,0.0,0.0,0.0,0.0,0.0
14,0.0,0.0,0.0,0.0,0.0,0.0,0.0,0.0,0.0,0.0,0.0,0.0,-0.9717099711643032,-0.7061183329365542,0.0,-0.7556773448854194,-0.8715427742021169,-0.8961148953810967,0.0,0.0,0.0,0.0
15,0.0,0.0,0.0,0.0,0.0,0.0,0.0,0.0,0.0,0.0,0.0,0.0,0.0,-0.7694293649472734,-0.7556773448854194,0.0,0.0,-0.8260685064013356,0.0,0.0,-1.0365885586558936,0.0
16,0.0,0.0,0.0,0.0,0.0,0.0,0.0,0.0,0.0,0.0,0.0,0.0,0.0,-0.886617365335433,-0.8715427742021169,0.0,0.0,-0.7143045743216552,-0.8257399580032604,-0.8404897912779797,0.0,0.0
17,0.0,0.0,0.0,0.0,0.0,0.0,0.0,0.0,0.0,0.0,0.0,0.0,0.0,0.0,-0.8961148953810967,-0.8260685064013356,-0.7143045743216552,0.0,-0.8024178641772771,-0.8168985013258538,-0.8824304295579704,-0.9405291280166663
18,0.0,0.0,0.0,0.0,0.0,0.0,0.0,0.0,0.0,0.0,0.0,0.0,0.0,0.0,0.0,0.0,-0.8257399580032604,-0.8024178641772771,0.0,-0.7062783741204856,-0.765920634908373,0.0
19,0.0,0.0,0.0,0.0,0.0,0.0,0.0,0.0,0.0,0.0,0.0,0.0,0.0,0.0,0.0,0.0,-0.8404897912779797,-0.8168985013258538,-0.7062783741204856,0.0,-0.7520435831031207,-0.8045784315909211
20,0.0,0.0,0.0,0.0,0.0,0.0,0.0,0.0,0.0,0.0,0.0,0.0,0.0,0.0,0.0,-1.0365885586558936,0.0,-0.8824304295579704,-0.765920634908373,-0.7520435831031207,0.0,-0.7429093565168541
21,0.0,0.0,0.0,0.0,0.0,0.0,0.0,0.0,0.0,0.0,0.0,0.0,0.0,0.0,0.0,0.0,0.0,-0.9405291280166663,0.0,-0.8045784315909211,-0.7429093565168541,0.0
