,0,1,2,3,4,5,6,7,8,9,10,11,12,13,14,15,16,17,18,19,20,21,22,23,24,25
0,0.0,-1.609487893943789,-1.6547774464864269,-1.8844557932053236,0.0,0.0,0.0,0.0,0.0,0.0,0.0,0.0,0.0,0.0,0.0,0.0,0.0,0.0,0.0,0.0,0.0,0.0,0.0,0.0,0.0,0.0
1,-1.609487893943789,0.0,-0.7216922439539676,-0.8736360482990966,-0.9809819285213476,0.0,0.0,0.0,0.0,0.0,0.0,0.0,0.0,0.0,0.0,0.0,0.0,0.0,0.0,0.0,0.0,0.0,0.0,0.0,0.0,0.0
2,-1.6547774464864269,-0.7216922439539676,0.0,-0.8412251787555526,-0.946165637576141,0.0,0.0,0.0,0.0,0.0,0.0,0.0,0.0,0.0,0.0,0.0,0.0,0.0,0.0,0.0,0.0,0.0,0.0,0.0,0.0,0.0
3,-1.8844557932053236,-0.8736360482990966,-0.8412251787555526,0.0,-0.7859617314267153,0.0,0.0,0.0,0.0,0.0,0.0,0.0,0.0,0.0,0.0,0.0,0.0,0.0,0.0,0.0,0.0,0.0,0.0,0.0,0.0,0.0
4,0.0,-0.9809819285213476,-0.946165637576141,-0.7859617314267153,0.0,-0.9737068787281112,0.0,0.0,0.0,0.0,0.0,0.0,0.0,0.0,0.0,0.0,0.0,0.0,0.0,0.0,0.0,0.0,0.0,0.0,0.0,0.0
5,0.0,0.0,0.0,0.0,-0.9737068787281112,0.0,-0.7820658788408081,-1.0054775854481153,-1.109673922206373,0.0,0.0,0.0,0.0,0.0,0.0,0.0,0.0,0.0,0.0,0.0,0.0,0.0,0.0,0.0,0.0,0.0
6,0.0,0.0,0.0,0.0,0.0,-0.7820658788408081,0.0,-0.9007357397979192,-0.9986078578798858,0.0,0.0,0.0,0.0,0.0,0.0,0.0,0.0,0.0,0.0,0.0,0.0,0.0,0.0,0.0,0.0,0.0
7,0.0,0.0,0.0,0.0,0.0,-1.0054775854481153,-0.9007357397979192,0.0,-0.7761912959518918,-0.7763933509388801,0.0,0.0,0.0,-0.980894337825372,0.0,0.0,0.0,0.0,0.0,0.0,0.0,0.0,0.0,0.0,0.0,0.0
8,0.0,0.0,0.0,0.0,0.0,-1.109673922206373,-0.9986078578798858,-0.7761912959518918,0.0,-0.6933343237175317,-0.8018129510002657,-0.8105110863725279,-0.8595976497727603,-0.8840934227608636,0.0,0.0,0.0,0.0,0.0,0.0,0.0,0.0,0.0,0.0,0.0,0.0
9,0.0,0.0,0.0,0.0,0.0,0.0,0.0,-0.7763933509388801,-0.6933343237175317,0.0,0.0,0.0,0.0,-0.8838737873489497,0.0,0.0,0.0,0.0,0.0,0.0,0.0,0.0,0.0,0.0,0.0,0.0
10,0.0,0.0,0.0,0.0,0.0,0.0,0.0,0.0,-0.8018129510002657,0.0,0.0,0.0,-0.7456763977424196,-0.7680264072467452,0.0,0.0,0.0,0.0,0.0,0.0,0.0,0.0,0.0,0.0,0.0,0.0
11,0.0,0.0,0.0,0.0,0.0,0.0,0.0,0.0,-0.8105110863725279,0.0,0.0,0.0,-0.7374466381741529,-0.7596317717551396,-0.7631943012875436,0.0,0.0,0.0,0.0,0.0,0.0,0.0,0.0,0.0,0.0,0.0
12,0.0,0.0,0.0,0.0,0.0,0.0,0.0,0.0,-0.8595976497727603,0.0,-0.7456763977424196,-0.7374466381741529,0.0,-0.7144206326894704,-0.7178385619142447,-0.833364434577048,0.0,0.0,0.0,0.0,0.0,0.0,0.0,0.0,0.0,0.0
13,0.0,0.0,0.0,0.0,0.0,0.0,0.0,-0.980894337825372,-0.8840934227608636,-0.8838737873489497,-0.7680264072467452,-0.7596317717551396,-0.7144206326894704,0.0,-0.6964947674854387,0.0,0.0,0.0,0.0,0.0,0.0,0.0,0.0,0.0,0.0,0.0
14,0.0,0.0,0.0,0.0,0.0,0.0,0.0,0.0,0.0,0.0,0.0,-0.7631943012875436,-0.7178385619142447,-0.6964947674854387,0.0,-0.806072120569882,0.0,0.0,0.0,0.0,0.0,0.0,0.0,0.0,0.0,0.0
15,0.0,0.0,0.0,0.0,0.0,0.0,0.0,0.0,0.0,0.0,0.0,0.0,-0.833364434577048,0.0,-0.806072120569882,0.0,-0.7078756323489996,-0.7568564122611524,-0.8451456323217901,0.0,0.0,0.0,0.0,0.0,0.0,0.0
16,0.0,0.0,0.0,0.0,0.0,0.0,0.0,0.0,0.0,0.0,0.0,0.0,0.0,0.0,0.0,-0.7078756323489996,0.0,-0.7414389246189256,-0.828567189801103,0.0,0.0,0.0,0.0,0.0,0.0,0.0
17,0.0,0.0,0.0,0.0,0.0,0.0,0.0,0.0,0.0,0.0,0.0,0.0,0.0,0.0,0.0,-0.7568564122611524,-0.7414389246189256,0.0,-0.7765117375048641,0.0,0.0,0.0,0.0,0.0,0.0,0.0
18,0.0,0.0,0.0,0.0,0.0,0.0,0.0,0.0,0.0,0.0,0.0,0.0,0.0,0.0,0.0,-0.8451456323217901,-0.828567189801103,-0.7765117375048641,0.0,0.0,0.0,0.0,0.0,0.0,0.0,0.0
19,0.0,0.0,0.0,0.0,0.0,0.0,0.0,0.0,0.0,0.0,0.0,0.0,0.0,0.0,0.0,0.0,0.0,0.0,0.0,0.0,-0.72547866167891,-0.8895356096223218,0.0,-1.0113198008877653,0.0,0.0
20,0.0,0.0,0.0,0.0,0.0,0.0,0.0,0.0,0.0,0.0,0.0,0.0,0.0,0.0,0.0,0.0,0.0,0.0,0.0,-0.72547866167891,0.0,-0.8525279152303191,-0.9404499507228072,-0.9712930332700085,0.0,0.0
21,0.0,0.0,0.0,0.0,0.0,0.0,0.0,0.0,0.0,0.0,0.0,0.0,0.0,0.0,0.0,0.0,0.0,0.0,0.0,-0.8895356096223218,-0.8525279152303191,0.0,0.0,-0.7974280959461514,0.0,0.0
22,0.0,0.0,0.0,0.0,0.0,0.0,0.0,0.0,0.0,0.0,0.0,0.0,0.0,0.0,0.0,0.0,0.0,0.0,0.0,0.0,-0.9404499507228072,0.0,0.0,0.0,-0.8046334132037065,-0.8446987737598323
23,0.0,0.0,0.0,0.0,0.0,0.0,0.0,0.0,0.0,0.0,0.0,0.0,0.0,0.0,0.0,0.0,0.0,0.0,0.0,-1.0113198008877653,-0.9712930332700085,-0.7974280959461514,0.0,0.0,-0.7772452775715982,-0.8164278878804032
24,0.0,0.0,0.0,0.0,0.0,0.0,0.0,0.0,0.0,0.0,0.0,0.0,0.0,0.0,0.0,0.0,0.0,0.0,0.0,0.0,0.0,0.0,-0.8046334132037065,-0.7772452775715982,0.0,-0.7294576873092556
25,0.0,0.0,0.0,0.0,0.0,0.0,0.0,0.0,0.0,0.0,0.0,0.0,0.0,0.0,0.0,0.0,0.0,0.0,0.0,0.0,0.0,0.0,-0.8446987737598323,-0.8164278878804032,-0.7294576873092556,0.0
