,0,1,2,3,4,5,6,7,8,9,10,11,12,13,14,15,16
0,0.0,-2.8410293458373492,-2.8427434839254184,-3.173462326112797,0.0,0.0,0.0,0.0,0.0,0.0,0.0,0.0,0.0,0.0,0.0,0.0,0.0
1,-2.8410293458373492,0.0,-0.6940577393825578,-0.8832715238685209,-1.1517959681939296,0.0,0.0,0.0,0.0,0.0,0.0,0.0,0.0,0.0,0.0,0.0,0.0
2,-2.8427434839254184,-0.6940577393825578,0.0,-0.8822041952362386,-1.150551373428567,0.0,0.0,0.0,0.0,-1.909416566161988,0.0,0.0,0.0,0.0,0.0,0.0,0.0
3,-3.173462326112797,-0.8832715238685209,-0.8822041952362386,0.0,-0.9262969204998129,-1.1529239727703509,0.0,0.0,0.0,0.0,0.0,0.0,0.0,0.0,0.0,0.0,0.0
4,0.0,-1.1517959681939296,-1.150551373428567,-0.9262969204998129,0.0,-0.8842390314894398,0.0,-1.091118828248209,0.0,0.0,0.0,0.0,0.0,0.0,0.0,0.0,0.0
5,0.0,0.0,0.0,-1.1529239727703509,-0.8842390314894398,0.0,0.0,-0.8719459550103952,-0.9822574853451603,0.0,0.0,0.0,0.0,0.0,0.0,0.0,0.0
6,0.0,0.0,0.0,0.0,0.0,0.0,0.0,0.0,-0.8672145257308989,0.0,-0.9457881461947533,-1.070461683391369,0.0,0.0,0.0,0.0,0.0
7,0.0,0.0,0.0,0.0,-1.091118828248209,-0.8719459550103952,0.0,0.0,-0.7886552125544177,0.0,0.0,-0.9809523081728795,0.0,0.0,0.0,0.0,0.0
8,0.0,0.0,0.0,0.0,0.0,-0.9822574853451603,-0.8672145257308989,-0.7886552125544177,0.0,0.0,-0.7612568458425136,-0.8707319552551288,0.0,0.0,0.0,0.0,0.0
9,0.0,0.0,-1.909416566161988,0.0,0.0,0.0,0.0,0.0,0.0,0.0,-0.7019207422013852,-0.8058244533463265,0.0,0.0,0.0,0.0,0.0
10,0.0,0.0,0.0,0.0,0.0,0.0,-0.9457881461947533,0.0,-0.7612568458425136,-0.7019207422013852,0.0,-0.79619593398913,-0.8826498304144076,0.0,0.0,0.0,0.0
11,0.0,0.0,0.0,0.0,0.0,0.0,-1.070461683391369,-0.9809523081728795,-0.8707319552551288,-0.8058244533463265,-0.79619593398913,0.0,-0.7721872215795432,0.0,0.0,0.0,0.0
12,0.0,0.0,0.0,0.0,0.0,0.0,0.0,0.0,0.0,0.0,-0.8826498304144076,-0.7721872215795432,0.0,-0.9375640485932507,-1.036984769899902,-1.038748382927844,0.0
13,0.0,0.0,0.0,0.0,0.0,0.0,0.0,0.0,0.0,0.0,0.0,0.0,-0.9375640485932507,0.0,-0.7755596763895003,-0.777034090927652,-0.9410677457739388
14,0.0,0.0,0.0,0.0,0.0,0.0,0.0,0.0,0.0,0.0,0.0,0.0,-1.036984769899902,-0.7755596763895003,0.0,-0.6945135815223276,-0.8474099735829997
15,0.0,0.0,0.0,0.0,0.0,0.0,0.0,0.0,0.0,0.0,0.0,0.0,-1.038748382927844,-0.777034090927652,-0.6945135815223276,0.0,-0.8458502200237984
16,0.0,0.0,0.0,0.0,0.0,0.0,0.0,0.0,0.0,0.0,0.0,0.0,0.0,-0.9410677457739388,-0.8474099735829997,-0.8458502200237984,0.0
