,0,1,2,3,4,5,6,7,8,9,10,11,12,13,14,15,16,17,18,19,20,21,22,23,24,25,26,27,28
0,0.0,-0.7529293729863897,-0.9036809985866155,-1.1677711365640033,0.0,0.0,0.0,0.0,0.0,0.0,0.0,0.0,0.0,0.0,0.0,0.0,0.0,0.0,0.0,0.0,0.0,0.0,0.0,0.0,0.0,0.0,0.0,0.0,0.0
1,-0.7529293729863897,0.0,-0.83619391076198,-1.0891895824539273,0.0,0.0,0.0,0.0,0.0,0.0,0.0,0.0,0.0,0.0,0.0,0.0,0.0,0.0,0.0,0.0,0.0,0.0,0.0,0.0,0.0,0.0,0.0,0.0,0.0
2,-0.9036809985866155,-0.83619391076198,0.0,-0.9195017704506653,0.0,0.0,0.0,0.0,0.0,0.0,0.0,0.0,0.0,0.0,0.0,0.0,0.0,0.0,0.0,0.0,0.0,0.0,0.0,0.0,0.0,0.0,0.0,0.0,0.0
3,-1.1677711365640033,-1.0891895824539273,-0.9195017704506653,0.0,-0.9118411623375131,-1.0867687491733133,0.0,0.0,0.0,0.0,0.0,0.0,0.0,0.0,0.0,0.0,0.0,0.0,0.0,0.0,0.0,0.0,0.0,0.0,0.0,0.0,0.0,0.0,0.0
4,0.0,0.0,0.0,-0.9118411623375131,0.0,-0.8413731790190463,-0.9822664676897658,-1.2532814924178441,0.0,0.0,0.0,0.0,0.0,0.0,0.0,0.0,0.0,0.0,0.0,0.0,0.0,0.0,0.0,0.0,0.0,0.0,0.0,0.0,0.0
5,0.0,0.0,0.0,-1.0867687491733133,-0.8413731790190463,0.0,-0.8180000292850874,-1.0633170245841912,0.0,0.0,0.0,0.0,0.0,0.0,0.0,0.0,0.0,0.0,0.0,0.0,0.0,0.0,0.0,0.0,0.0,0.0,0.0,0.0,0.0
6,0.0,0.0,0.0,0.0,-0.9822664676897658,-0.8180000292850874,0.0,-0.9153474118203504,-1.4090843577762577,0.0,0.0,0.0,0.0,0.0,0.0,0.0,0.0,0.0,0.0,0.0,0.0,0.0,0.0,0.0,0.0,0.0,0.0,0.0,0.0
7,0.0,0.0,0.0,0.0,-1.2532814924178441,-1.0633170245841912,-0.9153474118203504,0.0,-1.1199548221571425,-1.242777661124916,0.0,0.0,0.0,0.0,0.0,0.0,0.0,0.0,0.0,0.0,0.0,0.0,0.0,0.0,0.0,0.0,0.0,0.0,0.0
8,0.0,0.0,0.0,0.0,0.0,0.0,-1.4090843577762577,-1.1199548221571425,0.0,-0.7857163692729204,-0.8815347010928677,-0.9222124592827695,0.0,0.0,0.0,0.0,0.0,0.0,0.0,0.0,0.0,0.0,0.0,0.0,0.0,0.0,0.0,0.0,0.0
9,0.0,0.0,0.0,0.0,0.0,0.0,0.0,-1.242777661124916,-0.7857163692729204,0.0,-0.781515601655875,0.0,0.0,-0.9118204139318065,0.0,0.0,0.0,0.0,0.0,0.0,0.0,0.0,0.0,0.0,0.0,0.0,0.0,0.0,0.0
10,0.0,0.0,0.0,0.0,0.0,0.0,0.0,0.0,-0.8815347010928677,-0.781515601655875,0.0,-0.7279663503583642,-0.7776185876533357,0.0,-0.9113335392111753,0.0,0.0,0.0,0.0,0.0,0.0,0.0,0.0,0.0,0.0,0.0,0.0,0.0,0.0
11,0.0,0.0,0.0,0.0,0.0,0.0,0.0,0.0,-0.9222124592827695,0.0,-0.7279663503583642,0.0,-0.7411953733869682,0.0,-0.8709555150533954,0.0,0.0,0.0,0.0,0.0,0.0,0.0,0.0,0.0,0.0,0.0,0.0,0.0,0.0
12,0.0,0.0,0.0,0.0,0.0,0.0,0.0,0.0,0.0,0.0,-0.7776185876533357,-0.7411953733869682,0.0,0.0,-0.8174392934915609,0.0,0.0,0.0,0.0,0.0,0.0,0.0,0.0,0.0,0.0,0.0,0.0,0.0,0.0
13,0.0,0.0,0.0,0.0,0.0,0.0,0.0,0.0,0.0,-0.9118204139318065,0.0,0.0,0.0,0.0,0.0,-0.7969472684056667,-0.831520535354524,-0.845232008942477,0.0,0.0,0.0,0.0,0.0,-1.22652739440951,0.0,0.0,0.0,0.0,0.0
14,0.0,0.0,0.0,0.0,0.0,0.0,0.0,0.0,0.0,0.0,-0.9113335392111753,-0.8709555150533954,-0.8174392934915609,0.0,0.0,0.0,0.0,0.0,-0.8202234809683505,0.0,-0.8617091870239849,0.0,0.0,0.0,0.0,0.0,0.0,0.0,0.0
15,0.0,0.0,0.0,0.0,0.0,0.0,0.0,0.0,0.0,0.0,0.0,0.0,0.0,-0.7969472684056667,0.0,0.0,-0.7246659976551518,0.0,0.0,-0.8361984293402197,0.0,0.0,0.0,-1.0908847606129748,0.0,0.0,0.0,0.0,0.0
16,0.0,0.0,0.0,0.0,0.0,0.0,0.0,0.0,0.0,0.0,0.0,0.0,0.0,-0.831520535354524,0.0,-0.7246659976551518,0.0,0.0,0.0,-0.8014985558416958,-0.8100757218392173,0.0,0.0,-1.0500949446560233,0.0,0.0,0.0,0.0,0.0
17,0.0,0.0,0.0,0.0,0.0,0.0,0.0,0.0,0.0,0.0,0.0,0.0,0.0,-0.845232008942477,0.0,0.0,0.0,0.0,0.0,-0.7882515350927831,-0.7967360198675864,-0.8522050026557212,0.0,0.0,0.0,0.0,0.0,0.0,0.0
18,0.0,0.0,0.0,0.0,0.0,0.0,0.0,0.0,0.0,0.0,0.0,0.0,0.0,0.0,-0.8202234809683505,0.0,0.0,0.0,0.0,0.0,0.0,-0.7827126127458514,0.0,0.0,-1.0043506658803663,0.0,0.0,0.0,0.0
19,0.0,0.0,0.0,0.0,0.0,0.0,0.0,0.0,0.0,0.0,0.0,0.0,0.0,0.0,0.0,-0.8361984293402197,-0.8014985558416958,-0.7882515350927831,0.0,0.0,-0.7009286976017137,-0.7519344567962876,-0.858905817681538,0.0,0.0,0.0,0.0,0.0,0.0
20,0.0,0.0,0.0,0.0,0.0,0.0,0.0,0.0,0.0,0.0,0.0,0.0,0.0,0.0,-0.8617091870239849,0.0,-0.8100757218392173,-0.7967360198675864,0.0,-0.7009286976017137,0.0,-0.7437703830132596,-0.8499996753245936,0.0,0.0,0.0,0.0,0.0,0.0
21,0.0,0.0,0.0,0.0,0.0,0.0,0.0,0.0,0.0,0.0,0.0,0.0,0.0,0.0,0.0,0.0,0.0,-0.8522050026557212,-0.7827126127458514,-0.7519344567962876,-0.7437703830132596,0.0,-0.7946243238476406,0.0,0.0,0.0,0.0,0.0,0.0
22,0.0,0.0,0.0,0.0,0.0,0.0,0.0,0.0,0.0,0.0,0.0,0.0,0.0,0.0,0.0,0.0,0.0,0.0,0.0,-0.858905817681538,-0.8499996753245936,-0.7946243238476406,0.0,0.0,-0.7887379316801322,-0.8040517943411708,0.0,0.0,0.0
23,0.0,0.0,0.0,0.0,0.0,0.0,0.0,0.0,0.0,0.0,0.0,0.0,0.0,-1.22652739440951,0.0,-1.0908847606129748,-1.0500949446560233,0.0,0.0,0.0,0.0,0.0,0.0,0.0,0.0,0.0,0.0,0.0,0.0
24,0.0,0.0,0.0,0.0,0.0,0.0,0.0,0.0,0.0,0.0,0.0,0.0,0.0,0.0,0.0,0.0,0.0,0.0,-1.0043506658803663,0.0,0.0,0.0,-0.7887379316801322,0.0,0.0,-0.7071905470775759,-0.7789326157435543,-0.8995329996562309,-0.9708603410208426
25,0.0,0.0,0.0,0.0,0.0,0.0,0.0,0.0,0.0,0.0,0.0,0.0,0.0,0.0,0.0,0.0,0.0,0.0,0.0,0.0,0.0,0.0,-0.8040517943411708,0.0,-0.7071905470775759,0.0,-0.7639366590436086,0.0,-0.9536242130894307
26,0.0,0.0,0.0,0.0,0.0,0.0,0.0,0.0,0.0,0.0,0.0,0.0,0.0,0.0,0.0,0.0,0.0,0.0,0.0,0.0,0.0,0.0,0.0,0.0,-0.7789326157435543,-0.7639366590436086,0.0,-0.8050796979800755,-0.8717202787855293
27,0.0,0.0,0.0,0.0,0.0,0.0,0.0,0.0,0.0,0.0,0.0,0.0,0.0,0.0,0.0,0.0,0.0,0.0,0.0,0.0,0.0,0.0,0.0,0.0,-0.8995329996562309,0.0,-0.8050796979800755,0.0,-0.7535954135076552
28,0.0,0.0,0.0,0.0,0.0,0.0,0.0,0.0,0.0,0.0,0.0,0.0,0.0,0.0,0.0,0.0,0.0,0.0,0.0,0.0,0.0,0.0,0.0,0.0,-0.9708603410208426,-0.9536242130894307,-0.8717202787855293,-0.7535954135076552,0.0
