,0,1,2,3,4,5,6,7,8,9,10,11,12,13,14,15,16,17,18,19,20,21,22,23,24,25
0,0.0,-0.8937688742300607,-0.9654350129436947,0.0,-1.0234873376606644,0.0,0.0,0.0,0.0,0.0,0.0,0.0,0.0,0.0,0.0,0.0,0.0,0.0,0.0,0.0,0.0,0.0,0.0,0.0,0.0,0.0
1,-0.8937688742300607,0.0,-0.7541185676708426,-0.7603236542974913,-0.8039753219480932,0.0,0.0,0.0,0.0,0.0,0.0,0.0,0.0,0.0,0.0,0.0,0.0,0.0,0.0,0.0,0.0,0.0,0.0,0.0,0.0,0.0
2,-0.9654350129436947,-0.7541185676708426,0.0,-0.6990067478756018,-0.7402841825667927,0.0,0.0,0.0,0.0,0.0,0.0,0.0,0.0,0.0,0.0,0.0,0.0,0.0,0.0,0.0,0.0,0.0,0.0,0.0,0.0,0.0
3,0.0,-0.7603236542974913,-0.6990067478756018,0.0,-0.7341897087238692,-1.0102398549389295,0.0,0.0,0.0,0.0,0.0,0.0,0.0,0.0,0.0,0.0,0.0,0.0,0.0,0.0,0.0,0.0,0.0,0.0,0.0,0.0
4,-1.0234873376606644,-0.8039753219480932,-0.7402841825667927,-0.7341897087238692,0.0,0.0,0.0,0.0,0.0,0.0,0.0,0.0,0.0,0.0,0.0,0.0,0.0,0.0,0.0,0.0,0.0,0.0,0.0,0.0,0.0,0.0
5,0.0,0.0,0.0,-1.0102398549389295,0.0,0.0,-1.0057656167342774,-1.0261679752497936,0.0,0.0,0.0,0.0,0.0,0.0,0.0,0.0,0.0,0.0,0.0,0.0,0.0,0.0,0.0,0.0,0.0,0.0
6,0.0,0.0,0.0,0.0,0.0,-1.0057656167342774,0.0,-0.709265984751145,-0.8183631874382862,-0.9083389836230523,0.0,0.0,0.0,0.0,0.0,0.0,0.0,0.0,0.0,0.0,0.0,0.0,0.0,0.0,0.0,0.0
7,0.0,0.0,0.0,0.0,0.0,-1.0261679752497936,-0.709265984751145,0.0,-0.8006164358053712,-0.8893752806229351,0.0,0.0,0.0,0.0,0.0,0.0,0.0,0.0,0.0,0.0,0.0,0.0,0.0,0.0,0.0,0.0
8,0.0,0.0,0.0,0.0,0.0,0.0,-0.8183631874382862,-0.8006164358053712,0.0,-0.7740209187920198,-0.8918275797498387,-0.9185846241973598,0.0,0.0,0.0,0.0,0.0,0.0,0.0,0.0,0.0,0.0,0.0,0.0,0.0,0.0
9,0.0,0.0,0.0,0.0,0.0,0.0,-0.9083389836230523,-0.8893752806229351,-0.7740209187920198,0.0,-0.8029101460514128,-0.8279602727812562,0.0,0.0,0.0,0.0,0.0,0.0,0.0,0.0,0.0,0.0,0.0,0.0,0.0,0.0
10,0.0,0.0,0.0,0.0,0.0,0.0,0.0,0.0,-0.8918275797498387,-0.8029101460514128,0.0,-0.7158650504186004,-0.7963661209636343,-0.8048048375893967,0.0,0.0,0.0,0.0,0.0,0.0,0.0,0.0,0.0,0.0,0.0,0.0
11,0.0,0.0,0.0,0.0,0.0,0.0,0.0,0.0,-0.9185846241973598,-0.8279602727812562,-0.7158650504186004,0.0,-0.7719476427445214,-0.7802157289573123,0.0,0.0,0.0,0.0,0.0,0.0,0.0,0.0,0.0,0.0,0.0,0.0
12,0.0,0.0,0.0,0.0,0.0,0.0,0.0,0.0,0.0,0.0,-0.7963661209636343,-0.7719476427445214,0.0,-0.7008351106032337,0.0,0.0,0.0,0.0,0.0,0.0,0.0,0.0,0.0,0.0,0.0,0.0
13,0.0,0.0,0.0,0.0,0.0,0.0,0.0,0.0,0.0,0.0,-0.8048048375893967,-0.7802157289573123,-0.7008351106032337,0.0,0.0,0.0,0.0,0.0,0.0,0.0,0.0,0.0,0.0,0.0,0.0,0.0
14,0.0,0.0,0.0,0.0,0.0,0.0,0.0,0.0,0.0,0.0,0.0,0.0,0.0,0.0,0.0,-0.7710584294842118,-1.0067729787200206,-1.0713265897941358,0.0,0.0,0.0,0.0,0.0,0.0,0.0,0.0
15,0.0,0.0,0.0,0.0,0.0,0.0,0.0,0.0,0.0,0.0,0.0,0.0,0.0,0.0,-0.7710584294842118,0.0,-0.9141111938733937,-0.9751639270649917,0.0,0.0,0.0,0.0,0.0,0.0,0.0,0.0
16,0.0,0.0,0.0,0.0,0.0,0.0,0.0,0.0,0.0,0.0,0.0,0.0,0.0,0.0,-1.0067729787200206,-0.9141111938733937,0.0,-0.7443524213496527,-1.0701646730496819,-1.1301855946879231,0.0,0.0,0.0,0.0,0.0,0.0
17,0.0,0.0,0.0,0.0,0.0,0.0,0.0,0.0,0.0,0.0,0.0,0.0,0.0,0.0,-1.0713265897941358,-0.9751639270649917,-0.7443524213496527,0.0,-1.005651454472563,-1.0636440207241014,0.0,0.0,0.0,0.0,0.0,0.0
18,0.0,0.0,0.0,0.0,0.0,0.0,0.0,0.0,0.0,0.0,0.0,0.0,0.0,0.0,0.0,0.0,-1.0701646730496819,-1.005651454472563,0.0,-0.7391460690100051,-0.8778289737289117,0.0,0.0,-0.94033673443175,0.0,0.0
19,0.0,0.0,0.0,0.0,0.0,0.0,0.0,0.0,0.0,0.0,0.0,0.0,0.0,0.0,0.0,0.0,-1.1301855946879231,-1.0636440207241014,-0.7391460690100051,0.0,-0.8262432279017681,0.0,0.0,0.0,-1.042542810836968,0.0
20,0.0,0.0,0.0,0.0,0.0,0.0,0.0,0.0,0.0,0.0,0.0,0.0,0.0,0.0,0.0,0.0,0.0,0.0,-0.8778289737289117,-0.8262432279017681,0.0,-0.7015426714695139,-0.7130778392461468,-0.7468728622366891,-0.8876578927219609,-1.0163447564177
21,0.0,0.0,0.0,0.0,0.0,0.0,0.0,0.0,0.0,0.0,0.0,0.0,0.0,0.0,0.0,0.0,0.0,0.0,0.0,0.0,-0.7015426714695139,0.0,-0.7045872548661885,0.0,-0.8778534095963211,0.0
22,0.0,0.0,0.0,0.0,0.0,0.0,0.0,0.0,0.0,0.0,0.0,0.0,0.0,0.0,0.0,0.0,0.0,0.0,0.0,0.0,-0.7130778392461468,-0.7045872548661885,0.0,-0.7262989400356895,-0.8646224974166226,-0.9913389302870593
23,0.0,0.0,0.0,0.0,0.0,0.0,0.0,0.0,0.0,0.0,0.0,0.0,0.0,0.0,0.0,0.0,0.0,0.0,-0.94033673443175,0.0,-0.7468728622366891,0.0,-0.7262989400356895,0.0,-0.827382980191244,0.0
24,0.0,0.0,0.0,0.0,0.0,0.0,0.0,0.0,0.0,0.0,0.0,0.0,0.0,0.0,0.0,0.0,0.0,0.0,0.0,-1.042542810836968,-0.8876578927219609,-0.8778534095963211,-0.8646224974166226,-0.827382980191244,0.0,-0.8035294467119561
25,0.0,0.0,0.0,0.0,0.0,0.0,0.0,0.0,0.0,0.0,0.0,0.0,0.0,0.0,0.0,0.0,0.0,0.0,0.0,0.0,-1.0163447564177,0.0,-0.9913389302870593,0.0,-0.8035294467119561,0.0
