,0,1,2,3,4,5,6,7,8,9,10,11,12,13,14,15,16,17,18,19,20,21,22,23,24
0,0.0,-0.9169792397265564,-1.1690366842527995,-1.4364946288559726,0.0,0.0,0.0,0.0,0.0,0.0,0.0,0.0,0.0,0.0,0.0,0.0,0.0,0.0,0.0,0.0,0.0,0.0,0.0,0.0,0.0
1,-0.9169792397265564,0.0,-0.9072758664139525,-1.1425761631442948,0.0,0.0,0.0,0.0,0.0,0.0,0.0,0.0,0.0,0.0,0.0,0.0,0.0,0.0,0.0,0.0,0.0,0.0,0.0,0.0,0.0
2,-1.1690366842527995,-0.9072758664139525,0.0,-0.8939769341827974,-0.984681600177701,0.0,0.0,0.0,0.0,0.0,0.0,0.0,0.0,0.0,0.0,0.0,0.0,0.0,0.0,0.0,0.0,0.0,0.0,0.0,0.0
3,-1.4364946288559726,-1.1425761631442948,-0.8939769341827974,0.0,-0.7704134761321189,-0.8792221584060085,-0.9008695013144882,0.0,0.0,0.0,0.0,0.0,0.0,0.0,0.0,0.0,0.0,0.0,0.0,0.0,0.0,0.0,0.0,0.0,0.0
4,0.0,0.0,-0.984681600177701,-0.7704134761321189,0.0,-0.7947948277014065,-0.8151024020966968,0.0,0.0,0.0,0.0,0.0,0.0,0.0,0.0,0.0,0.0,0.0,0.0,0.0,0.0,0.0,0.0,0.0,0.0
5,0.0,0.0,0.0,-0.8792221584060085,-0.7947948277014065,0.0,-0.7116814490814778,-0.7674268804548976,0.0,0.0,0.0,0.0,0.0,0.0,0.0,0.0,0.0,0.0,0.0,0.0,0.0,0.0,0.0,0.0,0.0
6,0.0,0.0,0.0,-0.9008695013144882,-0.8151024020966968,-0.7116814490814778,0.0,-0.7479144132136022,0.0,0.0,0.0,0.0,0.0,0.0,0.0,0.0,0.0,0.0,0.0,0.0,0.0,0.0,0.0,0.0,0.0
7,0.0,0.0,0.0,0.0,0.0,-0.7674268804548976,-0.7479144132136022,0.0,-0.7452597537815558,0.0,0.0,0.0,0.0,0.0,0.0,0.0,0.0,0.0,0.0,0.0,0.0,0.0,0.0,0.0,0.0
8,0.0,0.0,0.0,0.0,0.0,0.0,0.0,-0.7452597537815558,0.0,-0.784494568138723,-0.8215701071390973,-0.8570094689956061,0.0,0.0,0.0,0.0,0.0,0.0,0.0,0.0,0.0,0.0,0.0,0.0,0.0
9,0.0,0.0,0.0,0.0,0.0,0.0,0.0,0.0,-0.784494568138723,0.0,-0.727296149188786,-0.7600301089417778,0.0,0.0,0.0,0.0,0.0,0.0,0.0,0.0,0.0,0.0,0.0,0.0,0.0
10,0.0,0.0,0.0,0.0,0.0,0.0,0.0,0.0,-0.8215701071390973,-0.727296149188786,0.0,-0.7248345432896581,0.0,0.0,0.0,-0.8389343500458066,0.0,0.0,0.0,0.0,0.0,0.0,0.0,0.0,0.0
11,0.0,0.0,0.0,0.0,0.0,0.0,0.0,0.0,-0.8570094689956061,-0.7600301089417778,-0.7248345432896581,0.0,0.0,0.0,0.0,-0.8039800731780379,0.0,0.0,0.0,0.0,0.0,0.0,0.0,0.0,0.0
12,0.0,0.0,0.0,0.0,0.0,0.0,0.0,0.0,0.0,0.0,0.0,0.0,0.0,-0.7037878791707798,-0.7098812959266095,-0.7540424037816958,0.0,0.0,0.0,0.0,0.0,0.0,0.0,0.0,0.0
13,0.0,0.0,0.0,0.0,0.0,0.0,0.0,0.0,0.0,0.0,0.0,0.0,-0.7037878791707798,0.0,-0.699176970344068,-0.7428882426113382,-0.8382848406727358,0.0,0.0,0.0,0.0,0.0,0.0,0.0,0.0
14,0.0,0.0,0.0,0.0,0.0,0.0,0.0,0.0,0.0,0.0,0.0,0.0,-0.7098812959266095,-0.699176970344068,0.0,-0.7366028402539783,-0.8314787073162115,-0.8697756091412243,0.0,0.0,0.0,0.0,0.0,0.0,0.0
15,0.0,0.0,0.0,0.0,0.0,0.0,0.0,0.0,0.0,0.0,-0.8389343500458066,-0.8039800731780379,-0.7540424037816958,-0.7428882426113382,-0.7366028402539783,0.0,-0.7843241072270518,-0.8212209762116243,0.0,0.0,0.0,0.0,0.0,0.0,0.0
16,0.0,0.0,0.0,0.0,0.0,0.0,0.0,0.0,0.0,0.0,0.0,0.0,0.0,-0.8382848406727358,-0.8314787073162115,-0.7843241072270518,0.0,-0.7271361262567428,0.0,0.0,0.0,0.0,0.0,0.0,0.0
17,0.0,0.0,0.0,0.0,0.0,0.0,0.0,0.0,0.0,0.0,0.0,0.0,0.0,0.0,-0.8697756091412243,-0.8212209762116243,-0.7271361262567428,0.0,0.0,0.0,0.0,0.0,0.0,0.0,0.0
18,0.0,0.0,0.0,0.0,0.0,0.0,0.0,0.0,0.0,0.0,0.0,0.0,0.0,0.0,0.0,0.0,0.0,0.0,0.0,-0.8207558919365737,-1.0033133340468325,-1.1076331368185763,0.0,0.0,0.0
19,0.0,0.0,0.0,0.0,0.0,0.0,0.0,0.0,0.0,0.0,0.0,0.0,0.0,0.0,0.0,0.0,0.0,0.0,-0.8207558919365737,0.0,-0.8576914600934339,-0.952980310878526,-1.0253373558115002,0.0,0.0
20,0.0,0.0,0.0,0.0,0.0,0.0,0.0,0.0,0.0,0.0,0.0,0.0,0.0,0.0,0.0,0.0,0.0,0.0,-1.0033133340468325,-0.8576914600934339,0.0,-0.7763905786569801,-0.8402509203940333,0.0,0.0
21,0.0,0.0,0.0,0.0,0.0,0.0,0.0,0.0,0.0,0.0,0.0,0.0,0.0,0.0,0.0,0.0,0.0,0.0,-1.1076331368185763,-0.952980310878526,-0.7763905786569801,0.0,-0.7524212488435493,-0.828916581454495,-1.0756160926972653
22,0.0,0.0,0.0,0.0,0.0,0.0,0.0,0.0,0.0,0.0,0.0,0.0,0.0,0.0,0.0,0.0,0.0,0.0,0.0,-1.0253373558115002,-0.8402509203940333,-0.7524212488435493,0.0,-0.7656268495360724,-1.0011990301700742
23,0.0,0.0,0.0,0.0,0.0,0.0,0.0,0.0,0.0,0.0,0.0,0.0,0.0,0.0,0.0,0.0,0.0,0.0,0.0,0.0,0.0,-0.828916581454495,-0.7656268495360724,0.0,-0.9149094045030067
24,0.0,0.0,0.0,0.0,0.0,0.0,0.0,0.0,0.0,0.0,0.0,0.0,0.0,0.0,0.0,0.0,0.0,0.0,0.0,0.0,0.0,-1.0756160926972653,-1.0011990301700742,-0.9149094045030067,0.0
