,0,1,2,3,4,5,6,7,8,9,10,11,12,13,14,15,16,17,18,19,20,21,22,23,24
0,0.0,-2.087109344442487,-2.9391925686446374,-3.6187721949704557,0.0,0.0,0.0,0.0,0.0,0.0,0.0,0.0,0.0,0.0,0.0,0.0,0.0,0.0,0.0,0.0,0.0,0.0,0.0,0.0,0.0
1,-2.087109344442487,0.0,-1.2626924071074934,-1.8147149694394622,-2.001260892472699,0.0,0.0,0.0,0.0,0.0,0.0,0.0,0.0,0.0,0.0,0.0,0.0,0.0,0.0,0.0,0.0,0.0,0.0,0.0,0.0
2,-2.9391925686446374,-1.2626924071074934,0.0,-1.1077063496235162,-1.2596219158700643,-1.286002530902388,0.0,0.0,0.0,0.0,0.0,0.0,0.0,0.0,0.0,0.0,0.0,0.0,0.0,0.0,0.0,0.0,0.0,0.0,0.0
3,-3.6187721949704557,-1.8147149694394622,-1.1077063496235162,0.0,-0.8086984028111724,-0.8291846587372584,-1.0053990083280018,0.0,0.0,0.0,0.0,0.0,0.0,0.0,0.0,0.0,0.0,0.0,0.0,0.0,0.0,0.0,0.0,0.0,0.0
4,0.0,-2.001260892472699,-1.2596219158700643,-0.8086984028111724,0.0,-0.7116363391634847,-0.8721230493772831,0.0,0.0,0.0,0.0,0.0,0.0,0.0,0.0,0.0,0.0,0.0,0.0,0.0,0.0,0.0,0.0,0.0,0.0
5,0.0,0.0,-1.286002530902388,-0.8291846587372584,-0.7116363391634847,0.0,-0.8509629752778527,-0.8658372191840757,0.0,0.0,0.0,0.0,0.0,0.0,0.0,0.0,0.0,0.0,0.0,0.0,0.0,0.0,0.0,0.0,0.0
6,0.0,0.0,0.0,-1.0053990083280018,-0.8721230493772831,-0.8509629752778527,0.0,-0.7061387830536716,-0.7216812929575808,0.0,0.0,0.0,0.0,0.0,0.0,0.0,0.0,0.0,0.0,0.0,0.0,0.0,0.0,0.0,0.0
7,0.0,0.0,0.0,0.0,0.0,-0.8658372191840757,-0.7061387830536716,0.0,-0.7084931427221749,0.0,0.0,0.0,0.0,0.0,0.0,0.0,0.0,0.0,0.0,0.0,0.0,0.0,0.0,0.0,0.0
8,0.0,0.0,0.0,0.0,0.0,0.0,-0.7216812929575808,-0.7084931427221749,0.0,-0.8419269550855112,-0.9232049931252175,0.0,0.0,0.0,0.0,0.0,0.0,0.0,0.0,0.0,0.0,0.0,0.0,0.0,0.0
9,0.0,0.0,0.0,0.0,0.0,0.0,0.0,0.0,-0.8419269550855112,0.0,-0.7648991578498836,-0.9429169122509171,0.0,0.0,0.0,0.0,0.0,0.0,0.0,0.0,0.0,0.0,0.0,0.0,0.0
10,0.0,0.0,0.0,0.0,0.0,0.0,0.0,0.0,-0.9232049931252175,-0.7648991578498836,0.0,-0.8605490668641695,0.0,0.0,0.0,0.0,0.0,0.0,0.0,0.0,0.0,0.0,0.0,0.0,0.0
11,0.0,0.0,0.0,0.0,0.0,0.0,0.0,0.0,0.0,-0.9429169122509171,-0.8605490668641695,0.0,0.0,-0.8020694047951954,0.0,0.0,-0.9112299059457805,0.0,0.0,0.0,0.0,0.0,0.0,0.0,0.0
12,0.0,0.0,0.0,0.0,0.0,0.0,0.0,0.0,0.0,0.0,0.0,0.0,0.0,0.0,-0.7353075427128521,-0.7696657438389634,0.0,-0.8136074005771182,0.0,0.0,0.0,0.0,0.0,0.0,0.0
13,0.0,0.0,0.0,0.0,0.0,0.0,0.0,0.0,0.0,0.0,0.0,-0.8020694047951954,0.0,0.0,0.0,-0.7627192102533723,-0.7925866754443536,-0.8064022821601543,0.0,0.0,0.0,0.0,0.0,0.0,0.0
14,0.0,0.0,0.0,0.0,0.0,0.0,0.0,0.0,0.0,0.0,0.0,0.0,-0.7353075427128521,0.0,0.0,0.0,-0.7550748747182968,-0.7684566278762781,0.0,0.0,0.0,0.0,0.0,0.0,0.0
15,0.0,0.0,0.0,0.0,0.0,0.0,0.0,0.0,0.0,0.0,0.0,0.0,-0.7696657438389634,-0.7627192102533723,0.0,0.0,-0.7211598428407702,-0.7341349134922533,0.0,0.0,0.0,0.0,0.0,0.0,0.0
16,0.0,0.0,0.0,0.0,0.0,0.0,0.0,0.0,0.0,0.0,0.0,-0.9112299059457805,0.0,-0.7925866754443536,-0.7550748747182968,-0.7211598428407702,0.0,-0.7057756564182831,0.0,0.0,0.0,0.0,0.0,0.0,0.0
17,0.0,0.0,0.0,0.0,0.0,0.0,0.0,0.0,0.0,0.0,0.0,0.0,-0.8136074005771182,-0.8064022821601543,-0.7684566278762781,-0.7341349134922533,-0.7057756564182831,0.0,0.0,0.0,0.0,0.0,0.0,0.0,0.0
18,0.0,0.0,0.0,0.0,0.0,0.0,0.0,0.0,0.0,0.0,0.0,0.0,0.0,0.0,0.0,0.0,0.0,0.0,0.0,-0.744428974250973,-0.7720090252730578,0.0,-0.8574339510985944,0.0,0.0
19,0.0,0.0,0.0,0.0,0.0,0.0,0.0,0.0,0.0,0.0,0.0,0.0,0.0,0.0,0.0,0.0,0.0,0.0,-0.744428974250973,0.0,-0.7194312715860104,0.0,-0.8010519569214479,0.0,0.0
20,0.0,0.0,0.0,0.0,0.0,0.0,0.0,0.0,0.0,0.0,0.0,0.0,0.0,0.0,0.0,0.0,0.0,0.0,-0.7720090252730578,-0.7194312715860104,0.0,-0.7572751501073052,-0.7727840422510651,0.0,0.0
21,0.0,0.0,0.0,0.0,0.0,0.0,0.0,0.0,0.0,0.0,0.0,0.0,0.0,0.0,0.0,0.0,0.0,0.0,0.0,0.0,-0.7572751501073052,0.0,-0.7077556673717348,-1.0681561257109145,-1.1034223994160008
22,0.0,0.0,0.0,0.0,0.0,0.0,0.0,0.0,0.0,0.0,0.0,0.0,0.0,0.0,0.0,0.0,0.0,0.0,-0.8574339510985944,-0.8010519569214479,-0.7727840422510651,-0.7077556673717348,0.0,-1.0492125488842257,-1.0841318093078949
23,0.0,0.0,0.0,0.0,0.0,0.0,0.0,0.0,0.0,0.0,0.0,0.0,0.0,0.0,0.0,0.0,0.0,0.0,0.0,0.0,0.0,-1.0681561257109145,-1.0492125488842257,0.0,-0.7201244370378458
24,0.0,0.0,0.0,0.0,0.0,0.0,0.0,0.0,0.0,0.0,0.0,0.0,0.0,0.0,0.0,0.0,0.0,0.0,0.0,0.0,0.0,-1.1034223994160008,-1.0841318093078949,-0.7201244370378458,0.0
