,0,1,2,3,4,5,6,7,8,9,10,11,12,13,14,15,16,17,18,19,20,21,22,23,24,25,26
0,0.0,-0.7116319265249298,-0.9797867853000433,-1.0214537479306756,0.0,0.0,0.0,0.0,0.0,0.0,0.0,0.0,0.0,0.0,0.0,0.0,0.0,0.0,0.0,0.0,0.0,0.0,0.0,0.0,0.0,0.0,0.0
1,-0.7116319265249298,0.0,-0.9570626736115194,-0.9981657332061485,0.0,0.0,0.0,0.0,0.0,0.0,0.0,0.0,0.0,0.0,0.0,0.0,0.0,0.0,0.0,0.0,0.0,0.0,0.0,0.0,0.0,0.0,0.0
2,-0.9797867853000433,-0.9570626736115194,0.0,-0.7266390975697364,-1.1625441773930558,-1.1670975442811653,0.0,0.0,0.0,0.0,0.0,0.0,0.0,0.0,0.0,0.0,0.0,0.0,0.0,0.0,0.0,0.0,0.0,0.0,0.0,0.0,0.0
3,-1.0214537479306756,-0.9981657332061485,-0.7266390975697364,0.0,-1.1177219706103314,-1.1221805855752003,0.0,0.0,0.0,0.0,0.0,0.0,0.0,0.0,0.0,0.0,0.0,0.0,0.0,0.0,0.0,0.0,0.0,0.0,0.0,0.0,0.0
4,0.0,0.0,-1.1625441773930558,-1.1177219706103314,0.0,-0.6964616875889331,-0.7523997498571838,-0.9013214377393334,0.0,0.0,0.0,0.0,0.0,0.0,0.0,0.0,0.0,0.0,0.0,0.0,0.0,0.0,0.0,0.0,0.0,0.0,0.0
5,0.0,0.0,-1.1670975442811653,-1.1221805855752003,-0.6964616875889331,0.0,-0.7489058021517065,-0.8973958079501754,0.0,0.0,0.0,0.0,0.0,0.0,0.0,0.0,0.0,0.0,0.0,0.0,0.0,0.0,0.0,0.0,0.0,0.0,0.0
6,0.0,0.0,0.0,0.0,-0.7523997498571838,-0.7489058021517065,0.0,-0.8345132177722798,-0.8803200720253119,0.0,0.0,0.0,0.0,0.0,0.0,0.0,0.0,0.0,0.0,0.0,0.0,0.0,0.0,0.0,0.0,0.0,0.0
7,0.0,0.0,0.0,0.0,-0.9013214377393334,-0.8973958079501754,-0.8345132177722798,0.0,-0.7337254367620427,-0.8505921806081121,0.0,0.0,0.0,0.0,0.0,0.0,0.0,0.0,0.0,0.0,0.0,0.0,0.0,0.0,0.0,0.0,0.0
8,0.0,0.0,0.0,0.0,0.0,0.0,-0.8803200720253119,-0.7337254367620427,0.0,0.0,-0.8170552875217045,0.0,-0.8591921402145877,0.0,0.0,0.0,0.0,0.0,0.0,0.0,0.0,0.0,0.0,0.0,0.0,0.0,0.0
9,0.0,0.0,0.0,0.0,0.0,0.0,0.0,-0.8505921806081121,0.0,0.0,-0.7033364214249065,0.0,-0.7415334820227081,-0.7781310605957132,0.0,0.0,0.0,0.0,0.0,0.0,0.0,0.0,0.0,0.0,0.0,0.0,0.0
10,0.0,0.0,0.0,0.0,0.0,0.0,0.0,0.0,-0.8170552875217045,-0.7033364214249065,0.0,-0.7212605827266474,-0.7309680623830518,-0.7672183206399514,0.0,0.0,0.0,0.0,0.0,0.0,0.0,0.0,0.0,0.0,0.0,0.0,0.0
11,0.0,0.0,0.0,0.0,0.0,0.0,0.0,0.0,0.0,0.0,-0.7212605827266474,0.0,-0.7025940423514783,-0.7378925689429204,0.0,0.0,0.0,0.0,0.0,0.0,0.0,0.0,0.0,0.0,0.0,0.0,0.0
12,0.0,0.0,0.0,0.0,0.0,0.0,0.0,0.0,-0.8591921402145877,-0.7415334820227081,-0.7309680623830518,-0.7025940423514783,0.0,-0.7281225916449581,0.0,0.0,0.0,0.0,0.0,0.0,0.0,0.0,0.0,0.0,0.0,0.0,0.0
13,0.0,0.0,0.0,0.0,0.0,0.0,0.0,0.0,0.0,-0.7781310605957132,-0.7672183206399514,-0.7378925689429204,-0.7281225916449581,0.0,0.0,0.0,0.0,0.0,0.0,0.0,0.0,0.0,0.0,0.0,0.0,0.0,0.0
14,0.0,0.0,0.0,0.0,0.0,0.0,0.0,0.0,0.0,0.0,0.0,0.0,0.0,0.0,0.0,-0.776624409325093,-0.8275675754691395,0.0,-0.9261278389123252,0.0,0.0,0.0,0.0,0.0,0.0,0.0,0.0
15,0.0,0.0,0.0,0.0,0.0,0.0,0.0,0.0,0.0,0.0,0.0,0.0,0.0,0.0,-0.776624409325093,0.0,-0.7404007423013715,-0.7593174220819852,-0.8323004998259704,0.0,0.0,0.0,0.0,0.0,0.0,0.0,0.0
16,0.0,0.0,0.0,0.0,0.0,0.0,0.0,0.0,0.0,0.0,0.0,0.0,0.0,0.0,-0.8275675754691395,-0.7404007423013715,0.0,0.0,-0.7811656839163226,0.0,-0.9801742113204406,0.0,0.0,0.0,0.0,0.0,0.0
17,0.0,0.0,0.0,0.0,0.0,0.0,0.0,0.0,0.0,0.0,0.0,0.0,0.0,0.0,0.0,-0.7593174220819852,0.0,0.0,-0.761885902212757,0.0,0.0,-1.0083736678388853,0.0,0.0,0.0,0.0,0.0
18,0.0,0.0,0.0,0.0,0.0,0.0,0.0,0.0,0.0,0.0,0.0,0.0,0.0,0.0,-0.9261278389123252,-0.8323004998259704,-0.7811656839163226,-0.761885902212757,0.0,-0.8590134539495315,-0.8780333796531757,0.0,0.0,0.0,0.0,0.0,0.0
19,0.0,0.0,0.0,0.0,0.0,0.0,0.0,0.0,0.0,0.0,0.0,0.0,0.0,0.0,0.0,0.0,0.0,0.0,-0.8590134539495315,0.0,-0.7096662002039958,-0.7514483503999301,-0.8197113695402982,0.0,0.0,0.0,0.0
20,0.0,0.0,0.0,0.0,0.0,0.0,0.0,0.0,0.0,0.0,0.0,0.0,0.0,0.0,0.0,0.0,-0.9801742113204406,0.0,-0.8780333796531757,-0.7096662002039958,0.0,-0.7342694926594774,-0.801511210555352,0.0,0.0,0.0,0.0
21,0.0,0.0,0.0,0.0,0.0,0.0,0.0,0.0,0.0,0.0,0.0,0.0,0.0,0.0,0.0,0.0,0.0,-1.0083736678388853,0.0,-0.7514483503999301,-0.7342694926594774,0.0,-0.7578672092753013,0.0,0.0,0.0,0.0
22,0.0,0.0,0.0,0.0,0.0,0.0,0.0,0.0,0.0,0.0,0.0,0.0,0.0,0.0,0.0,0.0,0.0,0.0,0.0,-0.8197113695402982,-0.801511210555352,-0.7578672092753013,0.0,-0.9447054850674346,-0.9947348881243584,0.0,0.0
23,0.0,0.0,0.0,0.0,0.0,0.0,0.0,0.0,0.0,0.0,0.0,0.0,0.0,0.0,0.0,0.0,0.0,0.0,0.0,0.0,0.0,0.0,-0.9447054850674346,0.0,-0.734258276331573,-1.0399631106926293,-1.2010210568533002
24,0.0,0.0,0.0,0.0,0.0,0.0,0.0,0.0,0.0,0.0,0.0,0.0,0.0,0.0,0.0,0.0,0.0,0.0,0.0,0.0,0.0,0.0,-0.9947348881243584,-0.734258276331573,0.0,-0.9886014828889698,-1.1453639691262762
25,0.0,0.0,0.0,0.0,0.0,0.0,0.0,0.0,0.0,0.0,0.0,0.0,0.0,0.0,0.0,0.0,0.0,0.0,0.0,0.0,0.0,0.0,0.0,-1.0399631106926293,-0.9886014828889698,0.0,-0.819908823081614
26,0.0,0.0,0.0,0.0,0.0,0.0,0.0,0.0,0.0,0.0,0.0,0.0,0.0,0.0,0.0,0.0,0.0,0.0,0.0,0.0,0.0,0.0,0.0,-1.2010210568533002,-1.1453639691262762,-0.819908823081614,0.0
