,0,1,2,3,4,5,6,7,8,9,10,11,12,13,14,15,16,17,18,19,20,21,22,23,24,25
0,0.0,-1.9071443614352839,-2.182793586797773,-2.3325336193795834,0.0,0.0,0.0,0.0,0.0,0.0,0.0,0.0,0.0,0.0,0.0,0.0,0.0,0.0,0.0,0.0,0.0,0.0,0.0,0.0,0.0,0.0
1,-1.9071443614352839,0.0,-0.8640449127226428,-0.9641860926106585,-1.038573247028989,0.0,0.0,0.0,0.0,0.0,0.0,0.0,0.0,0.0,0.0,0.0,0.0,0.0,0.0,0.0,0.0,0.0,0.0,0.0,0.0,0.0
2,-2.182793586797773,-0.8640449127226428,0.0,-0.7802668906670797,-0.8456933736395519,-0.8609917283563139,-0.9408527212718146,0.0,0.0,0.0,0.0,0.0,0.0,0.0,0.0,0.0,0.0,0.0,0.0,0.0,0.0,0.0,0.0,0.0,0.0,0.0
3,-2.3325336193795834,-0.9641860926106585,-0.7802668906670797,0.0,-0.7536846742043832,-0.7678819740204307,0.0,0.0,0.0,0.0,0.0,0.0,0.0,0.0,0.0,0.0,0.0,0.0,0.0,0.0,0.0,0.0,0.0,0.0,0.0,0.0
4,0.0,-1.038573247028989,-0.8456933736395519,-0.7536846742043832,0.0,-0.7065620392925378,-0.7769920348756426,-0.799672251441054,0.0,0.0,0.0,0.0,0.0,0.0,0.0,0.0,0.0,0.0,0.0,0.0,0.0,0.0,0.0,0.0,0.0,0.0
5,0.0,0.0,-0.8609917283563139,-0.7678819740204307,-0.7065620392925378,0.0,-0.7626824801577703,-0.7850875781029287,0.0,0.0,0.0,0.0,0.0,0.0,0.0,0.0,0.0,0.0,0.0,0.0,0.0,0.0,0.0,0.0,0.0,0.0
6,0.0,0.0,-0.9408527212718146,0.0,-0.7769920348756426,-0.7626824801577703,0.0,-0.7141567059747879,-0.8193003926679125,-0.8688374924993174,0.0,0.0,0.0,0.0,0.0,0.0,0.0,0.0,0.0,0.0,0.0,0.0,0.0,0.0,0.0,0.0
7,0.0,0.0,0.0,0.0,-0.799672251441054,-0.7850875781029287,-0.7141567059747879,0.0,-0.7962560807301035,-0.8449048862219586,-0.9156069576466954,0.0,0.0,0.0,0.0,0.0,0.0,0.0,0.0,0.0,0.0,0.0,0.0,0.0,0.0,0.0
8,0.0,0.0,0.0,0.0,0.0,0.0,-0.8193003926679125,-0.7962560807301035,0.0,0.0,-0.8024087025075846,0.0,0.0,0.0,0.0,0.0,0.0,0.0,0.0,0.0,0.0,0.0,0.0,0.0,0.0,0.0
9,0.0,0.0,0.0,0.0,0.0,0.0,-0.8688374924993174,-0.8449048862219586,0.0,0.0,-0.7553885081488745,0.0,0.0,0.0,0.0,0.0,0.0,0.0,0.0,0.0,0.0,0.0,0.0,0.0,0.0,0.0
10,0.0,0.0,0.0,0.0,0.0,0.0,0.0,-0.9156069576466954,-0.8024087025075846,-0.7553885081488745,0.0,0.0,0.0,0.0,0.0,0.0,0.0,0.0,0.0,0.0,0.0,0.0,0.0,0.0,0.0,0.0
11,0.0,0.0,0.0,0.0,0.0,0.0,0.0,0.0,0.0,0.0,0.0,0.0,-0.790575271233786,-0.796966847001101,-0.8097361273900354,-0.8250138068183951,0.0,0.0,0.0,0.0,0.0,0.0,0.0,0.0,0.0,0.0
12,0.0,0.0,0.0,0.0,0.0,0.0,0.0,0.0,0.0,0.0,0.0,-0.790575271233786,0.0,-0.6989973984652135,-0.7106945801857888,-0.7247059367367283,0.0,0.0,0.0,0.0,0.0,0.0,0.0,0.0,0.0,0.0
13,0.0,0.0,0.0,0.0,0.0,0.0,0.0,0.0,0.0,0.0,0.0,-0.796966847001101,-0.6989973984652135,0.0,-0.704776919617507,0.0,0.0,0.0,0.0,0.0,0.0,0.0,0.0,0.0,0.0,0.0
14,0.0,0.0,0.0,0.0,0.0,0.0,0.0,0.0,0.0,0.0,0.0,-0.8097361273900354,-0.7106945801857888,-0.704776919617507,0.0,0.0,0.0,0.0,0.0,0.0,0.0,0.0,0.0,0.0,0.0,0.0
15,0.0,0.0,0.0,0.0,0.0,0.0,0.0,0.0,0.0,0.0,0.0,-0.8250138068183951,-0.7247059367367283,0.0,0.0,0.0,-0.9418622137875609,0.0,0.0,0.0,0.0,0.0,0.0,0.0,0.0,0.0
16,0.0,0.0,0.0,0.0,0.0,0.0,0.0,0.0,0.0,0.0,0.0,0.0,0.0,0.0,0.0,-0.9418622137875609,0.0,-0.7001834564026889,-0.7096856679735453,0.0,-0.8518602107354019,0.0,0.0,0.0,0.0,0.0
17,0.0,0.0,0.0,0.0,0.0,0.0,0.0,0.0,0.0,0.0,0.0,0.0,0.0,0.0,0.0,0.0,-0.7001834564026889,0.0,-0.7025835416985062,0.0,-0.8438435574454832,0.0,0.0,0.0,0.0,0.0
18,0.0,0.0,0.0,0.0,0.0,0.0,0.0,0.0,0.0,0.0,0.0,0.0,0.0,0.0,0.0,0.0,-0.7096856679735453,-0.7025835416985062,0.0,0.0,-0.8331806905377535,-0.8743892039934277,0.0,0.0,0.0,0.0
19,0.0,0.0,0.0,0.0,0.0,0.0,0.0,0.0,0.0,0.0,0.0,0.0,0.0,0.0,0.0,0.0,0.0,0.0,0.0,0.0,0.0,-0.8040794500876319,-0.8137134498504505,-1.0405691223551816,0.0,-1.3330164775301119
20,0.0,0.0,0.0,0.0,0.0,0.0,0.0,0.0,0.0,0.0,0.0,0.0,0.0,0.0,0.0,0.0,-0.8518602107354019,-0.8438435574454832,-0.8331806905377535,0.0,0.0,-0.7296791273904273,0.0,-0.9529058997276292,0.0,0.0
21,0.0,0.0,0.0,0.0,0.0,0.0,0.0,0.0,0.0,0.0,0.0,0.0,0.0,0.0,0.0,0.0,0.0,0.0,-0.8743892039934277,-0.8040794500876319,-0.7296791273904273,0.0,-0.7018697077207439,-0.9094214505860874,-0.9289904717737658,0.0
22,0.0,0.0,0.0,0.0,0.0,0.0,0.0,0.0,0.0,0.0,0.0,0.0,0.0,0.0,0.0,0.0,0.0,0.0,0.0,-0.8137134498504505,0.0,-0.7018697077207439,0.0,-0.8990838910507881,-0.9185171080289067,-1.1702571821097512
23,0.0,0.0,0.0,0.0,0.0,0.0,0.0,0.0,0.0,0.0,0.0,0.0,0.0,0.0,0.0,0.0,0.0,0.0,0.0,-1.0405691223551816,-0.9529058997276292,-0.9094214505860874,-0.8990838910507881,0.0,0.0,-0.9263392407193068
24,0.0,0.0,0.0,0.0,0.0,0.0,0.0,0.0,0.0,0.0,0.0,0.0,0.0,0.0,0.0,0.0,0.0,0.0,0.0,0.0,0.0,-0.9289904717737658,-0.9185171080289067,0.0,0.0,-0.9068044644601854
25,0.0,0.0,0.0,0.0,0.0,0.0,0.0,0.0,0.0,0.0,0.0,0.0,0.0,0.0,0.0,0.0,0.0,0.0,0.0,-1.3330164775301119,0.0,0.0,-1.1702571821097512,-0.9263392407193068,-0.9068044644601854,0.0
