,0,1,2,3,4,5,6,7,8,9,10,11,12,13,14,15,16,17,18,19,20,21,22,23,24,25,26,27
0,0.0,-0.9788250725601598,-1.2851404585563153,-1.2898834300699544,0.0,0.0,0.0,0.0,0.0,0.0,0.0,0.0,0.0,0.0,0.0,0.0,0.0,0.0,0.0,0.0,0.0,0.0,0.0,0.0,0.0,0.0,0.0,0.0
1,-0.9788250725601598,0.0,-0.9455186718374232,-0.9495296489781496,0.0,0.0,0.0,0.0,0.0,0.0,0.0,0.0,0.0,0.0,0.0,0.0,0.0,0.0,0.0,0.0,0.0,0.0,0.0,0.0,0.0,0.0,0.0,0.0
2,-1.2851404585563153,-0.9455186718374232,0.0,-0.6964278826666541,-1.2395110622706953,0.0,0.0,0.0,0.0,0.0,0.0,0.0,0.0,0.0,0.0,0.0,0.0,0.0,0.0,0.0,0.0,0.0,0.0,0.0,0.0,0.0,0.0,0.0
3,-1.2898834300699544,-0.9495296489781496,-0.6964278826666541,0.0,-1.234861392829711,0.0,0.0,0.0,0.0,0.0,0.0,0.0,0.0,0.0,0.0,0.0,0.0,0.0,0.0,0.0,0.0,0.0,0.0,0.0,0.0,0.0,0.0,0.0
4,0.0,0.0,-1.2395110622706953,-1.234861392829711,0.0,-0.896233302207189,-0.9234241714707389,-1.0280466882696218,0.0,0.0,0.0,0.0,0.0,0.0,0.0,0.0,0.0,0.0,0.0,0.0,0.0,0.0,0.0,0.0,0.0,0.0,0.0,0.0
5,0.0,0.0,0.0,0.0,-0.896233302207189,0.0,-0.7161646567949127,-0.8056008316375236,-0.9179038497988184,0.0,0.0,0.0,0.0,0.0,0.0,0.0,0.0,0.0,0.0,0.0,0.0,0.0,0.0,0.0,0.0,0.0,0.0,0.0
6,0.0,0.0,0.0,0.0,-0.9234241714707389,-0.7161646567949127,0.0,-0.7806781208366291,-0.8908134977207325,0.0,0.0,0.0,0.0,0.0,0.0,0.0,0.0,0.0,0.0,0.0,0.0,0.0,0.0,0.0,0.0,0.0,0.0,0.0
7,0.0,0.0,0.0,0.0,-1.0280466882696218,-0.8056008316375236,-0.7806781208366291,0.0,-0.7951854859360653,-0.8070834590292136,0.0,0.0,0.0,0.0,0.0,0.0,0.0,0.0,0.0,0.0,0.0,0.0,0.0,0.0,0.0,0.0,0.0,0.0
8,0.0,0.0,0.0,0.0,0.0,-0.9179038497988184,-0.8908134977207325,-0.7951854859360653,0.0,-0.7039987365986592,-0.8707874736495046,0.0,0.0,0.0,0.0,0.0,0.0,0.0,0.0,0.0,0.0,0.0,0.0,0.0,0.0,0.0,0.0,0.0
9,0.0,0.0,0.0,0.0,0.0,0.0,0.0,-0.8070834590292136,-0.7039987365986592,0.0,-0.8582942535145642,-0.9052296818689841,0.0,0.0,0.0,0.0,0.0,0.0,0.0,0.0,0.0,0.0,0.0,0.0,0.0,0.0,0.0,0.0
10,0.0,0.0,0.0,0.0,0.0,0.0,0.0,0.0,-0.8707874736495046,-0.8582942535145642,0.0,-0.7340064233852757,-0.9086916417691215,0.0,0.0,0.0,0.0,0.0,0.0,0.0,0.0,0.0,0.0,0.0,0.0,0.0,0.0,0.0
11,0.0,0.0,0.0,0.0,0.0,0.0,0.0,0.0,0.0,-0.9052296818689841,-0.7340064233852757,0.0,-0.8616434229708914,0.0,0.0,0.0,0.0,0.0,0.0,0.0,0.0,0.0,0.0,0.0,0.0,0.0,0.0,0.0
12,0.0,0.0,0.0,0.0,0.0,0.0,0.0,0.0,0.0,0.0,-0.9086916417691215,-0.8616434229708914,0.0,-0.8905711973221144,-1.0885790846103143,0.0,0.0,0.0,0.0,0.0,0.0,0.0,0.0,0.0,0.0,0.0,0.0,0.0
13,0.0,0.0,0.0,0.0,0.0,0.0,0.0,0.0,0.0,0.0,0.0,0.0,-0.8905711973221144,0.0,-0.8634822589684228,-0.8645149574991406,-0.926499514821069,0.0,0.0,0.0,0.0,0.0,0.0,0.0,0.0,0.0,0.0,0.0
14,0.0,0.0,0.0,0.0,0.0,0.0,0.0,0.0,0.0,0.0,0.0,0.0,-1.0885790846103143,-0.8634822589684228,0.0,0.0,-0.7478601821157737,0.0,-0.7898869908432126,-0.813926599946813,0.0,0.0,0.0,0.0,0.0,0.0,0.0,0.0
15,0.0,0.0,0.0,0.0,0.0,0.0,0.0,0.0,0.0,0.0,0.0,0.0,0.0,-0.8645149574991406,0.0,0.0,-0.7469205337019799,-0.7714163132214773,0.0,0.0,-0.8330256900331522,0.0,0.0,0.0,0.0,0.0,0.0,0.0
16,0.0,0.0,0.0,0.0,0.0,0.0,0.0,0.0,0.0,0.0,0.0,0.0,0.0,-0.926499514821069,-0.7478601821157737,-0.7469205337019799,0.0,-0.7164384077343131,0.0,0.0,-0.7751395159197635,0.0,-0.8581234310434006,-0.8977163462373701,0.0,0.0,0.0,0.0
17,0.0,0.0,0.0,0.0,0.0,0.0,0.0,0.0,0.0,0.0,0.0,0.0,0.0,0.0,0.0,-0.7714163132214773,-0.7164384077343131,0.0,0.0,0.0,-0.7505644804745941,0.0,0.0,0.0,0.0,0.0,0.0,0.0
18,0.0,0.0,0.0,0.0,0.0,0.0,0.0,0.0,0.0,0.0,0.0,0.0,0.0,0.0,-0.7898869908432126,0.0,0.0,0.0,0.0,-0.7151794723287856,0.0,-0.7878117192302759,0.0,0.0,-0.8812076201083178,-0.9040355859172235,0.0,0.0
19,0.0,0.0,0.0,0.0,0.0,0.0,0.0,0.0,0.0,0.0,0.0,0.0,0.0,0.0,-0.813926599946813,0.0,0.0,0.0,-0.7151794723287856,0.0,0.0,-0.764284226156572,-0.7897046939649719,0.0,0.0,0.0,0.0,0.0
20,0.0,0.0,0.0,0.0,0.0,0.0,0.0,0.0,0.0,0.0,0.0,0.0,0.0,0.0,0.0,-0.8330256900331522,-0.7751395159197635,-0.7505644804745941,0.0,0.0,0.0,0.0,0.0,-0.8072696861091994,0.0,0.0,0.0,0.0
21,0.0,0.0,0.0,0.0,0.0,0.0,0.0,0.0,0.0,0.0,0.0,0.0,0.0,0.0,0.0,0.0,0.0,0.0,-0.7878117192302759,-0.764284226156572,0.0,0.0,0.0,0.0,-0.7791290829630755,-0.8002399727472949,-0.8326494369670153,-0.927707079572362
22,0.0,0.0,0.0,0.0,0.0,0.0,0.0,0.0,0.0,0.0,0.0,0.0,0.0,0.0,0.0,0.0,-0.8581234310434006,0.0,0.0,-0.7897046939649719,0.0,0.0,0.0,-0.7276024016407427,0.0,0.0,0.0,0.0
23,0.0,0.0,0.0,0.0,0.0,0.0,0.0,0.0,0.0,0.0,0.0,0.0,0.0,0.0,0.0,0.0,-0.8977163462373701,0.0,0.0,0.0,-0.8072696861091994,0.0,-0.7276024016407427,0.0,0.0,0.0,0.0,0.0
24,0.0,0.0,0.0,0.0,0.0,0.0,0.0,0.0,0.0,0.0,0.0,0.0,0.0,0.0,0.0,0.0,0.0,0.0,-0.8812076201083178,0.0,0.0,-0.7791290829630755,0.0,0.0,0.0,-0.7126667317601895,-0.7426928884910519,-0.8311601800426492
25,0.0,0.0,0.0,0.0,0.0,0.0,0.0,0.0,0.0,0.0,0.0,0.0,0.0,0.0,0.0,0.0,0.0,0.0,-0.9040355859172235,0.0,0.0,-0.8002399727472949,0.0,0.0,-0.7126667317601895,0.0,-0.7226122363698877,-0.8095193312864117
26,0.0,0.0,0.0,0.0,0.0,0.0,0.0,0.0,0.0,0.0,0.0,0.0,0.0,0.0,0.0,0.0,0.0,0.0,0.0,0.0,0.0,-0.8326494369670153,0.0,0.0,-0.7426928884910519,-0.7226122363698877,0.0,0.0
27,0.0,0.0,0.0,0.0,0.0,0.0,0.0,0.0,0.0,0.0,0.0,0.0,0.0,0.0,0.0,0.0,0.0,0.0,0.0,0.0,0.0,-0.927707079572362,0.0,0.0,-0.8311601800426492,-0.8095193312864117,0.0,0.0
