,0,1,2,3,4,5,6,7,8,9,10,11,12,13,14,15,16,17,18,19,20,21
0,0.0,-0.6073319831415238,-1.6218698419226647,6.553024129753426,0.0,0.0,0.0,0.0,0.0,0.0,0.0,0.0,0.0,0.0,0.0,0.0,0.0,0.0,0.0,0.0,0.0,0.0
1,-0.6073319831415238,0.0,-0.09156481364989828,6.508936688783959,0.0,0.0,0.0,0.0,0.0,0.0,0.0,0.0,0.0,0.0,0.0,0.0,0.0,0.0,0.0,0.0,0.0,0.0
2,-1.6218698419226647,-0.09156481364989828,0.0,6.326371771088332,0.0,0.0,0.0,0.0,0.0,0.0,0.0,0.0,0.0,0.0,0.0,0.0,0.0,0.0,0.0,0.0,0.0,0.0
3,6.553024129753426,6.508936688783959,6.326371771088332,0.0,-0.504027931513543,0.3170119869303494,0.06024616271415255,0.0,0.0,0.0,0.0,0.0,0.0,0.0,0.0,0.0,0.0,0.0,0.0,0.0,0.0,0.0
4,0.0,0.0,0.0,-0.504027931513543,0.0,0.6701760468158016,-0.19429696196548096,0.0,0.0,0.0,0.0,0.0,0.0,0.0,0.0,0.0,0.0,0.0,0.0,0.0,0.0,0.0
5,0.0,0.0,0.0,0.3170119869303494,0.6701760468158016,0.0,0.2977112027762055,-0.5204487763237615,0.0,0.0,0.0,0.0,0.0,0.0,0.0,0.0,0.0,0.0,0.0,0.0,0.0,0.0
6,0.0,0.0,0.0,0.06024616271415255,-0.19429696196548096,0.2977112027762055,0.0,-1.1589636827276875,2.849311110744229,0.0,0.0,0.0,0.0,0.0,0.0,0.0,0.0,0.0,0.0,0.0,0.0,0.0
7,0.0,0.0,0.0,0.0,0.0,-0.5204487763237615,-1.1589636827276875,0.0,2.736422530328571,0.0,2.6060792061772537,0.0,0.0,0.0,0.0,0.0,0.0,0.0,0.0,0.0,0.0,0.0
8,0.0,0.0,0.0,0.0,0.0,0.0,2.849311110744229,2.736422530328571,0.0,-1.6288526379951949,-1.6832956137031838,2.3800647218227513,0.0,0.0,0.0,0.0,0.0,0.0,0.0,0.0,0.0,0.0
9,0.0,0.0,0.0,0.0,0.0,0.0,0.0,0.0,-1.6288526379951949,0.0,-1.7310710779692287,2.4401168366361223,0.0,0.0,0.0,0.0,0.0,0.0,0.0,0.0,0.0,0.0
10,0.0,0.0,0.0,0.0,0.0,0.0,0.0,2.6060792061772537,-1.6832956137031838,-1.7310710779692287,0.0,2.259185600713404,2.2036067124555463,0.0,0.0,0.0,0.0,0.0,0.0,0.0,0.0,0.0
11,0.0,0.0,0.0,0.0,0.0,0.0,0.0,0.0,2.3800647218227513,2.4401168366361223,2.259185600713404,0.0,0.02376357302594532,0.0,0.0,0.0,0.0,0.0,0.0,0.0,0.0,0.0
12,0.0,0.0,0.0,0.0,0.0,0.0,0.0,0.0,0.0,0.0,2.2036067124555463,0.02376357302594532,0.0,-0.11546027248685847,0.0,0.0,0.0,0.0,0.0,0.0,0.0,0.0
13,0.0,0.0,0.0,0.0,0.0,0.0,0.0,0.0,0.0,0.0,0.0,0.0,-0.11546027248685847,0.0,-0.257851001551848,-0.14883869449066142,0.0,0.0,0.0,0.0,0.0,0.0
14,0.0,0.0,0.0,0.0,0.0,0.0,0.0,0.0,0.0,0.0,0.0,0.0,0.0,-0.257851001551848,0.0,-3.0907743542233064,-1.5914520707501068,-1.719979324441253,0.0,0.0,0.0,0.0
15,0.0,0.0,0.0,0.0,0.0,0.0,0.0,0.0,0.0,0.0,0.0,0.0,0.0,-0.14883869449066142,-3.0907743542233064,0.0,-1.1173221432709441,-2.906833670704193,-2.0800426646710104,0.0,0.0,0.0
16,0.0,0.0,0.0,0.0,0.0,0.0,0.0,0.0,0.0,0.0,0.0,0.0,0.0,0.0,-1.5914520707501068,-1.1173221432709441,0.0,-0.859739391547033,-0.8283211666020159,0.0,0.0,0.0
17,0.0,0.0,0.0,0.0,0.0,0.0,0.0,0.0,0.0,0.0,0.0,0.0,0.0,0.0,-1.719979324441253,-2.906833670704193,-0.859739391547033,0.0,-3.083871813262659,-3.6652985151846025,-2.585561913016684,0.0
18,0.0,0.0,0.0,0.0,0.0,0.0,0.0,0.0,0.0,0.0,0.0,0.0,0.0,0.0,0.0,-2.0800426646710104,-0.8283211666020159,-3.083871813262659,0.0,0.0,0.0,-1.1891239430217326
19,0.0,0.0,0.0,0.0,0.0,0.0,0.0,0.0,0.0,0.0,0.0,0.0,0.0,0.0,0.0,0.0,0.0,-3.6652985151846025,0.0,0.0,-2.5793984695274466,-1.647744493899201
20,0.0,0.0,0.0,0.0,0.0,0.0,0.0,0.0,0.0,0.0,0.0,0.0,0.0,0.0,0.0,0.0,0.0,-2.585561913016684,0.0,-2.5793984695274466,0.0,-2.6236758245631626
21,0.0,0.0,0.0,0.0,0.0,0.0,0.0,0.0,0.0,0.0,0.0,0.0,0.0,0.0,0.0,0.0,0.0,0.0,-1.1891239430217326,-1.647744493899201,-2.6236758245631626,0.0
