,0,1,2,3,4,5,6,7,8,9,10,11,12,13,14,15,16,17,18
0,0.0,8.342205625000638,3.0114061947342594,2.1528510131706464,0.0,0.0,0.0,0.0,0.0,0.0,0.0,0.0,0.0,0.0,0.0,0.0,0.0,0.0,0.0
1,8.342205625000638,0.0,7.157843574259123,6.501945709731361,6.277568197940527,0.0,0.0,0.0,0.0,0.0,0.0,0.0,0.0,0.0,0.0,0.0,0.0,0.0,0.0
2,3.0114061947342594,7.157843574259123,0.0,-0.41270275937972467,0.315964971100565,0.0,0.0,0.0,0.0,0.0,0.0,0.0,0.0,0.0,0.0,0.0,0.0,0.0,0.0
3,2.1528510131706464,6.501945709731361,-0.41270275937972467,0.0,0.5742141643156192,-2.9530395554090503,-0.26275656184401613,0.0,0.0,0.0,0.0,0.0,0.0,0.0,0.0,0.0,0.0,0.0,0.0
4,0.0,6.277568197940527,0.315964971100565,0.5742141643156192,0.0,-0.07784335339361217,-2.115917314450338,0.0,0.0,0.0,0.0,0.0,0.0,0.0,0.0,0.0,0.0,0.0,0.0
5,0.0,0.0,0.0,-2.9530395554090503,-0.07784335339361217,0.0,-0.9629540341926632,1.847786626471922,0.0,0.0,0.0,0.0,0.0,0.0,0.0,0.0,0.0,0.0,0.0
6,0.0,0.0,0.0,-0.26275656184401613,-2.115917314450338,-0.9629540341926632,0.0,1.807963695830508,-3.0523014948835607,3.231462877150443,0.0,0.0,0.0,0.0,0.0,0.0,0.0,0.0,0.0
7,0.0,0.0,0.0,0.0,0.0,1.847786626471922,1.807963695830508,0.0,1.670401019889593,2.6868909003474846,0.0,0.0,0.0,0.0,0.0,0.0,0.0,0.0,0.0
8,0.0,0.0,0.0,0.0,0.0,0.0,-3.0523014948835607,1.670401019889593,0.0,3.056581955229861,0.0,0.0,0.0,0.0,0.0,0.0,0.0,0.0,0.0
9,0.0,0.0,0.0,0.0,0.0,0.0,3.231462877150443,2.6868909003474846,3.056581955229861,0.0,-0.4882657013839586,0.2814635152688361,0.9809976125708746,0.0,0.0,0.0,0.0,0.0,0.0
10,0.0,0.0,0.0,0.0,0.0,0.0,0.0,0.0,0.0,-0.4882657013839586,0.0,0.09854227830998594,1.3158392900367355,0.0,0.0,0.0,0.0,0.0,0.0
11,0.0,0.0,0.0,0.0,0.0,0.0,0.0,0.0,0.0,0.2814635152688361,0.09854227830998594,0.0,1.1518815546928558,0.0,0.0,0.0,0.0,0.0,0.0
12,0.0,0.0,0.0,0.0,0.0,0.0,0.0,0.0,0.0,0.9809976125708746,1.3158392900367355,1.1518815546928558,0.0,1.8510595865565491,0.7123058184321244,0.0,0.0,0.0,0.0
13,0.0,0.0,0.0,0.0,0.0,0.0,0.0,0.0,0.0,0.0,0.0,0.0,1.8510595865565491,0.0,1.7335826105139005,-2.5301258594172022,1.5175209524719402,0.0,0.0
14,0.0,0.0,0.0,0.0,0.0,0.0,0.0,0.0,0.0,0.0,0.0,0.0,0.7123058184321244,1.7335826105139005,0.0,1.1439975946881231,0.8341940756396257,-0.06484522648615637,0.0
15,0.0,0.0,0.0,0.0,0.0,0.0,0.0,0.0,0.0,0.0,0.0,0.0,0.0,-2.5301258594172022,1.1439975946881231,0.0,1.0958212732274635,1.1376929726726157,-3.0074821183954104
16,0.0,0.0,0.0,0.0,0.0,0.0,0.0,0.0,0.0,0.0,0.0,0.0,0.0,1.5175209524719402,0.8341940756396257,1.0958212732274635,0.0,0.9666816069642126,0.6361910080202754
17,0.0,0.0,0.0,0.0,0.0,0.0,0.0,0.0,0.0,0.0,0.0,0.0,0.0,0.0,-0.06484522648615637,1.1376929726726157,0.9666816069642126,0.0,0.507904909362083
18,0.0,0.0,0.0,0.0,0.0,0.0,0.0,0.0,0.0,0.0,0.0,0.0,0.0,0.0,0.0,-3.0074821183954104,0.6361910080202754,0.507904909362083,0.0
