,0,1,2,3,4,5,6,7,8,9,10,11,12,13,14,15,16,17,18,19,20,21,22
0,0.0,7.223333892711425,1.9691493573261558,1.321672847870181,0.0,0.0,0.0,0.0,0.0,0.0,0.0,0.0,0.0,0.0,0.0,0.0,0.0,0.0,0.0,0.0,0.0,0.0,0.0
1,7.223333892711425,0.0,6.860190786567442,6.729994209044735,-0.3999622292776578,0.0,0.0,0.0,0.0,0.0,0.0,0.0,0.0,0.0,0.0,0.0,0.0,0.0,0.0,0.0,0.0,0.0,0.0
2,1.9691493573261558,6.860190786567442,0.0,2.490740978459073,0.0,0.0,0.0,0.0,0.0,0.0,0.0,0.0,0.0,0.0,0.0,0.0,0.0,0.0,0.0,0.0,0.0,0.0,0.0
3,1.321672847870181,6.729994209044735,2.490740978459073,0.0,6.224534301559745,5.652231193704021,0.0,0.0,0.0,0.0,0.0,0.0,0.0,0.0,0.0,0.0,0.0,0.0,0.0,0.0,0.0,0.0,0.0
4,0.0,-0.3999622292776578,0.0,6.224534301559745,0.0,1.0081826676636008,0.0,0.0,0.0,0.0,0.0,0.0,0.0,0.0,0.0,0.0,0.0,0.0,0.0,0.0,0.0,0.0,0.0
5,0.0,0.0,0.0,5.652231193704021,1.0081826676636008,0.0,3.7481554982462852,0.41707125104853715,0.0,0.0,0.0,0.0,0.0,0.0,0.0,0.0,0.0,0.0,0.0,0.0,0.0,0.0,0.0
6,0.0,0.0,0.0,0.0,0.0,3.7481554982462852,0.0,1.8200801614325712,2.3203587857884624,2.396569707457163,0.0,0.0,0.0,0.0,0.0,0.0,0.0,0.0,0.0,0.0,0.0,0.0,0.0
7,0.0,0.0,0.0,0.0,0.0,0.41707125104853715,1.8200801614325712,0.0,-0.3657109693614036,2.868126748886703,0.44326982219673783,0.0,0.0,0.0,0.0,0.0,0.0,0.0,0.0,0.0,0.0,0.0,0.0
8,0.0,0.0,0.0,0.0,0.0,0.0,2.3203587857884624,-0.3657109693614036,0.0,0.0,1.2031636743859637,-1.175138771524404,0.0,0.0,0.0,0.0,0.0,0.0,0.0,0.0,0.0,0.0,0.0
9,0.0,0.0,0.0,0.0,0.0,0.0,2.396569707457163,2.868126748886703,0.0,0.0,2.1294112946018173,2.4480404673316927,1.4454536074577304,0.0,0.0,0.0,0.0,0.0,0.0,0.0,0.0,0.0,0.0
10,0.0,0.0,0.0,0.0,0.0,0.0,0.0,0.44326982219673783,1.2031636743859637,2.1294112946018173,0.0,0.33840251798468585,0.0,0.0,0.0,0.0,0.0,0.0,0.0,0.0,0.0,0.0,0.0
11,0.0,0.0,0.0,0.0,0.0,0.0,0.0,0.0,-1.175138771524404,2.4480404673316927,0.33840251798468585,0.0,1.4414472995563234,-2.23199931265471,1.7238398921419371,0.0,0.0,0.0,0.0,0.0,0.0,0.0,0.0
12,0.0,0.0,0.0,0.0,0.0,0.0,0.0,0.0,0.0,1.4454536074577304,0.0,1.4414472995563234,0.0,0.949541622939277,0.0,-0.4148849238324082,0.0,0.0,0.0,0.0,0.0,0.0,0.0
13,0.0,0.0,0.0,0.0,0.0,0.0,0.0,0.0,0.0,0.0,0.0,-2.23199931265471,0.949541622939277,0.0,1.6227597218856649,0.9723521821738498,0.0,0.0,0.0,0.0,0.0,0.0,0.0
14,0.0,0.0,0.0,0.0,0.0,0.0,0.0,0.0,0.0,0.0,0.0,1.7238398921419371,0.0,1.6227597218856649,0.0,0.0,1.2906153188596587,0.0,0.0,0.0,0.0,0.0,0.0
15,0.0,0.0,0.0,0.0,0.0,0.0,0.0,0.0,0.0,0.0,0.0,0.0,-0.4148849238324082,0.9723521821738498,0.0,0.0,0.11510669310288503,0.0,-0.4883712908725022,0.0,0.3107368625946784,0.0,0.0
16,0.0,0.0,0.0,0.0,0.0,0.0,0.0,0.0,0.0,0.0,0.0,0.0,0.0,0.0,1.2906153188596587,0.11510669310288503,0.0,-1.4014266740517085,-0.9871527005947135,-1.433854315224921,0.0,0.0,0.0
17,0.0,0.0,0.0,0.0,0.0,0.0,0.0,0.0,0.0,0.0,0.0,0.0,0.0,0.0,0.0,0.0,-1.4014266740517085,0.0,0.0,-0.8479257892744224,0.061209884217332894,-1.8211040136900383,-1.536527247381372
18,0.0,0.0,0.0,0.0,0.0,0.0,0.0,0.0,0.0,0.0,0.0,0.0,0.0,0.0,0.0,-0.4883712908725022,-0.9871527005947135,0.0,0.0,-3.1444552232524208,0.0,-1.4092593108315536,0.0
19,0.0,0.0,0.0,0.0,0.0,0.0,0.0,0.0,0.0,0.0,0.0,0.0,0.0,0.0,0.0,0.0,-1.433854315224921,-0.8479257892744224,-3.1444552232524208,0.0,-0.018259588098841012,-1.9193488930420508,-0.6403690179115338
20,0.0,0.0,0.0,0.0,0.0,0.0,0.0,0.0,0.0,0.0,0.0,0.0,0.0,0.0,0.0,0.3107368625946784,0.0,0.061209884217332894,0.0,-0.018259588098841012,0.0,-1.2418401401542152,0.0
21,0.0,0.0,0.0,0.0,0.0,0.0,0.0,0.0,0.0,0.0,0.0,0.0,0.0,0.0,0.0,0.0,0.0,-1.8211040136900383,-1.4092593108315536,-1.9193488930420508,-1.2418401401542152,0.0,-2.246508588584626
22,0.0,0.0,0.0,0.0,0.0,0.0,0.0,0.0,0.0,0.0,0.0,0.0,0.0,0.0,0.0,0.0,0.0,-1.536527247381372,0.0,-0.6403690179115338,0.0,-2.246508588584626,0.0
