,0,1,2,3,4,5,6,7,8,9,10,11,12,13,14,15,16,17
0,0.0,2.571288289161797,8.28236870489671,0.32240055534165657,0.0,0.0,0.0,0.0,0.0,0.0,0.0,0.0,0.0,0.0,0.0,0.0,0.0,0.0
1,2.571288289161797,0.0,6.923409969448933,-0.18092808823937415,0.14152867472642108,0.0,0.0,0.0,0.0,0.0,0.0,0.0,0.0,0.0,0.0,0.0,0.0,0.0
2,8.28236870489671,6.923409969448933,0.0,6.12052961106555,5.874177678695676,0.0,0.0,0.0,0.0,0.0,0.0,0.0,0.0,0.0,0.0,0.0,0.0,0.0
3,0.32240055534165657,-0.18092808823937415,6.12052961106555,0.0,-1.7501830503587066,4.54808765192598,5.187825653371818,0.0,0.0,0.0,0.0,0.0,0.0,0.0,0.0,0.0,0.0,0.0
4,0.0,0.14152867472642108,5.874177678695676,-1.7501830503587066,0.0,4.290417583614607,4.945323719149954,0.0,0.0,0.0,0.0,0.0,0.0,0.0,0.0,0.0,0.0,0.0
5,0.0,0.0,0.0,4.54808765192598,4.290417583614607,0.0,2.2269367487480274,3.272728926631588,0.0,0.0,0.0,0.0,0.0,0.0,0.0,0.0,0.0,0.0
6,0.0,0.0,0.0,5.187825653371818,4.945323719149954,2.2269367487480274,0.0,3.9466184626213967,1.0835673551000586,0.0,0.0,0.0,0.0,0.0,0.0,0.0,0.0,0.0
7,0.0,0.0,0.0,0.0,0.0,3.272728926631588,3.9466184626213967,0.0,2.760479973065678,0.18738734809100885,2.3634346202487984,0.0,0.0,0.0,0.0,0.0,0.0,0.0
8,0.0,0.0,0.0,0.0,0.0,0.0,1.0835673551000586,2.760479973065678,0.0,1.4815801011081802,-0.9396013885434596,0.0,0.0,0.0,0.0,0.0,0.0,0.0
9,0.0,0.0,0.0,0.0,0.0,0.0,0.0,0.18738734809100885,1.4815801011081802,0.0,1.0789331644533626,-0.9080277645196768,0.0,-0.038840822081987574,0.0,0.0,0.0,0.0
10,0.0,0.0,0.0,0.0,0.0,0.0,0.0,2.3634346202487984,-0.9396013885434596,1.0789331644533626,0.0,1.5447928348942508,-0.43661487916057695,1.5560998511577908,0.0,0.0,0.0,0.0
11,0.0,0.0,0.0,0.0,0.0,0.0,0.0,0.0,0.0,-0.9080277645196768,1.5447928348942508,0.0,1.9648412657797376,-0.10303666877627832,-2.499212109607549,-0.5724119446896633,0.0,0.0
12,0.0,0.0,0.0,0.0,0.0,0.0,0.0,0.0,0.0,0.0,-0.43661487916057695,1.9648412657797376,0.0,1.8037235402265108,0.0,0.0,0.0,0.0
13,0.0,0.0,0.0,0.0,0.0,0.0,0.0,0.0,0.0,-0.038840822081987574,1.5560998511577908,-0.10303666877627832,1.8037235402265108,0.0,-1.233070461179601,0.05306478531641609,-0.10677425197106194,-0.363372186552422
14,0.0,0.0,0.0,0.0,0.0,0.0,0.0,0.0,0.0,0.0,0.0,-2.499212109607549,0.0,-1.233070461179601,0.0,-0.614657007170367,-1.4530799904421403,-0.5324981562475082
15,0.0,0.0,0.0,0.0,0.0,0.0,0.0,0.0,0.0,0.0,0.0,-0.5724119446896633,0.0,0.05306478531641609,-0.614657007170367,0.0,-1.3428361394358157,-1.3560209184558658
16,0.0,0.0,0.0,0.0,0.0,0.0,0.0,0.0,0.0,0.0,0.0,0.0,0.0,-0.10677425197106194,-1.4530799904421403,-1.3428361394358157,0.0,0.0
17,0.0,0.0,0.0,0.0,0.0,0.0,0.0,0.0,0.0,0.0,0.0,0.0,0.0,-0.363372186552422,-0.5324981562475082,-1.3560209184558658,0.0,0.0
