,0,1,2,3,4,5,6,7,8,9,10,11,12,13,14,15,16,17,18,19,20,21,22,23,24,25,26,27,28,29,30
0,0.0,2.887725840199136,4.025409750964529,0.12321439232827029,0.0,0.0,0.0,0.0,0.0,0.0,0.0,0.0,0.0,0.0,0.0,0.0,0.0,0.0,0.0,0.0,0.0,0.0,0.0,0.0,0.0,0.0,0.0,0.0,0.0,0.0,0.0
1,2.887725840199136,0.0,2.6953312695775384,1.0290346145671763,1.3378108099828188,0.0,0.0,0.0,0.0,0.0,0.0,0.0,0.0,0.0,0.0,0.0,0.0,0.0,0.0,0.0,0.0,0.0,0.0,0.0,0.0,0.0,0.0,0.0,0.0,0.0,0.0
2,4.025409750964529,2.6953312695775384,0.0,1.4515014612051604,1.1984597057904567,0.0,0.0,0.0,0.0,0.0,0.0,0.0,0.0,0.0,0.0,0.0,0.0,0.0,0.0,0.0,0.0,0.0,0.0,0.0,0.0,0.0,0.0,0.0,0.0,0.0,0.0
3,0.12321439232827029,1.0290346145671763,1.4515014612051604,0.0,-0.5034727381432699,1.424383797094802,-0.9936305321685931,0.0,0.0,0.0,0.0,0.0,0.0,0.0,0.0,0.0,0.0,0.0,0.0,0.0,0.0,0.0,0.0,0.0,0.0,0.0,0.0,0.0,0.0,0.0,0.0
4,0.0,1.3378108099828188,1.1984597057904567,-0.5034727381432699,0.0,1.2357279046869771,-0.05100959950955628,0.0,0.0,0.0,0.0,0.0,0.0,0.0,0.0,0.0,0.0,0.0,0.0,0.0,0.0,0.0,0.0,0.0,0.0,0.0,0.0,0.0,0.0,0.0,0.0
5,0.0,0.0,0.0,1.424383797094802,1.2357279046869771,0.0,1.337478496626577,0.0,0.0,0.0,0.0,0.0,0.0,0.0,0.0,0.0,0.0,0.0,0.0,0.0,0.0,0.0,0.0,0.0,0.0,0.0,0.0,0.0,0.0,0.0,0.0
6,0.0,0.0,0.0,-0.9936305321685931,-0.05100959950955628,1.337478496626577,0.0,1.9158885175212894,-0.24588518743704274,0.0,0.0,0.0,0.0,0.0,0.0,0.0,0.0,0.0,0.0,0.0,0.0,0.0,0.0,0.0,0.0,0.0,0.0,0.0,0.0,0.0,0.0
7,0.0,0.0,0.0,0.0,0.0,0.0,1.9158885175212894,0.0,1.017018162663022,1.1472142726370411,0.0,0.0,0.0,0.0,0.0,0.0,0.0,0.0,0.0,0.0,0.0,0.0,0.0,0.0,0.0,0.0,0.0,0.0,0.0,0.0,0.0
8,0.0,0.0,0.0,0.0,0.0,0.0,-0.24588518743704274,1.017018162663022,0.0,-0.09080045010221661,0.0,0.0,0.0,0.0,0.0,0.0,0.0,0.0,0.0,0.0,0.0,0.0,0.0,0.0,0.0,0.0,0.0,0.0,0.0,0.0,0.0
9,0.0,0.0,0.0,0.0,0.0,0.0,0.0,1.1472142726370411,-0.09080045010221661,0.0,3.829271626540178,0.1557660409560955,-0.6206331396698681,0.0,0.0,0.0,0.0,0.0,0.0,0.0,0.0,0.0,0.0,0.0,0.0,0.0,0.0,0.0,0.0,0.0,0.0
10,0.0,0.0,0.0,0.0,0.0,0.0,0.0,0.0,0.0,3.829271626540178,0.0,3.319954660328866,0.0,-1.2953258024248522,0.0,-0.9416762238273877,0.0,0.0,0.0,0.0,0.0,0.0,0.0,0.0,0.0,0.0,0.0,0.0,0.0,0.0,0.0
11,0.0,0.0,0.0,0.0,0.0,0.0,0.0,0.0,0.0,0.1557660409560955,3.319954660328866,0.0,-0.5658924754723038,2.706091814705692,-0.9240279131113965,0.0,0.0,0.0,0.0,0.0,0.0,0.0,0.0,0.0,0.0,0.0,0.0,0.0,0.0,0.0,0.0
12,0.0,0.0,0.0,0.0,0.0,0.0,0.0,0.0,0.0,-0.6206331396698681,0.0,-0.5658924754723038,0.0,2.487130693036283,-1.5042664056726032,2.404157780437051,-2.4436545290424543,-1.0745621194475616,0.0,0.0,0.0,0.0,0.0,0.0,0.0,0.0,0.0,0.0,0.0,0.0,0.0
13,0.0,0.0,0.0,0.0,0.0,0.0,0.0,0.0,0.0,0.0,-1.2953258024248522,2.706091814705692,2.487130693036283,0.0,0.0,-4.513278044666242,2.268890019936216,0.0,0.0,0.0,0.0,0.0,0.0,0.0,0.0,0.0,0.0,0.0,0.0,0.0,0.0
14,0.0,0.0,0.0,0.0,0.0,0.0,0.0,0.0,0.0,0.0,0.0,-0.9240279131113965,-1.5042664056726032,0.0,0.0,2.530339421277776,-1.5558245852632853,0.0,0.0,0.0,0.0,0.0,0.0,0.0,0.0,0.0,0.0,0.0,0.0,0.0,0.0
15,0.0,0.0,0.0,0.0,0.0,0.0,0.0,0.0,0.0,0.0,-0.9416762238273877,0.0,2.404157780437051,-4.513278044666242,2.530339421277776,0.0,2.184823795506836,0.0,-1.3009659055183496,0.0,0.0,0.0,0.0,0.0,0.0,0.0,0.0,0.0,0.0,0.0,0.0
16,0.0,0.0,0.0,0.0,0.0,0.0,0.0,0.0,0.0,0.0,0.0,0.0,-2.4436545290424543,2.268890019936216,-1.5558245852632853,2.184823795506836,0.0,-1.452705340723093,2.0310270710950813,0.0,0.0,0.0,0.0,0.0,0.0,0.0,0.0,0.0,0.0,0.0,0.0
17,0.0,0.0,0.0,0.0,0.0,0.0,0.0,0.0,0.0,0.0,0.0,0.0,-1.0745621194475616,0.0,0.0,0.0,-1.452705340723093,0.0,0.0,0.0,0.0,1.4978890691282918,0.0,0.0,0.0,0.0,0.0,0.0,0.0,0.0,0.0
18,0.0,0.0,0.0,0.0,0.0,0.0,0.0,0.0,0.0,0.0,0.0,0.0,0.0,0.0,0.0,-1.3009659055183496,2.0310270710950813,0.0,0.0,1.346140679593406,0.8083267626656084,-2.292622600966087,0.0,0.0,0.0,0.0,0.0,0.0,0.0,0.0,0.0
19,0.0,0.0,0.0,0.0,0.0,0.0,0.0,0.0,0.0,0.0,0.0,0.0,0.0,0.0,0.0,0.0,0.0,0.0,1.346140679593406,0.0,0.13217706857036382,0.0,0.0,0.08159540647183786,0.0640250111653948,0.0,0.0,0.0,0.0,0.0,0.0
20,0.0,0.0,0.0,0.0,0.0,0.0,0.0,0.0,0.0,0.0,0.0,0.0,0.0,0.0,0.0,0.0,0.0,0.0,0.8083267626656084,0.13217706857036382,0.0,0.5025835346577933,-0.22499498256973205,-0.22895280393953196,-0.18188758771782246,-0.32380200454556424,0.0,0.0,0.0,0.0,0.0
21,0.0,0.0,0.0,0.0,0.0,0.0,0.0,0.0,0.0,0.0,0.0,0.0,0.0,0.0,0.0,0.0,0.0,1.4978890691282918,-2.292622600966087,0.0,0.5025835346577933,0.0,-1.7381368148897283,0.0,0.0,0.7417444605920145,0.0,0.0,0.0,0.0,0.0
22,0.0,0.0,0.0,0.0,0.0,0.0,0.0,0.0,0.0,0.0,0.0,0.0,0.0,0.0,0.0,0.0,0.0,0.0,0.0,0.0,-0.22499498256973205,-1.7381368148897283,0.0,0.0,0.0,0.0,0.7016742564183407,-4.110226226172487,0.0,0.0,0.0
23,0.0,0.0,0.0,0.0,0.0,0.0,0.0,0.0,0.0,0.0,0.0,0.0,0.0,0.0,0.0,0.0,0.0,0.0,0.0,0.08159540647183786,-0.22895280393953196,0.0,0.0,0.0,-0.23068350066380225,-0.005521806526385445,0.0,0.0,0.0,0.0,0.0
24,0.0,0.0,0.0,0.0,0.0,0.0,0.0,0.0,0.0,0.0,0.0,0.0,0.0,0.0,0.0,0.0,0.0,0.0,0.0,0.0640250111653948,-0.18188758771782246,0.0,0.0,-0.23068350066380225,0.0,-0.07825336479102468,-1.6230365412316008,0.0,-2.155766425192859,0.0,0.0
25,0.0,0.0,0.0,0.0,0.0,0.0,0.0,0.0,0.0,0.0,0.0,0.0,0.0,0.0,0.0,0.0,0.0,0.0,0.0,0.0,-0.32380200454556424,0.7417444605920145,0.0,-0.005521806526385445,-0.07825336479102468,0.0,-0.2996623727274222,0.0,-0.10225841947008944,0.0,0.0
26,0.0,0.0,0.0,0.0,0.0,0.0,0.0,0.0,0.0,0.0,0.0,0.0,0.0,0.0,0.0,0.0,0.0,0.0,0.0,0.0,0.0,0.0,0.7016742564183407,0.0,-1.6230365412316008,-0.2996623727274222,0.0,0.377899493391387,0.0,-3.966831611007613,-2.859954848711187
27,0.0,0.0,0.0,0.0,0.0,0.0,0.0,0.0,0.0,0.0,0.0,0.0,0.0,0.0,0.0,0.0,0.0,0.0,0.0,0.0,0.0,0.0,-4.110226226172487,0.0,0.0,0.0,0.377899493391387,0.0,0.0,-0.4460907993165184,-0.15576716981682442
28,0.0,0.0,0.0,0.0,0.0,0.0,0.0,0.0,0.0,0.0,0.0,0.0,0.0,0.0,0.0,0.0,0.0,0.0,0.0,0.0,0.0,0.0,0.0,0.0,-2.155766425192859,-0.10225841947008944,0.0,0.0,0.0,-1.7431373112129505,0.0
29,0.0,0.0,0.0,0.0,0.0,0.0,0.0,0.0,0.0,0.0,0.0,0.0,0.0,0.0,0.0,0.0,0.0,0.0,0.0,0.0,0.0,0.0,0.0,0.0,0.0,0.0,-3.966831611007613,-0.4460907993165184,-1.7431373112129505,0.0,-2.7608130511103486
30,0.0,0.0,0.0,0.0,0.0,0.0,0.0,0.0,0.0,0.0,0.0,0.0,0.0,0.0,0.0,0.0,0.0,0.0,0.0,0.0,0.0,0.0,0.0,0.0,0.0,0.0,-2.859954848711187,-0.15576716981682442,0.0,-2.7608130511103486,0.0
