,0,1,2,3,4,5,6,7,8,9,10,11,12,13,14,15,16,17,18,19,20,21,22,23
0,0.0,-0.1309800734476597,6.3061918587870895,0.4014946901777077,0.0,0.0,0.0,0.0,0.0,0.0,0.0,0.0,0.0,0.0,0.0,0.0,0.0,0.0,0.0,0.0,0.0,0.0,0.0,0.0
1,-0.1309800734476597,0.0,6.269936603530091,0.2318488429456854,0.0,0.0,0.0,0.0,0.0,0.0,0.0,0.0,0.0,0.0,0.0,0.0,0.0,0.0,0.0,0.0,0.0,0.0,0.0,0.0
2,6.3061918587870895,6.269936603530091,0.0,5.621740315764083,4.542355904644012,5.007909962569584,0.0,0.0,0.0,0.0,0.0,0.0,0.0,0.0,0.0,0.0,0.0,0.0,0.0,0.0,0.0,0.0,0.0,0.0
3,0.4014946901777077,0.2318488429456854,5.621740315764083,0.0,3.019772873815038,1.0827437100806878,0.0,0.0,0.0,0.0,0.0,0.0,0.0,0.0,0.0,0.0,0.0,0.0,0.0,0.0,0.0,0.0,0.0,0.0
4,0.0,0.0,4.542355904644012,3.019772873815038,0.0,2.040597014231357,3.8175748098141344,2.562889951352486,0.0,0.0,0.0,0.0,0.0,0.0,0.0,0.0,0.0,0.0,0.0,0.0,0.0,0.0,0.0,0.0
5,0.0,0.0,5.007909962569584,1.0827437100806878,2.040597014231357,0.0,0.0,0.5154322033366578,0.19167633141165555,0.0,0.0,0.0,0.0,0.0,0.0,0.0,0.0,0.0,0.0,0.0,0.0,0.0,0.0,0.0
6,0.0,0.0,0.0,0.0,3.8175748098141344,0.0,0.0,4.340018084604574,4.2040957574493305,3.7509883227483263,0.0,0.0,0.0,0.0,0.0,0.0,0.0,0.0,0.0,0.0,0.0,0.0,0.0,0.0
7,0.0,0.0,0.0,0.0,2.562889951352486,0.5154322033366578,4.340018084604574,0.0,-2.594296595870033,0.0,0.0,0.0,0.0,0.0,0.0,0.0,0.0,0.0,0.0,0.0,0.0,0.0,0.0,0.0
8,0.0,0.0,0.0,0.0,0.0,0.19167633141165555,4.2040957574493305,-2.594296595870033,0.0,0.16294757909698132,0.0,0.0,0.0,0.0,0.0,0.0,0.0,0.0,0.0,0.0,0.0,0.0,0.0,0.0
9,0.0,0.0,0.0,0.0,0.0,0.0,3.7509883227483263,0.0,0.16294757909698132,0.0,-0.9718071481678875,0.0,0.0,0.0,0.0,0.0,0.0,0.0,0.0,0.0,0.0,0.0,0.0,0.0
10,0.0,0.0,0.0,0.0,0.0,0.0,0.0,0.0,0.0,-0.9718071481678875,0.0,3.3569762245187817,2.9718095066632926,0.0,0.0,0.0,0.0,0.0,0.0,0.0,0.0,0.0,0.0,0.0
11,0.0,0.0,0.0,0.0,0.0,0.0,0.0,0.0,0.0,0.0,3.3569762245187817,0.0,0.3919172609565878,-0.19802590777407375,2.806846958547564,0.0,0.0,0.0,0.0,0.0,0.0,0.0,0.0,0.0
12,0.0,0.0,0.0,0.0,0.0,0.0,0.0,0.0,0.0,0.0,2.9718095066632926,0.3919172609565878,0.0,-2.039811481321537,2.3813819440799384,0.0,0.0,0.0,0.0,0.0,0.0,0.0,0.0,0.0
13,0.0,0.0,0.0,0.0,0.0,0.0,0.0,0.0,0.0,0.0,0.0,-0.19802590777407375,-2.039811481321537,0.0,2.0753592784621624,-0.4442074261602517,1.3098488270603061,0.0,0.0,0.0,0.0,0.0,0.0,0.0
14,0.0,0.0,0.0,0.0,0.0,0.0,0.0,0.0,0.0,0.0,0.0,2.806846958547564,2.3813819440799384,2.0753592784621624,0.0,0.0,0.0,0.0,0.0,0.0,0.0,0.0,0.0,0.0
15,0.0,0.0,0.0,0.0,0.0,0.0,0.0,0.0,0.0,0.0,0.0,0.0,0.0,-0.4442074261602517,0.0,0.0,1.5596623104162552,-0.6650988253036609,-0.8535159753686287,0.0,0.0,0.0,0.0,0.0
16,0.0,0.0,0.0,0.0,0.0,0.0,0.0,0.0,0.0,0.0,0.0,0.0,0.0,1.3098488270603061,0.0,1.5596623104162552,0.0,0.9324808058244682,0.9198622648628203,0.0,0.5743829609153,0.0,0.0,0.0
17,0.0,0.0,0.0,0.0,0.0,0.0,0.0,0.0,0.0,0.0,0.0,0.0,0.0,0.0,0.0,-0.6650988253036609,0.9324808058244682,0.0,-0.6946742358975334,-1.7940597566566727,1.2518389787696014,-2.0913447904855773,0.0,0.0
18,0.0,0.0,0.0,0.0,0.0,0.0,0.0,0.0,0.0,0.0,0.0,0.0,0.0,0.0,0.0,-0.8535159753686287,0.9198622648628203,-0.6946742358975334,0.0,-0.11769760145198498,0.6351656341925298,-1.3978705279057115,0.0,0.0
19,0.0,0.0,0.0,0.0,0.0,0.0,0.0,0.0,0.0,0.0,0.0,0.0,0.0,0.0,0.0,0.0,0.0,-1.7940597566566727,-0.11769760145198498,0.0,0.0,-1.2298846378132449,-1.0261917269991476,1.007833243284325
20,0.0,0.0,0.0,0.0,0.0,0.0,0.0,0.0,0.0,0.0,0.0,0.0,0.0,0.0,0.0,0.0,0.5743829609153,1.2518389787696014,0.6351656341925298,0.0,0.0,0.0,0.0,0.0
21,0.0,0.0,0.0,0.0,0.0,0.0,0.0,0.0,0.0,0.0,0.0,0.0,0.0,0.0,0.0,0.0,0.0,-2.0913447904855773,-1.3978705279057115,-1.2298846378132449,0.0,0.0,-0.9358766547735463,0.510793014458374
22,0.0,0.0,0.0,0.0,0.0,0.0,0.0,0.0,0.0,0.0,0.0,0.0,0.0,0.0,0.0,0.0,0.0,0.0,0.0,-1.0261917269991476,0.0,-0.9358766547735463,0.0,-0.13692577755605384
23,0.0,0.0,0.0,0.0,0.0,0.0,0.0,0.0,0.0,0.0,0.0,0.0,0.0,0.0,0.0,0.0,0.0,0.0,0.0,1.007833243284325,0.0,0.510793014458374,-0.13692577755605384,0.0
