,0,1,2,3,4,5,6,7,8,9,10,11,12,13,14,15,16,17,18,19,20
0,0.0,5.672626943282356,2.5092805041117896,1.872290736023089,0.0,0.0,0.0,0.0,0.0,0.0,0.0,0.0,0.0,0.0,0.0,0.0,0.0,0.0,0.0,0.0,0.0
1,5.672626943282356,0.0,3.1816095866563616,3.1839404684606225,4.388464440231724,0.0,0.0,0.0,0.0,0.0,0.0,0.0,0.0,0.0,0.0,0.0,0.0,0.0,0.0,0.0,0.0
2,2.5092805041117896,3.1816095866563616,0.0,-2.3125000957665685,4.3294494364478195,0.0,0.0,0.0,0.0,0.0,0.0,0.0,0.0,0.0,0.0,0.0,0.0,0.0,0.0,0.0,0.0
3,1.872290736023089,3.1839404684606225,-2.3125000957665685,0.0,4.240781114373361,0.0,0.0,0.0,0.0,0.0,0.0,0.0,0.0,0.0,0.0,0.0,0.0,0.0,0.0,0.0,0.0
4,0.0,4.388464440231724,4.3294494364478195,4.240781114373361,0.0,-1.0474786860481535,3.3436400249204214,2.3728631158191686,0.0,0.0,0.0,0.0,0.0,0.0,0.0,0.0,0.0,0.0,0.0,0.0,0.0
5,0.0,0.0,0.0,0.0,-1.0474786860481535,0.0,3.1693711535933153,2.2683082784276163,0.0,0.0,0.0,0.0,0.0,0.0,0.0,0.0,0.0,0.0,0.0,0.0,0.0
6,0.0,0.0,0.0,0.0,3.3436400249204214,3.1693711535933153,0.0,0.16097239332525026,0.0,1.3867226902706855,0.0,0.0,0.0,0.0,0.0,0.0,0.0,0.0,0.0,0.0,0.0
7,0.0,0.0,0.0,0.0,2.3728631158191686,2.2683082784276163,0.16097239332525026,0.0,1.4678955703177041,0.24429850120519478,1.3163763633351429,0.0,0.0,0.0,0.0,0.0,0.0,0.0,0.0,0.0,0.0
8,0.0,0.0,0.0,0.0,0.0,0.0,0.0,1.4678955703177041,0.0,1.1743248480831883,0.8481292750773679,-0.09150166246039568,0.0,0.0,0.0,0.0,0.0,0.0,0.0,0.0,0.0
9,0.0,0.0,0.0,0.0,0.0,0.0,1.3867226902706855,0.24429850120519478,1.1743248480831883,0.0,-0.17732919755925863,-0.3878437748458482,0.0,0.0,0.0,0.0,0.0,0.0,0.0,0.0,0.0
10,0.0,0.0,0.0,0.0,0.0,0.0,0.0,1.3163763633351429,0.8481292750773679,-0.17732919755925863,0.0,0.07773849692783026,-0.6848574701038181,0.0,0.0,0.0,0.0,0.0,0.0,0.0,0.0
11,0.0,0.0,0.0,0.0,0.0,0.0,0.0,0.0,-0.09150166246039568,-0.3878437748458482,0.07773849692783026,0.0,-1.311699298240022,0.0,-1.001387373922563,0.0,0.0,0.0,0.0,0.0,0.0
12,0.0,0.0,0.0,0.0,0.0,0.0,0.0,0.0,0.0,0.0,-0.6848574701038181,-1.311699298240022,0.0,1.2310377418539418,-2.780315864427312,0.0,-0.44647545500876207,0.0,0.0,0.0,0.0
13,0.0,0.0,0.0,0.0,0.0,0.0,0.0,0.0,0.0,0.0,0.0,0.0,1.2310377418539418,0.0,1.0808542494755418,0.0,1.5049254949721966,0.0,0.0,0.0,0.0
14,0.0,0.0,0.0,0.0,0.0,0.0,0.0,0.0,0.0,0.0,0.0,-1.001387373922563,-2.780315864427312,1.0808542494755418,0.0,-1.1435768826522614,-0.686007612011176,0.0,0.0,0.0,0.0
15,0.0,0.0,0.0,0.0,0.0,0.0,0.0,0.0,0.0,0.0,0.0,0.0,0.0,0.0,-1.1435768826522614,0.0,0.060391787899648344,-2.5174307874435855,0.0,0.0,0.0
16,0.0,0.0,0.0,0.0,0.0,0.0,0.0,0.0,0.0,0.0,0.0,0.0,-0.44647545500876207,1.5049254949721966,-0.686007612011176,0.060391787899648344,0.0,0.0,0.0,0.0,0.0
17,0.0,0.0,0.0,0.0,0.0,0.0,0.0,0.0,0.0,0.0,0.0,0.0,0.0,0.0,0.0,-2.5174307874435855,0.0,0.0,-1.7588613362875254,-0.7662855408298079,-1.1295435396697018
18,0.0,0.0,0.0,0.0,0.0,0.0,0.0,0.0,0.0,0.0,0.0,0.0,0.0,0.0,0.0,0.0,0.0,-1.7588613362875254,0.0,-0.8968124238416374,-1.1925634602030315
19,0.0,0.0,0.0,0.0,0.0,0.0,0.0,0.0,0.0,0.0,0.0,0.0,0.0,0.0,0.0,0.0,0.0,-0.7662855408298079,-0.8968124238416374,0.0,-2.9799667607242446
20,0.0,0.0,0.0,0.0,0.0,0.0,0.0,0.0,0.0,0.0,0.0,0.0,0.0,0.0,0.0,0.0,0.0,-1.1295435396697018,-1.1925634602030315,-2.9799667607242446,0.0
