,0,1,2,3,4,5,6,7,8,9,10,11,12,13,14,15,16,17,18
0,0.0,0.19676817798158808,-0.8299962970672233,-1.413252522820281,0.0,0.0,0.0,0.0,0.0,0.0,0.0,0.0,0.0,0.0,0.0,0.0,0.0,0.0,0.0
1,0.19676817798158808,0.0,0.20920594867252842,-1.535242049851438,0.0,0.0,0.0,0.0,0.0,0.0,0.0,0.0,0.0,0.0,0.0,0.0,0.0,0.0,0.0
2,-0.8299962970672233,0.20920594867252842,0.0,-1.2520459929251464,5.877518272661188,-1.0657177169902274,0.0,0.0,0.0,0.0,0.0,0.0,0.0,0.0,0.0,0.0,0.0,0.0,0.0
3,-1.413252522820281,-1.535242049851438,-1.2520459929251464,0.0,5.711541448187588,-0.5880609518860594,5.611844539929013,0.0,0.0,0.0,0.0,0.0,0.0,0.0,0.0,0.0,0.0,0.0,0.0
4,0.0,0.0,5.877518272661188,5.711541448187588,0.0,5.521527238649942,0.2530415263831237,0.0,0.0,0.0,0.0,0.0,0.0,0.0,0.0,0.0,0.0,0.0,0.0
5,0.0,0.0,-1.0657177169902274,-0.5880609518860594,5.521527238649942,0.0,5.422274961429937,0.0,0.0,0.0,0.0,0.0,0.0,0.0,0.0,0.0,0.0,0.0,0.0
6,0.0,0.0,0.0,5.611844539929013,0.2530415263831237,5.422274961429937,0.0,0.0,0.0,0.0,0.0,0.0,0.0,0.0,0.0,0.0,0.0,0.0,0.0
7,0.0,0.0,0.0,0.0,0.0,0.0,0.0,0.0,3.277247967065622,-0.793047104504707,3.091350837687952,0.0,0.0,0.0,0.0,0.0,0.0,0.0,0.0
8,0.0,0.0,0.0,0.0,0.0,0.0,0.0,3.277247967065622,0.0,2.537964328006321,-0.7879075875683443,0.0,0.0,0.0,0.0,0.0,0.0,0.0,0.0
9,0.0,0.0,0.0,0.0,0.0,0.0,0.0,-0.793047104504707,2.537964328006321,0.0,2.3981824751139484,2.0990054783017476,0.0,0.0,0.0,0.0,0.0,0.0,0.0
10,0.0,0.0,0.0,0.0,0.0,0.0,0.0,3.091350837687952,-0.7879075875683443,2.3981824751139484,0.0,2.423480061313173,1.420448126576602,0.0,0.0,0.0,0.0,0.0,0.0
11,0.0,0.0,0.0,0.0,0.0,0.0,0.0,0.0,0.0,2.0990054783017476,2.423480061313173,0.0,1.369094882057732,0.0,0.0,0.0,0.0,0.0,0.0
12,0.0,0.0,0.0,0.0,0.0,0.0,0.0,0.0,0.0,0.0,1.420448126576602,1.369094882057732,0.0,1.4197265688114336,0.571650201670119,0.0,1.1143424305483483,0.0,0.0
13,0.0,0.0,0.0,0.0,0.0,0.0,0.0,0.0,0.0,0.0,0.0,0.0,1.4197265688114336,0.0,0.2045441324243537,-0.7739673391554392,-0.1310534874758112,0.0,0.17236635779299198
14,0.0,0.0,0.0,0.0,0.0,0.0,0.0,0.0,0.0,0.0,0.0,0.0,0.571650201670119,0.2045441324243537,0.0,0.0,0.0,-1.2175373851124922,-3.549236208734302
15,0.0,0.0,0.0,0.0,0.0,0.0,0.0,0.0,0.0,0.0,0.0,0.0,0.0,-0.7739673391554392,0.0,0.0,-1.573140990021438,-0.44206430538165015,0.0
16,0.0,0.0,0.0,0.0,0.0,0.0,0.0,0.0,0.0,0.0,0.0,0.0,1.1143424305483483,-0.1310534874758112,0.0,-1.573140990021438,0.0,-0.9375498637667583,0.0
17,0.0,0.0,0.0,0.0,0.0,0.0,0.0,0.0,0.0,0.0,0.0,0.0,0.0,0.0,-1.2175373851124922,-0.44206430538165015,-0.9375498637667583,0.0,-1.21808807614459
18,0.0,0.0,0.0,0.0,0.0,0.0,0.0,0.0,0.0,0.0,0.0,0.0,0.0,0.17236635779299198,-3.549236208734302,0.0,0.0,-1.21808807614459,0.0
