,0,1,2,3,4,5,6,7,8,9,10,11,12,13,14,15,16,17,18,19,20,21,22,23
0,0.0,1.7906317011085486,3.7792295062902506,0.7201869319739573,0.0,0.0,0.0,0.0,0.0,0.0,0.0,0.0,0.0,0.0,0.0,0.0,0.0,0.0,0.0,0.0,0.0,0.0,0.0,0.0
1,1.7906317011085486,0.0,2.625379160822604,0.2816358566634573,0.42164046021450996,0.0,0.0,0.0,0.0,0.0,0.0,0.0,0.0,0.0,0.0,0.0,0.0,0.0,0.0,0.0,0.0,0.0,0.0,0.0
2,3.7792295062902506,2.625379160822604,0.0,1.9944830918848933,1.8552557058463488,1.5053298768932097,0.0,0.0,0.0,0.0,0.0,0.0,0.0,0.0,0.0,0.0,0.0,0.0,0.0,0.0,0.0,0.0,0.0,0.0
3,0.7201869319739573,0.2816358566634573,1.9944830918848933,0.0,-0.354332844468153,-0.4563378231897468,0.0,0.0,0.0,0.0,0.0,0.0,0.0,0.0,0.0,0.0,0.0,0.0,0.0,0.0,0.0,0.0,0.0,0.0
4,0.0,0.42164046021450996,1.8552557058463488,-0.354332844468153,0.0,-1.750028415374759,0.10365216277250389,3.7123563262496715,0.0,0.0,0.0,0.0,0.0,0.0,0.0,0.0,0.0,0.0,0.0,0.0,0.0,0.0,0.0,0.0
5,0.0,0.0,1.5053298768932097,-0.4563378231897468,-1.750028415374759,0.0,-0.09310485445456472,3.620594258345961,0.0,0.0,0.0,0.0,0.0,0.0,0.0,0.0,0.0,0.0,0.0,0.0,0.0,0.0,0.0,0.0
6,0.0,0.0,0.0,0.0,0.10365216277250389,-0.09310485445456472,0.0,3.305520130762846,0.0,0.0,0.0,0.0,0.0,0.0,0.0,0.0,0.0,0.0,0.0,0.0,0.0,0.0,0.0,0.0
7,0.0,0.0,0.0,0.0,3.7123563262496715,3.620594258345961,3.305520130762846,0.0,3.9829963287870367,2.8230013314289515,0.0,0.0,0.0,0.0,0.0,0.0,0.0,0.0,0.0,0.0,0.0,0.0,0.0,0.0
8,0.0,0.0,0.0,0.0,0.0,0.0,0.0,3.9829963287870367,0.0,2.5431874309644447,1.8403122673936316,2.2754376200256208,0.0,0.0,0.0,0.0,0.0,0.0,0.0,0.0,0.0,0.0,0.0,0.0
9,0.0,0.0,0.0,0.0,0.0,0.0,0.0,2.8230013314289515,2.5431874309644447,0.0,0.0,-1.0866711596852878,0.0,0.0,0.0,0.0,0.0,0.0,0.0,0.0,0.0,0.0,0.0,0.0
10,0.0,0.0,0.0,0.0,0.0,0.0,0.0,0.0,1.8403122673936316,0.0,0.0,-0.9878886450051136,0.0,0.9126807194263067,-2.035667845697077,0.0,0.0,0.0,0.0,0.0,0.0,0.0,0.0,0.0
11,0.0,0.0,0.0,0.0,0.0,0.0,0.0,0.0,2.2754376200256208,-1.0866711596852878,-0.9878886450051136,0.0,0.0,0.43383310387841245,-2.272426308835937,0.0,0.0,0.0,0.0,0.0,0.0,0.0,0.0,0.0
12,0.0,0.0,0.0,0.0,0.0,0.0,0.0,0.0,0.0,0.0,0.0,0.0,0.0,1.6582697617453694,0.9434484819432698,0.6852066478818563,0.0,0.0,0.0,0.0,0.0,0.0,0.0,0.0
13,0.0,0.0,0.0,0.0,0.0,0.0,0.0,0.0,0.0,0.0,0.9126807194263067,0.43383310387841245,1.6582697617453694,0.0,0.007790515693093546,0.0,0.0,0.0,0.0,0.9457213760211673,0.0,0.0,0.0,0.0
14,0.0,0.0,0.0,0.0,0.0,0.0,0.0,0.0,0.0,0.0,-2.035667845697077,-2.272426308835937,0.9434484819432698,0.007790515693093546,0.0,1.2959063611270227,0.0,0.0,0.0,1.5055037408931584,0.0,0.0,0.0,0.0
15,0.0,0.0,0.0,0.0,0.0,0.0,0.0,0.0,0.0,0.0,0.0,0.0,0.6852066478818563,0.0,1.2959063611270227,0.0,0.7916011073310428,1.6793598390142235,1.6623459295101988,0.0,0.0,0.0,0.0,0.0
16,0.0,0.0,0.0,0.0,0.0,0.0,0.0,0.0,0.0,0.0,0.0,0.0,0.0,0.0,0.0,0.7916011073310428,0.0,0.0,0.0,0.0,0.6162209497536276,0.35238888834190735,0.0,0.0
17,0.0,0.0,0.0,0.0,0.0,0.0,0.0,0.0,0.0,0.0,0.0,0.0,0.0,0.0,0.0,1.6793598390142235,0.0,0.0,0.7363657810715231,1.3895528476022332,0.5979642036255649,0.0,0.0,0.0
18,0.0,0.0,0.0,0.0,0.0,0.0,0.0,0.0,0.0,0.0,0.0,0.0,0.0,0.0,0.0,1.6623459295101988,0.0,0.7363657810715231,0.0,-0.05055651101536177,0.0,0.0,0.0,0.0
19,0.0,0.0,0.0,0.0,0.0,0.0,0.0,0.0,0.0,0.0,0.0,0.0,0.0,0.9457213760211673,1.5055037408931584,0.0,0.0,1.3895528476022332,-0.05055651101536177,0.0,0.0,0.0,0.0,0.0
20,0.0,0.0,0.0,0.0,0.0,0.0,0.0,0.0,0.0,0.0,0.0,0.0,0.0,0.0,0.0,0.0,0.6162209497536276,0.5979642036255649,0.0,0.0,0.0,-4.628700051642069,-3.5590009077455114,-1.4178162877503138
21,0.0,0.0,0.0,0.0,0.0,0.0,0.0,0.0,0.0,0.0,0.0,0.0,0.0,0.0,0.0,0.0,0.35238888834190735,0.0,0.0,0.0,-4.628700051642069,0.0,-3.2800802450946818,-1.5947806607782973
22,0.0,0.0,0.0,0.0,0.0,0.0,0.0,0.0,0.0,0.0,0.0,0.0,0.0,0.0,0.0,0.0,0.0,0.0,0.0,0.0,-3.5590009077455114,-3.2800802450946818,0.0,-2.7793574599531747
23,0.0,0.0,0.0,0.0,0.0,0.0,0.0,0.0,0.0,0.0,0.0,0.0,0.0,0.0,0.0,0.0,0.0,0.0,0.0,0.0,-1.4178162877503138,-1.5947806607782973,-2.7793574599531747,0.0
