,0,1,2,3,4,5,6,7,8,9,10,11,12,13,14,15,16,17,18,19,20,21,22,23
0,0.0,1.6762587527371058,2.7939937971456072,1.6170938359455032,0.0,0.0,0.0,0.0,0.0,0.0,0.0,0.0,0.0,0.0,0.0,0.0,0.0,0.0,0.0,0.0,0.0,0.0,0.0,0.0
1,1.6762587527371058,0.0,1.9127308092350663,0.8225414884570947,5.718192118711663,0.0,0.0,0.0,0.0,0.0,0.0,0.0,0.0,0.0,0.0,0.0,0.0,0.0,0.0,0.0,0.0,0.0,0.0,0.0
2,2.7939937971456072,1.9127308092350663,0.0,-0.9443439687855706,4.790632041373418,4.587388179835465,0.0,0.0,0.0,0.0,0.0,0.0,0.0,0.0,0.0,0.0,0.0,0.0,0.0,0.0,0.0,0.0,0.0,0.0
3,1.6170938359455032,0.8225414884570947,-0.9443439687855706,0.0,4.421741946002594,4.228472875034808,0.0,0.0,0.0,0.0,0.0,0.0,0.0,0.0,0.0,0.0,0.0,0.0,0.0,0.0,0.0,0.0,0.0,0.0
4,0.0,5.718192118711663,4.790632041373418,4.421741946002594,0.0,0.774800137786981,0.3560922698187298,3.192067901254755,0.0,0.0,0.0,0.0,0.0,0.0,0.0,0.0,0.0,0.0,0.0,0.0,0.0,0.0,0.0,0.0
5,0.0,0.0,4.587388179835465,4.228472875034808,0.774800137786981,0.0,-2.1449209863131564,2.9940430639491966,0.0,0.0,0.0,0.0,0.0,0.0,0.0,0.0,0.0,0.0,0.0,0.0,0.0,0.0,0.0,0.0
6,0.0,0.0,0.0,0.0,0.3560922698187298,-2.1449209863131564,0.0,2.838269761881042,2.7205120738403124,2.3682860299817285,0.0,0.0,0.0,0.0,0.0,0.0,0.0,0.0,0.0,0.0,0.0,0.0,0.0,0.0
7,0.0,0.0,0.0,0.0,3.192067901254755,2.9940430639491966,2.838269761881042,0.0,-0.21067473430616976,-0.8746228902709036,0.0,0.0,0.0,0.0,0.0,0.0,0.0,0.0,0.0,0.0,0.0,0.0,0.0,0.0
8,0.0,0.0,0.0,0.0,0.0,0.0,2.7205120738403124,-0.21067473430616976,0.0,-0.5231937949503273,-3.718513316870537,0.0,0.0,0.0,0.0,0.0,0.0,0.0,0.0,0.0,0.0,0.0,0.0,0.0
9,0.0,0.0,0.0,0.0,0.0,0.0,2.3682860299817285,-0.8746228902709036,-0.5231937949503273,0.0,-1.2324670337559034,0.0,0.0,0.0,0.0,0.0,0.0,0.0,0.0,0.0,0.0,0.0,0.0,0.0
10,0.0,0.0,0.0,0.0,0.0,0.0,0.0,0.0,-3.718513316870537,-1.2324670337559034,0.0,1.933634284089051,2.0693679400833447,0.0,0.0,0.0,0.0,0.0,0.0,0.0,0.0,0.0,0.0,0.0
11,0.0,0.0,0.0,0.0,0.0,0.0,0.0,0.0,0.0,0.0,1.933634284089051,0.0,-0.3869505122562299,-0.6097892880989156,0.0,0.0,0.0,0.0,0.0,0.0,0.0,0.0,0.0,0.0
12,0.0,0.0,0.0,0.0,0.0,0.0,0.0,0.0,0.0,0.0,2.0693679400833447,-0.3869505122562299,0.0,-3.2145089435128114,0.7297296110465562,0.0,0.0,0.0,0.0,0.0,0.0,0.0,0.0,0.0
13,0.0,0.0,0.0,0.0,0.0,0.0,0.0,0.0,0.0,0.0,0.0,-0.6097892880989156,-3.2145089435128114,0.0,0.6454750280722535,-3.499973272729727,0.0,0.0,0.0,0.0,0.0,0.0,0.0,0.0
14,0.0,0.0,0.0,0.0,0.0,0.0,0.0,0.0,0.0,0.0,0.0,0.0,0.7297296110465562,0.6454750280722535,0.0,0.5194105083658984,1.4004844728548766,0.0,0.0,0.0,0.0,0.0,0.0,0.0
15,0.0,0.0,0.0,0.0,0.0,0.0,0.0,0.0,0.0,0.0,0.0,0.0,0.0,-3.499973272729727,0.5194105083658984,0.0,0.8532886697155656,-2.288095413770867,-2.0307383812020894,0.0,0.0,0.0,0.0,0.0
16,0.0,0.0,0.0,0.0,0.0,0.0,0.0,0.0,0.0,0.0,0.0,0.0,0.0,0.0,1.4004844728548766,0.8532886697155656,0.0,0.7735272720761578,0.899226915136745,0.0,0.0,0.0,0.0,0.0
17,0.0,0.0,0.0,0.0,0.0,0.0,0.0,0.0,0.0,0.0,0.0,0.0,0.0,0.0,0.0,-2.288095413770867,0.7735272720761578,0.0,-1.6277822719537374,0.0,0.0,0.0,0.0,0.0
18,0.0,0.0,0.0,0.0,0.0,0.0,0.0,0.0,0.0,0.0,0.0,0.0,0.0,0.0,0.0,-2.0307383812020894,0.899226915136745,-1.6277822719537374,0.0,0.0,0.0,0.0,0.0,0.0
19,0.0,0.0,0.0,0.0,0.0,0.0,0.0,0.0,0.0,0.0,0.0,0.0,0.0,0.0,0.0,0.0,0.0,0.0,0.0,0.0,-1.538029696967652,-0.9988805672009828,-0.5429515881864275,-0.6180925413357926
20,0.0,0.0,0.0,0.0,0.0,0.0,0.0,0.0,0.0,0.0,0.0,0.0,0.0,0.0,0.0,0.0,0.0,0.0,0.0,-1.538029696967652,0.0,-2.0887887617318976,-0.6403048337794727,-1.449655923052204
21,0.0,0.0,0.0,0.0,0.0,0.0,0.0,0.0,0.0,0.0,0.0,0.0,0.0,0.0,0.0,0.0,0.0,0.0,0.0,-0.9988805672009828,-2.0887887617318976,0.0,0.09952872314374996,-3.779477827663481
22,0.0,0.0,0.0,0.0,0.0,0.0,0.0,0.0,0.0,0.0,0.0,0.0,0.0,0.0,0.0,0.0,0.0,0.0,0.0,-0.5429515881864275,-0.6403048337794727,0.09952872314374996,0.0,0.0
23,0.0,0.0,0.0,0.0,0.0,0.0,0.0,0.0,0.0,0.0,0.0,0.0,0.0,0.0,0.0,0.0,0.0,0.0,0.0,-0.6180925413357926,-1.449655923052204,-3.779477827663481,0.0,0.0
