,0,1,2,3,4,5,6,7,8,9,10,11,12,13,14,15,16,17,18,19,20,21,22,23,24,25
0,0.0,-0.6108408736027706,-1.0749552063259287,4.861248786122686,0.0,0.0,0.0,0.0,0.0,0.0,0.0,0.0,0.0,0.0,0.0,0.0,0.0,0.0,0.0,0.0,0.0,0.0,0.0,0.0,0.0,0.0
1,-0.6108408736027706,0.0,-0.5905718946365464,4.7756612862467245,0.0,0.0,0.0,0.0,0.0,0.0,0.0,0.0,0.0,0.0,0.0,0.0,0.0,0.0,0.0,0.0,0.0,0.0,0.0,0.0,0.0,0.0
2,-1.0749552063259287,-0.5905718946365464,0.0,4.220590237261179,-1.5333813996447805,-1.824897032621528,0.0,0.0,0.0,0.0,0.0,0.0,0.0,0.0,0.0,0.0,0.0,0.0,0.0,0.0,0.0,0.0,0.0,0.0,0.0,0.0
3,4.861248786122686,4.7756612862467245,4.220590237261179,0.0,3.581389363633644,3.381113345473495,0.0,0.0,0.0,0.0,0.0,0.0,0.0,0.0,0.0,0.0,0.0,0.0,0.0,0.0,0.0,0.0,0.0,0.0,0.0,0.0
4,0.0,0.0,-1.5333813996447805,3.581389363633644,0.0,-2.4888304127732566,5.274639101748739,0.7640223839034644,0.0,0.0,0.0,0.0,0.0,0.0,0.0,0.0,0.0,0.0,0.0,0.0,0.0,0.0,0.0,0.0,0.0,0.0
5,0.0,0.0,-1.824897032621528,3.381113345473495,-2.4888304127732566,0.0,5.140715463478878,0.45583992508921883,0.0,0.0,0.0,0.0,0.0,0.0,0.0,0.0,0.0,0.0,0.0,0.0,0.0,0.0,0.0,0.0,0.0,0.0
6,0.0,0.0,0.0,0.0,5.274639101748739,5.140715463478878,0.0,3.9980067386133498,-0.4182931034487656,0.0,0.0,0.0,0.0,0.0,0.0,0.0,0.0,0.0,0.0,0.0,0.0,0.0,0.0,0.0,0.0,0.0
7,0.0,0.0,0.0,0.0,0.7640223839034644,0.45583992508921883,3.9980067386133498,0.0,3.5473928120862066,-0.2564446437541386,-1.3521953055870253,0.0,0.0,0.0,0.0,0.0,0.0,0.0,0.0,0.0,0.0,0.0,0.0,0.0,0.0,0.0
8,0.0,0.0,0.0,0.0,0.0,0.0,-0.4182931034487656,3.5473928120862066,0.0,3.4223372747783762,2.9307795138136137,0.0,0.0,0.0,0.0,0.0,0.0,0.0,0.0,0.0,0.0,0.0,0.0,0.0,0.0,0.0
9,0.0,0.0,0.0,0.0,0.0,0.0,0.0,-0.2564446437541386,3.4223372747783762,0.0,0.17252151951329217,-0.018980227748922218,0.0,0.0,0.0,0.0,0.0,0.0,0.0,0.0,0.0,0.0,0.0,0.0,0.0,0.0
10,0.0,0.0,0.0,0.0,0.0,0.0,0.0,-1.3521953055870253,2.9307795138136137,0.17252151951329217,0.0,-1.5198640917013606,0.0,-0.7415416679500815,0.0,0.0,0.0,0.0,0.0,0.0,0.0,0.0,0.0,0.0,0.0,0.0
11,0.0,0.0,0.0,0.0,0.0,0.0,0.0,0.0,0.0,-0.018980227748922218,-1.5198640917013606,0.0,-0.3948998266891465,-1.756700705638632,0.0,0.0,0.0,0.0,0.0,0.0,0.0,0.0,0.0,0.0,0.0,0.0
12,0.0,0.0,0.0,0.0,0.0,0.0,0.0,0.0,0.0,0.0,0.0,-0.3948998266891465,0.0,-0.006536048663206861,-2.415663933892728,0.0,-0.00565880124148129,0.0,0.0,0.0,0.0,0.0,0.0,0.0,0.0,0.0
13,0.0,0.0,0.0,0.0,0.0,0.0,0.0,0.0,0.0,0.0,-0.7415416679500815,-1.756700705638632,-0.006536048663206861,0.0,-0.3579662815832834,0.7521697185195201,0.0,0.0,0.0,0.0,0.0,0.0,0.0,0.0,0.0,0.0
14,0.0,0.0,0.0,0.0,0.0,0.0,0.0,0.0,0.0,0.0,0.0,0.0,-2.415663933892728,-0.3579662815832834,0.0,1.3638753252237874,-0.686549841266521,0.0,0.0,0.0,0.0,0.0,0.0,0.0,0.0,0.0
15,0.0,0.0,0.0,0.0,0.0,0.0,0.0,0.0,0.0,0.0,0.0,0.0,0.0,0.7521697185195201,1.3638753252237874,0.0,0.6584053187248831,0.0,0.0,0.0,0.0,0.0,0.0,0.0,0.0,0.0
16,0.0,0.0,0.0,0.0,0.0,0.0,0.0,0.0,0.0,0.0,0.0,0.0,-0.00565880124148129,0.0,-0.686549841266521,0.6584053187248831,0.0,-1.5293962723011916,0.0,0.0,0.0,0.0,0.0,0.0,0.0,0.0
17,0.0,0.0,0.0,0.0,0.0,0.0,0.0,0.0,0.0,0.0,0.0,0.0,0.0,0.0,0.0,0.0,-1.5293962723011916,0.0,-0.495526528682176,-2.3166112660134197,-2.475723189546936,0.0,0.0,0.0,0.0,0.0
18,0.0,0.0,0.0,0.0,0.0,0.0,0.0,0.0,0.0,0.0,0.0,0.0,0.0,0.0,0.0,0.0,0.0,-0.495526528682176,0.0,0.0,0.0,-0.9153365132295724,0.07129352628302216,0.0,0.0,0.0
19,0.0,0.0,0.0,0.0,0.0,0.0,0.0,0.0,0.0,0.0,0.0,0.0,0.0,0.0,0.0,0.0,0.0,-2.3166112660134197,0.0,0.0,-2.2762075731909928,0.0,0.0,0.0,-0.11053666662566965,0.0
20,0.0,0.0,0.0,0.0,0.0,0.0,0.0,0.0,0.0,0.0,0.0,0.0,0.0,0.0,0.0,0.0,0.0,-2.475723189546936,0.0,-2.2762075731909928,0.0,0.0,-1.8921708674273745,0.0,-0.29217934983117655,0.0
21,0.0,0.0,0.0,0.0,0.0,0.0,0.0,0.0,0.0,0.0,0.0,0.0,0.0,0.0,0.0,0.0,0.0,0.0,-0.9153365132295724,0.0,0.0,0.0,-0.4659067063991427,-0.16805072900201293,0.0,0.0
22,0.0,0.0,0.0,0.0,0.0,0.0,0.0,0.0,0.0,0.0,0.0,0.0,0.0,0.0,0.0,0.0,0.0,0.0,0.07129352628302216,0.0,-1.8921708674273745,-0.4659067063991427,0.0,-3.6247627050907365,-0.045776002898834205,-1.8126002499087346
23,0.0,0.0,0.0,0.0,0.0,0.0,0.0,0.0,0.0,0.0,0.0,0.0,0.0,0.0,0.0,0.0,0.0,0.0,0.0,0.0,0.0,-0.16805072900201293,-3.6247627050907365,0.0,-0.009067792659773503,-1.4885709966142269
24,0.0,0.0,0.0,0.0,0.0,0.0,0.0,0.0,0.0,0.0,0.0,0.0,0.0,0.0,0.0,0.0,0.0,0.0,0.0,-0.11053666662566965,-0.29217934983117655,0.0,-0.045776002898834205,-0.009067792659773503,0.0,-0.8830300048218339
25,0.0,0.0,0.0,0.0,0.0,0.0,0.0,0.0,0.0,0.0,0.0,0.0,0.0,0.0,0.0,0.0,0.0,0.0,0.0,0.0,0.0,0.0,-1.8126002499087346,-1.4885709966142269,-0.8830300048218339,0.0
