,0,1,2,3,4,5,6,7,8,9,10,11,12,13,14,15,16,17
0,0.0,1.3200933873661576,-1.79252352693131,0.8199660619173386,0.0,0.0,0.0,0.0,0.0,0.0,0.0,0.0,0.0,0.0,0.0,0.0,0.0,0.0
1,1.3200933873661576,0.0,1.1482758923967382,-0.2824777999833147,0.0,0.0,0.0,0.0,0.0,0.0,0.0,0.0,0.0,0.0,0.0,0.0,0.0,0.0
2,-1.79252352693131,1.1482758923967382,0.0,0.5867307975166024,-1.1469548859934924,0.0,0.0,0.0,0.0,0.0,0.0,0.0,0.0,0.0,0.0,0.0,0.0,0.0
3,0.8199660619173386,-0.2824777999833147,0.5867307975166024,0.0,0.19557867747426108,0.0,0.0,0.0,0.0,0.0,0.0,0.0,0.0,0.0,0.0,0.0,0.0,0.0
4,0.0,0.0,-1.1469548859934924,0.19557867747426108,0.0,0.9294928314322165,5.404738960610861,0.0,0.0,0.0,0.0,0.0,0.0,0.0,0.0,0.0,0.0,0.0
5,0.0,0.0,0.0,0.0,0.9294928314322165,0.0,4.112039379476123,3.7678325664639982,0.0,0.8171247187646054,0.0,0.0,0.0,0.0,0.0,0.0,0.0,0.0
6,0.0,0.0,0.0,0.0,5.404738960610861,4.112039379476123,0.0,0.6648242465416921,0.0,3.266105547835151,0.0,0.0,0.0,0.0,0.0,0.0,0.0,0.0
7,0.0,0.0,0.0,0.0,0.0,3.7678325664639982,0.6648242465416921,0.0,0.0,2.993585537343134,0.0,0.0,0.0,0.0,0.0,0.0,0.0,0.0
8,0.0,0.0,0.0,0.0,0.0,0.0,0.0,0.0,0.0,-0.2247844209228819,1.6158431905177857,-1.5569370293185067,0.0,0.0,0.0,0.0,0.0,0.0
9,0.0,0.0,0.0,0.0,0.0,0.8171247187646054,3.266105547835151,2.993585537343134,-0.2247844209228819,0.0,1.4238003809530857,-0.8298952350457908,0.0,0.0,0.0,0.0,0.0,0.0
10,0.0,0.0,0.0,0.0,0.0,0.0,0.0,0.0,1.6158431905177857,1.4238003809530857,0.0,0.38948224202814347,0.0,-0.19781708324783195,0.0,-0.6132207581709381,0.0,0.0
11,0.0,0.0,0.0,0.0,0.0,0.0,0.0,0.0,-1.5569370293185067,-0.8298952350457908,0.38948224202814347,0.0,-2.1590248525257407,0.050949914751322635,-2.6585763111677103,0.0,0.0,0.0
12,0.0,0.0,0.0,0.0,0.0,0.0,0.0,0.0,0.0,0.0,0.0,-2.1590248525257407,0.0,0.21780737723202867,-2.6112351482191625,0.8766415116257407,0.0,0.0
13,0.0,0.0,0.0,0.0,0.0,0.0,0.0,0.0,0.0,0.0,-0.19781708324783195,0.050949914751322635,0.21780737723202867,0.0,0.03331584057032153,0.08941933042461564,0.0,0.0
14,0.0,0.0,0.0,0.0,0.0,0.0,0.0,0.0,0.0,0.0,0.0,-2.6585763111677103,-2.6112351482191625,0.03331584057032153,0.0,0.0,-1.1269314245510436,-0.7689351496147275
15,0.0,0.0,0.0,0.0,0.0,0.0,0.0,0.0,0.0,0.0,-0.6132207581709381,0.0,0.8766415116257407,0.08941933042461564,0.0,0.0,-0.7166012251015136,-1.2108891499052312
16,0.0,0.0,0.0,0.0,0.0,0.0,0.0,0.0,0.0,0.0,0.0,0.0,0.0,0.0,-1.1269314245510436,-0.7166012251015136,0.0,-4.241690214527214
17,0.0,0.0,0.0,0.0,0.0,0.0,0.0,0.0,0.0,0.0,0.0,0.0,0.0,0.0,-0.7689351496147275,-1.2108891499052312,-4.241690214527214,0.0
