,0,1,2,3,4,5,6,7,8,9,10,11,12,13,14,15,16,17,18,19,20
0,0.0,-0.1109795682819711,0.4183498566954557,1.2659248722279528,0.0,0.0,0.0,0.0,0.0,0.0,0.0,0.0,0.0,0.0,0.0,0.0,0.0,0.0,0.0,0.0,0.0
1,-0.1109795682819711,0.0,0.7205263842195181,0.45569128758113997,0.0,0.0,0.0,0.0,0.0,0.0,0.0,0.0,0.0,0.0,0.0,0.0,0.0,0.0,0.0,0.0,0.0
2,0.4183498566954557,0.7205263842195181,0.0,0.5386949025300279,-2.405554274601583,5.886776109225582,0.0,0.0,0.0,0.0,0.0,0.0,0.0,0.0,0.0,0.0,0.0,0.0,0.0,0.0,0.0
3,1.2659248722279528,0.45569128758113997,0.5386949025300279,0.0,0.21466101119017447,5.687122931025389,0.0,0.0,0.0,0.0,0.0,0.0,0.0,0.0,0.0,0.0,0.0,0.0,0.0,0.0,0.0
4,0.0,0.0,-2.405554274601583,0.21466101119017447,0.0,5.418485257761426,0.0,0.0,0.0,0.0,0.0,0.0,0.0,0.0,0.0,0.0,0.0,0.0,0.0,0.0,0.0
5,0.0,0.0,5.886776109225582,5.687122931025389,5.418485257761426,0.0,3.5564076001361036,4.496909467858818,4.1514197706197296,0.0,0.0,0.0,0.0,0.0,0.0,0.0,0.0,0.0,0.0,0.0,0.0
6,0.0,0.0,0.0,0.0,0.0,3.5564076001361036,0.0,2.4624446933202195,2.0633521678802835,1.7981606468739815,0.0,0.0,0.0,0.0,0.0,0.0,0.0,0.0,0.0,0.0,0.0
7,0.0,0.0,0.0,0.0,0.0,4.496909467858818,2.4624446933202195,0.0,1.1383323490122375,-0.036524593305036795,3.7190809218838674,0.0,0.0,0.0,0.0,0.0,0.0,0.0,0.0,0.0,0.0
8,0.0,0.0,0.0,0.0,0.0,4.1514197706197296,2.0633521678802835,1.1383323490122375,0.0,0.5335265339914941,3.406069212447949,0.0,0.0,0.0,0.0,0.0,0.0,0.0,0.0,0.0,0.0
9,0.0,0.0,0.0,0.0,0.0,0.0,1.7981606468739815,-0.036524593305036795,0.5335265339914941,0.0,3.3107409698232857,-2.74328234735059,0.0,0.0,0.0,0.0,0.0,0.0,0.0,0.0,0.0
10,0.0,0.0,0.0,0.0,0.0,0.0,0.0,3.7190809218838674,3.406069212447949,3.3107409698232857,0.0,0.0,0.0,0.0,0.0,0.0,0.0,0.0,0.0,0.0,0.0
11,0.0,0.0,0.0,0.0,0.0,0.0,0.0,0.0,0.0,-2.74328234735059,0.0,0.0,2.226700403711371,-0.7597599988027893,0.0,0.0,0.0,0.0,0.0,0.0,0.0
12,0.0,0.0,0.0,0.0,0.0,0.0,0.0,0.0,0.0,0.0,0.0,2.226700403711371,0.0,1.2441736307982034,1.5605844851946908,0.09257661296648631,0.0,0.0,0.0,0.0,0.0
13,0.0,0.0,0.0,0.0,0.0,0.0,0.0,0.0,0.0,0.0,0.0,-0.7597599988027893,1.2441736307982034,0.0,-1.0523619990582014,1.3882897287425577,0.0,0.0,0.0,0.0,0.0
14,0.0,0.0,0.0,0.0,0.0,0.0,0.0,0.0,0.0,0.0,0.0,0.0,1.5605844851946908,-1.0523619990582014,0.0,1.6745422037381494,-2.0202716376061662,0.0,0.0,0.0,0.0
15,0.0,0.0,0.0,0.0,0.0,0.0,0.0,0.0,0.0,0.0,0.0,0.0,0.09257661296648631,1.3882897287425577,1.6745422037381494,0.0,1.059239278226081,0.0,0.0,0.0,0.0
16,0.0,0.0,0.0,0.0,0.0,0.0,0.0,0.0,0.0,0.0,0.0,0.0,0.0,0.0,-2.0202716376061662,1.059239278226081,0.0,-2.791452208126827,0.2707973900815974,0.0,0.0
17,0.0,0.0,0.0,0.0,0.0,0.0,0.0,0.0,0.0,0.0,0.0,0.0,0.0,0.0,0.0,0.0,-2.791452208126827,0.0,0.030654227556331317,-1.6272389931268156,-5.116261084131529
18,0.0,0.0,0.0,0.0,0.0,0.0,0.0,0.0,0.0,0.0,0.0,0.0,0.0,0.0,0.0,0.0,0.2707973900815974,0.030654227556331317,0.0,0.16875221411756453,-0.752231651910194
19,0.0,0.0,0.0,0.0,0.0,0.0,0.0,0.0,0.0,0.0,0.0,0.0,0.0,0.0,0.0,0.0,0.0,-1.6272389931268156,0.16875221411756453,0.0,-2.1878927306566225
20,0.0,0.0,0.0,0.0,0.0,0.0,0.0,0.0,0.0,0.0,0.0,0.0,0.0,0.0,0.0,0.0,0.0,-5.116261084131529,-0.752231651910194,-2.1878927306566225,0.0
