,0,1,2,3,4,5,6,7,8,9,10,11,12,13,14,15,16,17,18
0,0.0,4.4960563282457615,7.832176036022946,3.17106706178795,0.0,0.0,0.0,0.0,0.0,0.0,0.0,0.0,0.0,0.0,0.0,0.0,0.0,0.0,0.0
1,4.4960563282457615,0.0,7.141865040943615,-1.3207187278658872,0.0,0.0,0.0,0.0,0.0,0.0,0.0,0.0,0.0,0.0,0.0,0.0,0.0,0.0,0.0
2,7.832176036022946,7.141865040943615,0.0,6.083843748774535,5.801259966403169,0.0,0.0,0.0,0.0,0.0,0.0,0.0,0.0,0.0,0.0,0.0,0.0,0.0,0.0
3,3.17106706178795,-1.3207187278658872,6.083843748774535,0.0,1.469104874870905,4.239028679997239,0.8029812764125597,0.0,0.0,0.0,0.0,0.0,0.0,0.0,0.0,0.0,0.0,0.0,0.0
4,0.0,0.0,5.801259966403169,1.469104874870905,0.0,3.933756883320956,0.7829187173206082,0.0,0.0,0.0,0.0,0.0,0.0,0.0,0.0,0.0,0.0,0.0,0.0
5,0.0,0.0,0.0,4.239028679997239,3.933756883320956,0.0,3.355711147313136,3.876833076897795,2.163588254701338,0.0,0.0,0.0,0.0,0.0,0.0,0.0,0.0,0.0,0.0
6,0.0,0.0,0.0,0.8029812764125597,0.7829187173206082,3.355711147313136,0.0,2.0290998376453944,0.5331715475512835,0.0,0.0,0.0,0.0,0.0,0.0,0.0,0.0,0.0,0.0
7,0.0,0.0,0.0,0.0,0.0,3.876833076897795,2.0290998376453944,0.0,2.1521213820888994,3.3159690840360234,0.5972319069967514,0.0,0.0,0.0,0.0,0.0,0.0,0.0,0.0
8,0.0,0.0,0.0,0.0,0.0,2.163588254701338,0.5331715475512835,2.1521213820888994,0.0,1.9841824713500507,-0.11466675621472673,0.0,0.0,0.0,0.0,0.0,0.0,0.0,0.0
9,0.0,0.0,0.0,0.0,0.0,0.0,0.0,3.3159690840360234,1.9841824713500507,0.0,2.1122958050322014,0.0,0.0,0.0,0.0,0.0,0.0,0.0,0.0
10,0.0,0.0,0.0,0.0,0.0,0.0,0.0,0.5972319069967514,-0.11466675621472673,2.1122958050322014,0.0,-0.17922858833910618,0.0,0.0,-0.07812400114541741,0.0,0.0,0.0,0.0
11,0.0,0.0,0.0,0.0,0.0,0.0,0.0,0.0,0.0,0.0,-0.17922858833910618,0.0,-0.7425596839149988,-1.5138628034817345,-0.04719176519647351,0.0,0.0,0.0,0.0
12,0.0,0.0,0.0,0.0,0.0,0.0,0.0,0.0,0.0,0.0,0.0,-0.7425596839149988,0.0,-1.7771688643900787,-0.5746567979321122,0.0,0.0,0.0,0.0
13,0.0,0.0,0.0,0.0,0.0,0.0,0.0,0.0,0.0,0.0,0.0,-1.5138628034817345,-1.7771688643900787,0.0,-1.0006498934764962,0.0,0.0,0.0,0.0
14,0.0,0.0,0.0,0.0,0.0,0.0,0.0,0.0,0.0,0.0,-0.07812400114541741,-0.04719176519647351,-0.5746567979321122,-1.0006498934764962,0.0,0.0,0.0,0.0,0.0
15,0.0,0.0,0.0,0.0,0.0,0.0,0.0,0.0,0.0,0.0,0.0,0.0,0.0,0.0,0.0,0.0,-4.044478450340328,-0.6883556116266083,-4.204679017314786
16,0.0,0.0,0.0,0.0,0.0,0.0,0.0,0.0,0.0,0.0,0.0,0.0,0.0,0.0,0.0,-4.044478450340328,0.0,-1.4958726943086407,-3.6482984565432135
17,0.0,0.0,0.0,0.0,0.0,0.0,0.0,0.0,0.0,0.0,0.0,0.0,0.0,0.0,0.0,-0.6883556116266083,-1.4958726943086407,0.0,-1.2072461388868279
18,0.0,0.0,0.0,0.0,0.0,0.0,0.0,0.0,0.0,0.0,0.0,0.0,0.0,0.0,0.0,-4.204679017314786,-3.6482984565432135,-1.2072461388868279,0.0
