,0,1,2,3,4,5,6,7,8,9,10,11,12,13,14,15,16,17,18,19,20,21,22,23
0,0.0,1.3601695961727018,4.5071209396635465,-0.37038452574511904,0.0,0.0,0.0,0.0,0.0,0.0,0.0,0.0,0.0,0.0,0.0,0.0,0.0,0.0,0.0,0.0,0.0,0.0,0.0,0.0
1,1.3601695961727018,0.0,2.652787139806999,-0.5306177644291489,5.572061645143108,0.0,0.0,0.0,0.0,0.0,0.0,0.0,0.0,0.0,0.0,0.0,0.0,0.0,0.0,0.0,0.0,0.0,0.0,0.0
2,4.5071209396635465,2.652787139806999,0.0,2.5848433870143435,5.42678930668585,0.0,0.0,0.0,0.0,0.0,0.0,0.0,0.0,0.0,0.0,0.0,0.0,0.0,0.0,0.0,0.0,0.0,0.0,0.0
3,-0.37038452574511904,-0.5306177644291489,2.5848433870143435,0.0,5.383916164308197,0.5068055521111713,0.0,0.0,0.0,0.0,0.0,0.0,0.0,0.0,0.0,0.0,0.0,0.0,0.0,0.0,0.0,0.0,0.0,0.0
4,0.0,5.572061645143108,5.42678930668585,5.383916164308197,0.0,5.305422190836174,-0.31572259515240975,0.0,0.0,0.0,0.0,0.0,0.0,0.0,0.0,0.0,0.0,0.0,0.0,0.0,0.0,0.0,0.0,0.0
5,0.0,0.0,0.0,0.5068055521111713,5.305422190836174,0.0,4.999033304397313,0.0,0.0,0.0,0.0,0.0,0.0,0.0,0.0,0.0,0.0,0.0,0.0,0.0,0.0,0.0,0.0,0.0
6,0.0,0.0,0.0,0.0,-0.31572259515240975,4.999033304397313,0.0,4.791694447173429,0.5738626886707768,0.03979729141284805,0.0,0.0,0.0,0.0,0.0,0.0,0.0,0.0,0.0,0.0,0.0,0.0,0.0,0.0
7,0.0,0.0,0.0,0.0,0.0,0.0,4.791694447173429,0.0,4.3953526518241155,4.52222665538411,0.0,0.0,0.0,0.0,0.0,0.0,0.0,0.0,0.0,0.0,0.0,0.0,0.0,0.0
8,0.0,0.0,0.0,0.0,0.0,0.0,0.5738626886707768,4.3953526518241155,0.0,0.6079542751028625,0.0,0.0,0.0,0.0,0.0,0.0,0.0,0.0,0.0,0.0,0.0,0.0,0.0,0.0
9,0.0,0.0,0.0,0.0,0.0,0.0,0.03979729141284805,4.52222665538411,0.6079542751028625,0.0,0.0,0.0,0.0,0.0,0.0,0.0,0.0,0.0,0.0,0.0,0.0,0.0,0.0,0.0
10,0.0,0.0,0.0,0.0,0.0,0.0,0.0,0.0,0.0,0.0,0.0,1.4452240288831968,0.0,0.025611360009950276,0.0,0.0,2.4067097021356414,0.0,0.0,0.0,0.0,0.0,0.0,0.0
11,0.0,0.0,0.0,0.0,0.0,0.0,0.0,0.0,0.0,0.0,1.4452240288831968,0.0,0.0,-1.2580348708699278,0.0,0.0,2.6583928903000107,0.0,0.0,0.0,0.0,0.0,0.0,0.0
12,0.0,0.0,0.0,0.0,0.0,0.0,0.0,0.0,0.0,0.0,0.0,0.0,0.0,-0.3741897193099843,0.30546113416622506,0.0,1.8816164333555079,0.0,0.0,0.0,0.0,0.0,0.0,0.0
13,0.0,0.0,0.0,0.0,0.0,0.0,0.0,0.0,0.0,0.0,0.025611360009950276,-1.2580348708699278,-0.3741897193099843,0.0,-1.3140153888091366,0.0,1.9736140360308536,-0.8246105413183035,0.0,0.0,0.0,0.0,0.0,0.0
14,0.0,0.0,0.0,0.0,0.0,0.0,0.0,0.0,0.0,0.0,0.0,0.0,0.30546113416622506,-1.3140153888091366,0.0,0.0,0.0,-0.3355682015239105,-0.6807299824185713,-1.4488914168670595,0.0,0.0,0.0,0.0
15,0.0,0.0,0.0,0.0,0.0,0.0,0.0,0.0,0.0,0.0,0.0,0.0,0.0,0.0,0.0,0.0,0.4062136691438444,0.4225535173183678,0.0,0.0,0.0,0.0,0.0,0.8249029267463566
16,0.0,0.0,0.0,0.0,0.0,0.0,0.0,0.0,0.0,0.0,2.4067097021356414,2.6583928903000107,1.8816164333555079,1.9736140360308536,0.0,0.4062136691438444,0.0,0.8333814901973026,1.0060229559106482,0.0,0.0,0.0,0.0,0.0
17,0.0,0.0,0.0,0.0,0.0,0.0,0.0,0.0,0.0,0.0,0.0,0.0,0.0,-0.8246105413183035,-0.3355682015239105,0.4225535173183678,0.8333814901973026,0.0,-2.2268621472139825,-1.8896707169378735,-0.4276396886734477,0.0,0.0,0.0
18,0.0,0.0,0.0,0.0,0.0,0.0,0.0,0.0,0.0,0.0,0.0,0.0,0.0,0.0,-0.6807299824185713,0.0,1.0060229559106482,-2.2268621472139825,0.0,-2.089809648634196,-0.8010559532768481,0.0,0.0,0.0
19,0.0,0.0,0.0,0.0,0.0,0.0,0.0,0.0,0.0,0.0,0.0,0.0,0.0,0.0,-1.4488914168670595,0.0,0.0,-1.8896707169378735,-2.089809648634196,0.0,-0.5725742889627146,-3.463705774590048,0.0,0.0
20,0.0,0.0,0.0,0.0,0.0,0.0,0.0,0.0,0.0,0.0,0.0,0.0,0.0,0.0,0.0,0.0,0.0,-0.4276396886734477,-0.8010559532768481,-0.5725742889627146,0.0,0.0,-0.3220486808219154,-0.0641432903467313
21,0.0,0.0,0.0,0.0,0.0,0.0,0.0,0.0,0.0,0.0,0.0,0.0,0.0,0.0,0.0,0.0,0.0,0.0,0.0,-3.463705774590048,0.0,0.0,-0.9588257574915832,-0.0875413879774357
22,0.0,0.0,0.0,0.0,0.0,0.0,0.0,0.0,0.0,0.0,0.0,0.0,0.0,0.0,0.0,0.0,0.0,0.0,0.0,0.0,-0.3220486808219154,-0.9588257574915832,0.0,0.29023557582391224
23,0.0,0.0,0.0,0.0,0.0,0.0,0.0,0.0,0.0,0.0,0.0,0.0,0.0,0.0,0.0,0.8249029267463566,0.0,0.0,0.0,0.0,-0.0641432903467313,-0.0875413879774357,0.29023557582391224,0.0
