,0,1,2,3,4,5,6,7,8,9,10,11,12,13,14,15,16,17
0,0.0,-0.1960381099905051,0.10842892451336063,0.46738429794453984,0.0,0.0,0.0,0.0,0.0,0.0,0.0,0.0,0.0,0.0,0.0,0.0,0.0,0.0
1,-0.1960381099905051,0.0,0.13057974514371778,0.13080026533391345,0.0,0.0,0.0,0.0,0.0,0.0,0.0,0.0,0.0,0.0,0.0,0.0,0.0,0.0
2,0.10842892451336063,0.13057974514371778,0.0,0.6333745804308711,0.3337769989732653,0.7099218788856229,0.0,0.0,0.0,0.0,0.0,0.0,0.0,0.0,0.0,0.0,0.0,0.0
3,0.46738429794453984,0.13080026533391345,0.6333745804308711,0.0,-0.45951815279211017,0.9127442684751756,0.0,0.0,0.0,0.0,0.0,0.0,0.0,0.0,0.0,0.0,0.0,0.0
4,0.0,0.0,0.3337769989732653,-0.45951815279211017,0.0,0.9466717272624848,0.0,0.0,0.0,0.0,0.0,0.0,0.0,0.0,0.0,0.0,0.0,0.0
5,0.0,0.0,0.7099218788856229,0.9127442684751756,0.9466717272624848,0.0,-0.6783280066400005,0.0,1.7387075540055181,0.0,0.0,0.0,0.0,0.0,0.0,0.0,0.0,0.0
6,0.0,0.0,0.0,0.0,0.0,-0.6783280066400005,0.0,-0.8525715199535899,0.9651001434110554,-0.7526516504165424,0.0,0.0,0.0,0.0,0.0,0.0,0.0,0.0
7,0.0,0.0,0.0,0.0,0.0,0.0,-0.8525715199535899,0.0,-0.1470871439299962,-2.1472600632226375,-0.9580511547435434,0.0,0.0,0.0,0.0,0.0,0.0,0.0
8,0.0,0.0,0.0,0.0,0.0,1.7387075540055181,0.9651001434110554,-0.1470871439299962,0.0,0.2913125935272371,-1.0248782265753604,0.0,0.0,0.0,0.0,0.0,0.0,0.0
9,0.0,0.0,0.0,0.0,0.0,0.0,-0.7526516504165424,-2.1472600632226375,0.2913125935272371,0.0,-0.3410277605487998,-1.652901348266989,0.9868018540928519,0.0,0.0,0.0,0.0,0.0
10,0.0,0.0,0.0,0.0,0.0,0.0,0.0,-0.9580511547435434,-1.0248782265753604,-0.3410277605487998,0.0,-1.893811529636636,-0.17904775100146272,0.0,0.0,0.0,0.0,0.0
11,0.0,0.0,0.0,0.0,0.0,0.0,0.0,0.0,0.0,-1.652901348266989,-1.893811529636636,0.0,0.21672688557752354,1.5911800732841073,0.0,0.0,0.0,0.0
12,0.0,0.0,0.0,0.0,0.0,0.0,0.0,0.0,0.0,0.9868018540928519,-0.17904775100146272,0.21672688557752354,0.0,0.0,0.0,0.0,0.0,0.0
13,0.0,0.0,0.0,0.0,0.0,0.0,0.0,0.0,0.0,0.0,0.0,1.5911800732841073,0.0,0.0,1.2267016991271482,0.82294432401341,0.0,0.0
14,0.0,0.0,0.0,0.0,0.0,0.0,0.0,0.0,0.0,0.0,0.0,0.0,0.0,1.2267016991271482,0.0,1.2243144560014143,-0.20164148834100573,0.03389028595503851
15,0.0,0.0,0.0,0.0,0.0,0.0,0.0,0.0,0.0,0.0,0.0,0.0,0.0,0.82294432401341,1.2243144560014143,0.0,-2.6450979354257456,-0.9804016096912587
16,0.0,0.0,0.0,0.0,0.0,0.0,0.0,0.0,0.0,0.0,0.0,0.0,0.0,0.0,-0.20164148834100573,-2.6450979354257456,0.0,-2.712531983886567
17,0.0,0.0,0.0,0.0,0.0,0.0,0.0,0.0,0.0,0.0,0.0,0.0,0.0,0.0,0.03389028595503851,-0.9804016096912587,-2.712531983886567,0.0
