,0,1,2,3,4,5,6,7,8,9,10,11,12,13,14,15,16,17,18,19,20,21,22,23
0,0.0,-0.8154401410898721,-1.3267886376198488,-1.4976225633326175,0.0,0.0,0.0,0.0,0.0,0.0,0.0,0.0,0.0,0.0,0.0,0.0,0.0,0.0,0.0,0.0,0.0,0.0,0.0,0.0
1,-0.8154401410898721,0.0,-1.1622939163779955,-1.3229356433137993,0.0,0.0,0.0,0.0,0.0,0.0,0.0,0.0,0.0,0.0,0.0,0.0,0.0,0.0,0.0,0.0,0.0,0.0,0.0,0.0
2,-1.3267886376198488,-1.1622939163779955,0.0,0.0,-0.8128517323246713,-0.8182153613182748,-0.8741905514472239,0.0,0.0,0.0,0.0,0.0,0.0,0.0,0.0,0.0,0.0,0.0,0.0,0.0,0.0,0.0,0.0,0.0
3,-1.4976225633326175,-1.3229356433137993,0.0,0.0,-0.6934477076328943,0.0,0.0,0.0,-0.8990258982376866,-0.9049018397995993,0.0,0.0,0.0,0.0,0.0,0.0,0.0,0.0,0.0,0.0,0.0,0.0,0.0,0.0
4,0.0,0.0,-0.8128517323246713,-0.6934477076328943,0.0,-0.6979683531810295,-0.7484360819015804,-0.8390663227186757,0.0,0.0,0.0,0.0,0.0,0.0,0.0,0.0,0.0,0.0,0.0,0.0,0.0,0.0,0.0,0.0
5,0.0,0.0,-0.8182153613182748,0.0,-0.6979683531810295,0.0,-0.7433793096991211,-0.8336150621413093,0.0,0.0,0.0,0.0,0.0,0.0,0.0,0.0,0.0,0.0,0.0,0.0,0.0,0.0,0.0,0.0
6,0.0,0.0,-0.8741905514472239,0.0,-0.7484360819015804,-0.7433793096991211,0.0,-0.7793450324029062,0.0,0.0,0.0,0.0,0.0,0.0,0.0,0.0,0.0,0.0,0.0,0.0,0.0,0.0,0.0,0.0
7,0.0,0.0,0.0,0.0,-0.8390663227186757,-0.8336150621413093,-0.7793450324029062,0.0,-0.745809472958799,-0.7510194890114674,-0.7741411548798048,-0.7787048372523051,-0.787590611385315,0.0,0.0,0.0,0.0,0.0,0.0,0.0,0.0,0.0,0.0,0.0
8,0.0,0.0,0.0,-0.8990258982376866,0.0,0.0,0.0,-0.745809472958799,0.0,-0.6981035954567434,-0.7201148484334479,0.0,0.0,0.0,0.0,0.0,0.0,0.0,0.0,0.0,0.0,0.0,0.0,0.0
9,0.0,0.0,0.0,-0.9049018397995993,0.0,0.0,0.0,-0.7510194890114674,-0.6981035954567434,0.0,-0.7150513193466811,0.0,0.0,0.0,0.0,0.0,0.0,0.0,0.0,0.0,0.0,0.0,0.0,0.0
10,0.0,0.0,0.0,0.0,0.0,0.0,0.0,-0.7741411548798048,-0.7201148484334479,-0.7150513193466811,0.0,-0.6973821313061073,-0.7056318259554156,0.0,0.0,0.0,0.0,0.0,0.0,0.0,0.0,0.0,0.0,0.0
11,0.0,0.0,0.0,0.0,0.0,0.0,0.0,-0.7787048372523051,0.0,0.0,-0.6973821313061073,0.0,-0.7013623009538665,0.0,0.0,0.0,0.0,0.0,0.0,0.0,0.0,0.0,0.0,0.0
12,0.0,0.0,0.0,0.0,0.0,0.0,0.0,-0.787590611385315,0.0,0.0,-0.7056318259554156,-0.7013623009538665,0.0,-0.9520647282202588,-0.9603980740192216,0.0,0.0,0.0,0.0,0.0,0.0,0.0,0.0,0.0
13,0.0,0.0,0.0,0.0,0.0,0.0,0.0,0.0,0.0,0.0,0.0,0.0,-0.9520647282202588,0.0,-0.699937908846689,-0.8437915734854192,0.0,0.0,0.0,0.0,0.0,0.0,0.0,0.0
14,0.0,0.0,0.0,0.0,0.0,0.0,0.0,0.0,0.0,0.0,0.0,0.0,-0.9603980740192216,-0.699937908846689,0.0,-0.8360997578804523,0.0,0.0,0.0,0.0,0.0,0.0,0.0,0.0
15,0.0,0.0,0.0,0.0,0.0,0.0,0.0,0.0,0.0,0.0,0.0,0.0,0.0,-0.8437915734854192,-0.8360997578804523,0.0,0.0,-1.1613638467615794,0.0,0.0,0.0,0.0,0.0,0.0
16,0.0,0.0,0.0,0.0,0.0,0.0,0.0,0.0,0.0,0.0,0.0,0.0,0.0,0.0,0.0,0.0,0.0,-0.7817822772777807,-0.9282496796105977,0.0,-1.0344967670646936,0.0,0.0,0.0
17,0.0,0.0,0.0,0.0,0.0,0.0,0.0,0.0,0.0,0.0,0.0,0.0,0.0,0.0,0.0,-1.1613638467615794,-0.7817822772777807,0.0,-0.8289045499391848,0.0,-0.9282471269379896,0.0,0.0,0.0
18,0.0,0.0,0.0,0.0,0.0,0.0,0.0,0.0,0.0,0.0,0.0,0.0,0.0,0.0,0.0,0.0,-0.9282496796105977,-0.8289045499391848,0.0,-0.7584360953711947,-0.7817799877631085,0.0,0.0,0.0
19,0.0,0.0,0.0,0.0,0.0,0.0,0.0,0.0,0.0,0.0,0.0,0.0,0.0,0.0,0.0,0.0,0.0,0.0,-0.7584360953711947,0.0,-0.7151185011416705,-0.8460463062891231,0.0,0.0
20,0.0,0.0,0.0,0.0,0.0,0.0,0.0,0.0,0.0,0.0,0.0,0.0,0.0,0.0,0.0,0.0,-1.0344967670646936,-0.9282471269379896,-0.7817799877631085,-0.7151185011416705,0.0,-0.8214614054011274,-0.9899987119900575,-1.1338025534153031
21,0.0,0.0,0.0,0.0,0.0,0.0,0.0,0.0,0.0,0.0,0.0,0.0,0.0,0.0,0.0,0.0,0.0,0.0,0.0,-0.8460463062891231,-0.8214614054011274,0.0,-0.8448738031745168,-0.9762310220046633
22,0.0,0.0,0.0,0.0,0.0,0.0,0.0,0.0,0.0,0.0,0.0,0.0,0.0,0.0,0.0,0.0,0.0,0.0,0.0,0.0,-0.9899987119900575,-0.8448738031745168,0.0,-0.8091973142826557
23,0.0,0.0,0.0,0.0,0.0,0.0,0.0,0.0,0.0,0.0,0.0,0.0,0.0,0.0,0.0,0.0,0.0,0.0,0.0,0.0,-1.1338025534153031,-0.9762310220046633,-0.8091973142826557,0.0
