,0,1,2,3,4,5,6,7,8,9,10,11,12,13
0,0.0,-1.8380265472435209,-2.5918416090609,-2.7757018981460035,0.0,0.0,0.0,0.0,0.0,0.0,0.0,0.0,0.0,0.0
1,-1.8380265472435209,0.0,-1.2053751787425058,-1.3475880366033304,-1.3642983150194434,0.0,0.0,0.0,0.0,0.0,0.0,0.0,0.0,0.0
2,-2.5918416090609,-1.2053751787425058,0.0,-0.7966897965222235,-0.8091155233875993,-1.093006394568394,0.0,0.0,0.0,0.0,0.0,0.0,0.0,0.0
3,-2.7757018981460035,-1.3475880366033304,-0.7966897965222235,0.0,-0.704466410774973,-0.9662300893782146,0.0,0.0,0.0,0.0,0.0,0.0,0.0,0.0
4,0.0,-1.3642983150194434,-0.8091155233875993,-0.704466410774973,0.0,-0.9523442191170598,0.0,0.0,0.0,0.0,0.0,0.0,0.0,0.0
5,0.0,0.0,-1.093006394568394,-0.9662300893782146,-0.9523442191170598,0.0,-0.9138134183946953,-0.973694326535543,-0.9793510955427126,0.0,0.0,0.0,0.0,0.0
6,0.0,0.0,0.0,0.0,0.0,-0.9138134183946953,0.0,-0.7433746527248556,-0.748144353819476,-0.8491506478514238,0.0,0.0,0.0,0.0
7,0.0,0.0,0.0,0.0,0.0,-0.973694326535543,-0.7433746527248556,0.0,-0.697694645740584,-0.7942247692337766,0.0,0.0,0.0,0.0
8,0.0,0.0,0.0,0.0,0.0,-0.9793510955427126,-0.748144353819476,-0.697694645740584,0.0,-0.7892616071707621,0.0,0.0,0.0,0.0
9,0.0,0.0,0.0,0.0,0.0,0.0,-0.8491506478514238,-0.7942247692337766,-0.7892616071707621,0.0,0.0,0.0,0.0,0.0
10,0.0,0.0,0.0,0.0,0.0,0.0,0.0,0.0,0.0,0.0,0.0,-0.7061905555976898,-0.7098468966831661,-0.8660391766151182
11,0.0,0.0,0.0,0.0,0.0,0.0,0.0,0.0,0.0,0.0,-0.7061905555976898,0.0,-0.6967568307592665,-0.8511041542163632
12,0.0,0.0,0.0,0.0,0.0,0.0,0.0,0.0,0.0,0.0,-0.7098468966831661,-0.6967568307592665,0.0,-0.846980880314308
13,0.0,0.0,0.0,0.0,0.0,0.0,0.0,0.0,0.0,0.0,-0.8660391766151182,-0.8511041542163632,-0.846980880314308,0.0
