,0,1,2,3,4,5,6,7,8,9,10,11,12,13,14,15,16,17,18,19,20,21,22,23,24,25
0,0.0,-1.6555297688231465,-2.1375474596505515,-3.048096157443823,0.0,0.0,0.0,0.0,0.0,0.0,0.0,0.0,0.0,0.0,0.0,0.0,0.0,0.0,0.0,0.0,0.0,0.0,0.0,0.0,0.0,0.0
1,-1.6555297688231465,0.0,-1.0172401899530743,-1.7473456573561725,-1.8174554492179475,0.0,0.0,0.0,0.0,0.0,0.0,0.0,0.0,0.0,0.0,0.0,0.0,0.0,0.0,0.0,0.0,0.0,0.0,0.0,0.0,0.0
2,-2.1375474596505515,-1.0172401899530743,0.0,-1.304092459428258,-1.366201817159109,-1.3901175674774302,0.0,0.0,0.0,0.0,0.0,0.0,0.0,0.0,0.0,0.0,0.0,0.0,0.0,0.0,0.0,0.0,0.0,0.0,0.0,0.0
3,-3.048096157443823,-1.7473456573561725,-1.304092459428258,0.0,-0.7361827117919902,-0.7529712385357715,-0.8722207800392195,0.0,0.0,0.0,0.0,0.0,0.0,0.0,0.0,0.0,0.0,0.0,0.0,0.0,0.0,0.0,0.0,0.0,0.0,0.0
4,0.0,-1.8174554492179475,-1.366201817159109,-0.7361827117919902,0.0,-0.7092625523093866,-0.8240309384821255,0.0,0.0,0.0,0.0,0.0,0.0,0.0,0.0,0.0,0.0,0.0,0.0,0.0,0.0,0.0,0.0,0.0,0.0,0.0
5,0.0,0.0,-1.3901175674774302,-0.7529712385357715,-0.7092625523093866,0.0,-0.8062080400541756,0.0,0.0,0.0,0.0,0.0,0.0,0.0,0.0,0.0,0.0,0.0,0.0,0.0,0.0,0.0,0.0,0.0,0.0,0.0
6,0.0,0.0,0.0,-0.8722207800392195,-0.8240309384821255,-0.8062080400541756,0.0,-0.8749505908075235,0.0,0.0,0.0,0.0,0.0,0.0,0.0,0.0,0.0,0.0,0.0,0.0,0.0,0.0,0.0,0.0,0.0,0.0
7,0.0,0.0,0.0,0.0,0.0,0.0,-0.8749505908075235,0.0,-0.8070731157462663,-0.8072035725603566,-0.8381909057557982,0.0,0.0,0.0,0.0,0.0,0.0,0.0,0.0,0.0,0.0,0.0,0.0,0.0,0.0,0.0
8,0.0,0.0,0.0,0.0,0.0,0.0,0.0,-0.8070731157462663,0.0,-0.6932649565579386,-0.721282180561242,0.0,0.0,0.0,0.0,0.0,0.0,0.0,0.0,0.0,0.0,0.0,0.0,0.0,0.0,0.0
9,0.0,0.0,0.0,0.0,0.0,0.0,0.0,-0.8072035725603566,-0.6932649565579386,0.0,-0.7211611511725152,0.0,-0.9167323670459312,0.0,0.0,0.0,0.0,0.0,0.0,0.0,0.0,0.0,0.0,0.0,0.0,0.0
10,0.0,0.0,0.0,0.0,0.0,0.0,0.0,-0.8381909057557982,-0.721282180561242,-0.7211611511725152,0.0,0.0,-0.8839316650297366,0.0,0.0,0.0,0.0,0.0,0.0,0.0,0.0,0.0,0.0,0.0,0.0,0.0
11,0.0,0.0,0.0,0.0,0.0,0.0,0.0,0.0,0.0,0.0,0.0,0.0,0.0,-0.7432836100402365,-0.7664160248470581,-0.8342016474601116,0.0,0.0,0.0,0.0,0.0,0.0,0.0,0.0,0.0,0.0
12,0.0,0.0,0.0,0.0,0.0,0.0,0.0,0.0,0.0,-0.9167323670459312,-0.8839316650297366,0.0,0.0,-0.7066675310918843,-0.7290263494567819,0.0,0.0,-0.8075336903952723,0.0,0.0,0.0,0.0,0.0,0.0,0.0,0.0
13,0.0,0.0,0.0,0.0,0.0,0.0,0.0,0.0,0.0,0.0,0.0,-0.7432836100402365,-0.7066675310918843,0.0,-0.7152129580246205,-0.7800053118444675,0.0,0.0,0.0,0.0,0.0,0.0,0.0,0.0,0.0,0.0
14,0.0,0.0,0.0,0.0,0.0,0.0,0.0,0.0,0.0,0.0,0.0,-0.7664160248470581,-0.7290263494567819,-0.7152129580246205,0.0,-0.7565986795910594,-0.7633340643918148,0.0,0.0,0.0,0.0,0.0,0.0,0.0,0.0,0.0
15,0.0,0.0,0.0,0.0,0.0,0.0,0.0,0.0,0.0,0.0,0.0,-0.8342016474601116,0.0,-0.7800053118444675,-0.7565986795910594,0.0,-0.6994936907760577,-0.7049105583711703,-0.7363243224635366,0.0,0.0,0.0,0.0,0.0,0.0,0.0
16,0.0,0.0,0.0,0.0,0.0,0.0,0.0,0.0,0.0,0.0,0.0,0.0,0.0,0.0,-0.7633340643918148,-0.6994936907760577,0.0,-0.698530085738744,0.0,0.0,0.0,0.0,0.0,0.0,0.0,0.0
17,0.0,0.0,0.0,0.0,0.0,0.0,0.0,0.0,0.0,0.0,0.0,0.0,-0.8075336903952723,0.0,0.0,-0.7049105583711703,-0.698530085738744,0.0,-0.7242034044740263,0.0,0.0,0.0,0.0,0.0,0.0,0.0
18,0.0,0.0,0.0,0.0,0.0,0.0,0.0,0.0,0.0,0.0,0.0,0.0,0.0,0.0,0.0,-0.7363243224635366,0.0,-0.7242034044740263,0.0,0.0,-0.8365560588717386,0.0,0.0,0.0,0.0,0.0
19,0.0,0.0,0.0,0.0,0.0,0.0,0.0,0.0,0.0,0.0,0.0,0.0,0.0,0.0,0.0,0.0,0.0,0.0,0.0,0.0,-0.6999727157359021,-0.7323355074776196,-0.8363121188459605,0.0,0.0,0.0
20,0.0,0.0,0.0,0.0,0.0,0.0,0.0,0.0,0.0,0.0,0.0,0.0,0.0,0.0,0.0,0.0,0.0,0.0,-0.8365560588717386,-0.6999727157359021,0.0,-0.725294795536825,-0.8286250936587294,0.0,0.0,0.0
21,0.0,0.0,0.0,0.0,0.0,0.0,0.0,0.0,0.0,0.0,0.0,0.0,0.0,0.0,0.0,0.0,0.0,0.0,0.0,-0.7323355074776196,-0.725294795536825,0.0,0.0,-0.846411439854108,0.0,0.0
22,0.0,0.0,0.0,0.0,0.0,0.0,0.0,0.0,0.0,0.0,0.0,0.0,0.0,0.0,0.0,0.0,0.0,0.0,0.0,-0.8363121188459605,-0.8286250936587294,0.0,0.0,-0.7415925830211594,-0.9647215821788735,-0.9704308443378773
23,0.0,0.0,0.0,0.0,0.0,0.0,0.0,0.0,0.0,0.0,0.0,0.0,0.0,0.0,0.0,0.0,0.0,0.0,0.0,0.0,0.0,-0.846411439854108,-0.7415925830211594,0.0,-0.9072046377754812,-0.9127063464887283
24,0.0,0.0,0.0,0.0,0.0,0.0,0.0,0.0,0.0,0.0,0.0,0.0,0.0,0.0,0.0,0.0,0.0,0.0,0.0,0.0,0.0,0.0,-0.9647215821788735,-0.9072046377754812,0.0,-0.6977620544489482
25,0.0,0.0,0.0,0.0,0.0,0.0,0.0,0.0,0.0,0.0,0.0,0.0,0.0,0.0,0.0,0.0,0.0,0.0,0.0,0.0,0.0,0.0,-0.9704308443378773,-0.9127063464887283,-0.6977620544489482,0.0
