,0,1,2,3,4,5,6,7,8,9,10,11,12,13,14,15,16,17,18,19,20,21,22,23,24
0,0.0,-0.7585680576369261,-0.7594955139135386,0.0,-1.1406581428258715,0.0,0.0,0.0,0.0,0.0,0.0,0.0,0.0,0.0,0.0,0.0,0.0,0.0,0.0,0.0,0.0,0.0,0.0,0.0,0.0
1,-0.7585680576369261,0.0,-0.694019425899214,0.0,-1.0561433393361785,0.0,0.0,0.0,0.0,0.0,0.0,0.0,0.0,0.0,0.0,0.0,0.0,0.0,0.0,0.0,0.0,0.0,0.0,0.0,0.0
2,-0.7594955139135386,-0.694019425899214,0.0,0.0,-1.055006413701684,0.0,0.0,0.0,0.0,0.0,0.0,0.0,0.0,0.0,0.0,0.0,0.0,0.0,0.0,0.0,0.0,0.0,0.0,0.0,0.0
3,0.0,0.0,0.0,0.0,-0.7458711811225295,-0.7790033356867053,-0.9383049235765237,0.0,0.0,0.0,0.0,0.0,0.0,0.0,0.0,0.0,0.0,0.0,0.0,0.0,0.0,0.0,0.0,0.0,0.0
4,-1.1406581428258715,-1.0561433393361785,-1.055006413701684,-0.7458711811225295,0.0,-0.7246860995759403,-0.8769930178001546,0.0,0.0,0.0,0.0,0.0,0.0,0.0,0.0,0.0,0.0,0.0,0.0,0.0,0.0,0.0,0.0,0.0,0.0
5,0.0,0.0,0.0,-0.7790033356867053,-0.7246860995759403,0.0,-0.8411909592436907,0.0,0.0,0.0,0.0,0.0,0.0,0.0,0.0,0.0,0.0,0.0,0.0,0.0,0.0,0.0,0.0,0.0,0.0
6,0.0,0.0,0.0,-0.9383049235765237,-0.8769930178001546,-0.8411909592436907,0.0,-1.0642886096396467,0.0,0.0,0.0,0.0,0.0,0.0,0.0,0.0,0.0,0.0,0.0,0.0,0.0,0.0,0.0,0.0,0.0
7,0.0,0.0,0.0,0.0,0.0,0.0,-1.0642886096396467,0.0,-1.1197387625755464,-1.1305088897846902,-1.1571935069448012,0.0,0.0,0.0,0.0,0.0,0.0,0.0,0.0,0.0,0.0,0.0,0.0,0.0,0.0
8,0.0,0.0,0.0,0.0,0.0,0.0,0.0,-1.1197387625755464,0.0,-0.7011522955542481,-0.7210810387929384,0.0,-1.1660958480186852,0.0,0.0,0.0,0.0,0.0,0.0,0.0,0.0,0.0,0.0,0.0,0.0
9,0.0,0.0,0.0,0.0,0.0,0.0,0.0,-1.1305088897846902,-0.7011522955542481,0.0,-0.712919833827912,0.0,0.0,-1.1620558218767392,0.0,0.0,0.0,0.0,0.0,0.0,0.0,0.0,0.0,0.0,0.0
10,0.0,0.0,0.0,0.0,0.0,0.0,0.0,-1.1571935069448012,-0.7210810387929384,-0.712919833827912,0.0,0.0,0.0,-1.1353110576078684,0.0,0.0,0.0,0.0,0.0,0.0,0.0,0.0,0.0,0.0,0.0
11,0.0,0.0,0.0,0.0,0.0,0.0,0.0,0.0,0.0,0.0,0.0,0.0,0.0,0.0,-0.7081795928092528,-0.7110599425792318,-0.7617825925417058,0.0,-0.8012248723771556,0.0,0.0,0.0,0.0,0.0,0.0
12,0.0,0.0,0.0,0.0,0.0,0.0,0.0,0.0,-1.1660958480186852,0.0,0.0,0.0,0.0,-0.6981962230797295,0.0,-0.705827935159284,-0.7563001636169691,-0.7660429763433261,0.0,-0.8710169785184625,0.0,0.0,0.0,0.0,0.0
13,0.0,0.0,0.0,0.0,0.0,0.0,0.0,0.0,0.0,-1.1620558218767392,-1.1353110576078684,0.0,-0.6981962230797295,0.0,0.0,0.0,-0.7509682149751308,-0.7606651712550215,0.0,-0.8651723030085339,0.0,0.0,0.0,0.0,0.0
14,0.0,0.0,0.0,0.0,0.0,0.0,0.0,0.0,0.0,0.0,0.0,-0.7081795928092528,0.0,0.0,0.0,0.0,-0.7459826337553022,0.0,-0.7848854860993701,0.0,-0.9095821639169256,0.0,0.0,0.0,0.0
15,0.0,0.0,0.0,0.0,0.0,0.0,0.0,0.0,0.0,0.0,0.0,-0.7110599425792318,-0.705827935159284,0.0,0.0,0.0,-0.7430067372026792,0.0,0.0,0.0,0.0,0.0,0.0,0.0,0.0
16,0.0,0.0,0.0,0.0,0.0,0.0,0.0,0.0,0.0,0.0,0.0,-0.7617825925417058,-0.7563001636169691,-0.7509682149751308,-0.7459826337553022,-0.7430067372026792,0.0,-0.7023306903120928,0.0,-0.8015939484160235,0.0,0.0,0.0,0.0,0.0
17,0.0,0.0,0.0,0.0,0.0,0.0,0.0,0.0,0.0,0.0,0.0,0.0,-0.7660429763433261,-0.7606651712550215,0.0,0.0,-0.7023306903120928,0.0,0.0,0.0,0.0,0.0,0.0,0.0,0.0
18,0.0,0.0,0.0,0.0,0.0,0.0,0.0,0.0,0.0,0.0,0.0,-0.8012248723771556,0.0,0.0,-0.7848854860993701,0.0,0.0,0.0,0.0,-0.7621395820980943,-0.8083507351271357,-0.8550518241267375,0.0,0.0,0.0
19,0.0,0.0,0.0,0.0,0.0,0.0,0.0,0.0,0.0,0.0,0.0,0.0,-0.8710169785184625,-0.8651723030085339,0.0,0.0,-0.8015939484160235,0.0,-0.7621395820980943,0.0,-0.7365318805578801,-0.7804986158954896,-0.7826293022824042,0.0,0.0
20,0.0,0.0,0.0,0.0,0.0,0.0,0.0,0.0,0.0,0.0,0.0,0.0,0.0,0.0,-0.9095821639169256,0.0,0.0,0.0,-0.8083507351271357,-0.7365318805578801,0.0,-0.7353605027557465,-0.7374080829101841,-0.8792819472900737,-1.082728684048036
21,0.0,0.0,0.0,0.0,0.0,0.0,0.0,0.0,0.0,0.0,0.0,0.0,0.0,0.0,0.0,0.0,0.0,0.0,-0.8550518241267375,-0.7804986158954896,-0.7353605027557465,0.0,-0.6951135639161433,-0.8317336672833984,-1.0287985894636322
22,0.0,0.0,0.0,0.0,0.0,0.0,0.0,0.0,0.0,0.0,0.0,0.0,0.0,0.0,0.0,0.0,0.0,0.0,0.0,-0.7826293022824042,-0.7374080829101841,-0.6951135639161433,0.0,0.0,-1.0262757887022063
23,0.0,0.0,0.0,0.0,0.0,0.0,0.0,0.0,0.0,0.0,0.0,0.0,0.0,0.0,0.0,0.0,0.0,0.0,0.0,0.0,-0.8792819472900737,-0.8317336672833984,0.0,0.0,-0.8695044502157789
24,0.0,0.0,0.0,0.0,0.0,0.0,0.0,0.0,0.0,0.0,0.0,0.0,0.0,0.0,0.0,0.0,0.0,0.0,0.0,0.0,-1.082728684048036,-1.0287985894636322,-1.0262757887022063,-0.8695044502157789,0.0
