,0,1,2,3,4,5,6,7,8,9,10,11,12,13,14,15,16,17,18,19,20,21,22,23,24
0,0.0,-0.8159139978535015,-0.9345604225130965,-1.5030857734141672,0.0,0.0,0.0,0.0,0.0,0.0,0.0,0.0,0.0,0.0,0.0,0.0,0.0,0.0,0.0,0.0,0.0,0.0,0.0,0.0,0.0
1,-0.8159139978535015,0.0,-0.8001392625914889,-1.3274747122978234,0.0,0.0,0.0,0.0,0.0,0.0,0.0,0.0,0.0,0.0,0.0,0.0,0.0,0.0,0.0,0.0,0.0,0.0,0.0,0.0,0.0
2,-0.9345604225130965,-0.8001392625914889,0.0,-1.1819984642372006,0.0,0.0,0.0,0.0,0.0,0.0,0.0,0.0,0.0,0.0,0.0,0.0,0.0,0.0,0.0,0.0,0.0,0.0,0.0,0.0,0.0
3,-1.5030857734141672,-1.3274747122978234,-1.1819984642372006,0.0,-0.7932155691706092,-0.8422689296410584,-0.8817770816225389,0.0,0.0,0.0,0.0,0.0,0.0,0.0,0.0,0.0,0.0,0.0,0.0,0.0,0.0,0.0,0.0,0.0,0.0
4,0.0,0.0,0.0,-0.7932155691706092,0.0,-0.7380298190964927,-0.7743125294584031,0.0,0.0,0.0,0.0,0.0,0.0,0.0,0.0,0.0,0.0,0.0,0.0,0.0,0.0,0.0,0.0,0.0,0.0
5,0.0,0.0,0.0,-0.8422689296410584,-0.7380298190964927,0.0,-0.7279306059051397,0.0,0.0,0.0,0.0,0.0,0.0,0.0,0.0,0.0,0.0,0.0,0.0,0.0,0.0,0.0,0.0,0.0,0.0
6,0.0,0.0,0.0,-0.8817770816225389,-0.7743125294584031,-0.7279306059051397,0.0,-0.9662928875091862,0.0,0.0,0.0,0.0,0.0,0.0,0.0,0.0,0.0,0.0,0.0,0.0,0.0,0.0,0.0,0.0,0.0
7,0.0,0.0,0.0,0.0,0.0,0.0,-0.9662928875091862,0.0,-0.9860900642867217,-0.9988417664711083,-1.1784710964157512,0.0,0.0,0.0,0.0,0.0,0.0,0.0,0.0,0.0,0.0,0.0,0.0,0.0,0.0
8,0.0,0.0,0.0,0.0,0.0,0.0,0.0,-0.9860900642867217,0.0,-0.7033296244193453,-0.8494440482430159,0.0,-0.8696889258412911,0.0,0.0,0.0,0.0,0.0,0.0,0.0,0.0,0.0,0.0,0.0,0.0
9,0.0,0.0,0.0,0.0,0.0,0.0,0.0,-0.9988417664711083,-0.7033296244193453,0.0,-0.8378972963491823,-0.8497517934537643,0.0,0.0,0.0,0.0,0.0,0.0,0.0,0.0,0.0,0.0,0.0,0.0,0.0
10,0.0,0.0,0.0,0.0,0.0,0.0,0.0,-1.1784710964157512,-0.8494440482430159,-0.8378972963491823,0.0,-0.7036011977179556,-0.7108555267431013,-0.7349774833966988,0.0,0.0,0.0,0.0,0.0,0.0,0.0,0.0,0.0,0.0,0.0
11,0.0,0.0,0.0,0.0,0.0,0.0,0.0,0.0,0.0,-0.8497517934537643,-0.7036011977179556,0.0,-0.7003271116170076,-0.7242054882247311,0.0,0.0,0.0,0.0,0.0,0.0,0.0,0.0,0.0,0.0,0.0
12,0.0,0.0,0.0,0.0,0.0,0.0,0.0,0.0,-0.8696889258412911,0.0,-0.7108555267431013,-0.7003271116170076,0.0,-0.7168579345883433,-0.7822497645448945,0.0,0.0,0.0,0.0,0.0,0.0,0.0,0.0,0.0,0.0
13,0.0,0.0,0.0,0.0,0.0,0.0,0.0,0.0,0.0,0.0,-0.7349774833966988,-0.7242054882247311,-0.7168579345883433,0.0,-0.7570886900146916,0.0,0.0,0.0,0.0,0.0,0.0,0.0,0.0,0.0,0.0
14,0.0,0.0,0.0,0.0,0.0,0.0,0.0,0.0,0.0,0.0,0.0,0.0,-0.7822497645448945,-0.7570886900146916,0.0,-0.706807506171615,-0.8008802667865198,0.0,0.0,0.0,0.0,0.0,0.0,0.0,0.0
15,0.0,0.0,0.0,0.0,0.0,0.0,0.0,0.0,0.0,0.0,0.0,0.0,0.0,0.0,-0.706807506171615,0.0,-0.7860173916983664,-0.8627555174671442,0.0,0.0,0.0,0.0,0.0,0.0,0.0
16,0.0,0.0,0.0,0.0,0.0,0.0,0.0,0.0,0.0,0.0,0.0,0.0,0.0,0.0,-0.8008802667865198,-0.7860173916983664,0.0,-0.763849619456916,0.0,0.0,0.0,0.0,0.0,0.0,0.0
17,0.0,0.0,0.0,0.0,0.0,0.0,0.0,0.0,0.0,0.0,0.0,0.0,0.0,0.0,0.0,-0.8627555174671442,-0.763849619456916,0.0,-0.7309415179723625,-0.8074665146012655,-0.8511249195506526,0.0,0.0,0.0,0.0
18,0.0,0.0,0.0,0.0,0.0,0.0,0.0,0.0,0.0,0.0,0.0,0.0,0.0,0.0,0.0,0.0,0.0,-0.7309415179723625,0.0,-0.7670340579165339,0.0,-0.8701469395778713,0.0,0.0,0.0
19,0.0,0.0,0.0,0.0,0.0,0.0,0.0,0.0,0.0,0.0,0.0,0.0,0.0,0.0,0.0,0.0,0.0,-0.8074665146012655,-0.7670340579165339,0.0,-0.7326319960309672,-0.7897246229574136,-0.8500202156548047,0.0,0.0
20,0.0,0.0,0.0,0.0,0.0,0.0,0.0,0.0,0.0,0.0,0.0,0.0,0.0,0.0,0.0,0.0,0.0,-0.8511249195506526,0.0,-0.7326319960309672,0.0,-0.7481692907482954,-0.8063985573145652,0.0,0.0
21,0.0,0.0,0.0,0.0,0.0,0.0,0.0,0.0,0.0,0.0,0.0,0.0,0.0,0.0,0.0,0.0,0.0,0.0,-0.8701469395778713,-0.7897246229574136,-0.7481692907482954,0.0,-0.7484978684064735,-0.8278512965361572,-1.224107251785817
22,0.0,0.0,0.0,0.0,0.0,0.0,0.0,0.0,0.0,0.0,0.0,0.0,0.0,0.0,0.0,0.0,0.0,0.0,0.0,-0.8500202156548047,-0.8063985573145652,-0.7484978684064735,0.0,-0.7685950981259851,-1.1492278232027409
23,0.0,0.0,0.0,0.0,0.0,0.0,0.0,0.0,0.0,0.0,0.0,0.0,0.0,0.0,0.0,0.0,0.0,0.0,0.0,0.0,0.0,-0.8278512965361572,-0.7685950981259851,0.0,-1.0520993342557365
24,0.0,0.0,0.0,0.0,0.0,0.0,0.0,0.0,0.0,0.0,0.0,0.0,0.0,0.0,0.0,0.0,0.0,0.0,0.0,0.0,0.0,-1.224107251785817,-1.1492278232027409,-1.0520993342557365,0.0
