,0,1,2,3,4,5,6,7,8,9,10,11,12,13
0,0.0,-2.319555833534508,-2.4628811966729414,0.0,-3.0364230304913216,0.0,0.0,0.0,0.0,0.0,0.0,0.0,0.0,0.0
1,-2.319555833534508,0.0,-0.7751457418861218,-1.0907737996034272,-1.1512930460942485,0.0,0.0,0.0,0.0,0.0,0.0,0.0,0.0,0.0
2,-2.4628811966729414,-0.7751457418861218,0.0,-0.9888237657446659,-1.0461491841420603,0.0,0.0,0.0,0.0,0.0,0.0,0.0,0.0,0.0
3,0.0,-1.0907737996034272,-0.9888237657446659,0.0,-0.7390530623560567,-0.7701593584965988,-0.8407261072171222,0.0,0.0,0.0,0.0,0.0,0.0,0.0
4,-3.0364230304913216,-1.1512930460942485,-1.0461491841420603,-0.7390530623560567,0.0,-0.7229374231746841,-0.7906602140485691,0.0,0.0,0.0,0.0,0.0,0.0,0.0
5,0.0,0.0,0.0,-0.7701593584965988,-0.7229374231746841,0.0,-0.759001116632625,0.0,0.0,0.0,0.0,0.0,0.0,0.0
6,0.0,0.0,0.0,-0.8407261072171222,-0.7906602140485691,-0.759001116632625,0.0,-1.0517879755477229,0.0,0.0,0.0,0.0,0.0,0.0
7,0.0,0.0,0.0,0.0,0.0,0.0,-1.0517879755477229,0.0,-1.0362531569593316,-1.0461263183504776,0.0,-1.2807114887165054,0.0,0.0
8,0.0,0.0,0.0,0.0,0.0,0.0,0.0,-1.0362531569593316,0.0,-0.700806687679932,-0.711050071175943,-0.8875630542194751,0.0,0.0
9,0.0,0.0,0.0,0.0,0.0,0.0,0.0,-1.0461263183504776,-0.700806687679932,0.0,-0.7033133893087242,-0.8786127129089805,0.0,0.0
10,0.0,0.0,0.0,0.0,0.0,0.0,0.0,0.0,-0.711050071175943,-0.7033133893087242,0.0,-0.8668351058383267,-1.503512612929038,-1.6730843465778966
11,0.0,0.0,0.0,0.0,0.0,0.0,0.0,-1.2807114887165054,-0.8875630542194751,-0.8786127129089805,-0.8668351058383267,0.0,-1.2628691722647438,-1.4202334947718898
12,0.0,0.0,0.0,0.0,0.0,0.0,0.0,0.0,0.0,0.0,-1.503512612929038,-1.2628691722647438,0.0,-0.8054194729363345
13,0.0,0.0,0.0,0.0,0.0,0.0,0.0,0.0,0.0,0.0,-1.6730843465778966,-1.4202334947718898,-0.8054194729363345,0.0
