,0,1,2,3,4,5,6,7,8,9,10,11,12
0,0.0,-2.2894245835752542,-2.976252017165862,-3.0216832516126777,0.0,0.0,0.0,0.0,0.0,0.0,0.0,0.0,0.0
1,-2.2894245835752542,0.0,-1.1309919561057362,-1.1636244928506827,-1.380226602123181,0.0,0.0,0.0,0.0,0.0,0.0,0.0,0.0
2,-2.976252017165862,-1.1309919561057362,0.0,-0.7173401619938412,-0.8829023340222422,-0.991945553918012,0.0,0.0,0.0,0.0,0.0,0.0,0.0
3,-3.0216832516126777,-1.1636244928506827,-0.7173401619938412,0.0,-0.8551409968583659,-0.9621310889901998,0.0,0.0,0.0,0.0,0.0,0.0,0.0
4,0.0,-1.380226602123181,-0.8829023340222422,-0.8551409968583659,0.0,-0.7868490201164952,0.0,0.0,0.0,0.0,0.0,0.0,0.0
5,0.0,0.0,-0.991945553918012,-0.9621310889901998,-0.7868490201164952,0.0,-0.9353127847288961,-1.030449489445256,0.0,0.0,0.0,0.0,0.0
6,0.0,0.0,0.0,0.0,0.0,-0.9353127847288961,0.0,-0.7720900472947144,-1.3487217774909663,0.0,0.0,0.0,0.0
7,0.0,0.0,0.0,0.0,0.0,-1.030449489445256,-0.7720900472947144,0.0,-1.2383741842382214,-1.3026547501499235,0.0,0.0,0.0
8,0.0,0.0,0.0,0.0,0.0,0.0,-1.3487217774909663,-1.2383741842382214,0.0,-0.7388325983206179,-0.9393583262892388,-1.316323303814381,0.0
9,0.0,0.0,0.0,0.0,0.0,0.0,0.0,-1.3026547501499235,-0.7388325983206179,0.0,-0.8858752000929745,-1.2517062551583653,-1.340170506252296
10,0.0,0.0,0.0,0.0,0.0,0.0,0.0,0.0,-0.9393583262892388,-0.8858752000929745,0.0,-1.0122049851236294,-1.091448719056503
11,0.0,0.0,0.0,0.0,0.0,0.0,0.0,0.0,-1.316323303814381,-1.2517062551583653,-1.0122049851236294,0.0,-0.7559097797314361
12,0.0,0.0,0.0,0.0,0.0,0.0,0.0,0.0,0.0,-1.340170506252296,-1.091448719056503,-0.7559097797314361,0.0
