,0,1,2,3,4,5,6,7,8,9,10,11,12,13,14,15,16,17,18,19,20,21,22,23,24
0,0.0,-2.2291389943621476,-2.5624886629914783,0.0,-2.9640587165875902,0.0,0.0,0.0,0.0,0.0,0.0,0.0,0.0,0.0,0.0,0.0,0.0,0.0,0.0,0.0,0.0,0.0,0.0,0.0,0.0
1,-2.2291389943621476,0.0,-0.8933695975066257,-1.099788857657119,-1.1682016901620378,0.0,0.0,0.0,0.0,0.0,0.0,0.0,0.0,0.0,0.0,0.0,0.0,0.0,0.0,0.0,0.0,0.0,0.0,0.0,0.0
2,-2.5624886629914783,-0.8933695975066257,0.0,-0.8705036348230827,-0.930374862939153,0.0,0.0,0.0,0.0,0.0,0.0,0.0,0.0,0.0,0.0,0.0,0.0,0.0,0.0,0.0,0.0,0.0,0.0,0.0,0.0
3,0.0,-1.099788857657119,-0.8705036348230827,0.0,-0.7448609302845282,-1.1769489794169268,0.0,0.0,0.0,0.0,0.0,0.0,0.0,0.0,0.0,0.0,0.0,0.0,0.0,0.0,0.0,0.0,0.0,0.0,0.0
4,-2.9640587165875902,-1.1682016901620378,-0.930374862939153,-0.7448609302845282,0.0,-1.1082578527502982,0.0,0.0,0.0,0.0,0.0,0.0,0.0,0.0,0.0,0.0,0.0,0.0,0.0,0.0,0.0,0.0,0.0,0.0,0.0
5,0.0,0.0,0.0,-1.1769489794169268,-1.1082578527502982,0.0,-0.7192877236772206,-0.7262644780507964,0.0,0.0,-0.8197527276511866,0.0,0.0,0.0,0.0,0.0,0.0,0.0,0.0,0.0,0.0,0.0,0.0,0.0,0.0
6,0.0,0.0,0.0,0.0,0.0,-0.7192877236772206,0.0,-0.6999490451420333,-0.730411868795249,0.0,-0.7912050992683884,0.0,0.0,0.0,0.0,0.0,0.0,0.0,0.0,0.0,0.0,0.0,0.0,0.0,0.0
7,0.0,0.0,0.0,0.0,0.0,-0.7262644780507964,-0.6999490451420333,0.0,-0.7234079659347565,-0.7261992392708906,-0.7838158242271938,0.0,0.0,0.0,0.0,0.0,0.0,0.0,0.0,0.0,0.0,0.0,0.0,0.0,0.0
8,0.0,0.0,0.0,0.0,0.0,0.0,-0.730411868795249,-0.7234079659347565,0.0,-0.6958577706105439,0.0,0.0,0.0,0.0,0.0,0.0,0.0,0.0,0.0,0.0,0.0,0.0,0.0,0.0,0.0
9,0.0,0.0,0.0,0.0,0.0,0.0,0.0,-0.7261992392708906,-0.6958577706105439,0.0,-0.7489992499366542,0.0,0.0,0.0,0.0,0.0,0.0,0.0,0.0,0.0,0.0,0.0,0.0,0.0,0.0
10,0.0,0.0,0.0,0.0,0.0,-0.8197527276511866,-0.7912050992683884,-0.7838158242271938,0.0,-0.7489992499366542,0.0,0.0,0.0,0.0,0.0,0.0,0.0,0.0,0.0,0.0,0.0,0.0,0.0,0.0,0.0
11,0.0,0.0,0.0,0.0,0.0,0.0,0.0,0.0,0.0,0.0,0.0,0.0,-0.7336141645352038,-0.8929560605006286,-0.9470984924554798,0.0,0.0,0.0,0.0,0.0,0.0,0.0,0.0,0.0,0.0
12,0.0,0.0,0.0,0.0,0.0,0.0,0.0,0.0,0.0,0.0,0.0,-0.7336141645352038,0.0,-0.8468544667471163,-0.8992714322149735,0.0,0.0,0.0,0.0,0.0,0.0,0.0,0.0,0.0,0.0
13,0.0,0.0,0.0,0.0,0.0,0.0,0.0,0.0,0.0,0.0,0.0,-0.8929560605006286,-0.8468544667471163,0.0,-0.739175287196712,-0.9468235303223601,0.0,0.0,0.0,0.0,0.0,0.0,0.0,0.0,0.0
14,0.0,0.0,0.0,0.0,0.0,0.0,0.0,0.0,0.0,0.0,0.0,-0.9470984924554798,-0.8992714322149735,-0.739175287196712,0.0,-0.8926907925493475,-0.9146990420556503,0.0,0.0,0.0,0.0,0.0,0.0,0.0,0.0
15,0.0,0.0,0.0,0.0,0.0,0.0,0.0,0.0,0.0,0.0,0.0,0.0,0.0,-0.9468235303223601,-0.8926907925493475,0.0,-0.7118153519554918,-0.7469780023393339,0.0,-0.8291609422427134,0.0,0.0,0.0,0.0,0.0
16,0.0,0.0,0.0,0.0,0.0,0.0,0.0,0.0,0.0,0.0,0.0,0.0,0.0,0.0,-0.9146990420556503,-0.7118153519554918,0.0,-0.7276822059561053,-0.7895141645859659,-0.8084801263980387,-0.8121515384897194,0.0,0.0,0.0,0.0
17,0.0,0.0,0.0,0.0,0.0,0.0,0.0,0.0,0.0,0.0,0.0,0.0,0.0,0.0,0.0,-0.7469780023393339,-0.7276822059561053,0.0,-0.7530086780020264,-0.7713935059656736,-0.7749536519526529,0.0,0.0,0.0,0.0
18,0.0,0.0,0.0,0.0,0.0,0.0,0.0,0.0,0.0,0.0,0.0,0.0,0.0,0.0,0.0,0.0,-0.7895141645859659,-0.7530086780020264,0.0,-0.7105311431295749,0.0,0.0,0.0,0.0,0.0
19,0.0,0.0,0.0,0.0,0.0,0.0,0.0,0.0,0.0,0.0,0.0,0.0,0.0,0.0,0.0,-0.8291609422427134,-0.8084801263980387,-0.7713935059656736,-0.7105311431295749,0.0,-0.6964585451596486,0.0,0.0,0.0,0.0
20,0.0,0.0,0.0,0.0,0.0,0.0,0.0,0.0,0.0,0.0,0.0,0.0,0.0,0.0,0.0,0.0,-0.8121515384897194,-0.7749536519526529,0.0,-0.6964585451596486,0.0,0.0,0.0,0.0,0.0
21,0.0,0.0,0.0,0.0,0.0,0.0,0.0,0.0,0.0,0.0,0.0,0.0,0.0,0.0,0.0,0.0,0.0,0.0,0.0,0.0,0.0,0.0,-0.7386621635349216,-0.7751710308667228,-0.840937117157479
22,0.0,0.0,0.0,0.0,0.0,0.0,0.0,0.0,0.0,0.0,0.0,0.0,0.0,0.0,0.0,0.0,0.0,0.0,0.0,0.0,0.0,-0.7386621635349216,0.0,-0.7281276772393199,-0.7912720886200016
23,0.0,0.0,0.0,0.0,0.0,0.0,0.0,0.0,0.0,0.0,0.0,0.0,0.0,0.0,0.0,0.0,0.0,0.0,0.0,0.0,0.0,-0.7751710308667228,-0.7281276772393199,0.0,-0.7542559037043904
24,0.0,0.0,0.0,0.0,0.0,0.0,0.0,0.0,0.0,0.0,0.0,0.0,0.0,0.0,0.0,0.0,0.0,0.0,0.0,0.0,0.0,-0.840937117157479,-0.7912720886200016,-0.7542559037043904,0.0
