,0,1,2,3,4,5,6,7,8,9,10,11,12
0,0.0,-0.9333421937037973,-1.0685127973835526,0.0,-1.13166234974855,0.0,0.0,0.0,0.0,0.0,0.0,0.0,0.0
1,-0.9333421937037973,0.0,-0.8058200934227164,-0.8268830297893599,-0.8593025764523151,0.0,0.0,0.0,0.0,0.0,0.0,0.0,0.0
2,-1.0685127973835526,-0.8058200934227164,0.0,-0.7122010327111977,-0.7416021905045584,0.0,0.0,0.0,0.0,0.0,0.0,0.0,0.0
3,0.0,-0.8268830297893599,-0.7122010327111977,0.0,-0.7220114995794928,-0.8903045737046463,0.0,0.0,0.0,0.0,0.0,0.0,0.0
4,-1.13166234974855,-0.8593025764523151,-0.7416021905045584,-0.7220114995794928,0.0,-0.8571459674203398,-0.8678074737352097,0.0,0.0,0.0,0.0,0.0,0.0
5,0.0,0.0,0.0,-0.8903045737046463,-0.8571459674203398,0.0,-0.7024144026665403,0.0,0.0,0.0,0.0,0.0,0.0
6,0.0,0.0,0.0,0.0,-0.8678074737352097,-0.7024144026665403,0.0,-0.9833469345003292,0.0,0.0,0.0,0.0,0.0
7,0.0,0.0,0.0,0.0,0.0,0.0,-0.9833469345003292,0.0,-0.941921828194835,-1.1306074503298622,-1.1317374506938536,0.0,0.0
8,0.0,0.0,0.0,0.0,0.0,0.0,0.0,-0.941921828194835,0.0,-0.8503047996402545,-0.8512605887108381,0.0,0.0
9,0.0,0.0,0.0,0.0,0.0,0.0,0.0,-1.1306074503298622,-0.8503047996402545,0.0,-0.6939816676168735,-0.911528394433656,-1.1747585287199187
10,0.0,0.0,0.0,0.0,0.0,0.0,0.0,-1.1317374506938536,-0.8512605887108381,-0.6939816676168735,0.0,-0.9105309475203325,-1.1736058679590948
11,0.0,0.0,0.0,0.0,0.0,0.0,0.0,0.0,0.0,-0.911528394433656,-0.9105309475203325,0.0,-0.9176814315385533
12,0.0,0.0,0.0,0.0,0.0,0.0,0.0,0.0,0.0,-1.1747585287199187,-1.1736058679590948,-0.9176814315385533,0.0
