,0,1,2,3,4,5,6,7,8,9,10,11,12,13,14,15,16,17,18,19,20,21,22,23,24,25,26
0,0.0,-1.1341198483992798,-1.6536434062564505,-2.070968924331323,0.0,0.0,0.0,0.0,0.0,0.0,0.0,0.0,0.0,0.0,0.0,0.0,0.0,0.0,0.0,0.0,0.0,0.0,0.0,0.0,0.0,0.0,0.0
1,-1.1341198483992798,0.0,-1.100051922212766,-1.4558167037636325,-1.611160996702751,0.0,0.0,0.0,0.0,0.0,0.0,0.0,0.0,0.0,0.0,0.0,0.0,0.0,0.0,0.0,0.0,0.0,0.0,0.0,0.0,0.0,0.0
2,-1.6536434062564505,-1.100051922212766,0.0,-0.9709482245525987,-1.0986087673165335,-1.1542543649718757,0.0,0.0,0.0,0.0,0.0,0.0,0.0,0.0,0.0,0.0,0.0,0.0,0.0,0.0,0.0,0.0,0.0,0.0,0.0,0.0,0.0
3,-2.070968924331323,-1.4558167037636325,-0.9709482245525987,0.0,-0.797134805642571,-0.8432126657566023,-0.8706556305805723,0.0,0.0,0.0,0.0,0.0,0.0,0.0,0.0,0.0,0.0,0.0,0.0,0.0,0.0,0.0,0.0,0.0,0.0,0.0,0.0
4,0.0,-1.611160996702751,-1.0986087673165335,-0.797134805642571,0.0,-0.7351690407287115,-0.7602762080382351,0.0,0.0,0.0,0.0,0.0,0.0,0.0,0.0,0.0,0.0,0.0,0.0,0.0,0.0,0.0,0.0,0.0,0.0,0.0,0.0
5,0.0,0.0,-1.1542543649718757,-0.8432126657566023,-0.7351690407287115,0.0,-0.7172738682688946,-0.8516703028681699,-0.998417140684666,0.0,0.0,0.0,0.0,0.0,0.0,0.0,0.0,0.0,0.0,0.0,0.0,0.0,0.0,0.0,0.0,0.0,0.0
6,0.0,0.0,0.0,-0.8706556305805723,-0.7602762080382351,-0.7172738682688946,0.0,-0.8246113362503577,-0.9685679296287865,0.0,0.0,0.0,0.0,0.0,0.0,0.0,0.0,0.0,0.0,0.0,0.0,0.0,0.0,0.0,0.0,0.0,0.0
7,0.0,0.0,0.0,0.0,0.0,-0.8516703028681699,-0.8246113362503577,0.0,-0.8222895247679098,0.0,0.0,0.0,0.0,0.0,0.0,0.0,0.0,0.0,0.0,0.0,0.0,0.0,0.0,0.0,0.0,0.0,0.0
8,0.0,0.0,0.0,0.0,0.0,-0.998417140684666,-0.9685679296287865,-0.8222895247679098,0.0,-0.907285975508014,0.0,-1.0927957364209435,0.0,0.0,0.0,0.0,0.0,0.0,0.0,0.0,0.0,0.0,0.0,0.0,0.0,0.0,0.0
9,0.0,0.0,0.0,0.0,0.0,0.0,0.0,0.0,-0.907285975508014,0.0,-0.8125110267656485,-0.8509117305409255,-0.8700912313264385,0.0,0.0,0.0,0.0,0.0,0.0,0.0,0.0,0.0,0.0,0.0,0.0,0.0,0.0
10,0.0,0.0,0.0,0.0,0.0,0.0,0.0,0.0,0.0,-0.8125110267656485,0.0,-0.7277305425401929,-0.745052374612502,-0.7693734676324161,-0.7758029293992914,0.0,0.0,0.0,0.0,0.0,0.0,0.0,0.0,0.0,0.0,0.0,0.0
11,0.0,0.0,0.0,0.0,0.0,0.0,0.0,0.0,-1.0927957364209435,-0.8509117305409255,-0.7277305425401929,0.0,-0.7099043066404895,-0.7334483198088909,0.0,0.0,0.0,0.0,0.0,0.0,0.0,0.0,0.0,0.0,0.0,0.0,0.0
12,0.0,0.0,0.0,0.0,0.0,0.0,0.0,0.0,0.0,-0.8700912313264385,-0.745052374612502,-0.7099043066404895,0.0,-0.716310768875255,-0.7224386914338033,0.0,0.0,0.0,0.0,0.0,0.0,0.0,0.0,0.0,0.0,0.0,0.0
13,0.0,0.0,0.0,0.0,0.0,0.0,0.0,0.0,0.0,0.0,-0.7693734676324161,-0.7334483198088909,-0.716310768875255,0.0,-0.6991383407673624,0.0,0.0,0.0,0.0,0.0,0.0,0.0,0.0,0.0,0.0,0.0,0.0
14,0.0,0.0,0.0,0.0,0.0,0.0,0.0,0.0,0.0,0.0,-0.7758029293992914,0.0,-0.7224386914338033,-0.6991383407673624,0.0,-0.8226151886870194,0.0,0.0,0.0,0.0,0.0,0.0,0.0,0.0,0.0,0.0,0.0
15,0.0,0.0,0.0,0.0,0.0,0.0,0.0,0.0,0.0,0.0,0.0,0.0,0.0,0.0,-0.8226151886870194,0.0,-0.7907236581948972,-0.8761173492240432,0.0,0.0,0.0,0.0,0.0,0.0,0.0,0.0,0.0
16,0.0,0.0,0.0,0.0,0.0,0.0,0.0,0.0,0.0,0.0,0.0,0.0,0.0,0.0,0.0,-0.7907236581948972,0.0,-0.7715544818311567,0.0,-0.9832966618875055,0.0,0.0,0.0,0.0,0.0,0.0,0.0
17,0.0,0.0,0.0,0.0,0.0,0.0,0.0,0.0,0.0,0.0,0.0,0.0,0.0,0.0,0.0,-0.8761173492240432,-0.7715544818311567,0.0,-0.8574835104755146,-0.891417483906548,0.0,0.0,0.0,0.0,0.0,0.0,0.0
18,0.0,0.0,0.0,0.0,0.0,0.0,0.0,0.0,0.0,0.0,0.0,0.0,0.0,0.0,0.0,0.0,0.0,-0.8574835104755146,0.0,-0.72268068699794,0.0,-0.9249592695998529,-0.9481074798025517,0.0,0.0,0.0,0.0
19,0.0,0.0,0.0,0.0,0.0,0.0,0.0,0.0,0.0,0.0,0.0,0.0,0.0,0.0,0.0,0.0,-0.9832966618875055,-0.891417483906548,-0.72268068699794,0.0,-0.8435465508455405,0.0,0.0,0.0,0.0,0.0,0.0
20,0.0,0.0,0.0,0.0,0.0,0.0,0.0,0.0,0.0,0.0,0.0,0.0,0.0,0.0,0.0,0.0,0.0,0.0,0.0,-0.8435465508455405,0.0,-0.7342295868945893,0.0,0.0,-0.9628962395916103,0.0,0.0
21,0.0,0.0,0.0,0.0,0.0,0.0,0.0,0.0,0.0,0.0,0.0,0.0,0.0,0.0,0.0,0.0,0.0,0.0,-0.9249592695998529,0.0,-0.7342295868945893,0.0,-0.7123648579755053,-0.8852494767452235,-0.9138733824234854,0.0,0.0
22,0.0,0.0,0.0,0.0,0.0,0.0,0.0,0.0,0.0,0.0,0.0,0.0,0.0,0.0,0.0,0.0,0.0,0.0,-0.9481074798025517,0.0,0.0,-0.7123648579755053,0.0,-0.8630618695814127,0.0,0.0,0.0
23,0.0,0.0,0.0,0.0,0.0,0.0,0.0,0.0,0.0,0.0,0.0,0.0,0.0,0.0,0.0,0.0,0.0,0.0,0.0,0.0,0.0,-0.8852494767452235,-0.8630618695814127,0.0,-0.7175640975267455,-0.914441347498434,-0.9779403251265275
24,0.0,0.0,0.0,0.0,0.0,0.0,0.0,0.0,0.0,0.0,0.0,0.0,0.0,0.0,0.0,0.0,0.0,0.0,0.0,0.0,-0.9628962395916103,-0.9138733824234854,0.0,-0.7175640975267455,0.0,-0.8858064056113054,-0.9481095019763741
25,0.0,0.0,0.0,0.0,0.0,0.0,0.0,0.0,0.0,0.0,0.0,0.0,0.0,0.0,0.0,0.0,0.0,0.0,0.0,0.0,0.0,0.0,0.0,-0.914441347498434,-0.8858064056113054,0.0,-0.7464030724788596
26,0.0,0.0,0.0,0.0,0.0,0.0,0.0,0.0,0.0,0.0,0.0,0.0,0.0,0.0,0.0,0.0,0.0,0.0,0.0,0.0,0.0,0.0,0.0,-0.9779403251265275,-0.9481095019763741,-0.7464030724788596,0.0
