,0,1,2,3,4,5,6,7,8,9,10,11,12,13,14,15,16,17,18,19,20,21,22,23
0,0.0,-1.1000541947311697,-1.1930714461961658,-1.6568809796401263,0.0,0.0,0.0,0.0,0.0,0.0,0.0,0.0,0.0,0.0,0.0,0.0,0.0,0.0,0.0,0.0,0.0,0.0,0.0,0.0
1,-1.1000541947311697,0.0,-0.7636595736532188,-1.1368339214762857,-1.2456545671345762,0.0,0.0,0.0,0.0,0.0,0.0,0.0,0.0,0.0,0.0,0.0,0.0,0.0,0.0,0.0,0.0,0.0,0.0,0.0
2,-1.1930714461961658,-0.7636595736532188,0.0,-1.0462684629367773,-1.1504612519907507,0.0,0.0,0.0,0.0,0.0,0.0,0.0,0.0,0.0,0.0,0.0,0.0,0.0,0.0,0.0,0.0,0.0,0.0,0.0
3,-1.6568809796401263,-1.1368339214762857,-1.0462684629367773,0.0,-0.7743905660048286,-1.130639648690353,-1.2422980492615268,0.0,0.0,0.0,0.0,0.0,0.0,0.0,0.0,0.0,0.0,0.0,0.0,0.0,0.0,0.0,0.0,0.0
4,0.0,-1.2456545671345762,-1.1504612519907507,-0.7743905660048286,0.0,-1.027464290829891,-1.1336335485536793,0.0,0.0,0.0,0.0,0.0,0.0,0.0,0.0,0.0,0.0,0.0,0.0,0.0,0.0,0.0,0.0,0.0
5,0.0,0.0,0.0,-1.130639648690353,-1.027464290829891,0.0,-0.776774373194721,-0.8498360833008116,-1.1425139321056261,0.0,0.0,0.0,0.0,0.0,0.0,0.0,0.0,0.0,0.0,0.0,0.0,0.0,0.0,0.0
6,0.0,0.0,0.0,-1.2422980492615268,-1.1336335485536793,-0.776774373194721,0.0,-0.7609625066907122,-1.035874547738133,0.0,0.0,0.0,0.0,0.0,0.0,0.0,0.0,0.0,0.0,0.0,0.0,0.0,0.0,0.0
7,0.0,0.0,0.0,0.0,0.0,-0.8498360833008116,-0.7609625066907122,0.0,-0.9531587469683332,0.0,-1.1106381120502111,0.0,0.0,0.0,0.0,0.0,0.0,0.0,0.0,0.0,0.0,0.0,0.0,0.0
8,0.0,0.0,0.0,0.0,0.0,-1.1425139321056261,-1.035874547738133,-0.9531587469683332,0.0,-0.805340088413872,-0.8231060555235042,0.0,0.0,0.0,0.0,0.0,0.0,0.0,0.0,0.0,0.0,0.0,0.0,0.0
9,0.0,0.0,0.0,0.0,0.0,0.0,0.0,0.0,-0.805340088413872,0.0,-0.7092222038515015,-1.0929025698215147,0.0,0.0,0.0,0.0,0.0,0.0,0.0,0.0,0.0,0.0,0.0,0.0
10,0.0,0.0,0.0,0.0,0.0,0.0,0.0,-1.1106381120502111,-0.8231060555235042,-0.7092222038515015,0.0,-1.071813386380894,0.0,0.0,0.0,0.0,0.0,0.0,0.0,0.0,0.0,0.0,0.0,0.0
11,0.0,0.0,0.0,0.0,0.0,0.0,0.0,0.0,0.0,-1.0929025698215147,-1.071813386380894,0.0,-0.718636254226541,-0.8049745386906985,0.0,-0.8483499765391355,0.0,0.0,0.0,0.0,0.0,0.0,0.0,0.0
12,0.0,0.0,0.0,0.0,0.0,0.0,0.0,0.0,0.0,0.0,0.0,-0.718636254226541,0.0,-0.7774527906446135,-0.7837166484834366,-0.8198699538621464,0.0,0.0,0.0,0.0,0.0,0.0,0.0,0.0
13,0.0,0.0,0.0,0.0,0.0,0.0,0.0,0.0,0.0,0.0,0.0,-0.8049745386906985,-0.7774527906446135,0.0,-0.6989438447630839,-0.7324529720048465,0.0,0.0,0.0,0.0,0.0,0.0,0.0,0.0
14,0.0,0.0,0.0,0.0,0.0,0.0,0.0,0.0,0.0,0.0,0.0,0.0,-0.7837166484834366,-0.6989438447630839,0.0,0.0,0.0,-1.004084866882261,0.0,0.0,0.0,0.0,0.0,0.0
15,0.0,0.0,0.0,0.0,0.0,0.0,0.0,0.0,0.0,0.0,0.0,-0.8483499765391355,-0.8198699538621464,-0.7324529720048465,0.0,0.0,-0.9409949151990188,0.0,0.0,0.0,0.0,0.0,0.0,0.0
16,0.0,0.0,0.0,0.0,0.0,0.0,0.0,0.0,0.0,0.0,0.0,0.0,0.0,0.0,0.0,-0.9409949151990188,0.0,-0.7112625043249549,-0.7885548475955559,-0.7968033649372918,0.0,-1.0271821226234437,-1.0350453430318125,0.0
17,0.0,0.0,0.0,0.0,0.0,0.0,0.0,0.0,0.0,0.0,0.0,0.0,0.0,0.0,-1.004084866882261,0.0,-0.7112625043249549,0.0,-0.7691269108258647,0.0,-0.8387669067082436,0.0,0.0,0.0
18,0.0,0.0,0.0,0.0,0.0,0.0,0.0,0.0,0.0,0.0,0.0,0.0,0.0,0.0,0.0,0.0,-0.7885548475955559,-0.7691269108258647,0.0,0.0,-0.7581903396771874,0.0,0.0,-1.208666639379253
19,0.0,0.0,0.0,0.0,0.0,0.0,0.0,0.0,0.0,0.0,0.0,0.0,0.0,0.0,0.0,0.0,-0.7968033649372918,0.0,0.0,0.0,-0.7502094014608597,-0.904909033320635,-0.9122039960523758,0.0
20,0.0,0.0,0.0,0.0,0.0,0.0,0.0,0.0,0.0,0.0,0.0,0.0,0.0,0.0,0.0,0.0,0.0,-0.8387669067082436,-0.7581903396771874,-0.7502094014608597,0.0,0.0,0.0,0.0
21,0.0,0.0,0.0,0.0,0.0,0.0,0.0,0.0,0.0,0.0,0.0,0.0,0.0,0.0,0.0,0.0,-1.0271821226234437,0.0,0.0,-0.904909033320635,0.0,0.0,-0.6992766385771346,-0.9447788196650844
22,0.0,0.0,0.0,0.0,0.0,0.0,0.0,0.0,0.0,0.0,0.0,0.0,0.0,0.0,0.0,0.0,-1.0350453430318125,0.0,0.0,-0.9122039960523758,0.0,-0.6992766385771346,0.0,-0.937326335037858
23,0.0,0.0,0.0,0.0,0.0,0.0,0.0,0.0,0.0,0.0,0.0,0.0,0.0,0.0,0.0,0.0,0.0,0.0,-1.208666639379253,0.0,0.0,-0.9447788196650844,-0.937326335037858,0.0
