,0,1,2,3,4,5,6,7,8,9,10,11,12,13,14,15,16,17,18,19
0,0.0,-1.3286684140337237,-1.3352008407282816,-1.388012437930715,0.0,0.0,0.0,0.0,0.0,0.0,0.0,0.0,0.0,0.0,0.0,0.0,0.0,0.0,0.0,0.0
1,-1.3286684140337237,0.0,-0.6975946169160568,-0.7338882380008529,-0.7567175993195314,0.0,0.0,0.0,0.0,0.0,0.0,0.0,0.0,0.0,0.0,0.0,0.0,0.0,0.0,0.0
2,-1.3352008407282816,-0.6975946169160568,0.0,-0.7292833204577923,-0.7520164996386726,-1.0895719126590715,0.0,0.0,0.0,0.0,0.0,0.0,0.0,0.0,0.0,0.0,0.0,0.0,0.0,0.0
3,-1.388012437930715,-0.7338882380008529,-0.7292833204577923,0.0,-0.7151096823719336,-1.0430127230070996,0.0,0.0,0.0,0.0,0.0,0.0,0.0,0.0,0.0,0.0,0.0,0.0,0.0,0.0
4,0.0,-0.7567175993195314,-0.7520164996386726,-0.7151096823719336,0.0,-1.0150885466332107,0.0,0.0,0.0,0.0,0.0,0.0,0.0,0.0,0.0,0.0,0.0,0.0,0.0,0.0
5,0.0,0.0,-1.0895719126590715,-1.0430127230070996,-1.0150885466332107,0.0,0.0,0.0,0.0,0.0,0.0,0.0,0.0,0.0,0.0,0.0,0.0,0.0,0.0,0.0
6,0.0,0.0,0.0,0.0,0.0,0.0,0.0,-0.873083673469588,-0.8916627440987931,-1.06693772846018,0.0,0.0,0.0,0.0,0.0,0.0,0.0,0.0,0.0,0.0
7,0.0,0.0,0.0,0.0,0.0,0.0,-0.873083673469588,0.0,-0.7091201667626049,-0.8617690855064284,-0.9556997131969993,0.0,0.0,0.0,0.0,0.0,0.0,0.0,0.0,0.0
8,0.0,0.0,0.0,0.0,0.0,0.0,-0.8916627440987931,-0.7091201667626049,0.0,-0.843585335638464,-0.9363120607122237,0.0,0.0,0.0,0.0,0.0,0.0,0.0,0.0,0.0
9,0.0,0.0,0.0,0.0,0.0,0.0,-1.06693772846018,-0.8617690855064284,-0.843585335638464,0.0,-0.7749616628078305,-0.9078730210201974,0.0,0.0,0.0,0.0,0.0,0.0,0.0,0.0
10,0.0,0.0,0.0,0.0,0.0,0.0,0.0,-0.9556997131969993,-0.9363120607122237,-0.7749616628078305,0.0,-0.8169523082283939,-1.0339513848095117,0.0,0.0,0.0,0.0,0.0,0.0,0.0
11,0.0,0.0,0.0,0.0,0.0,0.0,0.0,0.0,0.0,-0.9078730210201974,-0.8169523082283939,0.0,-0.8895902647174507,0.0,0.0,0.0,0.0,0.0,0.0,0.0
12,0.0,0.0,0.0,0.0,0.0,0.0,0.0,0.0,0.0,0.0,-1.0339513848095117,-0.8895902647174507,0.0,-0.8806994809093085,-1.007533515506647,-1.014256747187441,0.0,0.0,0.0,0.0
13,0.0,0.0,0.0,0.0,0.0,0.0,0.0,0.0,0.0,0.0,0.0,0.0,-0.8806994809093085,0.0,-0.8024318859238977,-0.8082774746317347,-0.8554905448408098,0.0,0.0,0.0
14,0.0,0.0,0.0,0.0,0.0,0.0,0.0,0.0,0.0,0.0,0.0,0.0,-1.007533515506647,-0.8024318859238977,0.0,-0.6984458278971094,-0.7413462118796035,0.0,0.0,-1.1665985662961695
15,0.0,0.0,0.0,0.0,0.0,0.0,0.0,0.0,0.0,0.0,0.0,0.0,-1.014256747187441,-0.8082774746317347,-0.6984458278971094,0.0,-0.7358267881589619,-0.859101475117002,-0.9594070227794881,-1.159332752005571
16,0.0,0.0,0.0,0.0,0.0,0.0,0.0,0.0,0.0,0.0,0.0,0.0,0.0,-0.8554905448408098,-0.7413462118796035,-0.7358267881589619,0.0,-0.8117595586892928,-0.908659759175974,0.0
17,0.0,0.0,0.0,0.0,0.0,0.0,0.0,0.0,0.0,0.0,0.0,0.0,0.0,0.0,0.0,-0.859101475117002,-0.8117595586892928,0.0,-0.7807135269900509,-0.9583740037530107
18,0.0,0.0,0.0,0.0,0.0,0.0,0.0,0.0,0.0,0.0,0.0,0.0,0.0,0.0,0.0,-0.9594070227794881,-0.908659759175974,-0.7807135269900509,0.0,0.0
19,0.0,0.0,0.0,0.0,0.0,0.0,0.0,0.0,0.0,0.0,0.0,0.0,0.0,0.0,-1.1665985662961695,-1.159332752005571,0.0,-0.9583740037530107,0.0,0.0
