,0,1,2,3,4,5,6,7,8,9,10,11,12,13,14,15,16,17,18,19,20
0,0.0,-1.5979151689834037,-1.6917916682581686,-2.16717221216654,0.0,0.0,0.0,0.0,0.0,0.0,0.0,0.0,0.0,0.0,0.0,0.0,0.0,0.0,0.0,0.0,0.0
1,-1.5979151689834037,0.0,-0.753012737106178,-1.0856884600862644,-1.4007267462379018,0.0,0.0,0.0,0.0,0.0,0.0,0.0,0.0,0.0,0.0,0.0,0.0,0.0,0.0,0.0,0.0
2,-1.6917916682581686,-0.753012737106178,0.0,-1.010159320939549,-1.3143298187604704,0.0,0.0,0.0,0.0,0.0,0.0,0.0,0.0,0.0,0.0,0.0,0.0,0.0,0.0,0.0,0.0
3,-2.16717221216654,-1.0856884600862644,-1.010159320939549,0.0,-0.9396571933087469,-0.9617459414300715,0.0,0.0,-1.1644822225968765,0.0,0.0,0.0,0.0,0.0,0.0,0.0,0.0,0.0,0.0,0.0,0.0
4,0.0,-1.4007267462379018,-1.3143298187604704,-0.9396571933087469,0.0,-0.711311079928338,0.0,-0.8460362276955756,-0.8812028371570433,0.0,0.0,0.0,0.0,0.0,0.0,0.0,0.0,0.0,0.0,0.0,0.0
5,0.0,0.0,0.0,-0.9617459414300715,-0.711311079928338,0.0,-0.8096008228843667,-0.8256411753780234,-0.8602724636420397,-0.9314295650173403,0.0,0.0,0.0,0.0,0.0,0.0,0.0,0.0,0.0,0.0,0.0
6,0.0,0.0,0.0,0.0,0.0,-0.8096008228843667,0.0,-0.7076103078946625,-0.7389132587292906,0.0,0.0,0.0,0.0,0.0,0.0,0.0,0.0,0.0,0.0,0.0,0.0
7,0.0,0.0,0.0,0.0,-0.8460362276955756,-0.8256411753780234,-0.7076103078946625,0.0,-0.724013782306234,-0.7877919133129699,-0.823547760155945,0.0,0.0,0.0,0.0,0.0,0.0,0.0,0.0,0.0,0.0
8,0.0,0.0,0.0,-1.1644822225968765,-0.8812028371570433,-0.8602724636420397,-0.7389132587292906,-0.724013782306234,0.0,-0.7551010298530182,0.0,0.0,0.0,0.0,0.0,0.0,0.0,0.0,0.0,0.0,0.0
9,0.0,0.0,0.0,0.0,0.0,-0.9314295650173403,0.0,-0.7877919133129699,-0.7551010298530182,0.0,-0.7259896449075827,-0.8658771895004483,-0.902838705987791,0.0,0.0,0.0,0.0,0.0,0.0,0.0,0.0
10,0.0,0.0,0.0,0.0,0.0,0.0,0.0,-0.823547760155945,0.0,-0.7259896449075827,0.0,-0.8289406151328086,-0.8649101506325826,-0.8696339274230241,0.0,0.0,0.0,0.0,0.0,0.0,0.0
11,0.0,0.0,0.0,0.0,0.0,0.0,0.0,0.0,0.0,-0.8658771895004483,-0.8289406151328086,0.0,-0.7251280879267663,-0.7293374697153511,0.0,0.0,0.0,0.0,0.0,0.0,0.0
12,0.0,0.0,0.0,0.0,0.0,0.0,0.0,0.0,0.0,-0.902838705987791,-0.8649101506325826,-0.7251280879267663,0.0,-0.6972283769772912,0.0,0.0,0.0,0.0,0.0,0.0,0.0
13,0.0,0.0,0.0,0.0,0.0,0.0,0.0,0.0,0.0,0.0,-0.8696339274230241,-0.7293374697153511,-0.6972283769772912,0.0,0.0,0.0,0.0,0.0,0.0,0.0,0.0
14,0.0,0.0,0.0,0.0,0.0,0.0,0.0,0.0,0.0,0.0,0.0,0.0,0.0,0.0,0.0,-0.7592680332402915,-0.8995216560910534,-0.9104265631669725,0.0,0.0,0.0
15,0.0,0.0,0.0,0.0,0.0,0.0,0.0,0.0,0.0,0.0,0.0,0.0,0.0,0.0,-0.7592680332402915,0.0,-0.8255003148299667,-0.835833710084185,0.0,0.0,0.0
16,0.0,0.0,0.0,0.0,0.0,0.0,0.0,0.0,0.0,0.0,0.0,0.0,0.0,0.0,-0.8995216560910534,-0.8255003148299667,0.0,-0.7023460761250109,-0.7519464082856411,-0.892865966391113,-0.9854879272613067
17,0.0,0.0,0.0,0.0,0.0,0.0,0.0,0.0,0.0,0.0,0.0,0.0,0.0,0.0,-0.9104265631669725,-0.835833710084185,-0.7023460761250109,0.0,-0.7423083403808358,0.0,0.0
18,0.0,0.0,0.0,0.0,0.0,0.0,0.0,0.0,0.0,0.0,0.0,0.0,0.0,0.0,0.0,0.0,-0.7519464082856411,-0.7423083403808358,0.0,-0.8269410791403381,-0.9153740593779923
19,0.0,0.0,0.0,0.0,0.0,0.0,0.0,0.0,0.0,0.0,0.0,0.0,0.0,0.0,0.0,0.0,-0.892865966391113,0.0,-0.8269410791403381,0.0,-0.772116214303207
20,0.0,0.0,0.0,0.0,0.0,0.0,0.0,0.0,0.0,0.0,0.0,0.0,0.0,0.0,0.0,0.0,-0.9854879272613067,0.0,-0.9153740593779923,-0.772116214303207,0.0
