,0,1,2,3,4,5,6,7,8,9,10,11,12,13,14,15,16,17,18
0,0.0,-1.9105528516816825,-2.0535402851373084,-2.6924022690323586,0.0,0.0,0.0,0.0,0.0,0.0,0.0,0.0,0.0,0.0,0.0,0.0,0.0,0.0,0.0
1,-1.9105528516816825,0.0,-0.7795160118073216,-1.2212551441153732,-1.332945639114367,0.0,0.0,0.0,0.0,0.0,0.0,0.0,0.0,0.0,0.0,0.0,0.0,0.0,0.0
2,-2.0535402851373084,-0.7795160118073216,0.0,-1.1072185320513501,-1.2135568204872413,0.0,0.0,0.0,0.0,0.0,0.0,0.0,0.0,0.0,0.0,0.0,0.0,0.0,0.0
3,-2.6924022690323586,-1.2212551441153732,-1.1072185320513501,0.0,-0.773610906960566,-1.3404369276485077,-1.612636644817053,0.0,0.0,0.0,0.0,0.0,0.0,0.0,0.0,0.0,0.0,0.0,0.0
4,0.0,-1.332945639114367,-1.2135568204872413,-0.773610906960566,0.0,-1.2284305334553753,-1.490567043633027,0.0,0.0,0.0,0.0,0.0,0.0,0.0,0.0,0.0,0.0,0.0,0.0
5,0.0,0.0,0.0,-1.3404369276485077,-1.2284305334553753,0.0,-0.8853202900147045,-1.1363634314141553,-1.2369974319054082,0.0,0.0,0.0,0.0,0.0,0.0,0.0,0.0,0.0,0.0
6,0.0,0.0,0.0,-1.612636644817053,-1.490567043633027,-0.8853202900147045,0.0,-0.9105930835199849,-0.9996980021935111,0.0,0.0,0.0,0.0,0.0,0.0,0.0,0.0,0.0,0.0
7,0.0,0.0,0.0,0.0,0.0,-1.1363634314141553,-0.9105930835199849,0.0,-0.7682173231947241,-0.8282951097787085,-1.0857250506589327,0.0,0.0,0.0,0.0,0.0,0.0,0.0,0.0
8,0.0,0.0,0.0,0.0,0.0,-1.2369974319054082,-0.9996980021935111,-0.7682173231947241,0.0,-0.7492846448094539,0.0,-1.0602386515526698,0.0,0.0,0.0,0.0,0.0,0.0,0.0
9,0.0,0.0,0.0,0.0,0.0,0.0,0.0,-0.8282951097787085,-0.7492846448094539,0.0,-0.9247757299614255,-0.990170295333196,0.0,0.0,0.0,0.0,0.0,0.0,0.0
10,0.0,0.0,0.0,0.0,0.0,0.0,0.0,-1.0857250506589327,0.0,-0.9247757299614255,0.0,-0.7476366619574235,-0.7547228123570118,0.0,-1.0150611141883976,0.0,0.0,0.0,0.0
11,0.0,0.0,0.0,0.0,0.0,0.0,0.0,0.0,-1.0602386515526698,-0.990170295333196,-0.7476366619574235,0.0,-0.6998776647953326,0.0,-0.9486839945441394,0.0,0.0,0.0,0.0
12,0.0,0.0,0.0,0.0,0.0,0.0,0.0,0.0,0.0,0.0,-0.7547228123570118,-0.6998776647953326,0.0,0.0,-0.9404847379329466,-1.0861217644312309,0.0,0.0,0.0
13,0.0,0.0,0.0,0.0,0.0,0.0,0.0,0.0,0.0,0.0,0.0,0.0,0.0,0.0,-0.7300598356507799,-0.8551564114407794,-0.8949299635541105,-0.9207186892744528,-1.0949075732005782
14,0.0,0.0,0.0,0.0,0.0,0.0,0.0,0.0,0.0,0.0,-1.0150611141883976,-0.9486839945441394,-0.9404847379329466,-0.7300598356507799,0.0,-0.8141229430085736,0.0,0.0,0.0
15,0.0,0.0,0.0,0.0,0.0,0.0,0.0,0.0,0.0,0.0,0.0,0.0,-1.0861217644312309,-0.8551564114407794,-0.8141229430085736,0.0,0.0,0.0,0.0
16,0.0,0.0,0.0,0.0,0.0,0.0,0.0,0.0,0.0,0.0,0.0,0.0,0.0,-0.8949299635541105,0.0,0.0,0.0,-0.7149948119145911,-0.864722561120878
17,0.0,0.0,0.0,0.0,0.0,0.0,0.0,0.0,0.0,0.0,0.0,0.0,0.0,-0.9207186892744528,0.0,0.0,-0.7149948119145911,0.0,-0.8399290306207235
18,0.0,0.0,0.0,0.0,0.0,0.0,0.0,0.0,0.0,0.0,0.0,0.0,0.0,-1.0949075732005782,0.0,0.0,-0.864722561120878,-0.8399290306207235,0.0
