,0,1,2,3,4,5,6,7,8,9,10,11,12,13,14,15,16,17,18,19,20,21,22
0,0.0,-2.085140315545011,-2.420705593779438,0.0,-3.0553889363672613,0.0,0.0,0.0,0.0,0.0,0.0,0.0,0.0,0.0,0.0,0.0,0.0,0.0,0.0,0.0,0.0,0.0,0.0
1,-2.085140315545011,0.0,-0.8982582201174832,-1.2143511433606031,-1.353556051768361,0.0,0.0,0.0,0.0,0.0,0.0,0.0,0.0,0.0,0.0,0.0,0.0,0.0,0.0,0.0,0.0,0.0,0.0
2,-2.420705593779438,-0.8982582201174832,0.0,-0.9659204064133279,-1.0895288689683562,0.0,0.0,0.0,0.0,0.0,0.0,0.0,0.0,0.0,0.0,0.0,0.0,0.0,0.0,0.0,0.0,0.0,0.0
3,0.0,-1.2143511433606031,-0.9659204064133279,0.0,-0.7940918501160997,-0.8549880408334679,-0.8554403219720813,0.0,0.0,0.0,0.0,0.0,0.0,0.0,0.0,0.0,0.0,0.0,0.0,0.0,0.0,0.0,0.0
4,-3.0553889363672613,-1.353556051768361,-1.0895288689683562,-0.7940918501160997,0.0,-0.7488542868537346,-0.7492691004027302,0.0,0.0,0.0,0.0,0.0,0.0,0.0,0.0,0.0,0.0,0.0,0.0,0.0,0.0,0.0,0.0
5,0.0,0.0,0.0,-0.8549880408334679,-0.7488542868537346,0.0,-0.6935406773473657,0.0,0.0,0.0,0.0,0.0,0.0,0.0,0.0,0.0,0.0,0.0,0.0,0.0,0.0,0.0,0.0
6,0.0,0.0,0.0,-0.8554403219720813,-0.7492691004027302,-0.6935406773473657,0.0,0.0,0.0,0.0,0.0,0.0,0.0,0.0,0.0,0.0,0.0,0.0,0.0,0.0,0.0,0.0,0.0
7,0.0,0.0,0.0,0.0,0.0,0.0,0.0,0.0,-0.7263831946849805,-0.7494325203751887,-0.8297296762810493,-0.8370152856263884,0.0,0.0,0.0,0.0,0.0,0.0,0.0,0.0,0.0,0.0,0.0
8,0.0,0.0,0.0,0.0,0.0,0.0,0.0,-0.7263831946849805,0.0,-0.7154749646856665,0.0,-0.8004584772502291,0.0,0.0,0.0,0.0,0.0,0.0,0.0,0.0,0.0,0.0,0.0
9,0.0,0.0,0.0,0.0,0.0,0.0,0.0,-0.7494325203751887,-0.7154749646856665,0.0,-0.7694325275204461,-0.7763690615494904,0.0,0.0,0.0,0.0,0.0,0.0,0.0,0.0,0.0,0.0,0.0
10,0.0,0.0,0.0,0.0,0.0,0.0,0.0,-0.8297296762810493,0.0,-0.7694325275204461,0.0,-0.6996106286476188,0.0,0.0,0.0,0.0,0.0,0.0,0.0,0.0,0.0,0.0,0.0
11,0.0,0.0,0.0,0.0,0.0,0.0,0.0,-0.8370152856263884,-0.8004584772502291,-0.7763690615494904,-0.6996106286476188,0.0,0.0,0.0,0.0,0.0,0.0,0.0,0.0,0.0,0.0,0.0,0.0
12,0.0,0.0,0.0,0.0,0.0,0.0,0.0,0.0,0.0,0.0,0.0,0.0,0.0,-0.7394692968584468,-0.8099426163419289,0.0,-0.8779844799323583,0.0,0.0,0.0,0.0,0.0,0.0
13,0.0,0.0,0.0,0.0,0.0,0.0,0.0,0.0,0.0,0.0,0.0,0.0,-0.7394692968584468,0.0,-0.760669331431517,-0.82063994438814,-0.8260450668721501,-0.8690600746716656,0.0,0.0,0.0,0.0,0.0
14,0.0,0.0,0.0,0.0,0.0,0.0,0.0,0.0,0.0,0.0,0.0,0.0,-0.8099426163419289,-0.760669331431517,0.0,-0.7495437945930618,-0.7546365934117814,0.0,0.0,0.0,0.0,0.0,0.0
15,0.0,0.0,0.0,0.0,0.0,0.0,0.0,0.0,0.0,0.0,0.0,0.0,0.0,-0.82063994438814,-0.7495437945930618,0.0,-0.6979758675791248,-0.7365015252606033,-0.7960849059668472,0.0,0.0,0.0,0.0
16,0.0,0.0,0.0,0.0,0.0,0.0,0.0,0.0,0.0,0.0,0.0,0.0,-0.8779844799323583,-0.8260450668721501,-0.7546365934117814,-0.6979758675791248,0.0,-0.731491643966319,0.0,0.0,0.0,0.0,0.0
17,0.0,0.0,0.0,0.0,0.0,0.0,0.0,0.0,0.0,0.0,0.0,0.0,0.0,-0.8690600746716656,0.0,-0.7365015252606033,-0.731491643966319,0.0,-0.7503735099191027,0.0,0.0,0.0,0.0
18,0.0,0.0,0.0,0.0,0.0,0.0,0.0,0.0,0.0,0.0,0.0,0.0,0.0,0.0,0.0,-0.7960849059668472,0.0,-0.7503735099191027,0.0,-0.7676258935837282,-0.8106076409726264,0.0,0.0
19,0.0,0.0,0.0,0.0,0.0,0.0,0.0,0.0,0.0,0.0,0.0,0.0,0.0,0.0,0.0,0.0,0.0,0.0,-0.7676258935837282,0.0,-0.7333075998069228,-0.8157137755243262,-0.8194639191761031
20,0.0,0.0,0.0,0.0,0.0,0.0,0.0,0.0,0.0,0.0,0.0,0.0,0.0,0.0,0.0,0.0,0.0,0.0,-0.8106076409726264,-0.7333075998069228,0.0,-0.7725529610032617,-0.7761721516363358
21,0.0,0.0,0.0,0.0,0.0,0.0,0.0,0.0,0.0,0.0,0.0,0.0,0.0,0.0,0.0,0.0,0.0,0.0,0.0,-0.8157137755243262,-0.7725529610032617,0.0,-0.6965101249776038
22,0.0,0.0,0.0,0.0,0.0,0.0,0.0,0.0,0.0,0.0,0.0,0.0,0.0,0.0,0.0,0.0,0.0,0.0,0.0,-0.8194639191761031,-0.7761721516363358,-0.6965101249776038,0.0
