,0,1,2,3,4,5,6,7,8,9,10,11,12,13,14,15,16,17,18,19,20,21
0,0.0,-0.8216440498504949,-1.137282684494775,-1.2595119461082043,0.0,0.0,0.0,0.0,0.0,0.0,0.0,0.0,0.0,0.0,0.0,0.0,0.0,0.0,0.0,0.0,0.0,0.0
1,-0.8216440498504949,0.0,-0.9792262080744865,-1.0921114679276014,0.0,0.0,0.0,0.0,0.0,0.0,0.0,0.0,0.0,0.0,0.0,0.0,0.0,0.0,0.0,0.0,0.0,0.0
2,-1.137282684494775,-0.9792262080744865,0.0,-0.7845359495019043,-0.929231084422552,-1.1351766783543562,0.0,0.0,0.0,0.0,0.0,0.0,0.0,0.0,0.0,0.0,0.0,0.0,0.0,0.0,0.0,0.0
3,-1.2595119461082043,-1.0921114679276014,-0.7845359495019043,0.0,-0.8269628445613891,-1.019744858844197,0.0,0.0,0.0,0.0,0.0,0.0,0.0,0.0,0.0,0.0,0.0,0.0,0.0,0.0,0.0,0.0
4,0.0,0.0,-0.929231084422552,-0.8269628445613891,0.0,-0.8662197551167037,-0.9313278412255801,0.0,0.0,0.0,0.0,0.0,0.0,0.0,0.0,0.0,0.0,0.0,0.0,0.0,0.0,0.0
5,0.0,0.0,-1.1351766783543562,-1.019744858844197,-0.8662197551167037,0.0,-0.7495738508669685,-0.8813009672497004,0.0,0.0,0.0,0.0,0.0,0.0,0.0,0.0,0.0,0.0,0.0,0.0,0.0,0.0
6,0.0,0.0,0.0,0.0,-0.9313278412255801,-0.7495738508669685,0.0,-0.8184344553837533,-1.0630471457785766,0.0,0.0,0.0,0.0,0.0,0.0,0.0,0.0,0.0,0.0,0.0,0.0,0.0
7,0.0,0.0,0.0,0.0,0.0,-0.8813009672497004,-0.8184344553837533,0.0,-0.9146342087943904,-0.9183669999368771,0.0,0.0,0.0,0.0,0.0,0.0,0.0,0.0,0.0,0.0,0.0,0.0
8,0.0,0.0,0.0,0.0,0.0,0.0,-1.0630471457785766,-0.9146342087943904,0.0,-0.6962622442794698,-0.8639881458355865,0.0,0.0,0.0,0.0,0.0,0.0,0.0,0.0,0.0,0.0,0.0
9,0.0,0.0,0.0,0.0,0.0,0.0,0.0,-0.9183669999368771,-0.6962622442794698,0.0,-0.8603941942004888,0.0,0.0,0.0,0.0,0.0,0.0,0.0,0.0,0.0,0.0,0.0
10,0.0,0.0,0.0,0.0,0.0,0.0,0.0,0.0,-0.8639881458355865,-0.8603941942004888,0.0,-0.9388602383425619,-0.9987835377072456,-1.1995583756411154,0.0,0.0,0.0,0.0,0.0,0.0,0.0,0.0
11,0.0,0.0,0.0,0.0,0.0,0.0,0.0,0.0,0.0,0.0,-0.9388602383425619,0.0,-0.7426115572632961,-0.9119276616984233,-0.9137050259848281,0.0,0.0,0.0,0.0,0.0,0.0,0.0
12,0.0,0.0,0.0,0.0,0.0,0.0,0.0,0.0,0.0,0.0,-0.9987835377072456,-0.7426115572632961,0.0,-0.8552664993607253,-0.8569743412902159,0.0,0.0,0.0,0.0,0.0,0.0,0.0
13,0.0,0.0,0.0,0.0,0.0,0.0,0.0,0.0,0.0,0.0,-1.1995583756411154,-0.9119276616984233,-0.8552664993607253,0.0,-0.6946328644188009,0.0,0.0,0.0,0.0,0.0,0.0,0.0
14,0.0,0.0,0.0,0.0,0.0,0.0,0.0,0.0,0.0,0.0,0.0,-0.9137050259848281,-0.8569743412902159,-0.6946328644188009,0.0,-1.0027780673465356,0.0,0.0,0.0,0.0,0.0,0.0
15,0.0,0.0,0.0,0.0,0.0,0.0,0.0,0.0,0.0,0.0,0.0,0.0,0.0,0.0,-1.0027780673465356,0.0,-0.7277512654800795,-0.7506261849663257,-0.9115261314599206,0.0,0.0,0.0
16,0.0,0.0,0.0,0.0,0.0,0.0,0.0,0.0,0.0,0.0,0.0,0.0,0.0,0.0,0.0,-0.7277512654800795,0.0,-0.7152779293056349,-0.8713846970096506,-1.154158767325204,0.0,0.0
17,0.0,0.0,0.0,0.0,0.0,0.0,0.0,0.0,0.0,0.0,0.0,0.0,0.0,0.0,0.0,-0.7506261849663257,-0.7152779293056349,0.0,-0.846153433925289,0.0,0.0,0.0
18,0.0,0.0,0.0,0.0,0.0,0.0,0.0,0.0,0.0,0.0,0.0,0.0,0.0,0.0,0.0,-0.9115261314599206,-0.8713846970096506,-0.846153433925289,0.0,-0.9407414491578832,-1.0568580041147702,-1.067199202118375
19,0.0,0.0,0.0,0.0,0.0,0.0,0.0,0.0,0.0,0.0,0.0,0.0,0.0,0.0,0.0,0.0,-1.154158767325204,0.0,-0.9407414491578832,0.0,-0.7893474973936622,-0.7980064892449399
20,0.0,0.0,0.0,0.0,0.0,0.0,0.0,0.0,0.0,0.0,0.0,0.0,0.0,0.0,0.0,0.0,0.0,0.0,-1.0568580041147702,-0.7893474973936622,0.0,-0.7010815869493793
21,0.0,0.0,0.0,0.0,0.0,0.0,0.0,0.0,0.0,0.0,0.0,0.0,0.0,0.0,0.0,0.0,0.0,0.0,-1.067199202118375,-0.7980064892449399,-0.7010815869493793,0.0
