,0,1,2,3,4,5,6,7,8,9,10,11,12,13,14,15,16,17,18,19,20,21,22,23,24,25,26
0,0.0,-2.513658021913444,-2.8552931086202333,-3.4033205550978822,0.0,0.0,0.0,0.0,0.0,0.0,0.0,0.0,0.0,0.0,0.0,0.0,0.0,0.0,0.0,0.0,0.0,0.0,0.0,0.0,0.0,0.0,0.0
1,-2.513658021913444,0.0,-0.8932789272801661,-1.2699511152750214,-1.651798026285963,0.0,0.0,0.0,0.0,0.0,0.0,0.0,0.0,0.0,0.0,0.0,0.0,0.0,0.0,0.0,0.0,0.0,0.0,0.0,0.0,0.0,0.0
2,-2.8552931086202333,-0.8932789272801661,0.0,-1.020432832078819,-1.366519102192797,0.0,0.0,0.0,0.0,0.0,0.0,0.0,0.0,0.0,0.0,0.0,0.0,0.0,0.0,0.0,0.0,0.0,0.0,0.0,0.0,0.0,0.0
3,-3.4033205550978822,-1.2699511152750214,-1.020432832078819,0.0,-0.9732665492857969,-1.1126596081101794,-1.2043536676794955,0.0,0.0,0.0,0.0,0.0,0.0,0.0,0.0,0.0,0.0,0.0,0.0,0.0,0.0,0.0,0.0,0.0,0.0,0.0,0.0
4,0.0,-1.651798026285963,-1.366519102192797,-0.9732665492857969,0.0,-0.8066617566078405,-0.8828802258102278,-0.9163027087770018,0.0,0.0,0.0,0.0,0.0,0.0,0.0,0.0,0.0,0.0,0.0,0.0,0.0,0.0,0.0,0.0,0.0,0.0,0.0
5,0.0,0.0,0.0,-1.1126596081101794,-0.8066617566078405,0.0,-0.7622284103898165,-0.792673661147131,0.0,0.0,0.0,0.0,0.0,0.0,0.0,0.0,0.0,0.0,0.0,0.0,0.0,0.0,0.0,0.0,0.0,0.0,0.0
6,0.0,0.0,0.0,-1.2043536676794955,-0.8828802258102278,-0.7622284103898165,0.0,-0.7217143417447925,0.0,-0.8462714352805544,0.0,0.0,0.0,0.0,0.0,0.0,0.0,0.0,0.0,0.0,0.0,0.0,0.0,0.0,0.0,0.0,0.0
7,0.0,0.0,0.0,0.0,-0.9163027087770018,-0.792673661147131,-0.7217143417447925,0.0,0.0,-0.81449123455278,0.0,0.0,0.0,0.0,0.0,0.0,0.0,0.0,0.0,0.0,0.0,0.0,0.0,0.0,0.0,0.0,0.0
8,0.0,0.0,0.0,0.0,0.0,0.0,0.0,0.0,0.0,-0.7183877567857418,-0.7203994683537348,-0.7567181712934155,0.0,0.0,0.0,0.0,0.0,0.0,0.0,0.0,0.0,0.0,0.0,0.0,0.0,0.0,0.0
9,0.0,0.0,0.0,0.0,0.0,0.0,-0.8462714352805544,-0.81449123455278,-0.7183877567857418,0.0,-0.6951100181738957,-0.730562674628248,0.0,0.0,0.0,0.0,0.0,0.0,0.0,0.0,0.0,0.0,0.0,0.0,0.0,0.0,0.0
10,0.0,0.0,0.0,0.0,0.0,0.0,0.0,0.0,-0.7203994683537348,-0.6951100181738957,0.0,-0.7285316666963221,0.0,0.0,0.0,0.0,0.0,0.0,0.0,0.0,0.0,0.0,0.0,0.0,0.0,0.0,0.0
11,0.0,0.0,0.0,0.0,0.0,0.0,0.0,0.0,-0.7567181712934155,-0.730562674628248,-0.7285316666963221,0.0,-0.7063999995526437,-0.7605153887597699,-0.7919621678020624,0.0,0.0,0.0,0.0,0.0,0.0,0.0,0.0,0.0,0.0,0.0,0.0
12,0.0,0.0,0.0,0.0,0.0,0.0,0.0,0.0,0.0,0.0,0.0,-0.7063999995526437,0.0,-0.746577831281828,-0.7776431960402964,0.0,0.0,0.0,0.0,0.0,0.0,0.0,0.0,0.0,0.0,0.0,0.0
13,0.0,0.0,0.0,0.0,0.0,0.0,0.0,0.0,0.0,0.0,0.0,-0.7605153887597699,-0.746577831281828,0.0,-0.7226986730738202,0.0,0.0,0.0,0.0,0.0,0.0,0.0,0.0,0.0,0.0,0.0,0.0
14,0.0,0.0,0.0,0.0,0.0,0.0,0.0,0.0,0.0,0.0,0.0,-0.7919621678020624,-0.7776431960402964,-0.7226986730738202,0.0,-0.7946650426816809,0.0,-0.8370042583558407,0.0,0.0,0.0,0.0,0.0,0.0,0.0,0.0,0.0
15,0.0,0.0,0.0,0.0,0.0,0.0,0.0,0.0,0.0,0.0,0.0,0.0,0.0,0.0,-0.7946650426816809,0.0,-0.7101039565572284,-0.7318301348097588,0.0,0.0,0.0,0.0,0.0,0.0,0.0,0.0,0.0
16,0.0,0.0,0.0,0.0,0.0,0.0,0.0,0.0,0.0,0.0,0.0,0.0,0.0,0.0,0.0,-0.7101039565572284,0.0,-0.7145179107005124,-0.7475144481273815,-0.7545164634066359,0.0,0.0,0.0,0.0,0.0,0.0,0.0
17,0.0,0.0,0.0,0.0,0.0,0.0,0.0,0.0,0.0,0.0,0.0,0.0,0.0,0.0,-0.8370042583558407,-0.7318301348097588,-0.7145179107005124,0.0,0.0,-0.7323335312745465,0.0,0.0,0.0,0.0,-1.0854833203790628,0.0,0.0
18,0.0,0.0,0.0,0.0,0.0,0.0,0.0,0.0,0.0,0.0,0.0,0.0,0.0,0.0,0.0,0.0,-0.7475144481273815,0.0,0.0,-0.699798467158492,-0.8305539805371426,0.0,0.0,0.0,0.0,0.0,0.0
19,0.0,0.0,0.0,0.0,0.0,0.0,0.0,0.0,0.0,0.0,0.0,0.0,0.0,0.0,0.0,0.0,-0.7545164634066359,-0.7323335312745465,-0.699798467158492,0.0,0.0,-0.8419024695323972,-0.8653665516397921,0.0,0.0,0.0,0.0
20,0.0,0.0,0.0,0.0,0.0,0.0,0.0,0.0,0.0,0.0,0.0,0.0,0.0,0.0,0.0,0.0,0.0,0.0,-0.8305539805371426,0.0,0.0,0.0,-0.7309124847289126,0.0,-0.8842967471241061,0.0,0.0
21,0.0,0.0,0.0,0.0,0.0,0.0,0.0,0.0,0.0,0.0,0.0,0.0,0.0,0.0,0.0,0.0,0.0,0.0,0.0,-0.8419024695323972,0.0,0.0,-0.7137910921892338,-0.8096387122717003,0.0,-1.2023573882935703,0.0
22,0.0,0.0,0.0,0.0,0.0,0.0,0.0,0.0,0.0,0.0,0.0,0.0,0.0,0.0,0.0,0.0,0.0,0.0,0.0,-0.8653665516397921,-0.7309124847289126,-0.7137910921892338,0.0,-0.7871630558879239,-0.8414367368570009,0.0,-1.2758173248340514
23,0.0,0.0,0.0,0.0,0.0,0.0,0.0,0.0,0.0,0.0,0.0,0.0,0.0,0.0,0.0,0.0,0.0,0.0,0.0,0.0,0.0,-0.8096387122717003,-0.7871630558879239,0.0,0.0,-1.0531612269884014,-1.149454335349885
24,0.0,0.0,0.0,0.0,0.0,0.0,0.0,0.0,0.0,0.0,0.0,0.0,0.0,0.0,0.0,0.0,0.0,-1.0854833203790628,0.0,0.0,-0.8842967471241061,0.0,-0.8414367368570009,0.0,0.0,0.0,0.0
25,0.0,0.0,0.0,0.0,0.0,0.0,0.0,0.0,0.0,0.0,0.0,0.0,0.0,0.0,0.0,0.0,0.0,0.0,0.0,0.0,0.0,-1.2023573882935703,0.0,-1.0531612269884014,0.0,0.0,-0.7678982589925939
26,0.0,0.0,0.0,0.0,0.0,0.0,0.0,0.0,0.0,0.0,0.0,0.0,0.0,0.0,0.0,0.0,0.0,0.0,0.0,0.0,0.0,0.0,-1.2758173248340514,-1.149454335349885,0.0,-0.7678982589925939,0.0
