,0,1,2,3,4,5,6,7,8,9,10,11,12,13,14,15,16,17,18,19,20,21,22,23,24,25,26
0,0.0,-1.03069665499406,-2.0964405956074152,-2.301499873155125,0.0,0.0,0.0,0.0,0.0,0.0,0.0,0.0,0.0,0.0,0.0,0.0,0.0,0.0,0.0,0.0,0.0,0.0,0.0,0.0,0.0,0.0,0.0
1,-1.03069665499406,0.0,-1.6010930475305125,-1.7893591503855752,-1.8320964821849943,0.0,0.0,0.0,0.0,0.0,0.0,0.0,0.0,0.0,0.0,0.0,0.0,0.0,0.0,0.0,0.0,0.0,0.0,0.0,0.0,0.0,0.0
2,-2.0964405956074152,-1.6010930475305125,0.0,-0.8151377901239699,-0.8439399661556714,-0.8995633258836372,0.0,0.0,0.0,0.0,0.0,0.0,0.0,0.0,0.0,0.0,0.0,0.0,0.0,0.0,0.0,0.0,0.0,0.0,0.0,0.0,0.0
3,-2.301499873155125,-1.7893591503855752,-0.8151377901239699,0.0,-0.7190203944317385,-0.7691978238018662,0.0,0.0,0.0,0.0,0.0,0.0,0.0,0.0,0.0,0.0,0.0,0.0,0.0,0.0,0.0,0.0,0.0,0.0,0.0,0.0,0.0
4,0.0,-1.8320964821849943,-0.8439399661556714,-0.7190203944317385,0.0,-0.7421050198258192,0.0,0.0,0.0,0.0,0.0,0.0,0.0,0.0,0.0,0.0,0.0,0.0,0.0,0.0,0.0,0.0,0.0,0.0,0.0,0.0,0.0
5,0.0,0.0,-0.8995633258836372,-0.7691978238018662,-0.7421050198258192,0.0,-1.1128075192926896,-1.1229980567688227,0.0,0.0,0.0,0.0,0.0,0.0,0.0,0.0,0.0,0.0,0.0,0.0,0.0,0.0,0.0,0.0,0.0,0.0,0.0
6,0.0,0.0,0.0,0.0,0.0,-1.1128075192926896,0.0,0.0,-0.7481725898660511,-0.7961028816648583,-0.8442157658545506,0.0,0.0,0.0,0.0,0.0,0.0,0.0,0.0,0.0,0.0,0.0,0.0,0.0,0.0,0.0,0.0
7,0.0,0.0,0.0,0.0,0.0,-1.1229980567688227,0.0,0.0,-0.7402252357975688,-0.7878200077525036,-0.8356117796558709,0.0,0.0,0.0,0.0,0.0,0.0,0.0,0.0,0.0,0.0,0.0,0.0,0.0,0.0,0.0,0.0
8,0.0,0.0,0.0,0.0,0.0,0.0,-0.7481725898660511,-0.7402252357975688,0.0,-0.7386963619153305,-0.7845258115608628,0.0,0.0,0.0,0.0,0.0,0.0,0.0,0.0,0.0,0.0,0.0,0.0,0.0,0.0,0.0,0.0
9,0.0,0.0,0.0,0.0,0.0,0.0,-0.7961028816648583,-0.7878200077525036,-0.7386963619153305,0.0,-0.7370652226105305,0.0,0.0,0.0,0.0,0.0,0.0,0.0,0.0,0.0,0.0,0.0,0.0,0.0,0.0,0.0,0.0
10,0.0,0.0,0.0,0.0,0.0,0.0,-0.8442157658545506,-0.8356117796558709,-0.7845258115608628,-0.7370652226105305,0.0,-0.8198653798429061,0.0,0.0,0.0,0.0,0.0,0.0,0.0,0.0,0.0,0.0,0.0,0.0,0.0,0.0,0.0
11,0.0,0.0,0.0,0.0,0.0,0.0,0.0,0.0,0.0,0.0,-0.8198653798429061,0.0,-0.808626017449029,-0.9173335401602162,0.0,0.0,0.0,0.0,0.0,0.0,0.0,0.0,0.0,0.0,0.0,0.0,0.0
12,0.0,0.0,0.0,0.0,0.0,0.0,0.0,0.0,0.0,0.0,0.0,-0.808626017449029,0.0,-0.7916737303162982,-0.8722668084249786,0.0,0.0,-1.014654942915697,0.0,0.0,0.0,0.0,0.0,0.0,0.0,0.0,0.0
13,0.0,0.0,0.0,0.0,0.0,0.0,0.0,0.0,0.0,0.0,0.0,-0.9173335401602162,-0.7916737303162982,0.0,-0.7670760899622505,0.0,-0.8302866071942643,0.0,0.0,0.0,0.0,0.0,0.0,0.0,0.0,0.0,0.0
14,0.0,0.0,0.0,0.0,0.0,0.0,0.0,0.0,0.0,0.0,0.0,0.0,-0.8722668084249786,-0.7670760899622505,0.0,-0.7415519307777085,-0.7522746364849033,-0.8166601328233685,-0.8689325729583803,0.0,0.0,0.0,0.0,0.0,0.0,0.0,0.0
15,0.0,0.0,0.0,0.0,0.0,0.0,0.0,0.0,0.0,0.0,0.0,0.0,0.0,0.0,-0.7415519307777085,0.0,-0.7033885475038688,-0.7649853050103024,0.0,0.0,0.0,0.0,0.0,0.0,0.0,0.0,0.0
16,0.0,0.0,0.0,0.0,0.0,0.0,0.0,0.0,0.0,0.0,0.0,0.0,0.0,-0.8302866071942643,-0.7522746364849033,-0.7033885475038688,0.0,-0.7541412188002307,0.0,0.0,-0.8762057804029094,0.0,0.0,0.0,0.0,0.0,0.0
17,0.0,0.0,0.0,0.0,0.0,0.0,0.0,0.0,0.0,0.0,0.0,0.0,-1.014654942915697,0.0,-0.8166601328233685,-0.7649853050103024,-0.7541412188002307,0.0,0.0,0.0,0.0,0.0,0.0,0.0,0.0,0.0,0.0
18,0.0,0.0,0.0,0.0,0.0,0.0,0.0,0.0,0.0,0.0,0.0,0.0,0.0,0.0,-0.8689325729583803,0.0,0.0,0.0,0.0,-0.6944344957044,0.0,-0.7590803813563992,-0.7909818955124479,0.0,0.0,0.0,0.0
19,0.0,0.0,0.0,0.0,0.0,0.0,0.0,0.0,0.0,0.0,0.0,0.0,0.0,0.0,0.0,0.0,0.0,0.0,-0.6944344957044,0.0,0.0,-0.7577126315358984,-0.7895763260688431,-0.8306624918487695,-0.8822575149531026,0.0,0.0
20,0.0,0.0,0.0,0.0,0.0,0.0,0.0,0.0,0.0,0.0,0.0,0.0,0.0,0.0,0.0,0.0,-0.8762057804029094,0.0,0.0,0.0,0.0,0.0,-0.7233383717261168,0.0,0.0,-0.8662656326897644,0.0
21,0.0,0.0,0.0,0.0,0.0,0.0,0.0,0.0,0.0,0.0,0.0,0.0,0.0,0.0,0.0,0.0,0.0,0.0,-0.7590803813563992,-0.7577126315358984,0.0,0.0,-0.723163680732331,0.0,0.0,0.0,0.0
22,0.0,0.0,0.0,0.0,0.0,0.0,0.0,0.0,0.0,0.0,0.0,0.0,0.0,0.0,0.0,0.0,0.0,0.0,-0.7909818955124479,-0.7895763260688431,-0.7233383717261168,-0.723163680732331,0.0,0.0,-0.7783485882715073,-0.8322205611585508,-0.9048486123953962
23,0.0,0.0,0.0,0.0,0.0,0.0,0.0,0.0,0.0,0.0,0.0,0.0,0.0,0.0,0.0,0.0,0.0,0.0,0.0,-0.8306624918487695,0.0,0.0,0.0,0.0,-0.7390005485595251,-0.7910839650584991,-0.8614437248966446
24,0.0,0.0,0.0,0.0,0.0,0.0,0.0,0.0,0.0,0.0,0.0,0.0,0.0,0.0,0.0,0.0,0.0,0.0,0.0,-0.8822575149531026,0.0,0.0,-0.7783485882715073,-0.7390005485595251,0.0,-0.7430512638097012,-0.8106346565720043
25,0.0,0.0,0.0,0.0,0.0,0.0,0.0,0.0,0.0,0.0,0.0,0.0,0.0,0.0,0.0,0.0,0.0,0.0,0.0,0.0,-0.8662656326897644,0.0,-0.8322205611585508,-0.7910839650584991,-0.7430512638097012,0.0,0.0
26,0.0,0.0,0.0,0.0,0.0,0.0,0.0,0.0,0.0,0.0,0.0,0.0,0.0,0.0,0.0,0.0,0.0,0.0,0.0,0.0,0.0,0.0,-0.9048486123953962,-0.8614437248966446,-0.8106346565720043,0.0,0.0
