,0,1,2,3,4,5,6,7,8,9,10,11,12,13,14,15,16,17,18
0,0.0,-1.6433576572076734,-1.927785991654596,-2.8647583598224022,0.0,0.0,0.0,0.0,0.0,0.0,0.0,0.0,0.0,0.0,0.0,0.0,0.0,0.0,0.0
1,-1.6433576572076734,0.0,-0.8787350732098436,-1.6024528474159756,-2.050677431573172,0.0,0.0,0.0,0.0,0.0,0.0,0.0,0.0,0.0,0.0,0.0,0.0,0.0,0.0
2,-1.927785991654596,-0.8787350732098436,0.0,-1.33933026348513,-1.7597513320806295,0.0,0.0,0.0,0.0,0.0,0.0,0.0,0.0,0.0,0.0,0.0,0.0,0.0,0.0
3,-2.8647583598224022,-1.6024528474159756,-1.33933026348513,0.0,-0.9962671355224947,-1.0409989929692733,-1.152432845743145,0.0,0.0,0.0,0.0,0.0,0.0,0.0,0.0,0.0,0.0,0.0,0.0
4,0.0,-2.050677431573172,-1.7597513320806295,-0.9962671355224947,0.0,-0.7287696978947502,0.0,-0.9804855644496999,0.0,0.0,0.0,0.0,0.0,0.0,0.0,0.0,0.0,0.0,0.0
5,0.0,0.0,0.0,-1.0409989929692733,-0.7287696978947502,0.0,-0.7803441236856653,-0.9373102128684656,-0.9896584496957564,0.0,0.0,0.0,0.0,0.0,0.0,0.0,0.0,0.0,0.0
6,0.0,0.0,0.0,-1.152432845743145,0.0,-0.7803441236856653,0.0,-0.8388546982779095,-0.8877995020574403,0.0,0.0,0.0,0.0,0.0,0.0,0.0,0.0,0.0,0.0
7,0.0,0.0,0.0,0.0,-0.9804855644496999,-0.9373102128684656,-0.8388546982779095,0.0,-0.7363723556280424,0.0,0.0,0.0,0.0,0.0,0.0,0.0,0.0,0.0,0.0
8,0.0,0.0,0.0,0.0,0.0,-0.9896584496957564,-0.8877995020574403,-0.7363723556280424,0.0,-0.9288252364861738,-0.9638572140028032,0.0,0.0,0.0,0.0,0.0,0.0,0.0,0.0
9,0.0,0.0,0.0,0.0,0.0,0.0,0.0,0.0,-0.9288252364861738,0.0,-0.7221873990288277,-0.7689046828256642,0.0,-0.8547753694480892,0.0,0.0,0.0,0.0,0.0
10,0.0,0.0,0.0,0.0,0.0,0.0,0.0,0.0,-0.9638572140028032,-0.7221873990288277,0.0,-0.7385935930983,0.0,-0.8222738804984733,0.0,0.0,0.0,0.0,0.0
11,0.0,0.0,0.0,0.0,0.0,0.0,0.0,0.0,0.0,-0.7689046828256642,-0.7385935930983,0.0,-0.7282569213010653,-0.7734068000263783,-0.789961492239558,-0.9185951368637185,0.0,0.0,0.0
12,0.0,0.0,0.0,0.0,0.0,0.0,0.0,0.0,0.0,0.0,0.0,-0.7282569213010653,0.0,0.0,-0.7528541162798172,-0.8776883951553048,0.0,0.0,0.0
13,0.0,0.0,0.0,0.0,0.0,0.0,0.0,0.0,0.0,-0.8547753694480892,-0.8222738804984733,-0.7734068000263783,0.0,0.0,0.0,0.0,0.0,0.0,0.0
14,0.0,0.0,0.0,0.0,0.0,0.0,0.0,0.0,0.0,0.0,0.0,-0.789961492239558,-0.7528541162798172,0.0,0.0,-0.8115314056699046,0.0,0.0,0.0
15,0.0,0.0,0.0,0.0,0.0,0.0,0.0,0.0,0.0,0.0,0.0,-0.9185951368637185,-0.8776883951553048,0.0,-0.8115314056699046,0.0,-1.1266712950179538,-1.256030336939681,-1.4114011190690872
16,0.0,0.0,0.0,0.0,0.0,0.0,0.0,0.0,0.0,0.0,0.0,0.0,0.0,0.0,0.0,-1.1266712950179538,0.0,-0.7904196745011736,-0.9112226313060691
17,0.0,0.0,0.0,0.0,0.0,0.0,0.0,0.0,0.0,0.0,0.0,0.0,0.0,0.0,0.0,-1.256030336939681,-0.7904196745011736,0.0,-0.8042505008880774
18,0.0,0.0,0.0,0.0,0.0,0.0,0.0,0.0,0.0,0.0,0.0,0.0,0.0,0.0,0.0,-1.4114011190690872,-0.9112226313060691,-0.8042505008880774,0.0
