,0,1,2,3,4,5,6,7,8,9,10,11,12,13,14,15,16,17,18,19,20,21,22,23
0,0.0,-1.161693178202349,-1.2033221246757457,-1.8559866714572073,0.0,0.0,0.0,0.0,0.0,0.0,0.0,0.0,0.0,0.0,0.0,0.0,0.0,0.0,0.0,0.0,0.0,0.0,0.0,0.0
1,-1.161693178202349,0.0,-0.723613450124949,-1.2409359829565791,-1.7908539777687242,0.0,0.0,0.0,0.0,0.0,0.0,0.0,0.0,0.0,0.0,0.0,0.0,0.0,0.0,0.0,0.0,0.0,0.0,0.0
2,-1.2033221246757457,-0.723613450124949,0.0,-1.198633679598442,-1.741090403556073,0.0,0.0,0.0,0.0,0.0,0.0,0.0,0.0,0.0,0.0,0.0,0.0,0.0,0.0,0.0,0.0,0.0,0.0,0.0
3,-1.8559866714572073,-1.2409359829565791,-1.198633679598442,0.0,-1.1089793313272716,-1.3020914267103683,-1.3945142718829175,0.0,0.0,0.0,0.0,0.0,0.0,0.0,0.0,0.0,0.0,0.0,0.0,0.0,0.0,0.0,0.0,0.0
4,0.0,-1.7908539777687242,-1.741090403556073,-1.1089793313272716,0.0,-0.8406568005877432,-0.9135538723048099,-0.9526137420185405,0.0,0.0,0.0,0.0,0.0,0.0,0.0,0.0,0.0,0.0,0.0,0.0,0.0,0.0,0.0,0.0
5,0.0,0.0,0.0,-1.3020914267103683,-0.8406568005877432,0.0,-0.7575291258805845,-0.7922476452262941,-0.8932387563186233,0.0,0.0,0.0,0.0,0.0,0.0,0.0,0.0,0.0,0.0,0.0,0.0,0.0,0.0,0.0
6,0.0,0.0,0.0,-1.3945142718829175,-0.9135538723048099,-0.7575291258805845,0.0,-0.7258609091731152,-0.8213805032638795,0.0,0.0,0.0,0.0,0.0,0.0,0.0,0.0,0.0,0.0,0.0,0.0,0.0,0.0,0.0
7,0.0,0.0,0.0,0.0,-0.9526137420185405,-0.7922476452262941,-0.7258609091731152,0.0,-0.7858221713431707,0.0,0.0,0.0,0.0,0.0,0.0,0.0,0.0,0.0,0.0,0.0,0.0,0.0,0.0,0.0
8,0.0,0.0,0.0,0.0,0.0,-0.8932387563186233,-0.8213805032638795,-0.7858221713431707,0.0,-0.7120187879752253,-0.7121812610997278,0.0,0.0,-0.7436687096522704,0.0,0.0,0.0,0.0,0.0,0.0,0.0,0.0,0.0,0.0
9,0.0,0.0,0.0,0.0,0.0,0.0,0.0,0.0,-0.7120187879752253,0.0,-0.6933066722841309,-0.7122157295414354,-0.7153705332480768,0.0,-0.7700691420907589,0.0,0.0,0.0,0.0,0.0,0.0,0.0,0.0,0.0
10,0.0,0.0,0.0,0.0,0.0,0.0,0.0,0.0,-0.7121812610997278,-0.6933066722841309,0.0,-0.7120532510236576,0.0,0.0,-0.769897868241542,0.0,0.0,0.0,0.0,0.0,0.0,0.0,0.0,0.0
11,0.0,0.0,0.0,0.0,0.0,0.0,0.0,0.0,0.0,-0.7122157295414354,-0.7120532510236576,0.0,-0.6962435917373768,-0.7049353373458929,-0.7499580107971694,0.0,0.0,0.0,0.0,0.0,0.0,0.0,0.0,0.0
12,0.0,0.0,0.0,0.0,0.0,0.0,0.0,0.0,0.0,-0.7153705332480768,0.0,-0.6962435917373768,0.0,-0.7018122531235078,0.0,0.0,0.0,0.0,0.0,0.0,0.0,0.0,0.0,0.0
13,0.0,0.0,0.0,0.0,0.0,0.0,0.0,0.0,-0.7436687096522704,0.0,0.0,-0.7049353373458929,-0.7018122531235078,0.0,0.0,0.0,0.0,0.0,0.0,0.0,0.0,0.0,0.0,0.0
14,0.0,0.0,0.0,0.0,0.0,0.0,0.0,0.0,0.0,-0.7700691420907589,-0.769897868241542,-0.7499580107971694,0.0,0.0,0.0,0.0,0.0,0.0,0.0,0.0,0.0,0.0,0.0,0.0
15,0.0,0.0,0.0,0.0,0.0,0.0,0.0,0.0,0.0,0.0,0.0,0.0,0.0,0.0,0.0,0.0,-0.8032714631288805,-0.8571094467391245,-0.9668679778736327,0.0,0.0,0.0,0.0,0.0
16,0.0,0.0,0.0,0.0,0.0,0.0,0.0,0.0,0.0,0.0,0.0,0.0,0.0,0.0,0.0,-0.8032714631288805,0.0,-0.7420233705715165,-0.8423901876278196,0.0,0.0,0.0,0.0,0.0
17,0.0,0.0,0.0,0.0,0.0,0.0,0.0,0.0,0.0,0.0,0.0,0.0,0.0,0.0,0.0,-0.8571094467391245,-0.7420233705715165,0.0,-0.7891567347238863,0.0,0.0,0.0,0.0,0.0
18,0.0,0.0,0.0,0.0,0.0,0.0,0.0,0.0,0.0,0.0,0.0,0.0,0.0,0.0,0.0,-0.9668679778736327,-0.8423901876278196,-0.7891567347238863,0.0,-0.727251537114473,-0.8926841613313137,0.0,0.0,0.0
19,0.0,0.0,0.0,0.0,0.0,0.0,0.0,0.0,0.0,0.0,0.0,0.0,0.0,0.0,0.0,0.0,0.0,0.0,-0.727251537114473,0.0,-0.8536210594619,-1.0029537453443107,0.0,0.0
20,0.0,0.0,0.0,0.0,0.0,0.0,0.0,0.0,0.0,0.0,0.0,0.0,0.0,0.0,0.0,0.0,0.0,0.0,-0.8926841613313137,-0.8536210594619,0.0,-0.8244067372425449,-0.8436975402478688,-1.1052252115884922
21,0.0,0.0,0.0,0.0,0.0,0.0,0.0,0.0,0.0,0.0,0.0,0.0,0.0,0.0,0.0,0.0,0.0,0.0,0.0,-1.0029537453443107,-0.8244067372425449,0.0,-0.7103430060592079,-0.9467813116141212
22,0.0,0.0,0.0,0.0,0.0,0.0,0.0,0.0,0.0,0.0,0.0,0.0,0.0,0.0,0.0,0.0,0.0,0.0,0.0,0.0,-0.8436975402478688,-0.7103430060592079,0.0,-0.9260495273456578
23,0.0,0.0,0.0,0.0,0.0,0.0,0.0,0.0,0.0,0.0,0.0,0.0,0.0,0.0,0.0,0.0,0.0,0.0,0.0,0.0,-1.1052252115884922,-0.9467813116141212,-0.9260495273456578,0.0
