,0,1,2,3,4,5,6,7,8,9,10,11,12,13,14,15,16,17,18,19,20,21,22,23,24,25
0,0.0,-2.367538907479309,-2.385461909983599,0.0,-2.750634901402149,0.0,0.0,0.0,0.0,0.0,0.0,0.0,0.0,0.0,0.0,0.0,0.0,0.0,0.0,0.0,0.0,0.0,0.0,0.0,0.0,0.0
1,-2.367538907479309,0.0,-0.7030750088257306,-0.8853216830331198,-0.9223079153383331,0.0,0.0,0.0,0.0,0.0,0.0,0.0,0.0,0.0,0.0,0.0,0.0,0.0,0.0,0.0,0.0,0.0,0.0,0.0,0.0,0.0
2,-2.385461909983599,-0.7030750088257306,0.0,-0.8737627897878059,-0.9104524785712779,0.0,0.0,0.0,0.0,0.0,0.0,0.0,0.0,0.0,0.0,0.0,0.0,0.0,0.0,0.0,0.0,0.0,0.0,0.0,0.0,0.0
3,0.0,-0.8853216830331198,-0.8737627897878059,0.0,-0.7247150828505255,-0.9673127082122258,0.0,0.0,0.0,0.0,0.0,0.0,0.0,0.0,0.0,0.0,0.0,0.0,0.0,0.0,0.0,0.0,0.0,0.0,0.0,0.0
4,-2.750634901402149,-0.9223079153383331,-0.9104524785712779,-0.7247150828505255,0.0,0.0,0.0,0.0,0.0,0.0,0.0,0.0,0.0,0.0,0.0,0.0,0.0,0.0,0.0,0.0,0.0,0.0,0.0,0.0,0.0,0.0
5,0.0,0.0,0.0,-0.9673127082122258,0.0,0.0,-0.8768331195780195,-0.9414989253814112,-0.9531257020155449,0.0,0.0,0.0,0.0,0.0,0.0,0.0,0.0,0.0,0.0,0.0,0.0,0.0,0.0,0.0,0.0,0.0
6,0.0,0.0,0.0,0.0,0.0,-0.8768331195780195,0.0,-0.7487744222858971,-0.7588288472124574,-0.8800242703223217,0.0,0.0,0.0,0.0,0.0,0.0,0.0,0.0,0.0,0.0,0.0,0.0,0.0,0.0,0.0,0.0
7,0.0,0.0,0.0,0.0,0.0,-0.9414989253814112,-0.7487744222858971,0.0,-0.7026879566903556,-0.8180632401608621,0.0,0.0,0.0,0.0,0.0,0.0,0.0,0.0,0.0,0.0,0.0,0.0,0.0,0.0,0.0,0.0
8,0.0,0.0,0.0,0.0,0.0,-0.9531257020155449,-0.7588288472124574,-0.7026879566903556,0.0,-0.8074969723903496,0.0,0.0,0.0,0.0,0.0,0.0,0.0,0.0,0.0,0.0,0.0,0.0,0.0,0.0,0.0,0.0
9,0.0,0.0,0.0,0.0,0.0,0.0,-0.8800242703223217,-0.8180632401608621,-0.8074969723903496,0.0,0.0,-0.8339884936558505,-0.8606591626993363,0.0,0.0,0.0,0.0,0.0,0.0,0.0,0.0,0.0,0.0,0.0,0.0,0.0
10,0.0,0.0,0.0,0.0,0.0,0.0,0.0,0.0,0.0,0.0,0.0,-0.704169505302558,-0.7280352259200469,-0.8548031404119251,0.0,0.0,0.0,0.0,0.0,0.0,0.0,0.0,0.0,0.0,0.0,0.0
11,0.0,0.0,0.0,0.0,0.0,0.0,0.0,0.0,0.0,-0.8339884936558505,-0.704169505302558,0.0,-0.7167571573247663,-0.842263417894452,-0.8703242652335726,0.0,0.0,0.0,0.0,0.0,0.0,0.0,0.0,0.0,0.0,0.0
12,0.0,0.0,0.0,0.0,0.0,0.0,0.0,0.0,0.0,-0.8606591626993363,-0.7280352259200469,-0.7167571573247663,0.0,-0.8159603977604192,0.0,0.0,0.0,0.0,0.0,0.0,0.0,0.0,0.0,0.0,0.0,0.0
13,0.0,0.0,0.0,0.0,0.0,0.0,0.0,0.0,0.0,0.0,-0.8548031404119251,-0.842263417894452,-0.8159603977604192,0.0,-0.7178354964806295,-0.7338406723382225,0.0,-0.8565096418154972,0.0,0.0,0.0,0.0,0.0,0.0,0.0,0.0
14,0.0,0.0,0.0,0.0,0.0,0.0,0.0,0.0,0.0,0.0,0.0,-0.8703242652335726,0.0,-0.7178354964806295,0.0,-0.70877430616248,0.0,-0.8287340262175742,0.0,0.0,0.0,0.0,0.0,0.0,0.0,0.0
15,0.0,0.0,0.0,0.0,0.0,0.0,0.0,0.0,0.0,0.0,0.0,0.0,0.0,-0.7338406723382225,-0.70877430616248,0.0,0.0,-0.8113793540670519,0.0,0.0,0.0,-1.0750271102322917,0.0,0.0,0.0,0.0
16,0.0,0.0,0.0,0.0,0.0,0.0,0.0,0.0,0.0,0.0,0.0,0.0,0.0,0.0,0.0,0.0,0.0,-0.7457640469409585,-0.865145508932615,-0.9552612422519267,0.0,0.0,0.0,0.0,0.0,0.0
17,0.0,0.0,0.0,0.0,0.0,0.0,0.0,0.0,0.0,0.0,0.0,0.0,0.0,-0.8565096418154972,-0.8287340262175742,-0.8113793540670519,-0.7457640469409585,0.0,0.0,0.0,-0.9071200719394795,-0.9332698887964107,0.0,0.0,0.0,0.0
18,0.0,0.0,0.0,0.0,0.0,0.0,0.0,0.0,0.0,0.0,0.0,0.0,0.0,0.0,0.0,0.0,-0.865145508932615,0.0,0.0,-0.771434136627472,0.0,0.0,-1.0685851922425673,0.0,0.0,0.0
19,0.0,0.0,0.0,0.0,0.0,0.0,0.0,0.0,0.0,0.0,0.0,0.0,0.0,0.0,0.0,0.0,-0.9552612422519267,0.0,-0.771434136627472,0.0,-0.7047839288195096,0.0,0.0,0.0,0.0,0.0
20,0.0,0.0,0.0,0.0,0.0,0.0,0.0,0.0,0.0,0.0,0.0,0.0,0.0,0.0,0.0,0.0,0.0,-0.9071200719394795,0.0,-0.7047839288195096,0.0,-0.7151193942271674,0.0,0.0,0.0,0.0
21,0.0,0.0,0.0,0.0,0.0,0.0,0.0,0.0,0.0,0.0,0.0,0.0,0.0,0.0,0.0,-1.0750271102322917,0.0,-0.9332698887964107,0.0,0.0,-0.7151193942271674,0.0,0.0,0.0,0.0,0.0
22,0.0,0.0,0.0,0.0,0.0,0.0,0.0,0.0,0.0,0.0,0.0,0.0,0.0,0.0,0.0,0.0,0.0,0.0,-1.0685851922425673,0.0,0.0,0.0,0.0,-0.806329565486485,-0.8607647465697396,-0.9652748246634827
23,0.0,0.0,0.0,0.0,0.0,0.0,0.0,0.0,0.0,0.0,0.0,0.0,0.0,0.0,0.0,0.0,0.0,0.0,0.0,0.0,0.0,0.0,-0.806329565486485,0.0,-0.7424477417340097,-0.8377845926435271
24,0.0,0.0,0.0,0.0,0.0,0.0,0.0,0.0,0.0,0.0,0.0,0.0,0.0,0.0,0.0,0.0,0.0,0.0,0.0,0.0,0.0,0.0,-0.8607647465697396,-0.7424477417340097,0.0,-0.7843017182557873
25,0.0,0.0,0.0,0.0,0.0,0.0,0.0,0.0,0.0,0.0,0.0,0.0,0.0,0.0,0.0,0.0,0.0,0.0,0.0,0.0,0.0,0.0,-0.9652748246634827,-0.8377845926435271,-0.7843017182557873,0.0
