,0,1,2,3,4,5,6,7,8,9,10,11,12,13
0,0.0,-2.4020219224231467,-2.4030159771201243,-2.5164473365418036,0.0,0.0,0.0,0.0,0.0,0.0,0.0,0.0,0.0,0.0
1,-2.4020219224231467,0.0,-0.6936938078745302,-0.7576686784743621,-1.5241893686315764,0.0,0.0,0.0,0.0,0.0,0.0,0.0,0.0,0.0
2,-2.4030159771201243,-0.6936938078745302,0.0,-0.7570882030651148,-1.5233345575394777,0.0,0.0,0.0,0.0,0.0,0.0,0.0,0.0,0.0
3,-2.5164473365418036,-0.7576686784743621,-0.7570882030651148,0.0,-1.4276765931914557,0.0,0.0,0.0,0.0,0.0,0.0,0.0,0.0,0.0
4,0.0,-1.5241893686315764,-1.5233345575394777,-1.4276765931914557,0.0,-0.738331372092652,-0.9750107419113684,0.0,-1.333109387408029,0.0,0.0,0.0,0.0,0.0
5,0.0,0.0,0.0,0.0,-0.738331372092652,0.0,-0.9208696055199593,0.0,-1.2687750506768058,0.0,0.0,0.0,0.0,0.0
6,0.0,0.0,0.0,0.0,-0.9750107419113684,-0.9208696055199593,0.0,-0.9084439795057377,0.0,-1.0832393229514496,-1.089945266861737,0.0,0.0,0.0
7,0.0,0.0,0.0,0.0,0.0,0.0,-0.9084439795057377,0.0,-0.7619626900319294,-0.841574971089448,-0.8473455593613328,0.0,0.0,0.0
8,0.0,0.0,0.0,0.0,-1.333109387408029,-1.2687750506768058,0.0,-0.7619626900319294,0.0,-0.7679763225772588,0.0,0.0,-1.0422714822068337,0.0
9,0.0,0.0,0.0,0.0,0.0,0.0,-1.0832393229514496,-0.841574971089448,-0.7679763225772588,0.0,-0.6982200446971822,-0.8974104165899267,-0.9511781694761353,0.0
10,0.0,0.0,0.0,0.0,0.0,0.0,-1.089945266861737,-0.8473455593613328,0.0,-0.6982200446971822,0.0,-0.8914278694028512,-0.9449794532203312,-1.514153803298389
11,0.0,0.0,0.0,0.0,0.0,0.0,0.0,0.0,0.0,-0.8974104165899267,-0.8914278694028512,0.0,-0.7387182234437912,-1.2425925432135378
12,0.0,0.0,0.0,0.0,0.0,0.0,0.0,0.0,-1.0422714822068337,-0.9511781694761353,-0.9449794532203312,-0.7387182234437912,0.0,-1.1799965448218463
13,0.0,0.0,0.0,0.0,0.0,0.0,0.0,0.0,0.0,0.0,-1.514153803298389,-1.2425925432135378,-1.1799965448218463,0.0
