,0,1,2,3,4,5,6,7,8,9,10,11,12,13,14,15,16,17,18,19,20,21,22
0,0.0,-1.153945501176823,-1.1571482461449856,-1.742379325288328,0.0,0.0,0.0,0.0,0.0,0.0,0.0,0.0,0.0,0.0,0.0,0.0,0.0,0.0,0.0,0.0,0.0,0.0,0.0
1,-1.153945501176823,0.0,-0.6954872917337261,-1.153810606155367,-1.3156175188999584,0.0,0.0,0.0,0.0,0.0,0.0,0.0,0.0,0.0,0.0,0.0,0.0,0.0,0.0,0.0,0.0,0.0,0.0
2,-1.1571482461449856,-0.6954872917337261,0.0,-1.1506127788158669,-1.312199184537464,0.0,0.0,0.0,0.0,0.0,0.0,0.0,0.0,0.0,0.0,0.0,0.0,0.0,0.0,0.0,0.0,0.0,0.0
3,-1.742379325288328,-1.153810606155367,-1.1506127788158669,0.0,-0.8138419043139201,-0.9185655048970222,-1.0076161848175536,0.0,0.0,0.0,0.0,0.0,0.0,0.0,0.0,0.0,0.0,0.0,0.0,0.0,0.0,0.0,0.0
4,0.0,-1.3156175188999584,-1.312199184537464,-0.8138419043139201,0.0,-0.787668602776827,-0.868774272827356,0.0,0.0,0.0,0.0,0.0,0.0,0.0,0.0,0.0,0.0,0.0,0.0,0.0,0.0,0.0,0.0
5,0.0,0.0,0.0,-0.9185655048970222,-0.787668602776827,0.0,-0.7677870009080657,-1.0641733522293682,0.0,0.0,0.0,0.0,0.0,0.0,0.0,0.0,0.0,0.0,0.0,0.0,0.0,0.0,0.0
6,0.0,0.0,0.0,-1.0076161848175536,-0.868774272827356,-0.7677870009080657,0.0,-0.9721734542954357,0.0,0.0,0.0,0.0,0.0,0.0,0.0,0.0,0.0,0.0,0.0,0.0,0.0,0.0,0.0
7,0.0,0.0,0.0,0.0,0.0,-1.0641733522293682,-0.9721734542954357,0.0,-0.79550315654651,-0.8724277838871969,0.0,-1.271975816587667,0.0,0.0,0.0,0.0,0.0,0.0,0.0,0.0,0.0,0.0,0.0
8,0.0,0.0,0.0,0.0,0.0,0.0,0.0,-0.79550315654651,0.0,-0.7634853449842571,0.0,-1.1354352856998893,0.0,0.0,0.0,0.0,0.0,0.0,0.0,0.0,0.0,0.0,0.0
9,0.0,0.0,0.0,0.0,0.0,0.0,0.0,-0.8724277838871969,-0.7634853449842571,0.0,-1.0019687098540584,-1.0451440272952932,0.0,0.0,0.0,0.0,0.0,0.0,0.0,0.0,0.0,0.0,0.0
10,0.0,0.0,0.0,0.0,0.0,0.0,0.0,0.0,0.0,-1.0019687098540584,0.0,-0.7274126003849921,0.0,-0.89325721355047,-0.9215458002366709,0.0,0.0,0.0,0.0,0.0,0.0,0.0,0.0
11,0.0,0.0,0.0,0.0,0.0,0.0,0.0,-1.271975816587667,-1.1354352856998893,-1.0451440272952932,-0.7274126003849921,0.0,-0.7724814766852702,-0.8539992903590896,0.0,0.0,0.0,0.0,0.0,0.0,0.0,0.0,0.0
12,0.0,0.0,0.0,0.0,0.0,0.0,0.0,0.0,0.0,0.0,0.0,-0.7724814766852702,0.0,-0.7691020378996207,0.0,-0.8743743194381397,0.0,0.0,0.0,0.0,0.0,0.0,0.0
13,0.0,0.0,0.0,0.0,0.0,0.0,0.0,0.0,0.0,0.0,-0.89325721355047,-0.8539992903590896,-0.7691020378996207,0.0,-0.7171446310018413,-0.7915858960147653,-0.8122598490760258,0.0,0.0,0.0,0.0,0.0,0.0
14,0.0,0.0,0.0,0.0,0.0,0.0,0.0,0.0,0.0,0.0,-0.9215458002366709,0.0,0.0,-0.7171446310018413,0.0,-0.7659254265928774,-0.7861586042811363,0.0,0.0,0.0,0.0,0.0,0.0
15,0.0,0.0,0.0,0.0,0.0,0.0,0.0,0.0,0.0,0.0,0.0,0.0,-0.8743743194381397,-0.7915858960147653,-0.7659254265928774,0.0,-0.7120657538522253,0.0,0.0,0.0,0.0,0.0,0.0
16,0.0,0.0,0.0,0.0,0.0,0.0,0.0,0.0,0.0,0.0,0.0,0.0,0.0,-0.8122598490760258,-0.7861586042811363,-0.7120657538522253,0.0,0.0,0.0,0.0,0.0,0.0,0.0
17,0.0,0.0,0.0,0.0,0.0,0.0,0.0,0.0,0.0,0.0,0.0,0.0,0.0,0.0,0.0,0.0,0.0,0.0,-0.901590142356104,-0.995605877973328,-1.0472986378634144,0.0,0.0
18,0.0,0.0,0.0,0.0,0.0,0.0,0.0,0.0,0.0,0.0,0.0,0.0,0.0,0.0,0.0,0.0,0.0,-0.901590142356104,0.0,-0.7728513436427764,-0.8171500809069033,-0.8931012917016142,-1.0465160174172807
19,0.0,0.0,0.0,0.0,0.0,0.0,0.0,0.0,0.0,0.0,0.0,0.0,0.0,0.0,0.0,0.0,0.0,-0.995605877973328,-0.7728513436427764,0.0,-0.7343577013802077,-0.8053020509359632,0.0
20,0.0,0.0,0.0,0.0,0.0,0.0,0.0,0.0,0.0,0.0,0.0,0.0,0.0,0.0,0.0,0.0,0.0,-1.0472986378634144,-0.8171500809069033,-0.7343577013802077,0.0,-0.7614303007164657,-0.9008739050531116
21,0.0,0.0,0.0,0.0,0.0,0.0,0.0,0.0,0.0,0.0,0.0,0.0,0.0,0.0,0.0,0.0,0.0,0.0,-0.8931012917016142,-0.8053020509359632,-0.7614303007164657,0.0,-0.8244991196110723
22,0.0,0.0,0.0,0.0,0.0,0.0,0.0,0.0,0.0,0.0,0.0,0.0,0.0,0.0,0.0,0.0,0.0,0.0,-1.0465160174172807,0.0,-0.9008739050531116,-0.8244991196110723,0.0
