,0,1,2,3,4,5,6,7,8,9,10,11,12,13,14,15,16,17,18,19,20
0,0.0,-1.511059080524523,-2.130500251994521,-2.1610268377288486,0.0,0.0,0.0,0.0,0.0,0.0,0.0,0.0,0.0,0.0,0.0,0.0,0.0,0.0,0.0,0.0,0.0
1,-1.511059080524523,0.0,-1.1316642003173096,-1.1552161022318725,0.0,-1.321091390465775,0.0,0.0,0.0,0.0,0.0,0.0,0.0,0.0,0.0,0.0,0.0,0.0,0.0,0.0,0.0
2,-2.130500251994521,-1.1316642003173096,0.0,-0.710581983544865,-0.8062341211542351,-0.8363083951092459,0.0,0.0,0.0,0.0,0.0,0.0,0.0,0.0,0.0,0.0,0.0,0.0,0.0,0.0,0.0
3,-2.1610268377288486,-1.1552161022318725,-0.710581983544865,0.0,-0.7872482855468993,-0.8168643042741138,0.0,0.0,0.0,0.0,0.0,0.0,0.0,0.0,0.0,0.0,0.0,0.0,0.0,0.0,0.0
4,0.0,0.0,-0.8062341211542351,-0.7872482855468993,0.0,-0.7203554853271642,-0.7472047734791204,0.0,0.0,0.0,0.0,0.0,0.0,0.0,0.0,0.0,0.0,0.0,0.0,0.0,0.0
5,0.0,-1.321091390465775,-0.8363083951092459,-0.8168643042741138,-0.7203554853271642,0.0,-0.7193037303297722,0.0,0.0,0.0,0.0,0.0,0.0,0.0,0.0,0.0,0.0,0.0,0.0,0.0,0.0
6,0.0,0.0,0.0,0.0,-0.7472047734791204,-0.7193037303297722,0.0,-0.8956683031951551,-1.0022079962160972,0.0,0.0,0.0,0.0,0.0,0.0,0.0,0.0,0.0,0.0,0.0,0.0
7,0.0,0.0,0.0,0.0,0.0,0.0,-0.8956683031951551,0.0,-0.7839059104285651,-1.0875405482734302,0.0,0.0,0.0,0.0,0.0,0.0,0.0,0.0,0.0,0.0,0.0
8,0.0,0.0,0.0,0.0,0.0,0.0,-1.0022079962160972,-0.7839059104285651,0.0,-0.9756537521163497,0.0,0.0,0.0,0.0,0.0,0.0,0.0,0.0,0.0,0.0,0.0
9,0.0,0.0,0.0,0.0,0.0,0.0,0.0,-1.0875405482734302,-0.9756537521163497,0.0,-0.8000711041124123,-0.8093547882527509,0.0,-1.0049569956720696,0.0,0.0,0.0,0.0,0.0,0.0,0.0
10,0.0,0.0,0.0,0.0,0.0,0.0,0.0,0.0,0.0,-0.8000711041124123,0.0,-0.7015797131586449,0.0,-0.8808291478828512,0.0,0.0,0.0,0.0,0.0,0.0,0.0
11,0.0,0.0,0.0,0.0,0.0,0.0,0.0,0.0,0.0,-0.8093547882527509,-0.7015797131586449,0.0,-0.8342043918112918,-0.8710291727788906,0.0,0.0,0.0,0.0,0.0,0.0,0.0
12,0.0,0.0,0.0,0.0,0.0,0.0,0.0,0.0,0.0,0.0,0.0,-0.8342043918112918,0.0,-0.7257595569909032,-0.8198460007644762,0.0,0.0,0.0,0.0,0.0,0.0
13,0.0,0.0,0.0,0.0,0.0,0.0,0.0,0.0,0.0,-1.0049569956720696,-0.8808291478828512,-0.8710291727788906,-0.7257595569909032,0.0,0.0,0.0,0.0,0.0,0.0,0.0,0.0
14,0.0,0.0,0.0,0.0,0.0,0.0,0.0,0.0,0.0,0.0,0.0,0.0,-0.8198460007644762,0.0,0.0,-0.7975622516835669,-0.8015528825541347,0.0,0.0,0.0,0.0
15,0.0,0.0,0.0,0.0,0.0,0.0,0.0,0.0,0.0,0.0,0.0,0.0,0.0,0.0,-0.7975622516835669,0.0,-0.6967784893721012,-0.8121763318905586,0.0,0.0,0.0
16,0.0,0.0,0.0,0.0,0.0,0.0,0.0,0.0,0.0,0.0,0.0,0.0,0.0,0.0,-0.8015528825541347,-0.6967784893721012,0.0,-0.8081513195168906,0.0,0.0,0.0
17,0.0,0.0,0.0,0.0,0.0,0.0,0.0,0.0,0.0,0.0,0.0,0.0,0.0,0.0,0.0,-0.8121763318905586,-0.8081513195168906,0.0,-0.9162441416643349,-0.9338851465714849,-1.1039956144903673
18,0.0,0.0,0.0,0.0,0.0,0.0,0.0,0.0,0.0,0.0,0.0,0.0,0.0,0.0,0.0,0.0,0.0,-0.9162441416643349,0.0,-0.7078699987708019,-0.8519584380077899
19,0.0,0.0,0.0,0.0,0.0,0.0,0.0,0.0,0.0,0.0,0.0,0.0,0.0,0.0,0.0,0.0,0.0,-0.9338851465714849,-0.7078699987708019,0.0,-0.8353008334661989
20,0.0,0.0,0.0,0.0,0.0,0.0,0.0,0.0,0.0,0.0,0.0,0.0,0.0,0.0,0.0,0.0,0.0,-1.1039956144903673,-0.8519584380077899,-0.8353008334661989,0.0
