,0,1,2,3,4,5,6,7,8,9,10,11,12,13,14,15,16,17,18,19,20,21,22,23
0,0.0,-0.7034203756179211,-1.0423144000480045,-1.2482822731739256,0.0,0.0,0.0,0.0,0.0,0.0,0.0,0.0,0.0,0.0,0.0,0.0,0.0,0.0,0.0,0.0,0.0,0.0,0.0,0.0
1,-0.7034203756179211,0.0,-1.029128859003895,-1.233750005757948,0.0,0.0,0.0,0.0,0.0,0.0,0.0,0.0,0.0,0.0,0.0,0.0,0.0,0.0,0.0,0.0,0.0,0.0,0.0,0.0
2,-1.0423144000480045,-1.029128859003895,0.0,-0.8558189857119876,-1.135090730364357,-1.1399658148103045,0.0,0.0,0.0,0.0,0.0,0.0,0.0,0.0,0.0,0.0,0.0,0.0,0.0,0.0,0.0,0.0,0.0,0.0
3,-1.2482822731739256,-1.233750005757948,-0.8558189857119876,0.0,-0.9400956991600948,-0.9444747584793015,0.0,0.0,0.0,0.0,0.0,0.0,0.0,0.0,0.0,0.0,0.0,0.0,0.0,0.0,0.0,0.0,0.0,0.0
4,0.0,0.0,-1.135090730364357,-0.9400956991600948,0.0,-0.6967414622085383,-0.7630773492440411,-1.5862508525941117,0.0,0.0,0.0,0.0,0.0,0.0,0.0,0.0,0.0,0.0,0.0,0.0,0.0,0.0,0.0,0.0
5,0.0,0.0,-1.1399658148103045,-0.9444747584793015,-0.6967414622085383,0.0,-0.7592535849714207,-1.580548162537649,0.0,0.0,0.0,0.0,0.0,0.0,0.0,0.0,0.0,0.0,0.0,0.0,0.0,0.0,0.0,0.0
6,0.0,0.0,0.0,0.0,-0.7630773492440411,-0.7592535849714207,0.0,-1.4801845717293807,0.0,0.0,0.0,0.0,0.0,0.0,0.0,0.0,0.0,0.0,0.0,0.0,0.0,0.0,0.0,0.0
7,0.0,0.0,0.0,0.0,-1.5862508525941117,-1.580548162537649,-1.4801845717293807,0.0,-0.8234520034432005,-0.9220422904334818,0.0,0.0,-1.1820005456167182,0.0,0.0,0.0,0.0,0.0,0.0,0.0,0.0,0.0,0.0,0.0
8,0.0,0.0,0.0,0.0,0.0,0.0,0.0,-0.8234520034432005,0.0,-0.7814633781356228,0.0,0.0,-1.018341605468211,0.0,0.0,0.0,0.0,0.0,0.0,0.0,0.0,0.0,0.0,0.0
9,0.0,0.0,0.0,0.0,0.0,0.0,0.0,-0.9220422904334818,-0.7814633781356228,0.0,0.0,-0.8455422869071134,-0.9134501715164023,0.0,0.0,0.0,0.0,0.0,0.0,0.0,0.0,0.0,0.0,0.0
10,0.0,0.0,0.0,0.0,0.0,0.0,0.0,0.0,0.0,0.0,0.0,-0.7087903519675852,-0.7694338714562258,-0.7911092917191792,0.0,0.0,0.0,0.0,0.0,0.0,0.0,0.0,0.0,0.0
11,0.0,0.0,0.0,0.0,0.0,0.0,0.0,0.0,0.0,-0.8455422869071134,-0.7087903519675852,0.0,-0.752890951833592,-0.7742576034560483,0.0,0.0,0.0,0.0,0.0,0.0,0.0,0.0,0.0,0.0
12,0.0,0.0,0.0,0.0,0.0,0.0,0.0,-1.1820005456167182,-1.018341605468211,-0.9134501715164023,-0.7694338714562258,-0.752890951833592,0.0,-0.7133543674608868,0.0,0.0,0.0,0.0,0.0,0.0,0.0,0.0,0.0,0.0
13,0.0,0.0,0.0,0.0,0.0,0.0,0.0,0.0,0.0,0.0,-0.7911092917191792,-0.7742576034560483,-0.7133543674608868,0.0,0.0,-0.7123227903089968,0.0,0.0,0.0,0.0,0.0,0.0,0.0,0.0
14,0.0,0.0,0.0,0.0,0.0,0.0,0.0,0.0,0.0,0.0,0.0,0.0,0.0,0.0,0.0,-0.6978880607532637,-0.7560915342746939,-0.7622612013643827,0.0,0.0,0.0,0.0,0.0,0.0
15,0.0,0.0,0.0,0.0,0.0,0.0,0.0,0.0,0.0,0.0,0.0,0.0,0.0,-0.7123227903089968,-0.6978880607532637,0.0,-0.7510844529000742,-0.7572267957879766,0.0,0.0,0.0,0.0,0.0,0.0
16,0.0,0.0,0.0,0.0,0.0,0.0,0.0,0.0,0.0,0.0,0.0,0.0,0.0,0.0,-0.7560915342746939,-0.7510844529000742,0.0,-0.6989631414751136,0.0,0.0,0.0,0.0,0.0,0.0
17,0.0,0.0,0.0,0.0,0.0,0.0,0.0,0.0,0.0,0.0,0.0,0.0,0.0,0.0,-0.7622612013643827,-0.7572267957879766,-0.6989631414751136,0.0,-0.810335626874494,-0.8133349094895806,0.0,0.0,0.0,0.0
18,0.0,0.0,0.0,0.0,0.0,0.0,0.0,0.0,0.0,0.0,0.0,0.0,0.0,0.0,0.0,0.0,0.0,-0.810335626874494,0.0,-0.6958482228537428,-0.8609381783143307,0.0,0.0,0.0
19,0.0,0.0,0.0,0.0,0.0,0.0,0.0,0.0,0.0,0.0,0.0,0.0,0.0,0.0,0.0,0.0,0.0,-0.8133349094895806,-0.6958482228537428,0.0,-0.8578276595807012,0.0,0.0,0.0
20,0.0,0.0,0.0,0.0,0.0,0.0,0.0,0.0,0.0,0.0,0.0,0.0,0.0,0.0,0.0,0.0,0.0,0.0,-0.8609381783143307,-0.8578276595807012,0.0,-0.857487293965712,-0.9626488968053727,-1.1047376004788958
21,0.0,0.0,0.0,0.0,0.0,0.0,0.0,0.0,0.0,0.0,0.0,0.0,0.0,0.0,0.0,0.0,0.0,0.0,0.0,0.0,-0.857487293965712,0.0,-0.7850850295584352,-0.9111455962026204
22,0.0,0.0,0.0,0.0,0.0,0.0,0.0,0.0,0.0,0.0,0.0,0.0,0.0,0.0,0.0,0.0,0.0,0.0,0.0,0.0,-0.9626488968053727,-0.7850850295584352,0.0,-0.8095983309892116
23,0.0,0.0,0.0,0.0,0.0,0.0,0.0,0.0,0.0,0.0,0.0,0.0,0.0,0.0,0.0,0.0,0.0,0.0,0.0,0.0,-1.1047376004788958,-0.9111455962026204,-0.8095983309892116,0.0
