,0,1,2,3,4,5,6,7,8,9,10,11,12,13,14,15
0,0.0,-0.9379729567346634,-2.6883935315242304,0.0,-2.895040051627552,0.0,0.0,0.0,0.0,0.0,0.0,0.0,0.0,0.0,0.0,0.0
1,-0.9379729567346634,0.0,-2.284074926891877,0.0,-2.4839121051340873,0.0,0.0,0.0,0.0,0.0,0.0,0.0,0.0,0.0,0.0,0.0
2,-2.6883935315242304,-2.284074926891877,0.0,-0.756239676021538,-0.8092814711290808,-0.9237656063123193,0.0,0.0,0.0,0.0,0.0,0.0,0.0,0.0,0.0,0.0
3,0.0,0.0,-0.756239676021538,0.0,-0.7432078950202068,-0.8517457230164582,0.0,0.0,0.0,0.0,0.0,0.0,0.0,0.0,0.0,0.0
4,-2.895040051627552,-2.4839121051340873,-0.8092814711290808,-0.7432078950202068,0.0,-0.796885078578209,0.0,0.0,0.0,0.0,0.0,0.0,0.0,0.0,0.0,0.0
5,0.0,0.0,-0.9237656063123193,-0.8517457230164582,-0.796885078578209,0.0,0.0,-0.8338134025410892,0.0,0.0,0.0,0.0,0.0,0.0,0.0,0.0
6,0.0,0.0,0.0,0.0,0.0,0.0,0.0,-0.7000329022430307,-0.8661237809496142,0.0,-1.0705006156180976,0.0,0.0,0.0,0.0,0.0
7,0.0,0.0,0.0,0.0,0.0,-0.8338134025410892,-0.7000329022430307,0.0,-0.8581945642488196,0.0,0.0,0.0,0.0,0.0,0.0,0.0
8,0.0,0.0,0.0,0.0,0.0,0.0,-0.8661237809496142,-0.8581945642488196,0.0,0.0,-0.871860807110367,0.0,0.0,0.0,0.0,0.0
9,0.0,0.0,0.0,0.0,0.0,0.0,0.0,0.0,0.0,0.0,-0.7471319584574863,-0.8173767827337424,-0.8355966480309633,0.0,0.0,0.0
10,0.0,0.0,0.0,0.0,0.0,0.0,-1.0705006156180976,0.0,-0.871860807110367,-0.7471319584574863,0.0,-0.7599993170726921,-0.7773756501797678,0.0,0.0,0.0
11,0.0,0.0,0.0,0.0,0.0,0.0,0.0,0.0,0.0,-0.8173767827337424,-0.7599993170726921,0.0,-0.7094766660061539,0.0,0.0,0.0
12,0.0,0.0,0.0,0.0,0.0,0.0,0.0,0.0,0.0,-0.8355966480309633,-0.7773756501797678,-0.7094766660061539,0.0,-1.1159952766840053,-1.3143767019187822,-1.3644184288213697
13,0.0,0.0,0.0,0.0,0.0,0.0,0.0,0.0,0.0,0.0,0.0,0.0,-1.1159952766840053,0.0,-0.8442916425225226,-0.883515369461376
14,0.0,0.0,0.0,0.0,0.0,0.0,0.0,0.0,0.0,0.0,0.0,0.0,-1.3143767019187822,-0.8442916425225226,0.0,-0.7276277921337181
15,0.0,0.0,0.0,0.0,0.0,0.0,0.0,0.0,0.0,0.0,0.0,0.0,-1.3644184288213697,-0.883515369461376,-0.7276277921337181,0.0
