,0,1,2,3,4,5,6,7,8,9,10,11,12,13,14
0,0.0,-1.2704001302765624,-1.6572620361422972,-2.0993682173994395,0.0,0.0,0.0,0.0,0.0,0.0,0.0,0.0,0.0,0.0,0.0
1,-1.2704001302765624,0.0,-0.9770855370168314,-1.3336274625633002,-1.6181275656769352,0.0,0.0,0.0,0.0,0.0,0.0,0.0,0.0,0.0,0.0
2,-1.6572620361422972,-0.9770855370168314,0.0,-0.988409035225273,-1.2356968333209746,0.0,0.0,0.0,0.0,0.0,0.0,0.0,0.0,0.0,0.0
3,-2.0993682173994395,-1.3336274625633002,-0.988409035225273,0.0,-0.894802144277366,-1.6595905647689848,0.0,0.0,0.0,0.0,0.0,0.0,0.0,0.0,0.0
4,0.0,-1.6181275656769352,-1.2356968333209746,-0.894802144277366,0.0,-1.371779460636184,-1.648140075012467,0.0,0.0,0.0,0.0,0.0,0.0,0.0,0.0
5,0.0,0.0,0.0,-1.6595905647689848,-1.371779460636184,0.0,-0.8864538227083643,-1.052735596320059,-1.0817496903486994,0.0,0.0,0.0,0.0,0.0,0.0
6,0.0,0.0,0.0,0.0,-1.648140075012467,-0.8864538227083643,0.0,-0.8362612819222702,-0.8615634430692415,-0.9514084573793277,0.0,0.0,0.0,0.0,0.0
7,0.0,0.0,0.0,0.0,0.0,-1.052735596320059,-0.8362612819222702,0.0,-0.7155054074115248,-0.795414911647176,-0.8302532044994673,0.0,0.0,0.0,0.0
8,0.0,0.0,0.0,0.0,0.0,-1.0817496903486994,-0.8615634430692415,-0.7155054074115248,0.0,-0.7713939746869143,-0.8055471358008245,0.0,0.0,0.0,0.0
9,0.0,0.0,0.0,0.0,0.0,0.0,-0.9514084573793277,-0.795414911647176,-0.7713939746869143,0.0,-0.7249473639178822,-0.7374713481393173,-0.8456392919356386,0.0,0.0
10,0.0,0.0,0.0,0.0,0.0,0.0,0.0,-0.8302532044994673,-0.8055471358008245,-0.7249473639178822,0.0,-0.7052933617190636,-0.8103825663835391,0.0,-1.9779311122636765
11,0.0,0.0,0.0,0.0,0.0,0.0,0.0,0.0,0.0,-0.7374713481393173,-0.7052933617190636,0.0,-0.7970457195838762,-1.3795156663355186,0.0
12,0.0,0.0,0.0,0.0,0.0,0.0,0.0,0.0,0.0,-0.8456392919356386,-0.8103825663835391,-0.7970457195838762,0.0,-1.23515569303913,-1.789612843879803
13,0.0,0.0,0.0,0.0,0.0,0.0,0.0,0.0,0.0,0.0,0.0,-1.3795156663355186,-1.23515569303913,0.0,-1.11344099879549
14,0.0,0.0,0.0,0.0,0.0,0.0,0.0,0.0,0.0,0.0,-1.9779311122636765,0.0,-1.789612843879803,-1.11344099879549,0.0
