,0,1,2,3,4,5,6,7,8,9,10,11,12,13,14,15,16
0,0.0,-0.8736146834569976,-3.0710012262990527,-3.3722307511540053,0.0,0.0,0.0,0.0,0.0,0.0,0.0,0.0,0.0,0.0,0.0,0.0,0.0
1,-0.8736146834569976,0.0,-2.7558869755232616,-3.0524203779923478,0.0,0.0,0.0,0.0,0.0,0.0,0.0,0.0,0.0,0.0,0.0,0.0,0.0
2,-3.0710012262990527,-2.7558869755232616,0.0,0.0,-0.9608551486910998,0.0,-1.0577465252665867,-1.1218708771952537,0.0,0.0,0.0,0.0,0.0,0.0,0.0,0.0,0.0
3,-3.3722307511540053,-3.0524203779923478,0.0,0.0,-0.7789784037917787,0.0,-0.8643911470771757,-0.9214425853283451,0.0,0.0,0.0,0.0,0.0,0.0,0.0,0.0,0.0
4,0.0,0.0,-0.9608551486910998,-0.7789784037917787,0.0,-0.7017597145445539,-0.7723186282727124,-0.8254687360755738,-0.8745733417997836,0.0,0.0,0.0,0.0,0.0,0.0,0.0,0.0
5,0.0,0.0,0.0,0.0,-0.7017597145445539,0.0,-0.7631266658847756,-0.8158663192494887,0.0,0.0,0.0,0.0,0.0,0.0,0.0,0.0,0.0
6,0.0,0.0,-1.0577465252665867,-0.8643911470771757,-0.7723186282727124,-0.7631266658847756,0.0,-0.7426291965888526,-0.7885027451385475,0.0,0.0,0.0,0.0,0.0,0.0,0.0,0.0
7,0.0,0.0,-1.1218708771952537,-0.9214425853283451,-0.8254687360755738,-0.8158663192494887,-0.7426291965888526,0.0,-0.7369536441088721,-0.9180172744419463,0.0,0.0,0.0,0.0,0.0,0.0,0.0
8,0.0,0.0,0.0,0.0,-0.8745733417997836,0.0,-0.7885027451385475,-0.7369536441088721,0.0,-0.8673807710555373,0.0,0.0,0.0,0.0,0.0,0.0,0.0
9,0.0,0.0,0.0,0.0,0.0,0.0,0.0,-0.9180172744419463,-0.8673807710555373,0.0,-0.8788904716903491,-0.9665341632111831,0.0,0.0,0.0,0.0,0.0
10,0.0,0.0,0.0,0.0,0.0,0.0,0.0,0.0,0.0,-0.8788904716903491,0.0,-0.7685536989235449,-0.7776426203009814,0.0,0.0,0.0,0.0
11,0.0,0.0,0.0,0.0,0.0,0.0,0.0,0.0,0.0,-0.9665341632111831,-0.7685536989235449,0.0,-0.7016232446533534,-1.1018461715390337,0.0,0.0,0.0
12,0.0,0.0,0.0,0.0,0.0,0.0,0.0,0.0,0.0,0.0,-0.7776426203009814,-0.7016232446533534,0.0,-1.0906057495549188,-1.418348805092999,-1.6308217092717148,0.0
13,0.0,0.0,0.0,0.0,0.0,0.0,0.0,0.0,0.0,0.0,0.0,-1.1018461715390337,-1.0906057495549188,0.0,-0.9493758051419003,-1.1245732708892509,-1.252180198911886
14,0.0,0.0,0.0,0.0,0.0,0.0,0.0,0.0,0.0,0.0,0.0,0.0,-1.418348805092999,-0.9493758051419003,0.0,0.0,-0.9465870379970885
15,0.0,0.0,0.0,0.0,0.0,0.0,0.0,0.0,0.0,0.0,0.0,0.0,-1.6308217092717148,-1.1245732708892509,0.0,0.0,-0.7891737508395248
16,0.0,0.0,0.0,0.0,0.0,0.0,0.0,0.0,0.0,0.0,0.0,0.0,0.0,-1.252180198911886,-0.9465870379970885,-0.7891737508395248,0.0
