,0,1,2,3,4,5,6,7,8,9,10,11,12,13,14,15,16
0,0.0,-1.8427378031834083,-2.262567980433685,-2.380141851809818,0.0,0.0,0.0,0.0,0.0,0.0,0.0,0.0,0.0,0.0,0.0,0.0,0.0
1,-1.8427378031834083,0.0,-0.9631292853033864,-1.0457266781869334,0.0,-1.5315675060104437,0.0,0.0,0.0,0.0,0.0,0.0,0.0,0.0,0.0,0.0,0.0
2,-2.262567980433685,-0.9631292853033864,0.0,-0.7604596063080664,-1.145306185852172,-1.1749797938015243,0.0,0.0,0.0,0.0,0.0,0.0,0.0,0.0,0.0,0.0,0.0
3,-2.380141851809818,-1.0457266781869334,-0.7604596063080664,0.0,-1.0582767119563141,-1.0867092110673802,0.0,0.0,0.0,0.0,0.0,0.0,0.0,0.0,0.0,0.0,0.0
4,0.0,0.0,-1.145306185852172,-1.0582767119563141,0.0,-0.7149917702940431,-0.9437484255261577,-1.0323245674692765,0.0,0.0,0.0,0.0,0.0,0.0,0.0,0.0,0.0
5,0.0,-1.5315675060104437,-1.1749797938015243,-1.0867092110673802,-0.7149917702940431,0.0,-0.9175696045522327,-1.0047122542509128,0.0,0.0,0.0,0.0,0.0,0.0,0.0,0.0,0.0
6,0.0,0.0,0.0,0.0,-0.9437484255261577,-0.9175696045522327,0.0,-0.7662232102849926,-0.8666727908958645,0.0,0.0,0.0,0.0,0.0,0.0,0.0,0.0
7,0.0,0.0,0.0,0.0,-1.0323245674692765,-1.0047122542509128,-0.7662232102849926,0.0,-0.7872854879607065,-0.9769331580561407,0.0,0.0,0.0,0.0,0.0,0.0,0.0
8,0.0,0.0,0.0,0.0,0.0,0.0,-0.8666727908958645,-0.7872854879607065,0.0,-0.8684515720880712,-0.9425948882647388,0.0,-1.2425638668157084,0.0,0.0,0.0,0.0
9,0.0,0.0,0.0,0.0,0.0,0.0,0.0,-0.9769331580561407,-0.8684515720880712,0.0,-0.7573420559856653,0.0,-1.023063679004309,0.0,0.0,0.0,0.0
10,0.0,0.0,0.0,0.0,0.0,0.0,0.0,0.0,-0.9425948882647388,-0.7573420559856653,0.0,0.0,-0.9451149534264845,0.0,0.0,0.0,0.0
11,0.0,0.0,0.0,0.0,0.0,0.0,0.0,0.0,0.0,0.0,0.0,0.0,-0.8215850866678528,-0.8804552211605866,-1.082505504572743,0.0,0.0
12,0.0,0.0,0.0,0.0,0.0,0.0,0.0,0.0,-1.2425638668157084,-1.023063679004309,-0.9451149534264845,-0.8215850866678528,0.0,-0.7458486580516291,0.0,0.0,0.0
13,0.0,0.0,0.0,0.0,0.0,0.0,0.0,0.0,0.0,0.0,0.0,-0.8804552211605866,-0.7458486580516291,0.0,-0.8681444816962506,-0.9449968790975227,-1.4629988568988535
14,0.0,0.0,0.0,0.0,0.0,0.0,0.0,0.0,0.0,0.0,0.0,-1.082505504572743,0.0,-0.8681444816962506,0.0,-0.7597139122774563,-1.2239722993543036
15,0.0,0.0,0.0,0.0,0.0,0.0,0.0,0.0,0.0,0.0,0.0,0.0,0.0,-0.9449968790975227,-0.7597139122774563,0.0,-1.1346784506535554
16,0.0,0.0,0.0,0.0,0.0,0.0,0.0,0.0,0.0,0.0,0.0,0.0,0.0,-1.4629988568988535,-1.2239722993543036,-1.1346784506535554,0.0
