,0,1,2,3,4,5,6,7,8,9,10,11,12,13,14,15,16,17
0,0.0,-0.7850612907144152,-1.3013562821619538,-1.3644308781906862,0.0,0.0,0.0,0.0,0.0,0.0,0.0,0.0,0.0,0.0,0.0,0.0,0.0,0.0
1,-0.7850612907144152,0.0,-1.1763453451954695,-1.2363716112547745,0.0,0.0,0.0,0.0,0.0,0.0,0.0,0.0,0.0,0.0,0.0,0.0,0.0,0.0
2,-1.3013562821619538,-1.1763453451954695,0.0,-0.7369016736054917,-1.0821111454559238,-1.1458319566871176,0.0,0.0,0.0,0.0,0.0,0.0,0.0,0.0,0.0,0.0,0.0,0.0
3,-1.3644308781906862,-1.2363716112547745,-0.7369016736054917,0.0,-1.0262995832401074,-1.08820246548338,0.0,0.0,0.0,0.0,0.0,0.0,0.0,0.0,0.0,0.0,0.0,0.0
4,0.0,0.0,-1.0821111454559238,-1.0262995832401074,0.0,-0.7417087989238332,-0.7538234022564092,-0.9519556294542615,0.0,0.0,0.0,0.0,0.0,0.0,0.0,0.0,0.0,0.0
5,0.0,0.0,-1.1458319566871176,-1.08820246548338,-0.7417087989238332,0.0,-0.7047166825733845,-0.8947756972416421,0.0,0.0,0.0,0.0,0.0,0.0,0.0,0.0,0.0,0.0
6,0.0,0.0,0.0,0.0,-0.7538234022564092,-0.7047166825733845,0.0,-0.8812358758812646,0.0,0.0,0.0,0.0,0.0,0.0,0.0,0.0,0.0,0.0
7,0.0,0.0,0.0,0.0,-0.9519556294542615,-0.8947756972416421,-0.8812358758812646,0.0,-0.8958338971720423,-0.9545922808591925,0.0,0.0,0.0,0.0,0.0,0.0,0.0,0.0
8,0.0,0.0,0.0,0.0,0.0,0.0,0.0,-0.8958338971720423,0.0,-0.7430196728070165,-0.8502726130492533,0.0,0.0,0.0,0.0,0.0,0.0,0.0
9,0.0,0.0,0.0,0.0,0.0,0.0,0.0,-0.9545922808591925,-0.7430196728070165,0.0,-0.7956707826825073,-1.0266826157145972,0.0,0.0,0.0,0.0,0.0,0.0
10,0.0,0.0,0.0,0.0,0.0,0.0,0.0,0.0,-0.8502726130492533,-0.7956707826825073,0.0,-0.9056742912835901,0.0,0.0,0.0,0.0,0.0,0.0
11,0.0,0.0,0.0,0.0,0.0,0.0,0.0,0.0,0.0,-1.0266826157145972,-0.9056742912835901,0.0,-0.8117089772564849,-1.0652835526455926,0.0,0.0,0.0,0.0
12,0.0,0.0,0.0,0.0,0.0,0.0,0.0,0.0,0.0,0.0,0.0,-0.8117089772564849,0.0,-0.9239409606309013,-1.066145133961528,0.0,0.0,0.0
13,0.0,0.0,0.0,0.0,0.0,0.0,0.0,0.0,0.0,0.0,0.0,-1.0652835526455926,-0.9239409606309013,0.0,-0.8124398403943098,-0.9473114676689075,-1.0915145534330895,-1.523648186436433
14,0.0,0.0,0.0,0.0,0.0,0.0,0.0,0.0,0.0,0.0,0.0,0.0,-1.066145133961528,-0.8124398403943098,0.0,-0.8151827132198135,-0.9472980298546774,-1.3515378492653305
15,0.0,0.0,0.0,0.0,0.0,0.0,0.0,0.0,0.0,0.0,0.0,0.0,0.0,-0.9473114676689075,-0.8151827132198135,0.0,-0.8124276315744541,-1.1857840289104187
16,0.0,0.0,0.0,0.0,0.0,0.0,0.0,0.0,0.0,0.0,0.0,0.0,0.0,-1.0915145534330895,-0.9472980298546774,-0.8124276315744541,0.0,0.0
17,0.0,0.0,0.0,0.0,0.0,0.0,0.0,0.0,0.0,0.0,0.0,0.0,0.0,-1.523648186436433,-1.3515378492653305,-1.1857840289104187,0.0,0.0
