,0,1,2,3,4,5,6,7,8,9,10,11,12,13,14,15,16,17,18,19,20,21,22,23,24,25
0,0.0,-1.3348793310377007,-1.751873481209334,-1.7651387434462362,0.0,0.0,0.0,0.0,0.0,0.0,0.0,0.0,0.0,0.0,0.0,0.0,0.0,0.0,0.0,0.0,0.0,0.0,0.0,0.0,0.0,0.0
1,-1.3348793310377007,0.0,-0.9940690721734825,-1.0041947223974899,-1.1410452947943148,0.0,0.0,0.0,0.0,0.0,0.0,0.0,0.0,0.0,0.0,0.0,0.0,0.0,0.0,0.0,0.0,0.0,0.0,0.0,0.0,0.0
2,-1.751873481209334,-0.9940690721734825,0.0,-0.7011926520389046,-0.8115250721689233,-1.06049821065234,0.0,0.0,0.0,0.0,0.0,0.0,0.0,0.0,0.0,0.0,0.0,0.0,0.0,0.0,0.0,0.0,0.0,0.0,0.0,0.0
3,-1.7651387434462362,-1.0041947223974899,-0.7011926520389046,0.0,-0.8026488230198671,-1.0500503888976525,0.0,0.0,0.0,0.0,0.0,0.0,0.0,0.0,0.0,0.0,0.0,0.0,0.0,0.0,0.0,0.0,0.0,0.0,0.0,0.0
4,0.0,-1.1410452947943148,-0.8115250721689233,-0.8026488230198671,0.0,-0.9197374494195137,0.0,0.0,0.0,0.0,0.0,0.0,0.0,0.0,0.0,0.0,0.0,0.0,0.0,0.0,0.0,0.0,0.0,0.0,0.0,0.0
5,0.0,0.0,-1.06049821065234,-1.0500503888976525,-0.9197374494195137,0.0,-0.7276456541528704,-0.8887046755039198,-0.9713674120794132,0.0,0.0,0.0,0.0,0.0,0.0,0.0,0.0,0.0,0.0,0.0,0.0,0.0,0.0,0.0,0.0,0.0
6,0.0,0.0,0.0,0.0,0.0,-0.7276456541528704,0.0,-0.849315290446168,-0.9297496347642428,0.0,0.0,0.0,0.0,0.0,0.0,0.0,0.0,0.0,0.0,0.0,0.0,0.0,0.0,0.0,0.0,0.0
7,0.0,0.0,0.0,0.0,0.0,-0.8887046755039198,-0.849315290446168,0.0,-0.7637709308475612,-0.9867352635181789,0.0,0.0,0.0,0.0,0.0,0.0,0.0,0.0,0.0,0.0,0.0,0.0,0.0,0.0,0.0,0.0
8,0.0,0.0,0.0,0.0,0.0,-0.9713674120794132,-0.9297496347642428,-0.7637709308475612,0.0,-0.9032716192696664,-1.0003403855986037,0.0,0.0,0.0,0.0,0.0,0.0,0.0,0.0,0.0,0.0,0.0,0.0,0.0,0.0,0.0
9,0.0,0.0,0.0,0.0,0.0,0.0,0.0,-0.9867352635181789,-0.9032716192696664,0.0,-0.7753679186917607,-0.8399271006067299,0.0,-0.8689654397811364,0.0,0.0,0.0,0.0,0.0,0.0,0.0,0.0,0.0,0.0,0.0,0.0
10,0.0,0.0,0.0,0.0,0.0,0.0,0.0,0.0,-1.0003403855986037,-0.7753679186917607,0.0,-0.75312214171561,-0.7742004146122337,-0.7801866085671076,0.0,0.0,0.0,0.0,0.0,0.0,0.0,0.0,0.0,0.0,0.0,0.0
11,0.0,0.0,0.0,0.0,0.0,0.0,0.0,0.0,0.0,-0.8399271006067299,-0.75312214171561,0.0,-0.7130774207181779,-0.7187417266039409,0.0,0.0,0.0,0.0,0.0,0.0,0.0,0.0,0.0,0.0,0.0,0.0
12,0.0,0.0,0.0,0.0,0.0,0.0,0.0,0.0,0.0,0.0,-0.7742004146122337,-0.7130774207181779,0.0,-0.6987021798174178,0.0,0.0,0.0,0.0,0.0,0.0,0.0,0.0,0.0,0.0,0.0,0.0
13,0.0,0.0,0.0,0.0,0.0,0.0,0.0,0.0,0.0,-0.8689654397811364,-0.7801866085671076,-0.7187417266039409,-0.6987021798174178,0.0,0.0,0.0,0.0,0.0,0.0,0.0,0.0,0.0,0.0,0.0,0.0,0.0
14,0.0,0.0,0.0,0.0,0.0,0.0,0.0,0.0,0.0,0.0,0.0,0.0,0.0,0.0,0.0,-0.7018965904488411,-0.744515145671027,-0.8079465463241681,0.0,0.0,0.0,0.0,0.0,0.0,0.0,0.0
15,0.0,0.0,0.0,0.0,0.0,0.0,0.0,0.0,0.0,0.0,0.0,0.0,0.0,0.0,-0.7018965904488411,0.0,-0.7354053491124704,-0.7983278004299457,0.0,0.0,0.0,0.0,0.0,0.0,0.0,0.0
16,0.0,0.0,0.0,0.0,0.0,0.0,0.0,0.0,0.0,0.0,0.0,0.0,0.0,0.0,-0.744515145671027,-0.7354053491124704,0.0,-0.7536435860924238,0.0,0.0,0.0,0.0,0.0,0.0,0.0,0.0
17,0.0,0.0,0.0,0.0,0.0,0.0,0.0,0.0,0.0,0.0,0.0,0.0,0.0,0.0,-0.8079465463241681,-0.7983278004299457,-0.7536435860924238,0.0,-0.7352555122219436,-0.782299105894434,0.0,0.0,0.0,0.0,0.0,0.0
18,0.0,0.0,0.0,0.0,0.0,0.0,0.0,0.0,0.0,0.0,0.0,0.0,0.0,0.0,0.0,0.0,0.0,-0.7352555122219436,0.0,-0.7383692764072144,-0.751649036900891,0.0,0.0,0.0,0.0,0.0
19,0.0,0.0,0.0,0.0,0.0,0.0,0.0,0.0,0.0,0.0,0.0,0.0,0.0,0.0,0.0,0.0,0.0,-0.782299105894434,-0.7383692764072144,0.0,-0.7058682019329868,0.0,-0.7340703044131337,0.0,0.0,0.0
20,0.0,0.0,0.0,0.0,0.0,0.0,0.0,0.0,0.0,0.0,0.0,0.0,0.0,0.0,0.0,0.0,0.0,0.0,-0.751649036900891,-0.7058682019329868,0.0,-0.6960913348453209,-0.7210021031501969,-0.7537880111750394,-0.7630429267117248,0.0
21,0.0,0.0,0.0,0.0,0.0,0.0,0.0,0.0,0.0,0.0,0.0,0.0,0.0,0.0,0.0,0.0,0.0,0.0,0.0,0.0,-0.6960913348453209,0.0,-0.7179858296088453,-0.7506795088317724,0.0,0.0
22,0.0,0.0,0.0,0.0,0.0,0.0,0.0,0.0,0.0,0.0,0.0,0.0,0.0,0.0,0.0,0.0,0.0,0.0,0.0,-0.7340703044131337,-0.7210021031501969,-0.7179858296088453,0.0,-0.725070363122243,-0.73408668984993,-0.8993392919722164
23,0.0,0.0,0.0,0.0,0.0,0.0,0.0,0.0,0.0,0.0,0.0,0.0,0.0,0.0,0.0,0.0,0.0,0.0,0.0,0.0,-0.7537880111750394,-0.7506795088317724,-0.725070363122243,0.0,-0.7018900496373447,-0.8625324557124618
24,0.0,0.0,0.0,0.0,0.0,0.0,0.0,0.0,0.0,0.0,0.0,0.0,0.0,0.0,0.0,0.0,0.0,0.0,0.0,0.0,-0.7630429267117248,0.0,-0.73408668984993,-0.7018900496373447,0.0,-0.8525080971143146
25,0.0,0.0,0.0,0.0,0.0,0.0,0.0,0.0,0.0,0.0,0.0,0.0,0.0,0.0,0.0,0.0,0.0,0.0,0.0,0.0,0.0,0.0,-0.8993392919722164,-0.8625324557124618,-0.8525080971143146,0.0
