,0,1,2,3,4,5,6,7,8,9,10,11,12,13,14,15,16,17,18,19,20,21,22,23,24,25
0,0.0,-1.6335377445824917,-1.669698498406205,-2.479500603886863,0.0,0.0,0.0,0.0,0.0,0.0,0.0,0.0,0.0,0.0,0.0,0.0,0.0,0.0,0.0,0.0,0.0,0.0,0.0,0.0,0.0,0.0
1,-1.6335377445824917,0.0,-0.7157672819651352,-1.2955311425547527,-1.4544174900580225,0.0,0.0,0.0,0.0,0.0,0.0,0.0,0.0,0.0,0.0,0.0,0.0,0.0,0.0,0.0,0.0,0.0,0.0,0.0,0.0,0.0
2,-1.669698498406205,-0.7157672819651352,0.0,-1.263239260893226,-1.4203066025313553,0.0,0.0,0.0,0.0,0.0,0.0,0.0,0.0,0.0,0.0,0.0,0.0,0.0,0.0,0.0,0.0,0.0,0.0,0.0,0.0,0.0
3,-2.479500603886863,-1.2955311425547527,-1.263239260893226,0.0,-0.805187410101317,-0.9398923580824551,-1.0102487478827011,0.0,0.0,0.0,0.0,0.0,0.0,0.0,0.0,0.0,0.0,0.0,0.0,0.0,0.0,0.0,0.0,0.0,0.0,0.0
4,0.0,-1.4544174900580225,-1.4203066025313553,-0.805187410101317,0.0,-0.815700989777385,-0.880280879985672,0.0,0.0,0.0,0.0,0.0,0.0,0.0,0.0,0.0,0.0,0.0,0.0,0.0,0.0,0.0,0.0,0.0,0.0,0.0
5,0.0,0.0,0.0,-0.9398923580824551,-0.815700989777385,0.0,-0.7512386949052376,-1.0443287552945237,0.0,0.0,0.0,0.0,0.0,0.0,0.0,0.0,0.0,0.0,0.0,0.0,0.0,0.0,0.0,0.0,0.0,0.0
6,0.0,0.0,0.0,-1.0102487478827011,-0.880280879985672,-0.7512386949052376,0.0,-0.9725728422792526,0.0,0.0,0.0,-1.0188660536517702,0.0,0.0,0.0,0.0,0.0,0.0,0.0,0.0,0.0,0.0,0.0,0.0,0.0,0.0
7,0.0,0.0,0.0,0.0,0.0,-1.0443287552945237,-0.9725728422792526,0.0,-0.7274875904489597,0.0,-0.7295050232351941,-0.7305341677322998,0.0,0.0,0.0,0.0,0.0,0.0,0.0,0.0,0.0,0.0,0.0,0.0,0.0,0.0
8,0.0,0.0,0.0,0.0,0.0,0.0,0.0,-0.7274875904489597,0.0,-0.6947785005664123,-0.6950987980882609,-0.6960944179679496,0.0,-0.744882975719702,0.0,0.0,0.0,0.0,0.0,0.0,0.0,0.0,0.0,0.0,0.0,0.0
9,0.0,0.0,0.0,0.0,0.0,0.0,0.0,0.0,-0.6947785005664123,0.0,-0.6934669569329288,-0.6944609579257115,0.0,0.0,0.0,0.0,0.0,0.0,0.0,0.0,0.0,0.0,0.0,0.0,0.0,0.0
10,0.0,0.0,0.0,0.0,0.0,0.0,0.0,-0.7295050232351941,-0.6950987980882609,-0.6934669569329288,0.0,-0.6941408640048877,-0.7160300598517318,-0.742836849603086,-0.7958435626662252,0.0,0.0,0.0,0.0,0.0,0.0,0.0,0.0,0.0,0.0,0.0
11,0.0,0.0,0.0,0.0,0.0,0.0,-1.0188660536517702,-0.7305341677322998,-0.6960944179679496,-0.6944609579257115,-0.6941408640048877,0.0,-0.7150148935943138,0.0,0.0,0.0,0.0,0.0,0.0,0.0,0.0,0.0,0.0,0.0,0.0,0.0
12,0.0,0.0,0.0,0.0,0.0,0.0,0.0,0.0,0.0,0.0,-0.7160300598517318,-0.7150148935943138,0.0,-0.7193686420413986,-0.7712621865468275,0.0,0.0,0.0,0.0,0.0,0.0,0.0,0.0,0.0,0.0,0.0
13,0.0,0.0,0.0,0.0,0.0,0.0,0.0,0.0,-0.744882975719702,0.0,-0.742836849603086,0.0,-0.7193686420413986,0.0,-0.7437641414228628,-0.8585806126138393,0.0,0.0,0.0,0.0,0.0,0.0,0.0,0.0,0.0,0.0
14,0.0,0.0,0.0,0.0,0.0,0.0,0.0,0.0,0.0,0.0,-0.7958435626662252,0.0,-0.7712621865468275,-0.7437641414228628,0.0,0.0,0.0,0.0,0.0,0.0,0.0,0.0,0.0,0.0,0.0,0.0
15,0.0,0.0,0.0,0.0,0.0,0.0,0.0,0.0,0.0,0.0,0.0,0.0,0.0,-0.8585806126138393,0.0,0.0,-0.7315752511808277,-0.797496268800634,-0.8705642203256913,0.0,0.0,0.0,0.0,0.0,0.0,0.0
16,0.0,0.0,0.0,0.0,0.0,0.0,0.0,0.0,0.0,0.0,0.0,0.0,0.0,0.0,0.0,-0.7315752511808277,0.0,-0.7567478612782672,-0.827410801800922,0.0,-0.9965307521996947,0.0,0.0,0.0,0.0,0.0
17,0.0,0.0,0.0,0.0,0.0,0.0,0.0,0.0,0.0,0.0,0.0,0.0,0.0,0.0,0.0,-0.797496268800634,-0.7567478612782672,0.0,-0.7598422813416819,0.0,0.0,0.0,0.0,0.0,0.0,0.0
18,0.0,0.0,0.0,0.0,0.0,0.0,0.0,0.0,0.0,0.0,0.0,0.0,0.0,0.0,0.0,-0.8705642203256913,-0.827410801800922,-0.7598422813416819,0.0,0.0,-0.8447478246503017,-0.8893669736121055,0.0,0.0,0.0,0.0
19,0.0,0.0,0.0,0.0,0.0,0.0,0.0,0.0,0.0,0.0,0.0,0.0,0.0,0.0,0.0,0.0,0.0,0.0,0.0,0.0,-0.7031503384251786,-0.7427561891730172,0.0,-0.9399569181777232,0.0,0.0
20,0.0,0.0,0.0,0.0,0.0,0.0,0.0,0.0,0.0,0.0,0.0,0.0,0.0,0.0,0.0,0.0,-0.9965307521996947,0.0,-0.8447478246503017,-0.7031503384251786,0.0,-0.7323702629486519,0.0,0.0,0.0,0.0
21,0.0,0.0,0.0,0.0,0.0,0.0,0.0,0.0,0.0,0.0,0.0,0.0,0.0,0.0,0.0,0.0,0.0,0.0,-0.8893669736121055,-0.7427561891730172,-0.7323702629486519,0.0,-0.8640011979606217,-0.8820513712924587,-0.9131417975859419,0.0
22,0.0,0.0,0.0,0.0,0.0,0.0,0.0,0.0,0.0,0.0,0.0,0.0,0.0,0.0,0.0,0.0,0.0,0.0,0.0,0.0,0.0,-0.8640011979606217,0.0,-0.7087663022257953,-0.7357575374105448,-0.8038335379660773
23,0.0,0.0,0.0,0.0,0.0,0.0,0.0,0.0,0.0,0.0,0.0,0.0,0.0,0.0,0.0,0.0,0.0,0.0,0.0,-0.9399569181777232,0.0,-0.8820513712924587,-0.7087663022257953,0.0,-0.7197319223126363,-0.7868294413595742
24,0.0,0.0,0.0,0.0,0.0,0.0,0.0,0.0,0.0,0.0,0.0,0.0,0.0,0.0,0.0,0.0,0.0,0.0,0.0,0.0,0.0,-0.9131417975859419,-0.7357575374105448,-0.7197319223126363,0.0,-0.7585843321591579
25,0.0,0.0,0.0,0.0,0.0,0.0,0.0,0.0,0.0,0.0,0.0,0.0,0.0,0.0,0.0,0.0,0.0,0.0,0.0,0.0,0.0,0.0,-0.8038335379660773,-0.7868294413595742,-0.7585843321591579,0.0
