,0,1,2,3,4,5,6,7,8,9,10,11,12,13,14,15,16,17,18,19,20,21,22,23,24,25,26,27,28
0,0.0,-2.454181383026703,-2.813465954068173,-3.0665159507410102,0.0,0.0,0.0,0.0,0.0,0.0,0.0,0.0,0.0,0.0,0.0,0.0,0.0,0.0,0.0,0.0,0.0,0.0,0.0,0.0,0.0,0.0,0.0,0.0,0.0
1,-2.454181383026703,0.0,-0.9054102618752579,-1.0730032737588313,-1.1572276589097512,0.0,0.0,0.0,0.0,0.0,0.0,0.0,0.0,0.0,0.0,0.0,0.0,0.0,0.0,0.0,0.0,0.0,0.0,0.0,0.0,0.0,0.0,0.0,0.0
2,-2.813465954068173,-0.9054102618752579,0.0,-0.8356558804950536,-0.9085709912851238,0.0,0.0,0.0,0.0,0.0,0.0,0.0,0.0,0.0,0.0,0.0,0.0,0.0,0.0,0.0,0.0,0.0,0.0,0.0,0.0,0.0,0.0,0.0,0.0
3,-3.0665159507410102,-1.0730032737588313,-0.8356558804950536,0.0,-0.7577832605955914,-0.8697972464452776,0.0,0.0,0.0,0.0,0.0,0.0,0.0,0.0,0.0,0.0,0.0,0.0,0.0,0.0,0.0,0.0,0.0,0.0,0.0,0.0,0.0,0.0,0.0
4,0.0,-1.1572276589097512,-0.9085709912851238,-0.7577832605955914,0.0,-0.798899593201667,-0.8573741127901224,0.0,-0.9768704616610208,0.0,0.0,0.0,0.0,0.0,0.0,0.0,0.0,0.0,0.0,0.0,0.0,0.0,0.0,0.0,0.0,0.0,0.0,0.0,0.0
5,0.0,0.0,0.0,-0.8697972464452776,-0.798899593201667,0.0,-0.7464282602262288,-0.8144967265122668,-0.856137703726313,-0.9043195758570568,0.0,0.0,0.0,0.0,0.0,0.0,0.0,0.0,0.0,0.0,0.0,0.0,0.0,0.0,0.0,0.0,0.0,0.0,0.0
6,0.0,0.0,0.0,0.0,-0.8573741127901224,-0.7464282602262288,0.0,0.0,-0.7977180846931391,0.0,0.0,0.0,0.0,0.0,0.0,0.0,0.0,-1.6754530412955777,0.0,0.0,0.0,0.0,0.0,0.0,0.0,0.0,0.0,0.0,0.0
7,0.0,0.0,0.0,0.0,0.0,-0.8144967265122668,0.0,0.0,-0.7305965449333013,-0.77412071938461,0.0,0.0,0.0,0.0,0.0,0.0,0.0,0.0,0.0,0.0,0.0,0.0,0.0,0.0,0.0,0.0,0.0,0.0,0.0
8,0.0,0.0,0.0,0.0,-0.9768704616610208,-0.856137703726313,-0.7977180846931391,-0.7305965449333013,0.0,-0.7351602220793045,-0.9065335880908714,-0.9325258108722893,0.0,0.0,0.0,0.0,0.0,0.0,0.0,0.0,0.0,0.0,0.0,0.0,0.0,0.0,0.0,0.0,0.0
9,0.0,0.0,0.0,0.0,0.0,-0.9043195758570568,0.0,-0.77412071938461,-0.7351602220793045,0.0,-0.8582774632420722,-0.8834097506109252,0.0,0.0,0.0,0.0,0.0,0.0,0.0,0.0,0.0,0.0,0.0,0.0,0.0,0.0,0.0,0.0,0.0
10,0.0,0.0,0.0,0.0,0.0,0.0,0.0,0.0,-0.9065335880908714,-0.8582774632420722,0.0,-0.7149952855412652,0.0,-0.861464150475874,-0.8625094849496622,0.0,0.0,0.0,0.0,0.0,0.0,0.0,0.0,0.0,0.0,0.0,0.0,0.0,0.0
11,0.0,0.0,0.0,0.0,0.0,0.0,0.0,0.0,-0.9325258108722893,-0.8834097506109252,-0.7149952855412652,0.0,0.0,-0.8367297068800799,-0.8377558958021593,0.0,0.0,0.0,0.0,0.0,0.0,0.0,0.0,0.0,0.0,0.0,0.0,0.0,0.0
12,0.0,0.0,0.0,0.0,0.0,0.0,0.0,0.0,0.0,0.0,0.0,0.0,0.0,-0.6984763179838008,-0.69938630907339,0.0,-0.8338297717689316,0.0,0.0,0.0,0.0,0.0,0.0,0.0,0.0,0.0,0.0,0.0,0.0
13,0.0,0.0,0.0,0.0,0.0,0.0,0.0,0.0,0.0,0.0,-0.861464150475874,-0.8367297068800799,-0.6984763179838008,0.0,-0.6940523628278142,0.0,-0.8278311311773774,0.0,0.0,0.0,0.0,0.0,0.0,0.0,0.0,0.0,0.0,0.0,0.0
14,0.0,0.0,0.0,0.0,0.0,0.0,0.0,0.0,0.0,0.0,-0.8625094849496622,-0.8377558958021593,-0.69938630907339,-0.6940523628278142,0.0,-0.8101749552793039,-0.8268127525077748,0.0,0.0,0.0,0.0,0.0,0.0,0.0,0.0,0.0,0.0,0.0,0.0
15,0.0,0.0,0.0,0.0,0.0,0.0,0.0,0.0,0.0,0.0,0.0,0.0,0.0,0.0,-0.8101749552793039,0.0,-0.7081425958685423,-0.8797693949981661,-0.9278534159043119,0.0,0.0,0.0,0.0,0.0,0.0,0.0,0.0,0.0,0.0
16,0.0,0.0,0.0,0.0,0.0,0.0,0.0,0.0,0.0,0.0,0.0,0.0,-0.8338297717689316,-0.8278311311773774,-0.8268127525077748,-0.7081425958685423,0.0,0.0,0.0,0.0,0.0,0.0,0.0,0.0,0.0,0.0,0.0,0.0,0.0
17,0.0,0.0,0.0,0.0,0.0,0.0,-1.6754530412955777,0.0,0.0,0.0,0.0,0.0,0.0,0.0,0.0,-0.8797693949981661,0.0,0.0,-0.7343781900482872,0.0,0.0,0.0,0.0,0.0,0.0,0.0,0.0,0.0,0.0
18,0.0,0.0,0.0,0.0,0.0,0.0,0.0,0.0,0.0,0.0,0.0,0.0,0.0,0.0,0.0,-0.9278534159043119,0.0,-0.7343781900482872,0.0,-0.7185510130857449,-0.8195442805351615,-0.862960033675185,0.0,-0.950326921014972,0.0,0.0,0.0,0.0,0.0
19,0.0,0.0,0.0,0.0,0.0,0.0,0.0,0.0,0.0,0.0,0.0,0.0,0.0,0.0,0.0,0.0,0.0,0.0,-0.7185510130857449,0.0,-0.7917870648347807,0.0,0.0,-0.919847958319723,0.0,0.0,0.0,0.0,0.0
20,0.0,0.0,0.0,0.0,0.0,0.0,0.0,0.0,0.0,0.0,0.0,0.0,0.0,0.0,0.0,0.0,0.0,0.0,-0.8195442805351615,-0.7917870648347807,0.0,-0.7320434694764829,-0.7509370646331762,-0.8108333789756793,0.0,0.0,0.0,0.0,0.0
21,0.0,0.0,0.0,0.0,0.0,0.0,0.0,0.0,0.0,0.0,0.0,0.0,0.0,0.0,0.0,0.0,0.0,0.0,-0.862960033675185,0.0,-0.7320434694764829,0.0,0.0,-0.7691489883474465,0.0,0.0,0.0,0.0,0.0
22,0.0,0.0,0.0,0.0,0.0,0.0,0.0,0.0,0.0,0.0,0.0,0.0,0.0,0.0,0.0,0.0,0.0,0.0,0.0,0.0,-0.7509370646331762,0.0,0.0,-0.7499477313988135,-0.7661105609666431,-0.8034845841866344,0.0,0.0,-1.0871605337833126
23,0.0,0.0,0.0,0.0,0.0,0.0,0.0,0.0,0.0,0.0,0.0,0.0,0.0,0.0,0.0,0.0,0.0,0.0,-0.950326921014972,-0.919847958319723,-0.8108333789756793,-0.7691489883474465,-0.7499477313988135,0.0,0.0,-0.7439524957242207,-0.7827770137649528,0.0,0.0
24,0.0,0.0,0.0,0.0,0.0,0.0,0.0,0.0,0.0,0.0,0.0,0.0,0.0,0.0,0.0,0.0,0.0,0.0,0.0,0.0,0.0,0.0,-0.7661105609666431,0.0,0.0,-0.728106692776327,0.0,-0.8596123181670514,-0.9959793266965373
25,0.0,0.0,0.0,0.0,0.0,0.0,0.0,0.0,0.0,0.0,0.0,0.0,0.0,0.0,0.0,0.0,0.0,0.0,0.0,0.0,0.0,0.0,-0.8034845841866344,-0.7439524957242207,-0.728106692776327,0.0,-0.7301727471331787,-0.820551542083453,0.0
26,0.0,0.0,0.0,0.0,0.0,0.0,0.0,0.0,0.0,0.0,0.0,0.0,0.0,0.0,0.0,0.0,0.0,0.0,0.0,0.0,0.0,0.0,0.0,-0.7827770137649528,0.0,-0.7301727471331787,0.0,-0.780490487523995,0.0
27,0.0,0.0,0.0,0.0,0.0,0.0,0.0,0.0,0.0,0.0,0.0,0.0,0.0,0.0,0.0,0.0,0.0,0.0,0.0,0.0,0.0,0.0,0.0,0.0,-0.8596123181670514,-0.820551542083453,-0.780490487523995,0.0,-0.812419636996926
28,0.0,0.0,0.0,0.0,0.0,0.0,0.0,0.0,0.0,0.0,0.0,0.0,0.0,0.0,0.0,0.0,0.0,0.0,0.0,0.0,0.0,0.0,-1.0871605337833126,0.0,-0.9959793266965373,0.0,0.0,-0.812419636996926,0.0
