,0,1,2,3,4,5,6,7,8,9,10,11,12,13,14,15,16,17,18
0,0.0,-1.7283051419900757,-1.8203704091820059,-1.996527835132739,0.0,0.0,0.0,0.0,0.0,0.0,0.0,0.0,0.0,0.0,0.0,0.0,0.0,0.0,0.0
1,-1.7283051419900757,0.0,-0.7501228080667521,-0.8646045432883994,-0.9534833036815016,0.0,0.0,0.0,0.0,0.0,0.0,0.0,0.0,0.0,0.0,0.0,0.0,0.0,0.0
2,-1.8203704091820059,-0.7501228080667521,0.0,-0.8019362562961935,-0.8868042167890169,0.0,0.0,0.0,0.0,0.0,0.0,0.0,0.0,0.0,0.0,0.0,0.0,0.0,0.0
3,-1.996527835132739,-0.8646045432883994,-0.8019362562961935,0.0,-0.7703825746623622,-0.8078616565611101,-0.8149357658149273,0.0,0.0,0.0,0.0,0.0,0.0,0.0,0.0,0.0,0.0,0.0,0.0
4,0.0,-0.9534833036815016,-0.8868042167890169,-0.7703825746623622,0.0,-0.7280779947780103,-0.7346810350546512,-0.7893823220838864,0.0,0.0,0.0,0.0,0.0,0.0,0.0,0.0,0.0,0.0,0.0
5,0.0,0.0,0.0,-0.8078616565611101,-0.7280779947780103,0.0,-0.699531773975406,-0.7524760697353838,0.0,0.0,0.0,0.0,0.0,0.0,0.0,0.0,0.0,0.0,0.0
6,0.0,0.0,0.0,-0.8149357658149273,-0.7346810350546512,-0.699531773975406,0.0,-0.7457653120393456,0.0,0.0,0.0,0.0,0.0,0.0,0.0,0.0,0.0,0.0,0.0
7,0.0,0.0,0.0,0.0,-0.7893823220838864,-0.7524760697353838,-0.7457653120393456,0.0,0.0,0.0,0.0,0.0,0.0,0.0,0.0,0.0,0.0,0.0,0.0
8,0.0,0.0,0.0,0.0,0.0,0.0,0.0,0.0,0.0,-1.1335248179579105,-1.24027461107776,-1.2784724956779978,0.0,0.0,0.0,0.0,0.0,0.0,0.0
9,0.0,0.0,0.0,0.0,0.0,0.0,0.0,0.0,-1.1335248179579105,0.0,-0.7729438755578399,-0.8020117096242588,-0.8458557008230392,0.0,0.0,0.0,0.0,0.0,0.0
10,0.0,0.0,0.0,0.0,0.0,0.0,0.0,0.0,-1.24027461107776,-0.7729438755578399,0.0,-0.7201721532641844,-0.7610375353719304,-0.7929028597629815,0.0,0.0,0.0,0.0,0.0
11,0.0,0.0,0.0,0.0,0.0,0.0,0.0,0.0,-1.2784724956779978,-0.8020117096242588,-0.7201721532641844,0.0,-0.73297211550098,-0.7640544184326524,-0.7812004813678244,0.0,0.0,0.0,0.0
12,0.0,0.0,0.0,0.0,0.0,0.0,0.0,0.0,0.0,-0.8458557008230392,-0.7610375353719304,-0.73297211550098,0.0,-0.7230788587233324,-0.7396047889246973,0.0,0.0,0.0,0.0
13,0.0,0.0,0.0,0.0,0.0,0.0,0.0,0.0,0.0,0.0,-0.7929028597629815,-0.7640544184326524,-0.7230788587233324,0.0,-0.7092035296700431,0.0,0.0,0.0,0.0
14,0.0,0.0,0.0,0.0,0.0,0.0,0.0,0.0,0.0,0.0,0.0,-0.7812004813678244,-0.7396047889246973,-0.7092035296700431,0.0,0.0,0.0,0.0,0.0
15,0.0,0.0,0.0,0.0,0.0,0.0,0.0,0.0,0.0,0.0,0.0,0.0,0.0,0.0,0.0,0.0,-0.7520992336469874,-0.8788967746542466,-1.0450554407470094
16,0.0,0.0,0.0,0.0,0.0,0.0,0.0,0.0,0.0,0.0,0.0,0.0,0.0,0.0,0.0,-0.7520992336469874,0.0,-0.8134754455740473,-0.9722573082579751
17,0.0,0.0,0.0,0.0,0.0,0.0,0.0,0.0,0.0,0.0,0.0,0.0,0.0,0.0,0.0,-0.8788967746542466,-0.8134754455740473,0.0,-0.8368662464614363
18,0.0,0.0,0.0,0.0,0.0,0.0,0.0,0.0,0.0,0.0,0.0,0.0,0.0,0.0,0.0,-1.0450554407470094,-0.9722573082579751,-0.8368662464614363,0.0
