,0,1,2,3,4,5,6,7,8,9,10,11,12,13,14,15,16,17,18,19,20,21
0,0.0,-2.5115517454175875,-2.6275953173372146,-2.8764344070590737,0.0,0.0,0.0,0.0,0.0,0.0,0.0,0.0,0.0,0.0,0.0,0.0,0.0,0.0,0.0,0.0,0.0,0.0
1,-2.5115517454175875,0.0,-0.7579562633885958,-0.9079483709837881,-1.017311615546521,0.0,0.0,0.0,0.0,0.0,0.0,0.0,0.0,0.0,0.0,0.0,0.0,0.0,0.0,0.0,0.0,0.0
2,-2.6275953173372146,-0.7579562633885958,0.0,-0.834880747230445,-0.9389211044863485,0.0,0.0,0.0,0.0,0.0,0.0,0.0,0.0,0.0,0.0,0.0,0.0,0.0,0.0,0.0,0.0,0.0
3,-2.8764344070590737,-0.9079483709837881,-0.834880747230445,0.0,-0.7855869956123654,0.0,0.0,0.0,0.0,0.0,0.0,0.0,0.0,0.0,0.0,0.0,0.0,0.0,0.0,0.0,0.0,0.0
4,0.0,-1.017311615546521,-0.9389211044863485,-0.7855869956123654,0.0,-1.0461398601777299,-1.0792948357620302,0.0,0.0,0.0,0.0,0.0,0.0,0.0,0.0,0.0,0.0,0.0,0.0,0.0,0.0,0.0
5,0.0,0.0,0.0,0.0,-1.0461398601777299,0.0,-0.7187983005773134,-0.9267712975162521,0.0,0.0,0.0,-1.1905411237293884,0.0,0.0,0.0,0.0,0.0,0.0,0.0,0.0,0.0,0.0
6,0.0,0.0,0.0,0.0,-1.0792948357620302,-0.7187983005773134,0.0,-0.8964715548967996,0.0,0.0,0.0,-1.1555574857370843,0.0,0.0,0.0,0.0,0.0,0.0,0.0,0.0,0.0,0.0
7,0.0,0.0,0.0,0.0,0.0,-0.9267712975162521,-0.8964715548967996,0.0,0.0,-0.8930672017795349,-0.9010994792496958,-0.9161207970359053,0.0,0.0,0.0,0.0,0.0,0.0,0.0,0.0,0.0,0.0
8,0.0,0.0,0.0,0.0,0.0,0.0,0.0,0.0,0.0,-0.7068205498501491,-0.7137168954700812,-0.7266348133288976,-0.7389405827882791,0.0,0.0,0.0,0.0,0.0,0.0,0.0,0.0,0.0
9,0.0,0.0,0.0,0.0,0.0,0.0,0.0,-0.8930672017795349,-0.7068205498501491,0.0,-0.6999514401014933,-0.7126985437047934,-0.7248436061531139,0.0,0.0,0.0,0.0,0.0,0.0,0.0,0.0,0.0
10,0.0,0.0,0.0,0.0,0.0,0.0,0.0,-0.9010994792496958,-0.7137168954700812,-0.6999514401014933,0.0,-0.7058089674561359,-0.7178737415150482,0.0,0.0,0.0,0.0,0.0,0.0,0.0,0.0,0.0
11,0.0,0.0,0.0,0.0,0.0,-1.1905411237293884,-1.1555574857370843,-0.9161207970359053,-0.7266348133288976,-0.7126985437047934,-0.7058089674561359,0.0,0.0,0.0,0.0,0.0,0.0,0.0,0.0,0.0,0.0,0.0
12,0.0,0.0,0.0,0.0,0.0,0.0,0.0,0.0,-0.7389405827882791,-0.7248436061531139,-0.7178737415150482,0.0,0.0,0.0,0.0,0.0,0.0,0.0,0.0,0.0,0.0,0.0
13,0.0,0.0,0.0,0.0,0.0,0.0,0.0,0.0,0.0,0.0,0.0,0.0,0.0,0.0,-0.730398157760898,-0.738369074412567,-0.744935648510436,-0.803458710670979,0.0,0.0,0.0,0.0
14,0.0,0.0,0.0,0.0,0.0,0.0,0.0,0.0,0.0,0.0,0.0,0.0,0.0,-0.730398157760898,0.0,-0.700837995103046,0.0,-0.7637192664058199,0.0,0.0,0.0,0.0
15,0.0,0.0,0.0,0.0,0.0,0.0,0.0,0.0,0.0,0.0,0.0,0.0,0.0,-0.738369074412567,-0.700837995103046,0.0,-0.6994365822002319,-0.7555649752865681,0.0,0.0,0.0,0.0
16,0.0,0.0,0.0,0.0,0.0,0.0,0.0,0.0,0.0,0.0,0.0,0.0,0.0,-0.744935648510436,0.0,-0.6994365822002319,0.0,0.0,-0.8281390533951195,-0.8899648712744809,-0.9746822622008029,0.0
17,0.0,0.0,0.0,0.0,0.0,0.0,0.0,0.0,0.0,0.0,0.0,0.0,0.0,-0.803458710670979,-0.7637192664058199,-0.7555649752865681,0.0,0.0,0.0,-0.827383695749015,0.0,0.0
18,0.0,0.0,0.0,0.0,0.0,0.0,0.0,0.0,0.0,0.0,0.0,0.0,0.0,0.0,0.0,0.0,-0.8281390533951195,0.0,0.0,-0.7482283940231651,-0.8242892875484299,-0.8936007295661678
19,0.0,0.0,0.0,0.0,0.0,0.0,0.0,0.0,0.0,0.0,0.0,0.0,0.0,0.0,0.0,0.0,-0.8899648712744809,-0.827383695749015,-0.7482283940231651,0.0,0.0,-0.8316136052157389
20,0.0,0.0,0.0,0.0,0.0,0.0,0.0,0.0,0.0,0.0,0.0,0.0,0.0,0.0,0.0,0.0,-0.9746822622008029,0.0,-0.8242892875484299,0.0,0.0,-0.7551021440395873
21,0.0,0.0,0.0,0.0,0.0,0.0,0.0,0.0,0.0,0.0,0.0,0.0,0.0,0.0,0.0,0.0,0.0,0.0,-0.8936007295661678,-0.8316136052157389,-0.7551021440395873,0.0
