,0,1,2,3,4,5,6,7,8,9,10,11,12,13,14,15,16,17,18,19,20,21,22,23,24,25,26,27
0,0.0,-1.8198107544233404,-1.9505541590490931,-2.036704204800889,0.0,0.0,0.0,0.0,0.0,0.0,0.0,0.0,0.0,0.0,0.0,0.0,0.0,0.0,0.0,0.0,0.0,0.0,0.0,0.0,0.0,0.0,0.0,0.0
1,-1.8198107544233404,0.0,-0.7731998270539054,-0.8281390453704358,-1.3596560094966958,0.0,0.0,0.0,0.0,0.0,0.0,0.0,0.0,0.0,0.0,0.0,0.0,0.0,0.0,0.0,0.0,0.0,0.0,0.0,0.0,0.0,0.0,0.0
2,-1.9505541590490931,-0.7731998270539054,0.0,-0.7442602856681612,-1.2473934387943941,0.0,0.0,0.0,0.0,0.0,0.0,0.0,0.0,0.0,0.0,0.0,0.0,0.0,0.0,0.0,0.0,0.0,0.0,0.0,0.0,0.0,0.0,0.0
3,-2.036704204800889,-0.8281390453704358,-0.7442602856681612,0.0,-1.1773364414372234,0.0,0.0,0.0,0.0,0.0,0.0,0.0,0.0,0.0,0.0,0.0,0.0,0.0,0.0,0.0,0.0,0.0,0.0,0.0,0.0,0.0,0.0,0.0
4,0.0,-1.3596560094966958,-1.2473934387943941,-1.1773364414372234,0.0,-0.7180584431493915,-0.8721688833704109,-1.0762452142336818,0.0,0.0,0.0,0.0,0.0,0.0,0.0,0.0,0.0,0.0,0.0,0.0,0.0,0.0,0.0,0.0,0.0,0.0,0.0,0.0
5,0.0,0.0,0.0,0.0,-0.7180584431493915,0.0,-0.8438221632596212,-1.0440784794737703,0.0,0.0,0.0,0.0,0.0,0.0,0.0,0.0,0.0,0.0,0.0,0.0,0.0,0.0,0.0,0.0,0.0,0.0,0.0,0.0
6,0.0,0.0,0.0,0.0,-0.8721688833704109,-0.8438221632596212,0.0,-0.8708826576984932,0.0,0.0,0.0,0.0,0.0,0.0,0.0,0.0,0.0,0.0,0.0,0.0,0.0,0.0,0.0,0.0,0.0,0.0,0.0,0.0
7,0.0,0.0,0.0,0.0,-1.0762452142336818,-1.0440784794737703,-0.8708826576984932,0.0,-0.8119836778369492,-0.860786499620559,0.0,0.0,0.0,0.0,0.0,0.0,0.0,0.0,0.0,0.0,0.0,0.0,0.0,0.0,0.0,0.0,0.0,0.0
8,0.0,0.0,0.0,0.0,0.0,0.0,0.0,-0.8119836778369492,0.0,-0.7371392606030188,-0.8869215837521518,0.0,0.0,0.0,0.0,0.0,0.0,0.0,0.0,0.0,0.0,0.0,0.0,0.0,0.0,0.0,0.0,0.0
9,0.0,0.0,0.0,0.0,0.0,0.0,0.0,-0.860786499620559,-0.7371392606030188,0.0,-0.8371731503037885,-0.8497717285634506,-0.9400978797836255,0.0,0.0,0.0,0.0,0.0,0.0,0.0,0.0,0.0,0.0,0.0,0.0,0.0,0.0,0.0
10,0.0,0.0,0.0,0.0,0.0,0.0,0.0,0.0,-0.8869215837521518,-0.8371731503037885,0.0,-0.7042639676415617,0.0,-0.8530064515097185,-0.8564232809474108,0.0,0.0,0.0,0.0,0.0,0.0,0.0,0.0,0.0,0.0,0.0,0.0,0.0
11,0.0,0.0,0.0,0.0,0.0,0.0,0.0,0.0,0.0,-0.8497717285634506,-0.7042639676415617,0.0,-0.7724774602475715,0.0,-0.8437619350097458,0.0,0.0,0.0,0.0,0.0,0.0,0.0,0.0,0.0,0.0,0.0,0.0,0.0
12,0.0,0.0,0.0,0.0,0.0,0.0,0.0,0.0,0.0,-0.9400978797836255,0.0,-0.7724774602475715,0.0,-0.7563844278973519,-0.7595442795945018,0.0,0.0,0.0,0.0,0.0,0.0,0.0,0.0,0.0,0.0,0.0,0.0,0.0
13,0.0,0.0,0.0,0.0,0.0,0.0,0.0,0.0,0.0,0.0,-0.8530064515097185,0.0,-0.7563844278973519,0.0,-0.6961248508156644,-0.83992135803364,0.0,-0.8942744062247154,0.0,0.0,0.0,0.0,0.0,0.0,0.0,0.0,0.0,0.0
14,0.0,0.0,0.0,0.0,0.0,0.0,0.0,0.0,0.0,0.0,-0.8564232809474108,-0.8437619350097458,-0.7595442795945018,-0.6961248508156644,0.0,0.0,-0.8901980393600404,0.0,0.0,0.0,0.0,0.0,0.0,0.0,0.0,0.0,0.0,0.0
15,0.0,0.0,0.0,0.0,0.0,0.0,0.0,0.0,0.0,0.0,0.0,0.0,0.0,-0.83992135803364,0.0,0.0,-0.7406235052412992,-0.741125636939489,0.0,-0.8243457509434123,0.0,0.0,0.0,0.0,0.0,0.0,0.0,0.0
16,0.0,0.0,0.0,0.0,0.0,0.0,0.0,0.0,0.0,0.0,0.0,0.0,0.0,0.0,-0.8901980393600404,-0.7406235052412992,0.0,-0.6936270669744733,-0.7162076127375648,0.0,-0.7921254496761245,-0.8667380578687881,0.0,0.0,0.0,0.0,0.0,0.0
17,0.0,0.0,0.0,0.0,0.0,0.0,0.0,0.0,0.0,0.0,0.0,0.0,0.0,-0.8942744062247154,0.0,-0.741125636939489,-0.6936270669744733,0.0,-0.7157170193027824,-0.772787595115099,0.0,0.0,0.0,0.0,0.0,0.0,0.0,0.0
18,0.0,0.0,0.0,0.0,0.0,0.0,0.0,0.0,0.0,0.0,0.0,0.0,0.0,0.0,0.0,0.0,-0.7162076127375648,-0.7157170193027824,0.0,0.0,-0.7674342309119798,-0.8405579850424577,0.0,0.0,0.0,0.0,0.0,0.0
19,0.0,0.0,0.0,0.0,0.0,0.0,0.0,0.0,0.0,0.0,0.0,0.0,0.0,0.0,0.0,-0.8243457509434123,0.0,-0.772787595115099,0.0,0.0,0.0,-0.7801809255939549,0.0,0.0,0.0,0.0,0.0,0.0
20,0.0,0.0,0.0,0.0,0.0,0.0,0.0,0.0,0.0,0.0,0.0,0.0,0.0,0.0,0.0,0.0,-0.7921254496761245,0.0,-0.7674342309119798,0.0,0.0,-0.7615486434258888,0.0,0.0,0.0,0.0,0.0,0.0
21,0.0,0.0,0.0,0.0,0.0,0.0,0.0,0.0,0.0,0.0,0.0,0.0,0.0,0.0,0.0,0.0,-0.8667380578687881,0.0,-0.8405579850424577,-0.7801809255939549,-0.7615486434258888,0.0,-0.8881452653467157,-0.9136662592717286,0.0,0.0,0.0,0.0
22,0.0,0.0,0.0,0.0,0.0,0.0,0.0,0.0,0.0,0.0,0.0,0.0,0.0,0.0,0.0,0.0,0.0,0.0,0.0,0.0,0.0,-0.8881452653467157,0.0,0.0,-0.8224074088213654,-0.8386025406177414,-0.8975644771526314,0.0
23,0.0,0.0,0.0,0.0,0.0,0.0,0.0,0.0,0.0,0.0,0.0,0.0,0.0,0.0,0.0,0.0,0.0,0.0,0.0,0.0,0.0,-0.9136662592717286,0.0,0.0,-0.7985389270143625,-0.8144298895395904,0.0,0.0
24,0.0,0.0,0.0,0.0,0.0,0.0,0.0,0.0,0.0,0.0,0.0,0.0,0.0,0.0,0.0,0.0,0.0,0.0,0.0,0.0,0.0,0.0,-0.8224074088213654,-0.7985389270143625,0.0,-0.7076035331049817,-0.7604437140984859,-0.762489812845104
25,0.0,0.0,0.0,0.0,0.0,0.0,0.0,0.0,0.0,0.0,0.0,0.0,0.0,0.0,0.0,0.0,0.0,0.0,0.0,0.0,0.0,0.0,-0.8386025406177414,-0.8144298895395904,-0.7076035331049817,0.0,-0.7452588550807211,-0.747277500750857
26,0.0,0.0,0.0,0.0,0.0,0.0,0.0,0.0,0.0,0.0,0.0,0.0,0.0,0.0,0.0,0.0,0.0,0.0,0.0,0.0,0.0,0.0,-0.8975644771526314,0.0,-0.7604437140984859,-0.7452588550807211,0.0,-0.6950683720141759
27,0.0,0.0,0.0,0.0,0.0,0.0,0.0,0.0,0.0,0.0,0.0,0.0,0.0,0.0,0.0,0.0,0.0,0.0,0.0,0.0,0.0,0.0,0.0,0.0,-0.762489812845104,-0.747277500750857,-0.6950683720141759,0.0
