,0,1,2,3,4,5,6,7,8,9,10,11,12,13,14,15,16,17,18
0,0.0,-1.2603219014347267,-1.3977738768250967,-2.0612604128591285,0.0,0.0,0.0,0.0,0.0,0.0,0.0,0.0,0.0,0.0,0.0,0.0,0.0,0.0,0.0
1,-1.2603219014347267,0.0,-0.7910293881326336,-1.3119805965046534,-1.6250189081058097,0.0,0.0,0.0,0.0,0.0,0.0,0.0,0.0,0.0,0.0,0.0,0.0,0.0,0.0
2,-1.3977738768250967,-0.7910293881326336,0.0,-1.1788523772791923,-1.4776857044442215,0.0,0.0,0.0,0.0,0.0,0.0,0.0,0.0,0.0,0.0,0.0,0.0,0.0,0.0
3,-2.0612604128591285,-1.3119805965046534,-1.1788523772791923,0.0,-0.917503611661124,-1.070000966976754,-1.4628354424313688,0.0,0.0,0.0,0.0,0.0,0.0,0.0,0.0,0.0,0.0,0.0,0.0
4,0.0,-1.6250189081058097,-1.4776857044442215,-0.917503611661124,0.0,-0.8216916327321842,-1.1655412902812736,0.0,0.0,0.0,0.0,0.0,0.0,0.0,0.0,0.0,0.0,0.0,0.0
5,0.0,0.0,0.0,-1.070000966976754,-0.8216916327321842,0.0,-1.0051761067901972,-1.308935417027972,0.0,0.0,0.0,0.0,0.0,0.0,0.0,0.0,0.0,0.0,0.0
6,0.0,0.0,0.0,-1.4628354424313688,-1.1655412902812736,-1.0051761067901972,0.0,-0.9399405904804454,-1.017414841162519,0.0,0.0,0.0,0.0,0.0,0.0,0.0,0.0,0.0,0.0
7,0.0,0.0,0.0,0.0,0.0,-1.308935417027972,-0.9399405904804454,0.0,-0.7571531379019292,-1.112756536986665,-1.4126296296268108,0.0,0.0,0.0,0.0,0.0,0.0,0.0,0.0
8,0.0,0.0,0.0,0.0,0.0,0.0,-1.017414841162519,-0.7571531379019292,0.0,-1.031125703090202,-1.320152313862931,0.0,0.0,0.0,0.0,0.0,0.0,0.0,0.0
9,0.0,0.0,0.0,0.0,0.0,0.0,0.0,-1.112756536986665,-1.031125703090202,0.0,-0.9246054740173903,-1.0879033510493499,-1.1695948683652289,0.0,0.0,0.0,0.0,0.0,0.0
10,0.0,0.0,0.0,0.0,0.0,0.0,0.0,-1.4126296296268108,-1.320152313862931,-0.9246054740173903,0.0,-0.8303068411615426,-0.9002180768755909,0.0,-1.0086794355731021,0.0,0.0,0.0,0.0
11,0.0,0.0,0.0,0.0,0.0,0.0,0.0,0.0,0.0,-1.0879033510493499,-0.8303068411615426,0.0,-0.7553576437437487,0.0,-0.8527853154386577,0.0,0.0,0.0,0.0
12,0.0,0.0,0.0,0.0,0.0,0.0,0.0,0.0,0.0,-1.1695948683652289,-0.9002180768755909,-0.7553576437437487,0.0,0.0,-0.785280206528528,0.0,0.0,0.0,0.0
13,0.0,0.0,0.0,0.0,0.0,0.0,0.0,0.0,0.0,0.0,0.0,0.0,0.0,0.0,-0.7630881428446903,-0.7858894985378346,-0.9549398199351672,0.0,0.0
14,0.0,0.0,0.0,0.0,0.0,0.0,0.0,0.0,0.0,0.0,-1.0086794355731021,-0.8527853154386577,-0.785280206528528,-0.7630881428446903,0.0,0.0,0.0,0.0,-1.0715148153124132
15,0.0,0.0,0.0,0.0,0.0,0.0,0.0,0.0,0.0,0.0,0.0,0.0,0.0,-0.7858894985378346,0.0,0.0,-0.849461749389168,-1.0283290182783564,-1.0439041809082756
16,0.0,0.0,0.0,0.0,0.0,0.0,0.0,0.0,0.0,0.0,0.0,0.0,0.0,-0.9549398199351672,0.0,-0.849461749389168,0.0,-0.8510922562490078,-0.8649977686000797
17,0.0,0.0,0.0,0.0,0.0,0.0,0.0,0.0,0.0,0.0,0.0,0.0,0.0,0.0,0.0,-1.0283290182783564,-0.8510922562490078,0.0,-0.7052907582186435
18,0.0,0.0,0.0,0.0,0.0,0.0,0.0,0.0,0.0,0.0,0.0,0.0,0.0,0.0,-1.0715148153124132,-1.0439041809082756,-0.8649977686000797,-0.7052907582186435,0.0
