,0,1,2,3,4,5,6,7,8,9,10,11,12,13,14,15,16,17,18,19,20
0,0.0,-1.2896944496275045,-2.4232362838488872,-2.8662864770692167,0.0,0.0,0.0,0.0,0.0,0.0,0.0,0.0,0.0,0.0,0.0,0.0,0.0,0.0,0.0,0.0,0.0
1,-1.2896944496275045,0.0,-1.5906900220720126,-1.9874620468550366,-2.096867396435551,0.0,0.0,0.0,0.0,0.0,0.0,0.0,0.0,0.0,0.0,0.0,0.0,0.0,0.0,0.0,0.0
2,-2.4232362838488872,-1.5906900220720126,0.0,-0.9599879528607448,-1.0394238464143577,-1.2185846909899576,0.0,0.0,0.0,0.0,0.0,0.0,0.0,0.0,0.0,0.0,0.0,0.0,0.0,0.0,0.0
3,-2.8662864770692167,-1.9874620468550366,-0.9599879528607448,0.0,-0.7579863186385446,-0.9075410001563106,0.0,-0.9499140556306691,0.0,0.0,0.0,0.0,0.0,0.0,0.0,0.0,0.0,0.0,0.0,0.0,0.0
4,0.0,-2.096867396435551,-1.0394238464143577,-0.7579863186385446,0.0,-0.8344622487397451,-0.8473989966068113,-0.8747052004856272,0.0,0.0,0.0,0.0,0.0,0.0,0.0,0.0,0.0,0.0,0.0,0.0,0.0
5,0.0,0.0,-1.2185846909899576,-0.9075410001563106,-0.8344622487397451,0.0,-0.7045861619532224,-0.7287867221859614,0.0,0.0,0.0,0.0,0.0,0.0,0.0,0.0,0.0,0.0,0.0,0.0,0.0
6,0.0,0.0,0.0,0.0,-0.8473989966068113,-0.7045861619532224,0.0,-0.7170788144130489,-0.8297232346446464,-0.8753783230667387,0.0,0.0,0.0,0.0,0.0,0.0,0.0,0.0,0.0,0.0,0.0
7,0.0,0.0,0.0,-0.9499140556306691,-0.8747052004856272,-0.7287867221859614,-0.7170788144130489,0.0,-0.8033275515985667,-0.8480587963802446,0.0,0.0,0.0,0.0,0.0,0.0,0.0,0.0,0.0,0.0,0.0
8,0.0,0.0,0.0,0.0,0.0,0.0,-0.8297232346446464,-0.8033275515985667,0.0,-0.7337371554142433,-0.773737084528451,0.0,0.0,0.0,0.0,0.0,0.0,0.0,0.0,0.0,0.0
9,0.0,0.0,0.0,0.0,0.0,0.0,-0.8753783230667387,-0.8480587963802446,-0.7337371554142433,0.0,-0.7316459651102747,0.0,0.0,0.0,0.0,0.0,0.0,0.0,0.0,0.0,0.0
10,0.0,0.0,0.0,0.0,0.0,0.0,0.0,0.0,-0.773737084528451,-0.7316459651102747,0.0,-0.9701677002247848,0.0,0.0,0.0,0.0,0.0,0.0,0.0,0.0,0.0
11,0.0,0.0,0.0,0.0,0.0,0.0,0.0,0.0,0.0,0.0,-0.9701677002247848,0.0,-0.8222641377676048,0.0,0.0,-1.1419121123353224,0.0,0.0,0.0,0.0,0.0
12,0.0,0.0,0.0,0.0,0.0,0.0,0.0,0.0,0.0,0.0,0.0,-0.8222641377676048,0.0,0.0,-0.9438789119813465,-0.9827897196312306,0.0,0.0,0.0,0.0,0.0
13,0.0,0.0,0.0,0.0,0.0,0.0,0.0,0.0,0.0,0.0,0.0,0.0,0.0,0.0,-0.8008356444757139,0.0,-1.0777917227304388,-1.2311078308669376,0.0,0.0,0.0
14,0.0,0.0,0.0,0.0,0.0,0.0,0.0,0.0,0.0,0.0,0.0,0.0,-0.9438789119813465,-0.8008356444757139,0.0,-0.725106650239276,-0.9474387320268278,-1.090491544600282,0.0,0.0,0.0
15,0.0,0.0,0.0,0.0,0.0,0.0,0.0,0.0,0.0,0.0,0.0,-1.1419121123353224,-0.9827897196312306,0.0,-0.725106650239276,0.0,-0.9093815195708908,-1.0491546335744018,0.0,0.0,0.0
16,0.0,0.0,0.0,0.0,0.0,0.0,0.0,0.0,0.0,0.0,0.0,0.0,0.0,-1.0777917227304388,-0.9474387320268278,-0.9093815195708908,0.0,-0.8114555893975024,-0.9782345762708737,-1.1083297734871596,-1.249371714225395
17,0.0,0.0,0.0,0.0,0.0,0.0,0.0,0.0,0.0,0.0,0.0,0.0,0.0,-1.2311078308669376,-1.090491544600282,-1.0491546335744018,-0.8114555893975024,0.0,0.0,0.0,0.0
18,0.0,0.0,0.0,0.0,0.0,0.0,0.0,0.0,0.0,0.0,0.0,0.0,0.0,0.0,0.0,0.0,-0.9782345762708737,0.0,0.0,-0.7986983553032605,-0.9159330171952776
19,0.0,0.0,0.0,0.0,0.0,0.0,0.0,0.0,0.0,0.0,0.0,0.0,0.0,0.0,0.0,0.0,-1.1083297734871596,0.0,-0.7986983553032605,0.0,-0.800258404148581
20,0.0,0.0,0.0,0.0,0.0,0.0,0.0,0.0,0.0,0.0,0.0,0.0,0.0,0.0,0.0,0.0,-1.249371714225395,0.0,-0.9159330171952776,-0.800258404148581,0.0
