,0,1,2,3,4,5,6,7,8,9,10,11,12,13,14,15,16,17,18,19,20
0,0.0,-2.153004142042717,-2.1820911796013376,-2.2258596736804623,0.0,0.0,0.0,0.0,0.0,0.0,0.0,0.0,0.0,0.0,0.0,0.0,0.0,0.0,0.0,0.0,0.0
1,-2.153004142042717,0.0,-0.7097054282977062,-0.7350111627565346,0.0,0.0,-0.949630768009612,0.0,0.0,0.0,0.0,0.0,0.0,0.0,0.0,0.0,0.0,0.0,0.0,0.0,0.0
2,-2.1820911796013376,-0.7097054282977062,0.0,-0.7180491089082628,-0.8777485578550319,0.0,0.0,0.0,0.0,0.0,0.0,0.0,0.0,0.0,0.0,0.0,0.0,0.0,0.0,0.0,0.0
3,-2.2258596736804623,-0.7350111627565346,-0.7180491089082628,0.0,0.0,0.0,-0.900130421295872,0.0,0.0,0.0,0.0,0.0,0.0,0.0,0.0,0.0,0.0,0.0,0.0,0.0,0.0
4,0.0,0.0,-0.8777485578550319,0.0,0.0,-0.7157599172019469,-0.7377003786609436,-0.8922558272785297,0.0,0.0,0.0,0.0,0.0,0.0,0.0,0.0,0.0,0.0,0.0,0.0,0.0
5,0.0,0.0,0.0,0.0,-0.7157599172019469,0.0,-0.7146129172355015,-0.8660982985045973,-0.8785628727604835,0.0,0.0,0.0,0.0,0.0,0.0,0.0,0.0,0.0,0.0,0.0,0.0
6,0.0,-0.949630768009612,0.0,-0.900130421295872,-0.7377003786609436,-0.7146129172355015,0.0,-0.8417050869352144,0.0,0.0,0.0,0.0,0.0,0.0,0.0,0.0,0.0,0.0,0.0,0.0,0.0
7,0.0,0.0,0.0,0.0,-0.8922558272785297,-0.8660982985045973,-0.8417050869352144,0.0,-0.7039125930402439,-0.852134112845506,0.0,0.0,0.0,0.0,0.0,0.0,0.0,0.0,0.0,0.0,0.0
8,0.0,0.0,0.0,0.0,0.0,-0.8785628727604835,0.0,-0.7039125930402439,0.0,-0.8399081737049076,0.0,0.0,0.0,0.0,0.0,0.0,0.0,0.0,0.0,0.0,0.0
9,0.0,0.0,0.0,0.0,0.0,0.0,0.0,-0.852134112845506,-0.8399081737049076,0.0,-0.8366256272813379,-1.0371554124633193,0.0,0.0,0.0,0.0,0.0,0.0,0.0,0.0,0.0
10,0.0,0.0,0.0,0.0,0.0,0.0,0.0,0.0,0.0,-0.8366256272813379,0.0,-0.8720210778401716,-0.974032989398977,0.0,0.0,0.0,0.0,0.0,0.0,0.0,0.0
11,0.0,0.0,0.0,0.0,0.0,0.0,0.0,0.0,0.0,-1.0371554124633193,-0.8720210778401716,0.0,-0.7814162013748064,-0.917996814639193,0.0,0.0,0.0,0.0,0.0,0.0,0.0
12,0.0,0.0,0.0,0.0,0.0,0.0,0.0,0.0,0.0,0.0,-0.974032989398977,-0.7814162013748064,0.0,-0.8197325063199725,0.0,-1.0262819267999004,0.0,0.0,0.0,0.0,0.0
13,0.0,0.0,0.0,0.0,0.0,0.0,0.0,0.0,0.0,0.0,0.0,-0.917996814639193,-0.8197325063199725,0.0,-0.8578465802342625,-0.8796666344458142,0.0,0.0,0.0,0.0,0.0
14,0.0,0.0,0.0,0.0,0.0,0.0,0.0,0.0,0.0,0.0,0.0,0.0,0.0,-0.8578465802342625,0.0,-0.7121177444542378,-1.0518371653635947,0.0,0.0,0.0,0.0
15,0.0,0.0,0.0,0.0,0.0,0.0,0.0,0.0,0.0,0.0,0.0,0.0,-1.0262819267999004,-0.8796666344458142,-0.7121177444542378,0.0,-1.0275396863982833,0.0,0.0,0.0,0.0
16,0.0,0.0,0.0,0.0,0.0,0.0,0.0,0.0,0.0,0.0,0.0,0.0,0.0,0.0,-1.0518371653635947,-1.0275396863982833,0.0,-0.7126861997078243,-0.7688858789126638,-0.9137081591580654,0.0
17,0.0,0.0,0.0,0.0,0.0,0.0,0.0,0.0,0.0,0.0,0.0,0.0,0.0,0.0,0.0,0.0,-0.7126861997078243,0.0,-0.748308957391014,-0.8907064102337222,-1.001609819516145
18,0.0,0.0,0.0,0.0,0.0,0.0,0.0,0.0,0.0,0.0,0.0,0.0,0.0,0.0,0.0,0.0,-0.7688858789126638,-0.748308957391014,0.0,-0.8287614855257978,-0.9349852206299052
19,0.0,0.0,0.0,0.0,0.0,0.0,0.0,0.0,0.0,0.0,0.0,0.0,0.0,0.0,0.0,0.0,-0.9137081591580654,-0.8907064102337222,-0.8287614855257978,0.0,-0.7879639705014939
20,0.0,0.0,0.0,0.0,0.0,0.0,0.0,0.0,0.0,0.0,0.0,0.0,0.0,0.0,0.0,0.0,0.0,-1.001609819516145,-0.9349852206299052,-0.7879639705014939,0.0
