,0,1,2,3,4,5,6,7,8,9,10,11,12,13,14,15
0,0.0,2.429247189032344,1.4481189349898995,1.2097856742322493,0.0,0.0,0.0,0.0,0.0,0.0,0.0,0.0,0.0,0.0,0.0,0.0
1,2.429247189032344,0.0,0.09846998951365925,-1.8103132472703296,2.084235336545581,0.0,0.0,0.0,0.0,0.0,0.0,0.0,0.0,0.0,0.0,0.0
2,1.4481189349898995,0.09846998951365925,0.0,-0.5187394701698973,2.0802482094997146,1.8944271137614637,0.0,0.0,0.0,0.0,0.0,0.0,0.0,0.0,0.0,0.0
3,1.2097856742322493,-1.8103132472703296,-0.5187394701698973,0.0,2.0781360776393245,1.8930838807819483,0.7694032162633423,0.0,0.0,0.0,0.0,0.0,0.0,0.0,0.0,0.0
4,0.0,2.084235336545581,2.0802482094997146,2.0781360776393245,0.0,-0.9680459376339567,1.6246230012211027,0.0,0.0,0.0,0.0,0.0,0.0,0.0,0.0,0.0
5,0.0,0.0,1.8944271137614637,1.8930838807819483,-0.9680459376339567,0.0,1.5581009412140001,-0.2762735535668339,0.0,0.0,0.0,0.0,0.0,0.0,0.0,0.0
6,0.0,0.0,0.0,0.7694032162633423,1.6246230012211027,1.5581009412140001,0.0,1.5874748084013544,0.7499728420359669,0.0,0.0,0.0,0.0,0.0,0.0,0.0
7,0.0,0.0,0.0,0.0,0.0,-0.2762735535668339,1.5874748084013544,0.0,1.7710348252637402,-1.297742499490903,0.0,0.0,0.0,0.0,0.0,0.0
8,0.0,0.0,0.0,0.0,0.0,0.0,0.7499728420359669,1.7710348252637402,0.0,1.3757986615720859,0.0,0.0,0.0,0.0,0.0,0.0
9,0.0,0.0,0.0,0.0,0.0,0.0,0.0,-1.297742499490903,1.3757986615720859,0.0,0.449974742366998,0.0,0.0,0.0,0.0,0.0
10,0.0,0.0,0.0,0.0,0.0,0.0,0.0,0.0,0.0,0.449974742366998,0.0,0.0,-0.313479064185977,-0.6891151976690049,-0.6284568785836118,0.0
11,0.0,0.0,0.0,0.0,0.0,0.0,0.0,0.0,0.0,0.0,0.0,0.0,0.4494567918240201,0.19718119413129684,-0.645930442672976,0.0
12,0.0,0.0,0.0,0.0,0.0,0.0,0.0,0.0,0.0,0.0,-0.313479064185977,0.4494567918240201,0.0,-1.959515564237957,-0.15673730169212452,-1.6853202479919616
13,0.0,0.0,0.0,0.0,0.0,0.0,0.0,0.0,0.0,0.0,-0.6891151976690049,0.19718119413129684,-1.959515564237957,0.0,-0.3205657392609377,-1.7513692101822491
14,0.0,0.0,0.0,0.0,0.0,0.0,0.0,0.0,0.0,0.0,-0.6284568785836118,-0.645930442672976,-0.15673730169212452,-0.3205657392609377,0.0,-0.616411299356632
15,0.0,0.0,0.0,0.0,0.0,0.0,0.0,0.0,0.0,0.0,0.0,0.0,-1.6853202479919616,-1.7513692101822491,-0.616411299356632,0.0
