,0,1,2,3,4,5,6,7,8,9,10,11,12,13,14,15,16,17,18
0,0.0,2.5976019273291433,2.1966296866997856,2.162222801822272,0.0,0.0,0.0,0.0,0.0,0.0,0.0,0.0,0.0,0.0,0.0,0.0,0.0,0.0,0.0
1,2.5976019273291433,0.0,-1.4432866399332511,-1.0612544400118398,2.0477476423338654,0.0,0.0,0.0,0.0,0.0,0.0,0.0,0.0,0.0,0.0,0.0,0.0,0.0,0.0
2,2.1966296866997856,-1.4432866399332511,0.0,-1.5625565365740441,2.057695401299157,0.0,0.0,0.0,0.0,0.0,0.0,0.0,0.0,0.0,0.0,0.0,0.0,0.0,0.0
3,2.162222801822272,-1.0612544400118398,-1.5625565365740441,0.0,2.0686263984261117,0.0,0.0,0.0,0.0,0.0,0.0,0.0,0.0,0.0,0.0,0.0,0.0,0.0,0.0
4,0.0,2.0477476423338654,2.057695401299157,2.0686263984261117,0.0,1.8587125118620824,1.6524187479163424,-0.20357812373141418,0.0,0.0,0.0,0.0,0.0,0.0,0.0,0.0,0.0,0.0,0.0
5,0.0,0.0,0.0,0.0,1.8587125118620824,0.0,-0.8889386806113586,1.5433140639417415,-2.311650959107957,0.0,0.0,0.0,0.0,0.0,0.0,0.0,0.0,0.0,0.0
6,0.0,0.0,0.0,0.0,1.6524187479163424,-0.8889386806113586,0.0,1.5226226048882119,-0.8993534956541593,-0.9232506016279426,0.0,0.0,0.0,0.0,0.0,0.0,0.0,0.0,0.0
7,0.0,0.0,0.0,0.0,-0.20357812373141418,1.5433140639417415,1.5226226048882119,0.0,1.5027867640197161,0.0,0.0,-0.8414567074603734,0.0,0.0,0.0,0.0,0.0,0.0,0.0
8,0.0,0.0,0.0,0.0,0.0,-2.311650959107957,-0.8993534956541593,1.5027867640197161,0.0,-1.7446404781427105,-0.20659596296646177,0.0,0.0,0.0,0.0,0.0,0.0,0.0,0.0
9,0.0,0.0,0.0,0.0,0.0,0.0,-0.9232506016279426,0.0,-1.7446404781427105,0.0,-0.015867832373802702,1.3123906929824527,-1.0795190753825354,0.0,0.0,0.0,0.0,0.0,0.0
10,0.0,0.0,0.0,0.0,0.0,0.0,0.0,0.0,-0.20659596296646177,-0.015867832373802702,0.0,1.050093912555377,-0.32092173635781207,0.0,0.0,0.0,0.0,0.0,0.0
11,0.0,0.0,0.0,0.0,0.0,0.0,0.0,-0.8414567074603734,0.0,1.3123906929824527,1.050093912555377,0.0,1.2376679733267575,0.0,0.0,0.0,0.0,0.0,0.0
12,0.0,0.0,0.0,0.0,0.0,0.0,0.0,0.0,0.0,-1.0795190753825354,-0.32092173635781207,1.2376679733267575,0.0,-0.06964896656676732,0.0,0.0,0.0,0.0,0.0
13,0.0,0.0,0.0,0.0,0.0,0.0,0.0,0.0,0.0,0.0,0.0,0.0,-0.06964896656676732,0.0,0.9836382320480327,-0.3088504883047522,-0.1702545415873938,0.0,-0.7506846166060791
14,0.0,0.0,0.0,0.0,0.0,0.0,0.0,0.0,0.0,0.0,0.0,0.0,0.0,0.9836382320480327,0.0,0.6946199511942631,0.0,0.8576871011703904,0.4262367490302546
15,0.0,0.0,0.0,0.0,0.0,0.0,0.0,0.0,0.0,0.0,0.0,0.0,0.0,-0.3088504883047522,0.6946199511942631,0.0,0.2968768883940197,0.7608033725622515,-2.5476827676557194
16,0.0,0.0,0.0,0.0,0.0,0.0,0.0,0.0,0.0,0.0,0.0,0.0,0.0,-0.1702545415873938,0.0,0.2968768883940197,0.0,0.0,0.15808154207665848
17,0.0,0.0,0.0,0.0,0.0,0.0,0.0,0.0,0.0,0.0,0.0,0.0,0.0,0.0,0.8576871011703904,0.7608033725622515,0.0,0.0,0.7395779626897261
18,0.0,0.0,0.0,0.0,0.0,0.0,0.0,0.0,0.0,0.0,0.0,0.0,0.0,-0.7506846166060791,0.4262367490302546,-2.5476827676557194,0.15808154207665848,0.7395779626897261,0.0
