,0,1,2,3,4,5,6,7,8,9,10,11,12,13
0,0.0,2.719622789083009,1.9082182801413525,1.4661612061980407,0.0,0.0,0.0,0.0,0.0,0.0,0.0,0.0,0.0,0.0
1,2.719622789083009,0.0,0.3383078686847568,-1.3160359481549424,-0.262612455421836,0.0,0.0,0.0,0.0,0.0,0.0,0.0,0.0,0.0
2,1.9082182801413525,0.3383078686847568,0.0,-0.11975597334024032,-2.279471535555407,-1.1625037270958265,0.0,0.0,0.0,0.0,0.0,0.0,0.0,0.0
3,1.4661612061980407,-1.3160359481549424,-0.11975597334024032,0.0,-0.3209999468659361,-0.12339554150571386,0.0,0.0,0.0,0.0,0.0,0.0,0.0,0.0
4,0.0,-0.262612455421836,-2.279471535555407,-0.3209999468659361,0.0,-1.446450408715133,1.2075468503420814,0.0,0.0,0.0,0.0,0.0,0.0,0.0
5,0.0,0.0,-1.1625037270958265,-0.12339554150571386,-1.446450408715133,0.0,1.1964493937891376,1.6873618626341211,0.0,0.0,0.0,0.0,0.0,0.0
6,0.0,0.0,0.0,0.0,1.2075468503420814,1.1964493937891376,0.0,0.0,0.7473890907200422,0.6561127360467333,0.0,0.0,0.0,0.0
7,0.0,0.0,0.0,0.0,0.0,1.6873618626341211,0.0,0.0,1.4152720673183992,1.3298124427830973,0.0,0.0,0.0,0.0
8,0.0,0.0,0.0,0.0,0.0,0.0,0.7473890907200422,1.4152720673183992,0.0,-3.7500523558532217,-2.689122981204691,0.0,0.0,0.0
9,0.0,0.0,0.0,0.0,0.0,0.0,0.6561127360467333,1.3298124427830973,-3.7500523558532217,0.0,-2.5206862053250365,-3.5382509148928674,0.0,0.0
10,0.0,0.0,0.0,0.0,0.0,0.0,0.0,0.0,-2.689122981204691,-2.5206862053250365,0.0,-2.902841459476941,-1.5463038800299913,-2.9050487760272965
11,0.0,0.0,0.0,0.0,0.0,0.0,0.0,0.0,0.0,-3.5382509148928674,-2.902841459476941,0.0,-1.8165296881658906,-3.464008319967933
12,0.0,0.0,0.0,0.0,0.0,0.0,0.0,0.0,0.0,0.0,-1.5463038800299913,-1.8165296881658906,0.0,-2.206604048261668
13,0.0,0.0,0.0,0.0,0.0,0.0,0.0,0.0,0.0,0.0,-2.9050487760272965,-3.464008319967933,-2.206604048261668,0.0
