,0,1,2,3,4,5,6,7,8,9,10,11,12,13,14,15
0,0.0,1.8664101066625323,2.561629692828673,2.2178912184859696,0.0,0.0,0.0,0.0,0.0,0.0,0.0,0.0,0.0,0.0,0.0,0.0
1,1.8664101066625323,0.0,2.1715632490840124,1.7858646374463616,-0.9253772524042396,0.0,0.0,0.0,0.0,0.0,0.0,0.0,0.0,0.0,0.0,0.0
2,2.561629692828673,2.1715632490840124,0.0,0.24592331853304816,1.3910322113571965,0.0,0.0,0.0,0.0,0.0,0.0,0.0,0.0,0.0,0.0,0.0
3,2.2178912184859696,1.7858646374463616,0.24592331853304816,0.0,1.2060348754596302,0.812503348472322,0.0,0.0,0.0,0.0,0.0,0.0,0.0,0.0,0.0,0.0
4,0.0,-0.9253772524042396,1.3910322113571965,1.2060348754596302,0.0,-2.409939576298425,0.0,-0.33234324778571217,0.0,0.0,0.0,0.0,0.0,0.0,0.0,0.0
5,0.0,0.0,0.0,0.812503348472322,-2.409939576298425,0.0,0.47461080441042264,-0.2690845358664653,0.08759127435159919,0.0,0.0,0.0,0.0,0.0,0.0,0.0
6,0.0,0.0,0.0,0.0,0.0,0.47461080441042264,0.0,-0.18425339643691413,0.04278385317950401,-0.09317110440027612,0.0,0.0,0.0,0.0,0.0,0.0
7,0.0,0.0,0.0,0.0,-0.33234324778571217,-0.2690845358664653,-0.18425339643691413,0.0,0.09413379389238956,-1.050861326906951,0.0,0.0,0.0,0.0,0.0,0.0
8,0.0,0.0,0.0,0.0,0.0,0.08759127435159919,0.04278385317950401,0.09413379389238956,0.0,-0.0465432735832508,0.0,0.0,0.0,0.0,0.0,0.0
9,0.0,0.0,0.0,0.0,0.0,0.0,-0.09317110440027612,-1.050861326906951,-0.0465432735832508,0.0,-1.3863755120405303,-0.13997522184123928,-0.6825423363928437,0.0,0.0,0.0
10,0.0,0.0,0.0,0.0,0.0,0.0,0.0,0.0,0.0,-1.3863755120405303,0.0,-0.209604050070553,-1.0874808831299025,0.0,0.0,0.0
11,0.0,0.0,0.0,0.0,0.0,0.0,0.0,0.0,0.0,-0.13997522184123928,-0.209604050070553,0.0,0.007986057252145276,-0.4088053825181978,-0.8446557883248218,-1.4838728502124394
12,0.0,0.0,0.0,0.0,0.0,0.0,0.0,0.0,0.0,-0.6825423363928437,-1.0874808831299025,0.007986057252145276,0.0,-1.2498571689162103,0.0,0.0
13,0.0,0.0,0.0,0.0,0.0,0.0,0.0,0.0,0.0,0.0,0.0,-0.4088053825181978,-1.2498571689162103,0.0,-2.2781875762150583,-2.3265809026651043
14,0.0,0.0,0.0,0.0,0.0,0.0,0.0,0.0,0.0,0.0,0.0,-0.8446557883248218,0.0,-2.2781875762150583,0.0,-2.967268377119034
15,0.0,0.0,0.0,0.0,0.0,0.0,0.0,0.0,0.0,0.0,0.0,-1.4838728502124394,0.0,-2.3265809026651043,-2.967268377119034,0.0
