,0,1,2,3,4,5,6,7,8,9,10,11,12
0,0.0,3.018567417983722,2.959206293329008,2.7293209699053973,0.0,0.0,0.0,0.0,0.0,0.0,0.0,0.0,0.0
1,3.018567417983722,0.0,-0.38359302565596304,0.869976661498663,-0.7355586245987357,0.0,0.0,0.0,0.0,0.0,0.0,0.0,0.0
2,2.959206293329008,-0.38359302565596304,0.0,0.7259010272992986,-0.8909665605489742,0.0,0.0,0.0,0.0,0.0,0.0,0.0,0.0
3,2.7293209699053973,0.869976661498663,0.7259010272992986,0.0,0.34511627527223626,0.0,0.0,0.0,0.0,0.0,0.0,0.0,0.0
4,0.0,-0.7355586245987357,-0.8909665605489742,0.34511627527223626,0.0,1.9828721763298822,0.0,0.0,0.0,0.0,0.0,0.0,0.0
5,0.0,0.0,0.0,0.0,1.9828721763298822,0.0,0.3978789586593612,1.6135110539778807,1.6909452807745022,0.0,0.0,0.0,0.0
6,0.0,0.0,0.0,0.0,0.0,0.3978789586593612,0.0,1.4004851992050444,1.529280658421796,0.0,0.0,0.0,0.0
7,0.0,0.0,0.0,0.0,0.0,1.6135110539778807,1.4004851992050444,0.0,-0.09061476722821725,0.0,0.0,0.0,0.0
8,0.0,0.0,0.0,0.0,0.0,1.6909452807745022,1.529280658421796,-0.09061476722821725,0.0,0.0,0.0,0.0,0.0
9,0.0,0.0,0.0,0.0,0.0,0.0,0.0,0.0,0.0,0.0,-2.084409427977639,-1.4518151572221745,0.7345973570681348
10,0.0,0.0,0.0,0.0,0.0,0.0,0.0,0.0,0.0,-2.084409427977639,0.0,-1.3897190434604707,0.7500569944180427
11,0.0,0.0,0.0,0.0,0.0,0.0,0.0,0.0,0.0,-1.4518151572221745,-1.3897190434604707,0.0,0.6800926831547265
12,0.0,0.0,0.0,0.0,0.0,0.0,0.0,0.0,0.0,0.7345973570681348,0.7500569944180427,0.6800926831547265,0.0
