,0,1,2,3,4,5,6,7,8,9,10,11,12,13,14,15,16,17,18,19,20,21,22,23,24,25
0,0.0,3.0629555755603346,2.328404694389405,2.2479827440684046,0.0,0.0,0.0,0.0,0.0,0.0,0.0,0.0,0.0,0.0,0.0,0.0,0.0,0.0,0.0,0.0,0.0,0.0,0.0,0.0,0.0,0.0
1,3.0629555755603346,0.0,0.23509057163491068,-0.0090834070580349,-1.2153296190854592,0.0,0.0,0.0,0.0,0.0,0.0,0.0,0.0,0.0,0.0,0.0,0.0,0.0,0.0,0.0,0.0,0.0,0.0,0.0,0.0,0.0
2,2.328404694389405,0.23509057163491068,0.0,-0.4379035090434665,-0.4980648564639143,0.0,0.0,2.2179519740227676,0.0,0.0,0.0,0.0,0.0,0.0,0.0,0.0,0.0,0.0,0.0,0.0,0.0,0.0,0.0,0.0,0.0,0.0
3,2.2479827440684046,-0.0090834070580349,-0.4379035090434665,0.0,-0.4025175779991384,0.0,0.0,2.2367193088903026,0.0,0.0,0.0,0.0,0.0,0.0,0.0,0.0,0.0,0.0,0.0,0.0,0.0,0.0,0.0,0.0,0.0,0.0
4,0.0,-1.2153296190854592,-0.4980648564639143,-0.4025175779991384,0.0,0.0,-1.0908965719324286,2.2436908796758868,0.0,0.0,0.0,0.0,0.0,0.0,0.0,0.0,0.0,0.0,0.0,0.0,0.0,0.0,0.0,0.0,0.0,0.0
5,0.0,0.0,0.0,0.0,0.0,0.0,0.2856380325262722,2.316476628873835,0.0,1.1135249365282918,0.0,0.0,0.0,0.0,0.0,0.0,0.0,0.0,0.0,0.0,0.0,0.0,0.0,0.0,0.0,0.0
6,0.0,0.0,0.0,0.0,-1.0908965719324286,0.2856380325262722,0.0,2.2462773810611067,0.0,0.8693545168220366,0.0,0.0,0.0,0.0,0.0,0.0,0.0,0.0,0.0,0.0,0.0,0.0,0.0,0.0,0.0,0.0
7,0.0,0.0,2.2179519740227676,2.2367193088903026,2.2436908796758868,2.316476628873835,2.2462773810611067,0.0,0.0,0.0,0.0,-0.5597391989288969,0.0,0.0,0.0,0.0,0.0,0.0,0.0,0.0,0.0,0.0,0.0,0.0,0.0,0.0
8,0.0,0.0,0.0,0.0,0.0,0.0,0.0,0.0,0.0,1.2236237083626214,0.27932345122720453,1.4488618210582063,0.0,1.3242503656852398,0.0,0.0,0.0,0.0,0.0,0.0,0.0,0.0,0.0,0.0,0.0,0.0
9,0.0,0.0,0.0,0.0,0.0,1.1135249365282918,0.8693545168220366,0.0,1.2236237083626214,0.0,0.7089607833394048,1.7669713034598886,0.0,0.0,0.0,0.0,0.0,0.0,0.0,0.0,0.0,0.0,0.0,0.0,0.0,0.0
10,0.0,0.0,0.0,0.0,0.0,0.0,0.0,0.0,0.27932345122720453,0.7089607833394048,0.0,1.5096090510489355,0.0,1.3831086773400283,0.0,0.0,0.0,0.0,0.0,0.0,0.0,0.0,0.0,0.0,0.0,0.0
11,0.0,0.0,0.0,0.0,0.0,0.0,0.0,-0.5597391989288969,1.4488618210582063,1.7669713034598886,1.5096090510489355,0.0,0.0,0.0,0.0,0.0,0.0,0.0,0.0,0.0,0.0,0.0,0.0,0.0,0.0,0.0
12,0.0,0.0,0.0,0.0,0.0,0.0,0.0,0.0,0.0,0.0,0.0,0.0,0.0,1.291122161705391,0.010828935420108208,0.8894714467163484,0.0,0.0,0.0,0.0,0.0,0.0,0.0,0.0,0.0,0.0
13,0.0,0.0,0.0,0.0,0.0,0.0,0.0,0.0,1.3242503656852398,0.0,1.3831086773400283,0.0,1.291122161705391,0.0,0.0,0.10163695139368494,0.0,0.0,0.0,0.0,0.0,0.0,0.0,0.0,0.0,0.0
14,0.0,0.0,0.0,0.0,0.0,0.0,0.0,0.0,0.0,0.0,0.0,0.0,0.010828935420108208,0.0,0.0,0.931267817673002,1.0059425332100065,0.0,0.0,0.0,0.0,0.0,0.0,0.0,0.0,0.0
15,0.0,0.0,0.0,0.0,0.0,0.0,0.0,0.0,0.0,0.0,0.0,0.0,0.8894714467163484,0.10163695139368494,0.931267817673002,0.0,0.008718476029260609,0.0,0.0,0.0,0.0,0.0,0.0,0.0,0.0,0.0
16,0.0,0.0,0.0,0.0,0.0,0.0,0.0,0.0,0.0,0.0,0.0,0.0,0.0,0.0,1.0059425332100065,0.008718476029260609,0.0,-1.1219010782554981,0.0,0.0,0.0,0.0,0.0,0.0,0.0,0.0
17,0.0,0.0,0.0,0.0,0.0,0.0,0.0,0.0,0.0,0.0,0.0,0.0,0.0,0.0,0.0,0.0,-1.1219010782554981,0.0,-0.052893761846534826,0.32280056759098025,0.0,0.0,0.0,0.0,0.0,0.0
18,0.0,0.0,0.0,0.0,0.0,0.0,0.0,0.0,0.0,0.0,0.0,0.0,0.0,0.0,0.0,0.0,0.0,-0.052893761846534826,0.0,-0.30488138184508956,-0.355974228226528,-0.38681244209263266,0.0,0.0,0.0,0.0
19,0.0,0.0,0.0,0.0,0.0,0.0,0.0,0.0,0.0,0.0,0.0,0.0,0.0,0.0,0.0,0.0,0.0,0.32280056759098025,-0.30488138184508956,0.0,0.013028238672052163,0.0825540094283405,0.0,0.0,0.0,0.0
20,0.0,0.0,0.0,0.0,0.0,0.0,0.0,0.0,0.0,0.0,0.0,0.0,0.0,0.0,0.0,0.0,0.0,0.0,-0.355974228226528,0.013028238672052163,0.0,-1.2740265792229406,0.0,-2.8330044745048344,0.0,0.0
21,0.0,0.0,0.0,0.0,0.0,0.0,0.0,0.0,0.0,0.0,0.0,0.0,0.0,0.0,0.0,0.0,0.0,0.0,-0.38681244209263266,0.0825540094283405,-1.2740265792229406,0.0,0.0,-1.2861093273779793,-0.49272448097743127,0.0
22,0.0,0.0,0.0,0.0,0.0,0.0,0.0,0.0,0.0,0.0,0.0,0.0,0.0,0.0,0.0,0.0,0.0,0.0,0.0,0.0,0.0,0.0,0.0,0.7574854928058082,0.3557870890631244,0.09046836419961933
23,0.0,0.0,0.0,0.0,0.0,0.0,0.0,0.0,0.0,0.0,0.0,0.0,0.0,0.0,0.0,0.0,0.0,0.0,0.0,0.0,-2.8330044745048344,-1.2861093273779793,0.7574854928058082,0.0,-0.6813734262546597,-2.6914473444700473
24,0.0,0.0,0.0,0.0,0.0,0.0,0.0,0.0,0.0,0.0,0.0,0.0,0.0,0.0,0.0,0.0,0.0,0.0,0.0,0.0,0.0,-0.49272448097743127,0.3557870890631244,-0.6813734262546597,0.0,-1.282740598758977
25,0.0,0.0,0.0,0.0,0.0,0.0,0.0,0.0,0.0,0.0,0.0,0.0,0.0,0.0,0.0,0.0,0.0,0.0,0.0,0.0,0.0,0.0,0.09046836419961933,-2.6914473444700473,-1.282740598758977,0.0
