,0,1,2,3,4,5,6,7,8,9,10,11,12,13,14,15,16,17,18,19
0,0.0,1.96415392174639,0.8691045987621666,2.145915781285426,0.0,0.0,0.0,0.0,0.0,0.0,0.0,0.0,0.0,0.0,0.0,0.0,0.0,0.0,0.0,0.0
1,1.96415392174639,0.0,-0.06459740842342973,2.0700695342594573,0.0,1.6518480082307705,0.0,0.0,0.0,0.0,0.0,0.0,0.0,0.0,0.0,0.0,0.0,0.0,0.0,0.0
2,0.8691045987621666,-0.06459740842342973,0.0,1.9745287182946978,-1.5011594527729268,1.5455246596844525,0.0,0.0,0.0,0.0,0.0,0.0,0.0,0.0,0.0,0.0,0.0,0.0,0.0,0.0
3,2.145915781285426,2.0700695342594573,1.9745287182946978,0.0,1.713785165383289,-0.3986446200536567,0.0,0.0,0.0,0.0,0.0,0.0,0.0,0.0,0.0,0.0,0.0,0.0,0.0,0.0
4,0.0,0.0,-1.5011594527729268,1.713785165383289,0.0,1.5343595528686726,0.0,0.0,1.0326171585908812,1.111752856859728,0.0,0.0,0.0,0.0,0.0,0.0,0.0,0.0,0.0,0.0
5,0.0,1.6518480082307705,1.5455246596844525,-0.3986446200536567,1.5343595528686726,0.0,0.0,0.0,-0.32586208173906844,0.0,0.0,0.0,0.0,0.0,0.0,0.0,0.0,0.0,0.0,0.0
6,0.0,0.0,0.0,0.0,0.0,0.0,0.0,1.8466789317760197,1.043809499345697,1.2783263463251902,0.2905570976912977,0.0,0.0,0.0,0.0,0.0,0.0,0.0,0.0,0.0
7,0.0,0.0,0.0,0.0,0.0,0.0,1.8466789317760197,0.0,0.0,0.0,1.6738154213198948,0.0,1.2092038465704693,0.0,0.0,0.0,0.0,0.0,0.0,0.0
8,0.0,0.0,0.0,0.0,1.0326171585908812,-0.32586208173906844,1.043809499345697,0.0,0.0,0.7682637693269466,-0.28844270684031986,0.0,0.0,0.0,0.0,0.0,0.0,0.0,0.0,0.0
9,0.0,0.0,0.0,0.0,1.111752856859728,0.0,1.2783263463251902,0.0,0.7682637693269466,0.0,0.6456173969104536,0.0,0.0,0.0,0.0,0.0,0.0,0.0,0.0,0.0
10,0.0,0.0,0.0,0.0,0.0,0.0,0.2905570976912977,1.6738154213198948,-0.28844270684031986,0.6456173969104536,0.0,0.15730584804818565,-0.2962887585049483,-0.7664617063506667,0.0,0.0,0.0,0.0,0.0,0.0
11,0.0,0.0,0.0,0.0,0.0,0.0,0.0,0.0,0.0,0.0,0.15730584804818565,0.0,0.057118538833168836,0.08664634025409529,0.0,0.0,0.0,0.0,0.0,0.0
12,0.0,0.0,0.0,0.0,0.0,0.0,0.0,1.2092038465704693,0.0,0.0,-0.2962887585049483,0.057118538833168836,0.0,0.10028380459584606,-0.6349651700313057,-0.28864433840026094,0.0,-1.5582564329018187,0.0,0.0
13,0.0,0.0,0.0,0.0,0.0,0.0,0.0,0.0,0.0,0.0,-0.7664617063506667,0.08664634025409529,0.10028380459584606,0.0,-0.7874413571831375,0.3747582654249747,0.0,-0.08655116641829948,0.0,0.0
14,0.0,0.0,0.0,0.0,0.0,0.0,0.0,0.0,0.0,0.0,0.0,0.0,-0.6349651700313057,-0.7874413571831375,0.0,0.11851643635840227,0.0,0.0,0.0,0.0
15,0.0,0.0,0.0,0.0,0.0,0.0,0.0,0.0,0.0,0.0,0.0,0.0,-0.28864433840026094,0.3747582654249747,0.11851643635840227,0.0,0.9183371434268193,-0.19278140958957554,0.0,-2.148433354913983
16,0.0,0.0,0.0,0.0,0.0,0.0,0.0,0.0,0.0,0.0,0.0,0.0,0.0,0.0,0.0,0.9183371434268193,0.0,0.49608861867595083,0.4603886544163885,0.31280106754755854
17,0.0,0.0,0.0,0.0,0.0,0.0,0.0,0.0,0.0,0.0,0.0,0.0,-1.5582564329018187,-0.08655116641829948,0.0,-0.19278140958957554,0.49608861867595083,0.0,-0.37031353387670746,-0.6203296214258341
18,0.0,0.0,0.0,0.0,0.0,0.0,0.0,0.0,0.0,0.0,0.0,0.0,0.0,0.0,0.0,0.0,0.4603886544163885,-0.37031353387670746,0.0,-1.5674750991495814
19,0.0,0.0,0.0,0.0,0.0,0.0,0.0,0.0,0.0,0.0,0.0,0.0,0.0,0.0,0.0,-2.148433354913983,0.31280106754755854,-0.6203296214258341,-1.5674750991495814,0.0
