,0,1,2,3,4,5,6,7,8,9,10,11,12,13,14,15,16
0,0.0,2.359287995568382,2.3379704362596323,2.117653352178715,0.0,0.0,0.0,0.0,0.0,0.0,0.0,0.0,0.0,0.0,0.0,0.0,0.0
1,2.359287995568382,0.0,2.306338301991583,2.1221658646413584,0.28947365627512106,0.0,0.0,0.0,0.0,0.0,0.0,0.0,0.0,0.0,0.0,0.0,0.0
2,2.3379704362596323,2.306338301991583,0.0,-0.765810471200182,1.015438193349764,0.0,0.0,0.0,0.0,0.0,0.0,0.0,0.0,0.0,0.0,0.0,0.0
3,2.117653352178715,2.1221658646413584,-0.765810471200182,0.0,0.9845250414991406,-0.1676883906719838,0.0,0.0,0.0,0.0,0.0,0.0,0.0,0.0,0.0,0.0,0.0
4,0.0,0.28947365627512106,1.015438193349764,0.9845250414991406,0.0,1.2033109347903623,-0.25541583353145203,0.5891924266598598,0.0,0.0,0.0,0.0,0.0,0.0,0.0,0.0,0.0
5,0.0,0.0,0.0,-0.1676883906719838,1.2033109347903623,0.0,1.368092129673856,1.4001398253122361,0.0,0.0,0.0,0.0,0.0,0.0,0.0,0.0,0.0
6,0.0,0.0,0.0,0.0,-0.25541583353145203,1.368092129673856,0.0,0.2316599332672339,0.0,0.0,0.0,0.0,0.0,0.0,0.0,0.0,0.0
7,0.0,0.0,0.0,0.0,0.5891924266598598,1.4001398253122361,0.2316599332672339,0.0,-0.4257435741293498,0.7559012197380245,-0.9930707331042248,0.0,0.0,0.0,0.0,0.0,0.0
8,0.0,0.0,0.0,0.0,0.0,0.0,0.0,-0.4257435741293498,0.0,0.47624384241818574,-0.5048659922814992,0.0,0.0,0.0,0.0,0.0,0.0
9,0.0,0.0,0.0,0.0,0.0,0.0,0.0,0.7559012197380245,0.47624384241818574,0.0,0.6584290082195269,-0.5542580325960369,0.0,0.0,0.0,0.0,0.0
10,0.0,0.0,0.0,0.0,0.0,0.0,0.0,-0.9930707331042248,-0.5048659922814992,0.6584290082195269,0.0,-0.1900896839687935,0.0,0.0,0.0,0.0,0.0
11,0.0,0.0,0.0,0.0,0.0,0.0,0.0,0.0,0.0,-0.5542580325960369,-0.1900896839687935,0.0,-1.35057495985214,-1.0872630010780655,0.0,0.0,0.0
12,0.0,0.0,0.0,0.0,0.0,0.0,0.0,0.0,0.0,0.0,0.0,-1.35057495985214,0.0,-2.081492132235515,-1.7580339160610243,-0.978023476485855,0.0
13,0.0,0.0,0.0,0.0,0.0,0.0,0.0,0.0,0.0,0.0,0.0,-1.0872630010780655,-2.081492132235515,0.0,-1.3002199378958956,-0.8084696009507638,-1.4609876286728471
14,0.0,0.0,0.0,0.0,0.0,0.0,0.0,0.0,0.0,0.0,0.0,0.0,-1.7580339160610243,-1.3002199378958956,0.0,-1.361474435673161,-2.8915926645346346
15,0.0,0.0,0.0,0.0,0.0,0.0,0.0,0.0,0.0,0.0,0.0,0.0,-0.978023476485855,-0.8084696009507638,-1.361474435673161,0.0,-1.9101427486635278
16,0.0,0.0,0.0,0.0,0.0,0.0,0.0,0.0,0.0,0.0,0.0,0.0,0.0,-1.4609876286728471,-2.8915926645346346,-1.9101427486635278,0.0
