,0,1,2,3,4,5,6,7,8,9,10,11,12,13,14,15,16,17,18,19,20
0,0.0,2.8467005587125334,2.2073256931770793,1.8314508197128634,0.0,0.0,0.0,0.0,0.0,0.0,0.0,0.0,0.0,0.0,0.0,0.0,0.0,0.0,0.0,0.0,0.0
1,2.8467005587125334,0.0,1.6729306237092432,1.9431036981108392,2.164741599271334,0.0,0.0,0.0,0.0,0.0,0.0,0.0,0.0,0.0,0.0,0.0,0.0,0.0,0.0,0.0,0.0
2,2.2073256931770793,1.6729306237092432,0.0,1.3088270597681995,1.906120470800635,0.2629455634970393,0.0,0.0,0.0,0.0,0.0,0.0,0.0,0.0,0.0,0.0,0.0,0.0,0.0,0.0,0.0
3,1.8314508197128634,1.9431036981108392,1.3088270597681995,0.0,1.51392450879936,1.4235905178320674,0.4956728355156951,0.0,0.0,0.0,0.0,0.0,0.0,0.0,0.0,0.0,0.0,0.0,0.0,0.0,0.0
4,0.0,2.164741599271334,1.906120470800635,1.51392450879936,0.0,1.896531577101488,-0.35008726809931984,0.0,0.0,0.0,0.0,0.0,0.0,0.0,0.0,0.0,0.0,0.0,0.0,0.0,0.0
5,0.0,0.0,0.2629455634970393,1.4235905178320674,1.896531577101488,0.0,1.326110154465057,0.0,0.0,0.0,0.0,0.0,0.0,0.0,0.0,0.0,0.0,0.0,0.0,0.0,0.0
6,0.0,0.0,0.0,0.4956728355156951,-0.35008726809931984,1.326110154465057,0.0,0.9836810685543056,0.31116613456830267,-0.7709394636335901,0.0,0.0,0.0,0.0,0.0,0.0,0.0,0.0,0.0,0.0,0.0
7,0.0,0.0,0.0,0.0,0.0,0.0,0.9836810685543056,0.0,-0.3825514861131201,0.5935264702665222,0.0,0.0,0.0,0.0,0.0,0.0,0.0,0.0,0.0,0.0,0.0
8,0.0,0.0,0.0,0.0,0.0,0.0,0.31116613456830267,-0.3825514861131201,0.0,0.42609890526023986,0.15004358378784385,-0.5537999715414368,0.0,0.0,0.0,0.0,0.0,0.0,0.0,0.0,0.0
9,0.0,0.0,0.0,0.0,0.0,0.0,-0.7709394636335901,0.5935264702665222,0.42609890526023986,0.0,-1.0288720289413444,-0.5198544446902614,0.0,0.0,0.0,0.0,0.0,0.0,0.0,0.0,0.0
10,0.0,0.0,0.0,0.0,0.0,0.0,0.0,0.0,0.15004358378784385,-1.0288720289413444,0.0,-1.0996548929300762,0.0,0.0,0.0,0.0,0.0,0.0,0.0,0.0,0.0
11,0.0,0.0,0.0,0.0,0.0,0.0,0.0,0.0,-0.5537999715414368,-0.5198544446902614,-1.0996548929300762,0.0,-0.5970215210093226,0.0,0.0,0.0,0.0,0.0,0.0,0.0,0.0
12,0.0,0.0,0.0,0.0,0.0,0.0,0.0,0.0,0.0,0.0,0.0,-0.5970215210093226,0.0,0.11132713421374357,-1.6811307416818688,-0.09727451199571982,0.0,0.0,0.0,0.0,0.0
13,0.0,0.0,0.0,0.0,0.0,0.0,0.0,0.0,0.0,0.0,0.0,0.0,0.11132713421374357,0.0,-0.008850581700431029,-1.5455774687875719,0.0,0.0,0.0,0.0,0.0
14,0.0,0.0,0.0,0.0,0.0,0.0,0.0,0.0,0.0,0.0,0.0,0.0,-1.6811307416818688,-0.008850581700431029,0.0,-0.14886368712201672,0.0,0.0,0.0,0.0,0.0
15,0.0,0.0,0.0,0.0,0.0,0.0,0.0,0.0,0.0,0.0,0.0,0.0,-0.09727451199571982,-1.5455774687875719,-0.14886368712201672,0.0,-0.420549116708054,-2.4336410764846304,0.0,0.0,0.0
16,0.0,0.0,0.0,0.0,0.0,0.0,0.0,0.0,0.0,0.0,0.0,0.0,0.0,0.0,0.0,-0.420549116708054,0.0,-0.5910972185202339,-2.307186095313584,0.0,0.0
17,0.0,0.0,0.0,0.0,0.0,0.0,0.0,0.0,0.0,0.0,0.0,0.0,0.0,0.0,0.0,-2.4336410764846304,-0.5910972185202339,0.0,-0.6641007025740604,-0.7284877281177511,-2.0789080882268465
18,0.0,0.0,0.0,0.0,0.0,0.0,0.0,0.0,0.0,0.0,0.0,0.0,0.0,0.0,0.0,0.0,-2.307186095313584,-0.6641007025740604,0.0,-3.756174368852155,-0.8295109671834254
19,0.0,0.0,0.0,0.0,0.0,0.0,0.0,0.0,0.0,0.0,0.0,0.0,0.0,0.0,0.0,0.0,0.0,-0.7284877281177511,-3.756174368852155,0.0,-0.8622627665484687
20,0.0,0.0,0.0,0.0,0.0,0.0,0.0,0.0,0.0,0.0,0.0,0.0,0.0,0.0,0.0,0.0,0.0,-2.0789080882268465,-0.8295109671834254,-0.8622627665484687,0.0
