,0,1,2,3,4,5,6,7,8,9,10,11,12,13,14,15
0,0.0,2.755630264436669,2.383006483475202,1.9461896872737836,0.0,0.0,0.0,0.0,0.0,0.0,0.0,0.0,0.0,0.0,0.0,0.0
1,2.755630264436669,0.0,0.6720320977890116,1.1975263032325927,0.0,-0.9130877840084419,0.0,0.0,0.0,0.0,0.0,0.0,0.0,0.0,0.0,0.0
2,2.383006483475202,0.6720320977890116,0.0,0.8534068905760148,0.0,-0.0403488435047117,0.0,0.0,0.0,0.0,0.0,0.0,0.0,0.0,0.0,0.0
3,1.9461896872737836,1.1975263032325927,0.8534068905760148,0.0,0.7748070849596966,0.670326596353139,0.0,0.0,0.0,0.0,0.0,0.0,0.0,0.0,0.0,0.0
4,0.0,0.0,0.0,0.7748070849596966,0.0,0.8998372571923746,2.763286625215292,0.0,0.0,0.0,0.0,0.0,0.0,0.0,0.0,0.0
5,0.0,-0.9130877840084419,-0.0403488435047117,0.670326596353139,0.8998372571923746,0.0,2.75877987468323,0.0,0.0,0.0,0.0,0.0,0.0,0.0,0.0,0.0
6,0.0,0.0,0.0,0.0,2.763286625215292,2.75877987468323,0.0,1.8394276317893434,0.0,1.5199392053008298,0.0,0.0,0.0,0.0,0.0,0.0
7,0.0,0.0,0.0,0.0,0.0,0.0,1.8394276317893434,0.0,-1.007261442975029,-0.8176909148827309,-1.2076350252175838,0.0,0.0,0.0,0.0,0.0
8,0.0,0.0,0.0,0.0,0.0,0.0,0.0,-1.007261442975029,0.0,-2.155466942517807,-2.41697092845028,0.0,-1.982556614300377,0.0,0.0,0.0
9,0.0,0.0,0.0,0.0,0.0,0.0,1.5199392053008298,-0.8176909148827309,-2.155466942517807,0.0,-1.7111373344579972,0.0,-2.147344934965782,0.0,0.0,0.0
10,0.0,0.0,0.0,0.0,0.0,0.0,0.0,-1.2076350252175838,-2.41697092845028,-1.7111373344579972,0.0,0.0,-1.7951720973604912,0.0,0.0,0.0
11,0.0,0.0,0.0,0.0,0.0,0.0,0.0,0.0,0.0,0.0,0.0,0.0,1.28954787272244,0.8605285864874977,0.5457480547984034,-0.5457950450870278
12,0.0,0.0,0.0,0.0,0.0,0.0,0.0,0.0,-1.982556614300377,-2.147344934965782,-1.7951720973604912,1.28954787272244,0.0,-3.1451432597258986,0.0,0.0
13,0.0,0.0,0.0,0.0,0.0,0.0,0.0,0.0,0.0,0.0,0.0,0.8605285864874977,-3.1451432597258986,0.0,-2.015903434405487,-0.6686878447139827
14,0.0,0.0,0.0,0.0,0.0,0.0,0.0,0.0,0.0,0.0,0.0,0.5457480547984034,0.0,-2.015903434405487,0.0,-0.8286114788753343
15,0.0,0.0,0.0,0.0,0.0,0.0,0.0,0.0,0.0,0.0,0.0,-0.5457950450870278,0.0,-0.6686878447139827,-0.8286114788753343,0.0
