,0,1,2,3,4,5,6,7,8,9,10,11,12,13,14,15,16,17
0,0.0,0.5133863291971621,0.023874009188681978,3.225892476444732,0.0,0.0,0.0,0.0,0.0,0.0,0.0,0.0,0.0,0.0,0.0,0.0,0.0,0.0
1,0.5133863291971621,0.0,0.9378368155117419,3.200092383355245,2.0988024872736415,0.0,0.0,0.0,0.0,0.0,0.0,0.0,0.0,0.0,0.0,0.0,0.0,0.0
2,0.023874009188681978,0.9378368155117419,0.0,3.2465632609529305,2.0829433132687334,0.0,0.0,0.0,0.0,0.0,0.0,0.0,0.0,0.0,0.0,0.0,0.0,0.0
3,3.225892476444732,3.200092383355245,3.2465632609529305,0.0,2.1476394156258776,0.0,0.0,0.0,0.0,0.0,0.0,0.0,0.0,0.0,0.0,0.0,0.0,0.0
4,0.0,2.0988024872736415,2.0829433132687334,2.1476394156258776,0.0,1.6899915992083139,-0.09023282293331879,-0.8866034502361834,0.0,0.0,0.0,0.0,0.0,0.0,0.0,0.0,0.0,0.0
5,0.0,0.0,0.0,0.0,1.6899915992083139,0.0,1.557009739549346,1.4070853767839833,1.3695634052960752,0.0,0.0,0.0,0.0,0.0,0.0,0.0,0.0,0.0
6,0.0,0.0,0.0,0.0,-0.09023282293331879,1.557009739549346,0.0,-0.6631566753583588,-0.5911047813930086,0.0,0.0,0.0,0.0,0.0,0.0,0.0,0.0,0.0
7,0.0,0.0,0.0,0.0,-0.8866034502361834,1.4070853767839833,-0.6631566753583588,0.0,-2.2755371416397816,0.0,0.0,0.0,0.0,0.0,0.0,0.0,0.0,0.0
8,0.0,0.0,0.0,0.0,0.0,1.3695634052960752,-0.5911047813930086,-2.2755371416397816,0.0,1.1616327442827925,0.0,0.0,0.0,0.0,0.0,0.0,0.0,0.0
9,0.0,0.0,0.0,0.0,0.0,0.0,0.0,0.0,1.1616327442827925,0.0,-0.9157015874784156,0.6303931397535731,0.5689969893642183,0.0,0.0,0.0,0.0,0.0
10,0.0,0.0,0.0,0.0,0.0,0.0,0.0,0.0,0.0,-0.9157015874784156,0.0,0.5108001972797123,0.3761876799614869,0.0,0.0,0.0,0.0,0.0
11,0.0,0.0,0.0,0.0,0.0,0.0,0.0,0.0,0.0,0.6303931397535731,0.5108001972797123,0.0,-0.1451032796640218,0.03193743298729723,0.0,0.0,0.0,0.0
12,0.0,0.0,0.0,0.0,0.0,0.0,0.0,0.0,0.0,0.5689969893642183,0.3761876799614869,-0.1451032796640218,0.0,-0.9716463901771196,-0.6393303282201386,-0.7511782166882981,0.0,0.0
13,0.0,0.0,0.0,0.0,0.0,0.0,0.0,0.0,0.0,0.0,0.0,0.03193743298729723,-0.9716463901771196,0.0,-1.753581246985779,-1.756286889328659,0.0,0.0
14,0.0,0.0,0.0,0.0,0.0,0.0,0.0,0.0,0.0,0.0,0.0,0.0,-0.6393303282201386,-1.753581246985779,0.0,-3.0477598771536414,0.025025571884856417,-3.094892141839612
15,0.0,0.0,0.0,0.0,0.0,0.0,0.0,0.0,0.0,0.0,0.0,0.0,-0.7511782166882981,-1.756286889328659,-3.0477598771536414,0.0,0.018065209484708477,-3.548473077197486
16,0.0,0.0,0.0,0.0,0.0,0.0,0.0,0.0,0.0,0.0,0.0,0.0,0.0,0.0,0.025025571884856417,0.018065209484708477,0.0,-0.27483540184241523
17,0.0,0.0,0.0,0.0,0.0,0.0,0.0,0.0,0.0,0.0,0.0,0.0,0.0,0.0,-3.094892141839612,-3.548473077197486,-0.27483540184241523,0.0
