,0,1,2,3,4,5,6,7,8,9,10
0,0.0,1.711227702902586,1.3704831448303942,1.5009496375388367,0.0,0.0,0.0,0.0,0.0,0.0,0.0
1,1.711227702902586,0.0,0.25496630860391173,-0.6692669501219032,-0.7960570520151442,0.0,0.0,0.0,0.0,0.0,0.0
2,1.3704831448303942,0.25496630860391173,0.0,0.10867190336473012,-0.46291249827694814,0.0,0.0,0.0,0.0,0.0,0.0
3,1.5009496375388367,-0.6692669501219032,0.10867190336473012,0.0,-0.32849144018290427,0.0,0.0,0.0,0.0,0.0,0.0
4,0.0,-0.7960570520151442,-0.46291249827694814,-0.32849144018290427,0.0,1.8980176601644274,0.0,0.0,0.0,0.0,0.0
5,0.0,0.0,0.0,0.0,1.8980176601644274,0.0,-0.02188837077537018,0.7352460036218363,0.0,0.0,0.0
6,0.0,0.0,0.0,0.0,0.0,-0.02188837077537018,0.0,1.102180156132492,0.3267912910325865,0.0,0.0
7,0.0,0.0,0.0,0.0,0.0,0.7352460036218363,1.102180156132492,0.0,-0.06703090634741808,-0.940796426339595,-1.266323882897042
8,0.0,0.0,0.0,0.0,0.0,0.0,0.3267912910325865,-0.06703090634741808,0.0,-0.24070358582427262,-0.8249487154933907
9,0.0,0.0,0.0,0.0,0.0,0.0,0.0,-0.940796426339595,-0.24070358582427262,0.0,-0.7770647415123884
10,0.0,0.0,0.0,0.0,0.0,0.0,0.0,-1.266323882897042,-0.8249487154933907,-0.7770647415123884,0.0
