,0,1,2,3,4,5,6,7,8,9,10,11,12,13,14,15,16,17,18,19,20,21,22
0,0.0,1.6088958851757786,1.2276206206246605,0.48433184057130707,0.0,0.0,0.0,0.0,0.0,0.0,0.0,0.0,0.0,0.0,0.0,0.0,0.0,0.0,0.0,0.0,0.0,0.0,0.0
1,1.6088958851757786,0.0,-1.1593416212401695,-0.46754871768117523,1.9461883715063948,0.0,0.0,0.0,0.0,0.0,0.0,0.0,0.0,0.0,0.0,0.0,0.0,0.0,0.0,0.0,0.0,0.0,0.0
2,1.2276206206246605,-1.1593416212401695,0.0,-0.25096608917319957,1.9352885066786707,0.0,0.0,0.0,0.0,0.0,0.0,0.0,0.0,0.0,0.0,0.0,0.0,0.0,0.0,0.0,0.0,0.0,0.0
3,0.48433184057130707,-0.46754871768117523,-0.25096608917319957,0.0,1.9627633386224737,1.4049453082437378,1.3993110396645179,0.0,0.0,0.0,0.0,0.0,0.0,0.0,0.0,0.0,0.0,0.0,0.0,0.0,0.0,0.0,0.0
4,0.0,1.9461883715063948,1.9352885066786707,1.9627633386224737,0.0,-0.24285177805375316,-1.4959759243977993,1.0470364997041137,0.0,0.0,0.0,0.0,0.0,0.0,0.0,0.0,0.0,0.0,0.0,0.0,0.0,0.0,0.0
5,0.0,0.0,0.0,1.4049453082437378,-0.24285177805375316,0.0,-0.6440781343805154,0.9587647446884053,0.7368305255883282,0.0,0.0,0.0,0.0,0.0,0.0,0.0,0.0,0.0,0.0,0.0,0.0,0.0,0.0
6,0.0,0.0,0.0,1.3993110396645179,-1.4959759243977993,-0.6440781343805154,0.0,1.034650364947675,0.7272329926938218,0.0,0.0,0.0,0.0,0.0,0.0,0.0,0.0,0.0,0.0,0.0,0.0,0.0,0.0
7,0.0,0.0,0.0,0.0,1.0470364997041137,0.9587647446884053,1.034650364947675,0.0,0.0814561485715402,-0.6361512924479863,-0.7457971700333635,0.0,0.0,0.0,0.0,0.0,0.0,0.0,0.0,0.0,0.0,0.0,0.0
8,0.0,0.0,0.0,0.0,0.0,0.7368305255883282,0.7272329926938218,0.0814561485715402,0.0,-0.12762487112637175,-0.11867677638766172,-0.4019446170985478,0.0,0.0,0.0,0.0,0.0,0.0,0.0,0.0,0.0,0.0,0.0
9,0.0,0.0,0.0,0.0,0.0,0.0,0.0,-0.6361512924479863,-0.12762487112637175,0.0,-2.9569430863791433,0.10601469823349398,0.3519769915018899,0.0,0.0,0.0,0.0,0.0,0.0,0.0,0.0,0.0,0.0
10,0.0,0.0,0.0,0.0,0.0,0.0,0.0,-0.7457971700333635,-0.11867677638766172,-2.9569430863791433,0.0,0.097214598302365,0.0,0.0,0.0,0.0,0.0,0.0,0.0,0.0,0.0,0.0,0.0
11,0.0,0.0,0.0,0.0,0.0,0.0,0.0,0.0,-0.4019446170985478,0.10601469823349398,0.097214598302365,0.0,-0.2658816770692706,0.0,0.0,0.0,0.0,0.0,0.0,0.0,0.0,0.0,0.0
12,0.0,0.0,0.0,0.0,0.0,0.0,0.0,0.0,0.0,0.3519769915018899,0.0,-0.2658816770692706,0.0,-2.086396214902641,0.0,0.0,0.0,0.0,0.0,0.0,0.0,0.0,0.0
13,0.0,0.0,0.0,0.0,0.0,0.0,0.0,0.0,0.0,0.0,0.0,0.0,-2.086396214902641,0.0,-1.7292242380368674,-0.51772539514824,-1.5189605633454983,0.0,0.0,0.0,0.0,0.0,0.0
14,0.0,0.0,0.0,0.0,0.0,0.0,0.0,0.0,0.0,0.0,0.0,0.0,0.0,-1.7292242380368674,0.0,-0.5964485088265222,-2.122584026186841,0.0,0.0,0.0,0.0,0.0,0.0
15,0.0,0.0,0.0,0.0,0.0,0.0,0.0,0.0,0.0,0.0,0.0,0.0,0.0,-0.51772539514824,-0.5964485088265222,0.0,-0.445334701666362,-1.2088169260225363,0.0,0.0,-1.3781146060760574,0.0,0.0
16,0.0,0.0,0.0,0.0,0.0,0.0,0.0,0.0,0.0,0.0,0.0,0.0,0.0,-1.5189605633454983,-2.122584026186841,-0.445334701666362,0.0,0.0,0.0,0.0,0.0,0.0,-1.9613467351310574
17,0.0,0.0,0.0,0.0,0.0,0.0,0.0,0.0,0.0,0.0,0.0,0.0,0.0,0.0,0.0,-1.2088169260225363,0.0,0.0,-1.2840678365013536,-1.9896102984328259,-1.8417881099825264,-1.5142286335563702,-1.2766620690994488
18,0.0,0.0,0.0,0.0,0.0,0.0,0.0,0.0,0.0,0.0,0.0,0.0,0.0,0.0,0.0,0.0,0.0,-1.2840678365013536,0.0,-0.9378684466910395,-1.1871921358397068,0.0,0.0
19,0.0,0.0,0.0,0.0,0.0,0.0,0.0,0.0,0.0,0.0,0.0,0.0,0.0,0.0,0.0,0.0,0.0,-1.9896102984328259,-0.9378684466910395,0.0,-1.3142242019521693,-1.5509466884361056,0.0
20,0.0,0.0,0.0,0.0,0.0,0.0,0.0,0.0,0.0,0.0,0.0,0.0,0.0,0.0,0.0,-1.3781146060760574,0.0,-1.8417881099825264,-1.1871921358397068,-1.3142242019521693,0.0,-1.5865830190916275,-1.563760659064591
21,0.0,0.0,0.0,0.0,0.0,0.0,0.0,0.0,0.0,0.0,0.0,0.0,0.0,0.0,0.0,0.0,0.0,-1.5142286335563702,0.0,-1.5509466884361056,-1.5865830190916275,0.0,-2.408742165204544
22,0.0,0.0,0.0,0.0,0.0,0.0,0.0,0.0,0.0,0.0,0.0,0.0,0.0,0.0,0.0,0.0,-1.9613467351310574,-1.2766620690994488,0.0,0.0,-1.563760659064591,-2.408742165204544,0.0
