,0,1,2,3,4,5,6,7,8,9,10,11,12,13,14
0,0.0,1.2744401532860001,1.3360718967538006,0.6754815788549919,0.0,0.0,0.0,0.0,0.0,0.0,0.0,0.0,0.0,0.0,0.0
1,1.2744401532860001,0.0,-0.30638973917466816,-0.5958063200125036,1.6329875380029286,0.0,0.0,0.0,0.0,0.0,0.0,0.0,0.0,0.0,0.0
2,1.3360718967538006,-0.30638973917466816,0.0,-0.14415465598966923,1.5964101163809372,0.0,0.0,0.0,0.0,0.0,0.0,0.0,0.0,0.0,0.0
3,0.6754815788549919,-0.5958063200125036,-0.14415465598966923,0.0,1.6622980838380517,1.3547530952295384,0.0,0.0,0.0,0.0,0.0,0.0,0.0,0.0,0.0
4,0.0,1.6329875380029286,1.5964101163809372,1.6622980838380517,0.0,-0.2340947241878147,1.0073676890645296,1.1857991406728154,0.0,0.0,0.0,0.0,0.0,0.0,0.0
5,0.0,0.0,0.0,1.3547530952295384,-0.2340947241878147,0.0,0.7249727513568014,0.9623237557719792,0.0,0.0,0.0,0.0,0.0,0.0,0.0
6,0.0,0.0,0.0,0.0,1.0073676890645296,0.7249727513568014,0.0,0.4295075198703984,0.5800178248269636,0.0,0.0,0.0,0.0,0.0,0.0
7,0.0,0.0,0.0,0.0,1.1857991406728154,0.9623237557719792,0.4295075198703984,0.0,-0.31977695383955684,0.5633849109491881,0.0,0.0,0.0,0.0,0.0
8,0.0,0.0,0.0,0.0,0.0,0.0,0.5800178248269636,-0.31977695383955684,0.0,0.7651971450373067,0.0,0.0,0.0,0.0,0.0
9,0.0,0.0,0.0,0.0,0.0,0.0,0.0,0.5633849109491881,0.7651971450373067,0.0,0.43954602032494894,-0.991901725789113,-1.4026552463432647,0.8731463864287836,0.0
10,0.0,0.0,0.0,0.0,0.0,0.0,0.0,0.0,0.0,0.43954602032494894,0.0,-0.10959240842165217,-0.11045887504548953,0.6877929769858877,-0.2112495007040793
11,0.0,0.0,0.0,0.0,0.0,0.0,0.0,0.0,0.0,-0.991901725789113,-0.10959240842165217,0.0,-2.3268350082114053,0.8342634887487239,-0.6055502877441128
12,0.0,0.0,0.0,0.0,0.0,0.0,0.0,0.0,0.0,-1.4026552463432647,-0.11045887504548953,-2.3268350082114053,0.0,0.0,-0.589538276845055
13,0.0,0.0,0.0,0.0,0.0,0.0,0.0,0.0,0.0,0.8731463864287836,0.6877929769858877,0.8342634887487239,0.0,0.0,0.0
14,0.0,0.0,0.0,0.0,0.0,0.0,0.0,0.0,0.0,0.0,-0.2112495007040793,-0.6055502877441128,-0.589538276845055,0.0,0.0
