,0,1,2,3,4,5,6,7,8,9,10,11
0,0.0,3.1260371688799267,1.9054858483723935,1.7863897326492566,0.0,0.0,0.0,0.0,0.0,0.0,0.0,0.0
1,3.1260371688799267,0.0,0.8926582623713807,1.1376980423990781,-0.8645028093332879,0.0,0.0,0.0,0.0,0.0,0.0,0.0
2,1.9054858483723935,0.8926582623713807,0.0,0.15075600264849456,0.6378004383463,-0.13022184933188202,0.0,0.0,0.0,0.0,0.0,0.0
3,1.7863897326492566,1.1376980423990781,0.15075600264849456,0.0,0.912618642413633,-2.000898021632633,0.0,0.0,0.0,0.0,0.0,0.0
4,0.0,-0.8645028093332879,0.6378004383463,0.912618642413633,0.0,0.6625909815577273,0.0,0.0,0.0,0.0,0.0,0.0
5,0.0,0.0,-0.13022184933188202,-2.000898021632633,0.6625909815577273,0.0,1.0165162571277395,1.1573076314191593,0.0,0.0,0.0,0.0
6,0.0,0.0,0.0,0.0,0.0,1.0165162571277395,0.0,0.11556948759145338,2.069934423405567,0.0,0.0,0.0
7,0.0,0.0,0.0,0.0,0.0,1.1573076314191593,0.11556948759145338,0.0,2.152737545226214,-0.11715751731162763,0.0,0.0
8,0.0,0.0,0.0,0.0,0.0,0.0,2.069934423405567,2.152737545226214,0.0,1.693806852026917,-0.025706778891709046,-0.9590614914543878
9,0.0,0.0,0.0,0.0,0.0,0.0,0.0,-0.11715751731162763,1.693806852026917,0.0,-1.0624329768766663,-0.6715338276733367
10,0.0,0.0,0.0,0.0,0.0,0.0,0.0,0.0,-0.025706778891709046,-1.0624329768766663,0.0,-0.8867272190221698
11,0.0,0.0,0.0,0.0,0.0,0.0,0.0,0.0,-0.9590614914543878,-0.6715338276733367,-0.8867272190221698,0.0
