,0,1,2,3,4,5,6,7,8,9,10,11,12,13,14,15,16,17,18
0,0.0,3.1888786730813883,2.705976924748986,2.3779088789176654,0.0,0.0,0.0,0.0,0.0,0.0,0.0,0.0,0.0,0.0,0.0,0.0,0.0,0.0,0.0
1,3.1888786730813883,0.0,0.1926366580931065,-0.35701590248641296,0.0,0.0,0.0,0.0,0.0,0.0,0.0,0.0,0.0,0.0,0.0,0.0,0.0,0.0,0.0
2,2.705976924748986,0.1926366580931065,0.0,-1.6579816849621873,-1.342493387107818,0.859144600497395,0.0,0.0,0.0,0.0,0.0,0.0,0.0,0.0,0.0,0.0,0.0,0.0,0.0
3,2.3779088789176654,-0.35701590248641296,-1.6579816849621873,0.0,-2.2101715448638206,0.8996761496782647,0.0,0.0,0.0,0.0,0.0,0.0,0.0,0.0,0.0,0.0,0.0,0.0,0.0
4,0.0,0.0,-1.342493387107818,-2.2101715448638206,0.0,0.9081471048353005,2.515829058915302,0.0,0.0,0.0,0.0,0.0,0.0,0.0,0.0,0.0,0.0,0.0,0.0
5,0.0,0.0,0.859144600497395,0.8996761496782647,0.9081471048353005,0.0,2.419691137708896,0.0,0.0,0.0,0.0,0.0,0.0,0.0,0.0,0.0,0.0,0.0,0.0
6,0.0,0.0,0.0,0.0,2.515829058915302,2.419691137708896,0.0,2.0229841341116703,0.0,0.0,0.0,0.0,0.0,0.0,0.0,0.0,0.0,0.0,0.0
7,0.0,0.0,0.0,0.0,0.0,0.0,2.0229841341116703,0.0,2.4023503027930264,1.0882745564043006,0.09035064835960648,0.0,0.0,0.0,0.0,0.0,0.0,0.0,0.0
8,0.0,0.0,0.0,0.0,0.0,0.0,0.0,2.4023503027930264,0.0,1.8473848799904782,0.0,0.8724564910767459,0.0,0.0,0.0,0.0,0.0,0.0,0.0
9,0.0,0.0,0.0,0.0,0.0,0.0,0.0,1.0882745564043006,1.8473848799904782,0.0,0.4479978283346478,1.017209293725624,0.7002954163936824,0.0,0.0,0.0,0.0,0.0,0.0
10,0.0,0.0,0.0,0.0,0.0,0.0,0.0,0.09035064835960648,0.0,0.4479978283346478,0.0,1.4237213199924135,1.1446162232573465,0.0,0.0,0.0,0.0,0.0,0.0
11,0.0,0.0,0.0,0.0,0.0,0.0,0.0,0.0,0.8724564910767459,1.017209293725624,1.4237213199924135,0.0,-0.8362503366876363,0.0,0.0,0.0,0.0,0.0,0.0
12,0.0,0.0,0.0,0.0,0.0,0.0,0.0,0.0,0.0,0.7002954163936824,1.1446162232573465,-0.8362503366876363,0.0,0.0,0.0,0.0,0.0,0.0,0.0
13,0.0,0.0,0.0,0.0,0.0,0.0,0.0,0.0,0.0,0.0,0.0,0.0,0.0,0.0,0.050079261347334314,0.02978699191730495,-0.37528734546436,0.0,0.0
14,0.0,0.0,0.0,0.0,0.0,0.0,0.0,0.0,0.0,0.0,0.0,0.0,0.0,0.050079261347334314,0.0,-0.5053803245762737,-1.5692517684095626,0.0,0.0
15,0.0,0.0,0.0,0.0,0.0,0.0,0.0,0.0,0.0,0.0,0.0,0.0,0.0,0.02978699191730495,-0.5053803245762737,0.0,-0.9636319861382735,-1.8979015751283728,-1.8736198922787286
16,0.0,0.0,0.0,0.0,0.0,0.0,0.0,0.0,0.0,0.0,0.0,0.0,0.0,-0.37528734546436,-1.5692517684095626,-0.9636319861382735,0.0,-1.0758021313470167,-1.9483391245971338
17,0.0,0.0,0.0,0.0,0.0,0.0,0.0,0.0,0.0,0.0,0.0,0.0,0.0,0.0,0.0,-1.8979015751283728,-1.0758021313470167,0.0,-2.3936517011635137
18,0.0,0.0,0.0,0.0,0.0,0.0,0.0,0.0,0.0,0.0,0.0,0.0,0.0,0.0,0.0,-1.8736198922787286,-1.9483391245971338,-2.3936517011635137,0.0
