,0,1,2,3,4,5,6,7,8,9,10,11,12,13,14,15,16,17,18,19,20
0,0.0,2.28733981532784,1.8211751726989283,1.8743689898235356,0.0,0.0,0.0,0.0,0.0,0.0,0.0,0.0,0.0,0.0,0.0,0.0,0.0,0.0,0.0,0.0,0.0
1,2.28733981532784,0.0,2.2337261660121026,2.2659289156778,0.0,0.0,0.0,0.0,0.0,0.0,0.0,0.0,0.0,0.0,0.0,0.0,0.0,0.0,0.0,0.0,0.0
2,1.8211751726989283,2.2337261660121026,0.0,-0.8709487334422064,-0.635870970999994,1.5468994258878854,0.0,0.0,0.0,0.0,0.0,0.0,0.0,0.0,0.0,0.0,0.0,0.0,0.0,0.0,0.0
3,1.8743689898235356,2.2659289156778,-0.8709487334422064,0.0,-0.36985593877759804,1.5623996784229144,0.0,0.0,0.0,0.0,0.0,0.0,0.0,0.0,0.0,0.0,0.0,0.0,0.0,0.0,0.0
4,0.0,0.0,-0.635870970999994,-0.36985593877759804,0.0,1.4671510038184974,-0.5322864513986508,0.8010215909578153,0.0,0.0,0.0,0.0,0.0,0.0,0.0,0.0,0.0,0.0,0.0,0.0,0.0
5,0.0,0.0,1.5468994258878854,1.5623996784229144,1.4671510038184974,0.0,1.3430734655148624,-0.42216747985753916,0.0,0.0,0.0,0.0,0.0,0.0,0.0,0.0,0.0,0.0,0.0,0.0,0.0
6,0.0,0.0,0.0,0.0,-0.5322864513986508,1.3430734655148624,0.0,0.9263543862912937,-1.382018625299795,0.0,0.0,0.0,0.0,0.0,0.0,0.0,0.0,0.0,0.0,0.0,0.0
7,0.0,0.0,0.0,0.0,0.8010215909578153,-0.42216747985753916,0.9263543862912937,0.0,0.8529591150791028,0.4668312460331623,-1.660302292220774,0.0,0.0,0.0,0.0,0.0,0.0,0.0,0.0,0.0,0.0
8,0.0,0.0,0.0,0.0,0.0,0.0,-1.382018625299795,0.8529591150791028,0.0,0.19201127931252931,0.5137595689686764,0.0,0.0,0.0,0.0,0.0,0.0,0.0,0.0,0.0,0.0
9,0.0,0.0,0.0,0.0,0.0,0.0,0.0,0.4668312460331623,0.19201127931252931,0.0,0.3334892968867207,0.0,-0.2654518473007144,0.0,0.0,0.0,0.0,0.0,0.0,0.0,0.0
10,0.0,0.0,0.0,0.0,0.0,0.0,0.0,-1.660302292220774,0.5137595689686764,0.3334892968867207,0.0,0.4945129331677363,-0.5728232274318759,0.0,0.0,0.0,0.0,0.0,0.0,0.0,0.0
11,0.0,0.0,0.0,0.0,0.0,0.0,0.0,0.0,0.0,0.0,0.4945129331677363,0.0,0.10134915144880176,-1.415491434109845,0.5064416004029982,-2.0367782142651953,0.0,0.0,0.0,0.0,0.0
12,0.0,0.0,0.0,0.0,0.0,0.0,0.0,0.0,0.0,-0.2654518473007144,-0.5728232274318759,0.10134915144880176,0.0,0.0,0.0,0.0,0.0,0.0,0.0,0.0,0.0
13,0.0,0.0,0.0,0.0,0.0,0.0,0.0,0.0,0.0,0.0,0.0,-1.415491434109845,0.0,0.0,0.4112370132854659,-1.2832147106766705,-1.7140010172002957,0.0,0.0,0.0,0.0
14,0.0,0.0,0.0,0.0,0.0,0.0,0.0,0.0,0.0,0.0,0.0,0.5064416004029982,0.0,0.4112370132854659,0.0,0.47333965394460664,0.0,0.0,0.0,0.0,0.0
15,0.0,0.0,0.0,0.0,0.0,0.0,0.0,0.0,0.0,0.0,0.0,-2.0367782142651953,0.0,-1.2832147106766705,0.47333965394460664,0.0,-0.878544339194398,-1.2322600871622666,0.0,0.0,0.0
16,0.0,0.0,0.0,0.0,0.0,0.0,0.0,0.0,0.0,0.0,0.0,0.0,0.0,-1.7140010172002957,0.0,-0.878544339194398,0.0,-2.374134411211198,0.0,0.0,0.0
17,0.0,0.0,0.0,0.0,0.0,0.0,0.0,0.0,0.0,0.0,0.0,0.0,0.0,0.0,0.0,-1.2322600871622666,-2.374134411211198,0.0,-0.0642173447209507,-0.2648656732141358,-2.6111709398935297
18,0.0,0.0,0.0,0.0,0.0,0.0,0.0,0.0,0.0,0.0,0.0,0.0,0.0,0.0,0.0,0.0,0.0,-0.0642173447209507,0.0,-0.5236963474774821,-0.15284901352748595
19,0.0,0.0,0.0,0.0,0.0,0.0,0.0,0.0,0.0,0.0,0.0,0.0,0.0,0.0,0.0,0.0,0.0,-0.2648656732141358,-0.5236963474774821,0.0,-0.2791024639754541
20,0.0,0.0,0.0,0.0,0.0,0.0,0.0,0.0,0.0,0.0,0.0,0.0,0.0,0.0,0.0,0.0,0.0,-2.6111709398935297,-0.15284901352748595,-0.2791024639754541,0.0
