,0,1,2,3,4,5,6,7,8,9,10,11,12,13,14,15
0,0.0,2.423876682340629,2.1723829402351815,1.9340757037166096,0.0,0.0,0.0,0.0,0.0,0.0,0.0,0.0,0.0,0.0,0.0,0.0
1,2.423876682340629,0.0,1.9454809384482012,1.7646919564683734,1.4543283597779038,0.0,0.0,0.0,0.0,0.0,0.0,0.0,0.0,0.0,0.0,0.0
2,2.1723829402351815,1.9454809384482012,0.0,-0.8038242772204243,-0.4907224411059348,0.0,0.0,0.0,0.0,0.0,0.0,0.0,0.0,0.0,0.0,0.0
3,1.9340757037166096,1.7646919564683734,-0.8038242772204243,0.0,-1.236653937777332,-0.29007636589330016,0.0,0.0,0.0,0.0,0.0,0.0,0.0,0.0,0.0,0.0
4,0.0,1.4543283597779038,-0.4907224411059348,-1.236653937777332,0.0,-0.23000207793751412,0.025295205467474068,0.0,0.0,0.0,0.0,0.0,0.0,0.0,0.0,0.0
5,0.0,0.0,0.0,-0.29007636589330016,-0.23000207793751412,0.0,-0.32465981733304794,-0.2580752865402704,-0.7817049799438809,0.0,0.0,0.0,0.0,0.0,0.0,0.0
6,0.0,0.0,0.0,0.0,0.025295205467474068,-0.32465981733304794,0.0,-0.5364911122585998,-0.18407132545511978,-0.48392686093936943,0.0,0.0,0.0,0.0,0.0,0.0
7,0.0,0.0,0.0,0.0,0.0,-0.2580752865402704,-0.5364911122585998,0.0,0.17656079444489306,-0.15687563804665366,-0.12894064420757687,0.0,0.0,0.0,0.0,0.0
8,0.0,0.0,0.0,0.0,0.0,-0.7817049799438809,-0.18407132545511978,0.17656079444489306,0.0,-1.2373569267148252,-0.23066423631029057,0.0,0.0,0.0,0.0,0.0
9,0.0,0.0,0.0,0.0,0.0,0.0,-0.48392686093936943,-0.15687563804665366,-1.2373569267148252,0.0,-0.4872198546121402,0.0,0.0,0.0,0.0,0.0
10,0.0,0.0,0.0,0.0,0.0,0.0,0.0,-0.12894064420757687,-0.23066423631029057,-0.4872198546121402,0.0,-0.47487402789331346,0.0,0.0,0.0,0.0
11,0.0,0.0,0.0,0.0,0.0,0.0,0.0,0.0,0.0,0.0,-0.47487402789331346,0.0,-0.4402297847683559,-0.6198290276646865,0.0,0.0
12,0.0,0.0,0.0,0.0,0.0,0.0,0.0,0.0,0.0,0.0,0.0,-0.4402297847683559,0.0,-0.17295350149034833,-1.1537812212449519,-1.5867584119323122
13,0.0,0.0,0.0,0.0,0.0,0.0,0.0,0.0,0.0,0.0,0.0,-0.6198290276646865,-0.17295350149034833,0.0,-0.8486772013912504,-1.4000226299211462
14,0.0,0.0,0.0,0.0,0.0,0.0,0.0,0.0,0.0,0.0,0.0,0.0,-1.1537812212449519,-0.8486772013912504,0.0,-2.767307085415474
15,0.0,0.0,0.0,0.0,0.0,0.0,0.0,0.0,0.0,0.0,0.0,0.0,-1.5867584119323122,-1.4000226299211462,-2.767307085415474,0.0
