,0,1,2,3,4,5,6,7,8,9,10,11,12,13,14,15
0,0.0,0.18727395360905483,0.17209873209576454,2.0057554367989527,0.0,0.0,0.0,0.0,0.0,0.0,0.0,0.0,0.0,0.0,0.0,0.0
1,0.18727395360905483,0.0,-0.27253111441232186,1.9371754076607317,1.8035248459604918,0.0,0.0,0.0,0.0,0.0,0.0,0.0,0.0,0.0,0.0,0.0
2,0.17209873209576454,-0.27253111441232186,0.0,1.8705299826962019,1.7297900544723124,0.0,0.0,0.0,0.0,0.0,0.0,0.0,0.0,0.0,0.0,0.0
3,2.0057554367989527,1.9371754076607317,1.8705299826962019,0.0,-0.7652120970011026,0.05766987158271794,0.0,0.0,0.0,0.0,0.0,0.0,0.0,0.0,0.0,0.0
4,0.0,1.8035248459604918,1.7297900544723124,-0.7652120970011026,0.0,-0.2733745190593949,0.0,0.0,0.0,0.0,0.0,0.0,0.0,0.0,0.0,0.0
5,0.0,0.0,0.0,0.05766987158271794,-0.2733745190593949,0.0,0.13267084725334502,0.0,0.0,0.0,0.0,0.0,0.0,0.0,0.0,0.0
6,0.0,0.0,0.0,0.0,0.0,0.13267084725334502,0.0,-0.16106501504709622,0.45135675188741536,0.8818852994200403,0.0,0.0,0.0,0.0,0.0,0.0
7,0.0,0.0,0.0,0.0,0.0,0.0,-0.16106501504709622,0.0,0.3478716878979833,0.7595138523687818,0.0,0.0,0.0,0.0,0.0,0.0
8,0.0,0.0,0.0,0.0,0.0,0.0,0.45135675188741536,0.3478716878979833,0.0,-0.006487433458553684,-0.03307855844103034,-0.28923571643405577,0.0,0.0,0.0,0.0
9,0.0,0.0,0.0,0.0,0.0,0.0,0.8818852994200403,0.7595138523687818,-0.006487433458553684,0.0,0.5543230040028609,-0.4877799128864819,0.15551119445419526,0.0,0.0,0.0
10,0.0,0.0,0.0,0.0,0.0,0.0,0.0,0.0,-0.03307855844103034,0.5543230040028609,0.0,0.04557373094218073,-3.3111529073269814,0.0,0.0,0.0
11,0.0,0.0,0.0,0.0,0.0,0.0,0.0,0.0,-0.28923571643405577,-0.4877799128864819,0.04557373094218073,0.0,-0.15870241439932173,0.0,0.0,0.0
12,0.0,0.0,0.0,0.0,0.0,0.0,0.0,0.0,0.0,0.15551119445419526,-3.3111529073269814,-0.15870241439932173,0.0,-2.067873834845087,-1.7400371334122378,-0.4863400626078299
13,0.0,0.0,0.0,0.0,0.0,0.0,0.0,0.0,0.0,0.0,0.0,0.0,-2.067873834845087,0.0,-1.4062716446400971,-0.5757576169072838
14,0.0,0.0,0.0,0.0,0.0,0.0,0.0,0.0,0.0,0.0,0.0,0.0,-1.7400371334122378,-1.4062716446400971,0.0,-0.30826084675899185
15,0.0,0.0,0.0,0.0,0.0,0.0,0.0,0.0,0.0,0.0,0.0,0.0,-0.4863400626078299,-0.5757576169072838,-0.30826084675899185,0.0
