,0,1,2,3,4,5,6,7,8,9,10,11,12,13,14,15,16,17,18,19,20
0,0.0,0.6783431347264908,0.5418325824621499,0.0,-0.4410765977527973,0.0,0.0,0.0,0.0,0.0,0.0,0.0,0.0,0.0,0.0,0.0,0.0,0.0,0.0,0.0,0.0
1,0.6783431347264908,0.0,1.2102377169732148,0.0,-0.03161574744435576,0.0,0.0,0.0,0.0,0.0,0.0,0.0,0.0,0.0,0.0,0.0,0.0,0.0,0.0,0.0,0.0
2,0.5418325824621499,1.2102377169732148,0.0,2.77085779083715,0.7608004759275643,0.0,0.0,0.0,0.0,0.0,0.0,0.0,0.0,0.0,0.0,0.0,0.0,0.0,0.0,0.0,0.0
3,0.0,0.0,2.77085779083715,0.0,2.8332630702694903,0.8131944661261458,1.310825205300901,0.0,0.0,0.0,0.0,0.0,0.0,0.0,0.0,0.0,0.0,0.0,0.0,0.0,0.0
4,-0.4410765977527973,-0.03161574744435576,0.7608004759275643,2.8332630702694903,0.0,2.8384543413932,0.0,0.0,0.0,0.0,0.0,0.0,0.0,0.0,0.0,0.0,0.0,0.0,0.0,0.0,0.0
5,0.0,0.0,0.0,0.8131944661261458,2.8384543413932,0.0,0.5644999870189651,-0.2150804818106286,0.0,0.0,0.0,0.0,0.0,0.0,0.0,0.0,0.0,0.0,0.0,0.0,0.0
6,0.0,0.0,0.0,1.310825205300901,0.0,0.5644999870189651,0.0,0.17818874327759596,0.0,0.0,0.0,0.0,0.0,0.0,0.0,0.0,0.0,0.0,0.0,0.0,0.0
7,0.0,0.0,0.0,0.0,0.0,-0.2150804818106286,0.17818874327759596,0.0,2.306436841199622,0.0,0.0,0.0,0.0,0.0,0.0,0.0,0.0,0.0,0.0,0.0,0.0
8,0.0,0.0,0.0,0.0,0.0,0.0,0.0,2.306436841199622,0.0,0.23245347531262767,-1.260734510792643,1.6161388964244667,0.0,0.0,0.0,0.0,0.0,0.0,0.0,0.0,0.0
9,0.0,0.0,0.0,0.0,0.0,0.0,0.0,0.0,0.23245347531262767,0.0,0.14225411424204976,1.5084491572143057,0.0,0.0,0.0,0.0,0.0,0.0,0.0,0.0,0.0
10,0.0,0.0,0.0,0.0,0.0,0.0,0.0,0.0,-1.260734510792643,0.14225411424204976,0.0,1.5861414668330767,0.0,0.0,0.0,0.0,0.0,0.0,0.0,0.0,0.0
11,0.0,0.0,0.0,0.0,0.0,0.0,0.0,0.0,1.6161388964244667,1.5084491572143057,1.5861414668330767,0.0,1.5194426033152875,1.4435461288784515,0.47692040018763304,0.0,0.0,0.0,0.0,0.0,0.0
12,0.0,0.0,0.0,0.0,0.0,0.0,0.0,0.0,0.0,0.0,0.0,1.5194426033152875,0.0,-1.2303459244889496,0.39597028450123833,0.0,0.0,0.0,0.0,0.0,0.0
13,0.0,0.0,0.0,0.0,0.0,0.0,0.0,0.0,0.0,0.0,0.0,1.4435461288784515,-1.2303459244889496,0.0,0.41775967639538153,1.6547190443457511,0.0,0.0,0.0,0.0,0.0
14,0.0,0.0,0.0,0.0,0.0,0.0,0.0,0.0,0.0,0.0,0.0,0.47692040018763304,0.39597028450123833,0.41775967639538153,0.0,1.602700302017224,0.03839677198369821,-0.03537379970939295,0.0,0.0,0.0
15,0.0,0.0,0.0,0.0,0.0,0.0,0.0,0.0,0.0,0.0,0.0,0.0,0.0,1.6547190443457511,1.602700302017224,0.0,1.3903611828354692,0.0,0.0,0.0,0.0
16,0.0,0.0,0.0,0.0,0.0,0.0,0.0,0.0,0.0,0.0,0.0,0.0,0.0,0.0,0.03839677198369821,1.3903611828354692,0.0,-1.5488710918525201,0.8276557303290736,0.0,0.0
17,0.0,0.0,0.0,0.0,0.0,0.0,0.0,0.0,0.0,0.0,0.0,0.0,0.0,0.0,-0.03537379970939295,0.0,-1.5488710918525201,0.0,0.8753667306537375,0.4727495042205943,-2.775667764350321
18,0.0,0.0,0.0,0.0,0.0,0.0,0.0,0.0,0.0,0.0,0.0,0.0,0.0,0.0,0.0,0.0,0.8276557303290736,0.8753667306537375,0.0,0.41440329237546336,0.49632722635335985
19,0.0,0.0,0.0,0.0,0.0,0.0,0.0,0.0,0.0,0.0,0.0,0.0,0.0,0.0,0.0,0.0,0.0,0.4727495042205943,0.41440329237546336,0.0,0.25436034253198364
20,0.0,0.0,0.0,0.0,0.0,0.0,0.0,0.0,0.0,0.0,0.0,0.0,0.0,0.0,0.0,0.0,0.0,-2.775667764350321,0.49632722635335985,0.25436034253198364,0.0
