,0,1,2,3,4,5,6,7,8,9,10,11,12,13,14,15,16,17,18,19,20,21,22
0,0.0,-1.320634966749588,3.1143826304369586,0.2813536359870246,0.0,0.0,0.0,0.0,0.0,0.0,0.0,0.0,0.0,0.0,0.0,0.0,0.0,0.0,0.0,0.0,0.0,0.0,0.0
1,-1.320634966749588,0.0,3.1200486743741886,0.22377640334989785,0.0,0.0,0.0,0.0,0.0,0.0,0.0,0.0,0.0,0.0,0.0,0.0,0.0,0.0,0.0,0.0,0.0,0.0,0.0
2,3.1143826304369586,3.1200486743741886,0.0,2.8383334595815914,0.0,0.0,0.0,0.0,0.0,0.0,0.0,0.0,0.0,0.0,0.0,0.0,0.0,0.0,0.0,0.0,0.0,0.0,0.0
3,0.2813536359870246,0.22377640334989785,2.8383334595815914,0.0,2.4370831042094316,2.300147769814454,-0.3171324804977435,0.0,0.0,0.0,0.0,0.0,0.0,0.0,0.0,0.0,0.0,0.0,0.0,0.0,0.0,0.0,0.0
4,0.0,0.0,0.0,2.4370831042094316,0.0,-0.9450769031844152,2.1733358569767516,0.0,1.7113407631155972,0.0,0.0,0.0,0.0,0.0,0.0,0.0,0.0,0.0,0.0,0.0,0.0,0.0,0.0
5,0.0,0.0,0.0,2.300147769814454,-0.9450769031844152,0.0,2.2150567691160585,0.0,1.7505715417352699,0.0,0.0,0.0,0.0,0.0,0.0,0.0,0.0,0.0,0.0,0.0,0.0,0.0,0.0
6,0.0,0.0,0.0,-0.3171324804977435,2.1733358569767516,2.2150567691160585,0.0,0.0,-0.9071664723844411,0.0,0.0,0.0,0.0,0.0,0.0,0.0,0.0,0.0,0.0,0.0,0.0,0.0,0.0
7,0.0,0.0,0.0,0.0,0.0,0.0,0.0,0.0,1.5881892631378103,1.5817041123371778,1.451640244508098,1.3322599685137797,0.0,0.0,0.0,0.0,0.0,0.0,0.0,0.0,0.0,0.0,0.0
8,0.0,0.0,0.0,0.0,1.7113407631155972,1.7505715417352699,-0.9071664723844411,1.5881892631378103,0.0,-1.9890740282983839,-1.3935921788891494,0.0,0.0,0.0,0.0,0.0,0.0,0.0,0.0,0.0,0.0,0.0,0.0
9,0.0,0.0,0.0,0.0,0.0,0.0,0.0,1.5817041123371778,-1.9890740282983839,0.0,-1.3895123198592927,0.0,0.0,0.0,0.0,0.0,0.0,0.0,0.0,0.0,0.0,0.0,0.0
10,0.0,0.0,0.0,0.0,0.0,0.0,0.0,1.451640244508098,-1.3935921788891494,-1.3895123198592927,0.0,-1.6410461081498784,0.0,0.0,0.0,0.0,0.0,0.0,0.0,0.0,0.0,0.0,0.0
11,0.0,0.0,0.0,0.0,0.0,0.0,0.0,1.3322599685137797,0.0,0.0,-1.6410461081498784,0.0,1.512300354396649,0.0,0.0,0.0,0.0,0.0,0.0,0.0,0.0,0.0,0.0
12,0.0,0.0,0.0,0.0,0.0,0.0,0.0,0.0,0.0,0.0,0.0,1.512300354396649,0.0,1.323221704988054,1.0266501891936906,0.0,0.0,0.0,0.0,0.0,0.0,0.0,0.0
13,0.0,0.0,0.0,0.0,0.0,0.0,0.0,0.0,0.0,0.0,0.0,0.0,1.323221704988054,0.0,0.12178191949191995,0.7823563392944355,0.0,0.0,0.0,0.0,0.0,0.0,0.0
14,0.0,0.0,0.0,0.0,0.0,0.0,0.0,0.0,0.0,0.0,0.0,0.0,1.0266501891936906,0.12178191949191995,0.0,0.5101663540796952,0.0,0.0,0.0,0.0,0.0,0.0,0.0
15,0.0,0.0,0.0,0.0,0.0,0.0,0.0,0.0,0.0,0.0,0.0,0.0,0.0,0.7823563392944355,0.5101663540796952,0.0,0.187739234209522,0.26918500337400253,0.5809851845176363,0.0,0.0,0.0,0.0
16,0.0,0.0,0.0,0.0,0.0,0.0,0.0,0.0,0.0,0.0,0.0,0.0,0.0,0.0,0.0,0.187739234209522,0.0,-0.4736726858049365,-0.38229388161720773,-1.4029879130183027,0.0,0.0,-2.273186686873691
17,0.0,0.0,0.0,0.0,0.0,0.0,0.0,0.0,0.0,0.0,0.0,0.0,0.0,0.0,0.0,0.26918500337400253,-0.4736726858049365,0.0,0.034446610410268315,-0.2847761726295605,-1.1819966849841228,-1.0055381015316953,-1.5923750529963552
18,0.0,0.0,0.0,0.0,0.0,0.0,0.0,0.0,0.0,0.0,0.0,0.0,0.0,0.0,0.0,0.5809851845176363,-0.38229388161720773,0.034446610410268315,0.0,-0.8665157100676854,0.0,0.0,0.0
19,0.0,0.0,0.0,0.0,0.0,0.0,0.0,0.0,0.0,0.0,0.0,0.0,0.0,0.0,0.0,0.0,-1.4029879130183027,-0.2847761726295605,-0.8665157100676854,0.0,-0.9334595934967093,-0.5448472082303064,-3.034000891614088
20,0.0,0.0,0.0,0.0,0.0,0.0,0.0,0.0,0.0,0.0,0.0,0.0,0.0,0.0,0.0,0.0,0.0,-1.1819966849841228,0.0,-0.9334595934967093,0.0,0.0,-1.7757944121939768
21,0.0,0.0,0.0,0.0,0.0,0.0,0.0,0.0,0.0,0.0,0.0,0.0,0.0,0.0,0.0,0.0,0.0,-1.0055381015316953,0.0,-0.5448472082303064,0.0,0.0,-0.9383555925086545
22,0.0,0.0,0.0,0.0,0.0,0.0,0.0,0.0,0.0,0.0,0.0,0.0,0.0,0.0,0.0,0.0,-2.273186686873691,-1.5923750529963552,0.0,-3.034000891614088,-1.7757944121939768,-0.9383555925086545,0.0
