,0,1,2,3,4,5,6,7,8,9,10,11,12,13,14,15,16,17,18,19
0,0.0,3.506471748817249,2.038257536790317,1.917625229788521,0.0,0.0,0.0,0.0,0.0,0.0,0.0,0.0,0.0,0.0,0.0,0.0,0.0,0.0,0.0,0.0
1,3.506471748817249,0.0,3.2523009435861985,3.1428351758454736,2.9379736846536177,0.0,0.0,0.0,0.0,0.0,0.0,0.0,0.0,0.0,0.0,0.0,0.0,0.0,0.0,0.0
2,2.038257536790317,3.2523009435861985,0.0,-0.27179092292533275,-0.18496062968546007,0.0,0.0,0.0,0.0,0.0,0.0,0.0,0.0,0.0,0.0,0.0,0.0,0.0,0.0,0.0
3,1.917625229788521,3.1428351758454736,-0.27179092292533275,0.0,0.23294556610492895,2.7486905213192885,0.0,0.0,0.0,0.0,0.0,0.0,0.0,0.0,0.0,0.0,0.0,0.0,0.0,0.0
4,0.0,2.9379736846536177,-0.18496062968546007,0.23294556610492895,0.0,2.8190090501266716,0.0,0.0,0.0,0.0,0.0,0.0,0.0,0.0,0.0,0.0,0.0,0.0,0.0,0.0
5,0.0,0.0,0.0,2.7486905213192885,2.8190090501266716,0.0,0.19821991403923278,0.0,0.0,0.0,0.0,0.0,0.0,0.0,0.0,0.0,0.0,0.0,0.0,0.0
6,0.0,0.0,0.0,0.0,0.0,0.19821991403923278,0.0,-0.9178733276483252,-0.08877461538117752,0.8948999992660844,0.0,0.0,0.0,0.0,0.0,0.0,0.0,0.0,0.0,0.0
7,0.0,0.0,0.0,0.0,0.0,0.0,-0.9178733276483252,0.0,-0.07756982027005363,0.8831328357100708,1.0261916167893526,0.0,0.0,0.0,0.0,0.0,0.0,0.0,0.0,0.0
8,0.0,0.0,0.0,0.0,0.0,0.0,-0.08877461538117752,-0.07756982027005363,0.0,0.5541284897170375,0.7823011612454476,0.5674158603438152,0.0,0.0,0.0,0.0,0.0,0.0,0.0,0.0
9,0.0,0.0,0.0,0.0,0.0,0.0,0.8948999992660844,0.8831328357100708,0.5541284897170375,0.0,-0.5048830637608892,-1.333823533855782,-1.0980970695891699,0.0,0.0,0.0,0.0,0.0,0.0,0.0
10,0.0,0.0,0.0,0.0,0.0,0.0,0.0,1.0261916167893526,0.7823011612454476,-0.5048830637608892,0.0,-0.9020161769335806,-0.32527515988102773,0.0,0.0,0.0,0.0,0.0,0.0,0.0
11,0.0,0.0,0.0,0.0,0.0,0.0,0.0,0.0,0.5674158603438152,-1.333823533855782,-0.9020161769335806,0.0,-0.607588055350503,0.0,0.0,0.0,0.0,0.0,0.0,0.0
12,0.0,0.0,0.0,0.0,0.0,0.0,0.0,0.0,0.0,-1.0980970695891699,-0.32527515988102773,-0.607588055350503,0.0,-0.4165064520819863,0.0,0.0,0.0,0.0,0.0,0.0
13,0.0,0.0,0.0,0.0,0.0,0.0,0.0,0.0,0.0,0.0,0.0,0.0,-0.4165064520819863,0.0,-0.5251708956853103,-1.0716978797852883,0.0,0.0,0.0,0.0
14,0.0,0.0,0.0,0.0,0.0,0.0,0.0,0.0,0.0,0.0,0.0,0.0,0.0,-0.5251708956853103,0.0,-1.5306243956054417,-0.44627104927345906,-0.21585422789281902,0.0,0.0
15,0.0,0.0,0.0,0.0,0.0,0.0,0.0,0.0,0.0,0.0,0.0,0.0,0.0,-1.0716978797852883,-1.5306243956054417,0.0,-0.5895041024881105,-0.25529055157815056,0.0,0.0
16,0.0,0.0,0.0,0.0,0.0,0.0,0.0,0.0,0.0,0.0,0.0,0.0,0.0,0.0,-0.44627104927345906,-0.5895041024881105,0.0,-1.1824025177712094,-1.5761974958553415,-0.78424173775677
17,0.0,0.0,0.0,0.0,0.0,0.0,0.0,0.0,0.0,0.0,0.0,0.0,0.0,0.0,-0.21585422789281902,-0.25529055157815056,-1.1824025177712094,0.0,-3.537728814540628,-0.5133491594085872
18,0.0,0.0,0.0,0.0,0.0,0.0,0.0,0.0,0.0,0.0,0.0,0.0,0.0,0.0,0.0,0.0,-1.5761974958553415,-3.537728814540628,0.0,-0.4927355373581498
19,0.0,0.0,0.0,0.0,0.0,0.0,0.0,0.0,0.0,0.0,0.0,0.0,0.0,0.0,0.0,0.0,-0.78424173775677,-0.5133491594085872,-0.4927355373581498,0.0
