,0,1,2,3,4,5,6,7,8,9,10,11,12,13,14,15,16,17,18,19,20,21,22,23,24,25,26
0,0.0,1.360543513915515,1.3638953481744547,0.0,0.0,0.5910020976250058,0.0,0.0,0.0,0.0,0.0,0.0,0.0,0.0,0.0,0.0,0.0,0.0,0.0,0.0,0.0,0.0,0.0,0.0,0.0,0.0,0.0
1,1.360543513915515,0.0,-0.7532882552908448,0.0,0.0,-1.4560483411738174,-1.0299749501132625,0.0,0.0,0.0,0.0,0.0,0.0,0.0,0.0,0.0,0.0,0.0,0.0,0.0,0.0,0.0,0.0,0.0,0.0,0.0,0.0
2,1.3638953481744547,-0.7532882552908448,0.0,0.0,0.0,-0.6770417826604713,-1.6637218584807372,0.0,0.0,0.0,0.0,0.0,0.0,0.0,0.0,0.0,0.0,0.0,0.0,0.0,0.0,0.0,0.0,0.0,0.0,0.0,0.0
3,0.0,0.0,0.0,0.0,-0.673874219198578,1.5882252078725778,1.6214576901853546,1.4875564289491443,0.0,0.0,0.0,0.0,0.0,0.0,0.0,0.0,0.0,0.0,0.0,0.0,0.0,0.0,0.0,0.0,0.0,0.0,0.0
4,0.0,0.0,0.0,-0.673874219198578,0.0,0.0,1.6653831927071827,1.52733094337036,0.0,0.0,0.0,0.0,0.0,0.0,0.0,0.0,0.0,0.0,0.0,0.0,0.0,0.0,0.0,0.0,0.0,0.0,0.0
5,0.5910020976250058,-1.4560483411738174,-0.6770417826604713,1.5882252078725778,0.0,0.0,-0.5690176685860787,0.19730443423800587,0.0,0.0,0.0,0.0,0.0,0.0,0.0,0.0,0.0,0.0,0.0,0.0,0.0,0.0,0.0,0.0,0.0,0.0,0.0
6,0.0,-1.0299749501132625,-1.6637218584807372,1.6214576901853546,1.6653831927071827,-0.5690176685860787,0.0,-0.21257378981172242,0.0,0.0,0.0,0.0,0.0,0.0,0.0,0.0,0.0,0.0,0.0,0.0,0.0,0.0,0.0,0.0,0.0,0.0,0.0
7,0.0,0.0,0.0,1.4875564289491443,1.52733094337036,0.19730443423800587,-0.21257378981172242,0.0,0.0,0.0,0.0,0.0,0.0,0.0,0.0,0.0,0.0,0.0,0.0,0.0,0.0,0.0,0.0,0.0,0.0,0.0,0.0
8,0.0,0.0,0.0,0.0,0.0,0.0,0.0,0.0,0.0,-1.0498680556998914,0.0,-1.2247375179500437,-1.3338586757522393,0.0,0.0,0.0,0.0,0.0,0.0,0.0,0.0,0.0,0.0,0.0,0.0,0.0,0.0
9,0.0,0.0,0.0,0.0,0.0,0.0,0.0,0.0,-1.0498680556998914,0.0,0.0,-1.6069426503878301,-1.9986625976844827,0.0,0.0,0.0,0.0,0.0,0.0,0.0,0.0,0.0,0.0,0.0,0.0,0.0,0.0
10,0.0,0.0,0.0,0.0,0.0,0.0,0.0,0.0,0.0,0.0,0.0,0.317575345049663,0.23919048304318927,0.3297311343606226,0.0,0.0,0.0,0.0,0.0,0.0,0.0,0.0,0.0,0.0,0.0,0.0,0.0
11,0.0,0.0,0.0,0.0,0.0,0.0,0.0,0.0,-1.2247375179500437,-1.6069426503878301,0.317575345049663,0.0,-2.9050743685022447,-1.0349845904960995,0.0,0.0,0.0,0.0,0.0,0.0,0.0,0.0,0.0,0.0,0.0,0.0,0.0
12,0.0,0.0,0.0,0.0,0.0,0.0,0.0,0.0,-1.3338586757522393,-1.9986625976844827,0.23919048304318927,-2.9050743685022447,0.0,-1.132880100312625,0.0,0.0,0.0,0.0,0.0,0.0,0.0,0.0,0.0,0.0,0.0,0.0,0.0
13,0.0,0.0,0.0,0.0,0.0,0.0,0.0,0.0,0.0,0.0,0.3297311343606226,-1.0349845904960995,-1.132880100312625,0.0,0.0,-1.453768328016192,0.0,0.0,0.0,0.0,0.0,0.0,0.0,0.0,0.0,0.0,0.0
14,0.0,0.0,0.0,0.0,0.0,0.0,0.0,0.0,0.0,0.0,0.0,0.0,0.0,0.0,0.0,-1.6012846741650217,-1.7520194340848423,0.0,-0.8401050180939339,0.0,0.0,0.0,0.0,0.0,0.0,0.0,0.0
15,0.0,0.0,0.0,0.0,0.0,0.0,0.0,0.0,0.0,0.0,0.0,0.0,0.0,-1.453768328016192,-1.6012846741650217,0.0,-2.932349595128389,0.0,-1.2779755570699654,0.0,-0.04985638745871379,0.0,0.0,0.0,0.0,0.0,0.0
16,0.0,0.0,0.0,0.0,0.0,0.0,0.0,0.0,0.0,0.0,0.0,0.0,0.0,0.0,-1.7520194340848423,-2.932349595128389,0.0,0.0,-1.1722618503686482,-2.000362813004377,-0.008066616718419274,0.0,0.0,0.0,0.0,0.0,0.0
17,0.0,0.0,0.0,0.0,0.0,0.0,0.0,0.0,0.0,0.0,0.0,0.0,0.0,0.0,0.0,0.0,0.0,0.0,0.0,-0.40931246803660043,0.0,0.0,-0.6161942580147077,0.0,-1.5193807351128583,-1.7121875163169638,-0.6721341645676819
18,0.0,0.0,0.0,0.0,0.0,0.0,0.0,0.0,0.0,0.0,0.0,0.0,0.0,0.0,-0.8401050180939339,-1.2779755570699654,-1.1722618503686482,0.0,0.0,0.0,-0.159010630464074,0.0,0.0,0.0,0.0,0.0,0.0
19,0.0,0.0,0.0,0.0,0.0,0.0,0.0,0.0,0.0,0.0,0.0,0.0,0.0,0.0,0.0,0.0,-2.000362813004377,-0.40931246803660043,0.0,0.0,0.0,-1.743210253034068,-2.9246275258856516,0.0,0.0,0.0,0.0
20,0.0,0.0,0.0,0.0,0.0,0.0,0.0,0.0,0.0,0.0,0.0,0.0,0.0,0.0,0.0,-0.04985638745871379,-0.008066616718419274,0.0,-0.159010630464074,0.0,0.0,0.0,0.0,0.0,0.0,0.0,0.0
21,0.0,0.0,0.0,0.0,0.0,0.0,0.0,0.0,0.0,0.0,0.0,0.0,0.0,0.0,0.0,0.0,0.0,0.0,0.0,-1.743210253034068,0.0,0.0,-2.369093767660603,-1.5962080842388524,0.0,0.0,0.0
22,0.0,0.0,0.0,0.0,0.0,0.0,0.0,0.0,0.0,0.0,0.0,0.0,0.0,0.0,0.0,0.0,0.0,-0.6161942580147077,0.0,-2.9246275258856516,0.0,-2.369093767660603,0.0,-1.9967959720694928,0.0,0.0,-1.9772139842413368
23,0.0,0.0,0.0,0.0,0.0,0.0,0.0,0.0,0.0,0.0,0.0,0.0,0.0,0.0,0.0,0.0,0.0,0.0,0.0,0.0,0.0,-1.5962080842388524,-1.9967959720694928,0.0,0.0,0.0,-2.372087599184961
24,0.0,0.0,0.0,0.0,0.0,0.0,0.0,0.0,0.0,0.0,0.0,0.0,0.0,0.0,0.0,0.0,0.0,-1.5193807351128583,0.0,0.0,0.0,0.0,0.0,0.0,0.0,-1.0061314386299158,-0.6181561966102245
25,0.0,0.0,0.0,0.0,0.0,0.0,0.0,0.0,0.0,0.0,0.0,0.0,0.0,0.0,0.0,0.0,0.0,-1.7121875163169638,0.0,0.0,0.0,0.0,0.0,0.0,-1.0061314386299158,0.0,-0.4749450274326981
26,0.0,0.0,0.0,0.0,0.0,0.0,0.0,0.0,0.0,0.0,0.0,0.0,0.0,0.0,0.0,0.0,0.0,-0.6721341645676819,0.0,0.0,0.0,0.0,-1.9772139842413368,-2.372087599184961,-0.6181561966102245,-0.4749450274326981,0.0
