,0,1,2,3,4,5,6,7,8,9,10,11,12,13,14,15,16,17,18,19,20,21
0,0.0,3.066825863730838,-0.7008969620186711,2.163392813817348,0.0,0.0,0.0,0.0,0.0,0.0,0.0,0.0,0.0,0.0,0.0,0.0,0.0,0.0,0.0,0.0,0.0,0.0
1,3.066825863730838,0.0,3.0144523245152812,2.4782349598472475,0.0,0.0,0.0,0.0,0.0,0.0,0.0,0.0,0.0,0.0,0.0,0.0,0.0,0.0,0.0,0.0,0.0,0.0
2,-0.7008969620186711,3.0144523245152812,0.0,2.1562866487363657,0.0,0.0,0.0,0.0,0.0,0.0,0.0,0.0,0.0,0.0,0.0,0.0,0.0,0.0,0.0,0.0,0.0,0.0
3,2.163392813817348,2.4782349598472475,2.1562866487363657,0.0,0.0,2.4238683581113234,0.0,0.0,0.0,0.0,0.0,0.0,0.0,0.0,0.0,0.0,0.0,0.0,0.0,0.0,0.0,0.0
4,0.0,0.0,0.0,0.0,0.0,2.4467427935073385,-2.4007375281250165,-2.74098840622559,0.0,0.0,0.0,0.0,0.0,0.0,0.0,0.0,0.0,0.0,0.0,0.0,0.0,0.0
5,0.0,0.0,0.0,2.4238683581113234,2.4467427935073385,0.0,2.050950888476255,1.9073876016397489,0.0,0.0,0.0,0.0,0.0,0.0,0.0,0.0,0.0,0.0,0.0,0.0,0.0,0.0
6,0.0,0.0,0.0,0.0,-2.4007375281250165,2.050950888476255,0.0,-1.9669429021179403,-0.7377425997876488,-0.5139329893204114,0.0,0.0,0.0,0.0,0.0,0.0,0.0,0.0,0.0,0.0,0.0,0.0
7,0.0,0.0,0.0,0.0,-2.74098840622559,1.9073876016397489,-1.9669429021179403,0.0,-0.8017596492199467,-0.5363302405733613,0.0,0.0,0.0,0.0,0.0,0.0,0.0,0.0,0.0,0.0,0.0,0.0
8,0.0,0.0,0.0,0.0,0.0,0.0,-0.7377425997876488,-0.8017596492199467,0.0,-1.4016663791343167,0.0,0.0,0.0,0.0,0.0,0.0,0.0,0.0,0.0,0.0,0.0,0.0
9,0.0,0.0,0.0,0.0,0.0,0.0,-0.5139329893204114,-0.5363302405733613,-1.4016663791343167,0.0,-0.5334484284494688,1.3622751488574936,0.0,0.0,0.0,0.0,0.0,0.0,0.0,0.0,0.0,0.0
10,0.0,0.0,0.0,0.0,0.0,0.0,0.0,0.0,0.0,-0.5334484284494688,0.0,1.3378965074815938,-0.49668503419746474,-0.868227173287976,0.5769359563597384,0.0,0.0,0.0,0.0,0.0,0.0,0.0
11,0.0,0.0,0.0,0.0,0.0,0.0,0.0,0.0,0.0,1.3622751488574936,1.3378965074815938,0.0,0.9079807525175905,0.0,0.0,0.0,0.0,0.0,0.0,0.0,0.0,0.0
12,0.0,0.0,0.0,0.0,0.0,0.0,0.0,0.0,0.0,0.0,-0.49668503419746474,0.9079807525175905,0.0,-1.67576189706585,0.28856981305553714,0.0,0.0,0.0,0.0,0.0,0.0,0.0
13,0.0,0.0,0.0,0.0,0.0,0.0,0.0,0.0,0.0,0.0,-0.868227173287976,0.0,-1.67576189706585,0.0,0.4090679736980029,-0.5945403772148344,-0.6932483182727504,0.0,0.0,0.0,0.0,0.0
14,0.0,0.0,0.0,0.0,0.0,0.0,0.0,0.0,0.0,0.0,0.5769359563597384,0.0,0.28856981305553714,0.4090679736980029,0.0,0.0,-0.19620584272246627,0.0,0.0,0.0,0.0,0.0
15,0.0,0.0,0.0,0.0,0.0,0.0,0.0,0.0,0.0,0.0,0.0,0.0,0.0,-0.5945403772148344,0.0,0.0,-0.07303729525156306,-2.0125609809428613,0.0,0.0,0.0,0.0
16,0.0,0.0,0.0,0.0,0.0,0.0,0.0,0.0,0.0,0.0,0.0,0.0,0.0,-0.6932483182727504,-0.19620584272246627,-0.07303729525156306,0.0,-0.3083434348914555,-0.43601520766653906,-0.012142596213246096,0.0,0.0
17,0.0,0.0,0.0,0.0,0.0,0.0,0.0,0.0,0.0,0.0,0.0,0.0,0.0,0.0,0.0,-2.0125609809428613,-0.3083434348914555,0.0,-1.9586791820539486,0.41393031472652747,-1.9937530927936238,-2.785994608842442
18,0.0,0.0,0.0,0.0,0.0,0.0,0.0,0.0,0.0,0.0,0.0,0.0,0.0,0.0,0.0,0.0,-0.43601520766653906,-1.9586791820539486,0.0,0.39211943121592946,-1.5045043147844157,-2.5204863389756014
19,0.0,0.0,0.0,0.0,0.0,0.0,0.0,0.0,0.0,0.0,0.0,0.0,0.0,0.0,0.0,0.0,-0.012142596213246096,0.41393031472652747,0.39211943121592946,0.0,0.0,0.0
20,0.0,0.0,0.0,0.0,0.0,0.0,0.0,0.0,0.0,0.0,0.0,0.0,0.0,0.0,0.0,0.0,0.0,-1.9937530927936238,-1.5045043147844157,0.0,0.0,-2.0345327950923666
21,0.0,0.0,0.0,0.0,0.0,0.0,0.0,0.0,0.0,0.0,0.0,0.0,0.0,0.0,0.0,0.0,0.0,-2.785994608842442,-2.5204863389756014,0.0,-2.0345327950923666,0.0
