,0,1,2,3,4,5,6,7,8,9,10,11,12,13,14,15,16,17,18,19,20,21
0,0.0,2.924360367421095,2.47647818155306,1.0431570697476973,0.0,0.0,0.0,0.0,0.0,0.0,0.0,0.0,0.0,0.0,0.0,0.0,0.0,0.0,0.0,0.0,0.0,0.0
1,2.924360367421095,0.0,-1.002831779581608,2.6000834544051403,-0.9316900159285301,0.0,0.0,0.0,0.0,0.0,0.0,0.0,0.0,0.0,0.0,0.0,0.0,0.0,0.0,0.0,0.0,0.0
2,2.47647818155306,-1.002831779581608,0.0,2.5774225136099216,-0.5642450351062311,0.0,-0.2773548482025507,0.0,0.0,0.0,0.0,0.0,0.0,0.0,0.0,0.0,0.0,0.0,0.0,0.0,0.0,0.0
3,1.0431570697476973,2.6000834544051403,2.5774225136099216,0.0,2.4959906709136366,0.7457621929520408,2.240641991284266,0.0,0.0,0.0,0.0,0.0,0.0,0.0,0.0,0.0,0.0,0.0,0.0,0.0,0.0,0.0
4,0.0,-0.9316900159285301,-0.5642450351062311,2.4959906709136366,0.0,2.592753060635435,0.21796105930118434,0.0,0.0,0.0,0.0,0.0,0.0,0.0,0.0,0.0,0.0,0.0,0.0,0.0,0.0,0.0
5,0.0,0.0,0.0,0.7457621929520408,2.592753060635435,0.0,2.4047262542328958,0.0,0.0,0.0,0.0,0.0,0.0,0.0,0.0,0.0,0.0,0.0,0.0,0.0,0.0,0.0
6,0.0,0.0,-0.2773548482025507,2.240641991284266,0.21796105930118434,2.4047262542328958,0.0,0.0,0.0,0.0,0.0,0.0,0.0,0.0,0.0,0.0,0.0,0.0,0.0,0.0,0.0,0.0
7,0.0,0.0,0.0,0.0,0.0,0.0,0.0,0.0,0.319190248794199,1.602372982261401,1.4646101862378549,0.0,0.0,0.0,0.0,0.0,0.0,0.0,0.0,0.0,0.0,0.0
8,0.0,0.0,0.0,0.0,0.0,0.0,0.0,0.319190248794199,0.0,1.4975065608588927,1.3354473218817349,0.0,0.0,0.0,0.0,0.0,0.0,0.0,0.0,0.0,0.0,0.0
9,0.0,0.0,0.0,0.0,0.0,0.0,0.0,1.602372982261401,1.4975065608588927,0.0,-0.6501315216406557,1.2228227822930142,-0.8662417068969748,0.0,0.0,0.0,0.0,0.0,0.0,0.0,0.0,0.0
10,0.0,0.0,0.0,0.0,0.0,0.0,0.0,1.4646101862378549,1.3354473218817349,-0.6501315216406557,0.0,1.2539916514500877,-1.689504316468894,0.0,0.0,0.0,0.0,0.0,0.0,0.0,0.0,0.0
11,0.0,0.0,0.0,0.0,0.0,0.0,0.0,0.0,0.0,1.2228227822930142,1.2539916514500877,0.0,1.2496448898491943,0.6514255813242511,0.0,0.0,0.0,0.0,0.0,0.0,0.0,0.0
12,0.0,0.0,0.0,0.0,0.0,0.0,0.0,0.0,0.0,-0.8662417068969748,-1.689504316468894,1.2496448898491943,0.0,1.1206939220418919,0.9911521223260182,-1.5816387382504165,0.0,0.0,0.0,0.0,0.0,0.0
13,0.0,0.0,0.0,0.0,0.0,0.0,0.0,0.0,0.0,0.0,0.0,0.6514255813242511,1.1206939220418919,0.0,-1.2104740595536319,1.0498704904518348,0.9829757581654783,0.0,0.0,0.0,0.0,0.0
14,0.0,0.0,0.0,0.0,0.0,0.0,0.0,0.0,0.0,0.0,0.0,0.0,0.9911521223260182,-1.2104740595536319,0.0,0.9865691251125658,0.9023919120933847,0.0,0.0,0.0,0.0,0.0
15,0.0,0.0,0.0,0.0,0.0,0.0,0.0,0.0,0.0,0.0,0.0,0.0,-1.5816387382504165,1.0498704904518348,0.9865691251125658,0.0,-0.501136006251137,0.0,0.0,0.0,0.0,0.0
16,0.0,0.0,0.0,0.0,0.0,0.0,0.0,0.0,0.0,0.0,0.0,0.0,0.0,0.9829757581654783,0.9023919120933847,-0.501136006251137,0.0,0.0,0.0,0.0,0.0,0.0
17,0.0,0.0,0.0,0.0,0.0,0.0,0.0,0.0,0.0,0.0,0.0,0.0,0.0,0.0,0.0,0.0,0.0,0.0,-0.749225222579794,0.19302648325045663,0.0,-0.1297789850000398
18,0.0,0.0,0.0,0.0,0.0,0.0,0.0,0.0,0.0,0.0,0.0,0.0,0.0,0.0,0.0,0.0,0.0,-0.749225222579794,0.0,0.35321564076397866,0.20016229965860285,-0.20765522010797582
19,0.0,0.0,0.0,0.0,0.0,0.0,0.0,0.0,0.0,0.0,0.0,0.0,0.0,0.0,0.0,0.0,0.0,0.19302648325045663,0.35321564076397866,0.0,-0.279243185427666,-0.35019368210088014
20,0.0,0.0,0.0,0.0,0.0,0.0,0.0,0.0,0.0,0.0,0.0,0.0,0.0,0.0,0.0,0.0,0.0,0.0,0.20016229965860285,-0.279243185427666,0.0,-0.5055990331349247
21,0.0,0.0,0.0,0.0,0.0,0.0,0.0,0.0,0.0,0.0,0.0,0.0,0.0,0.0,0.0,0.0,0.0,-0.1297789850000398,-0.20765522010797582,-0.35019368210088014,-0.5055990331349247,0.0
