,0,1,2,3,4,5,6,7,8,9,10,11,12,13,14,15,16,17,18
0,0.0,2.810765729380227,3.2957604937196123,2.9415319946651928,0.0,0.0,0.0,0.0,0.0,0.0,0.0,0.0,0.0,0.0,0.0,0.0,0.0,0.0,0.0
1,2.810765729380227,0.0,3.4757200307916394,3.135450246820053,-0.7686985269709119,0.0,0.0,0.0,0.0,0.0,0.0,0.0,0.0,0.0,0.0,0.0,0.0,0.0,0.0
2,3.2957604937196123,3.4757200307916394,0.0,-0.09190410576271713,2.3968167222404504,0.0,0.0,0.0,0.0,0.0,0.0,0.0,0.0,0.0,0.0,0.0,0.0,0.0,0.0
3,2.9415319946651928,3.135450246820053,-0.09190410576271713,0.0,2.364248833760376,2.383421280285677,0.0,0.0,0.0,0.0,0.0,0.0,0.0,0.0,0.0,0.0,0.0,0.0,0.0
4,0.0,-0.7686985269709119,2.3968167222404504,2.364248833760376,0.0,-0.39098910044651086,-1.1197946453429521,1.997713285950208,0.0,0.0,0.0,0.0,0.0,0.0,0.0,0.0,0.0,0.0,0.0
5,0.0,0.0,0.0,2.383421280285677,-0.39098910044651086,0.0,-0.21079997302732523,2.0505926757477146,0.0,0.0,0.0,0.0,0.0,0.0,0.0,0.0,0.0,0.0,0.0
6,0.0,0.0,0.0,0.0,-1.1197946453429521,-0.21079997302732523,0.0,1.9897104955578127,0.0,0.0,0.0,0.0,0.0,0.0,0.0,0.0,0.0,0.0,0.0
7,0.0,0.0,0.0,0.0,1.997713285950208,2.0505926757477146,1.9897104955578127,0.0,0.18096490211985103,1.4944981211774133,0.8604980951818785,0.0,0.0,0.0,0.0,0.0,0.0,0.0,0.0
8,0.0,0.0,0.0,0.0,0.0,0.0,0.0,0.18096490211985103,0.0,1.3019433340794613,0.5224327463207961,0.0,0.0,0.0,0.0,0.0,0.0,0.0,0.0
9,0.0,0.0,0.0,0.0,0.0,0.0,0.0,1.4944981211774133,1.3019433340794613,0.0,0.4327249953798982,-0.18037081150447845,-0.5146829974186778,0.0,0.0,0.0,0.0,0.0,0.0
10,0.0,0.0,0.0,0.0,0.0,0.0,0.0,0.8604980951818785,0.5224327463207961,0.4327249953798982,0.0,-0.07965568747015928,-0.10276090962192162,0.0,0.0,0.0,0.0,0.0,0.0
11,0.0,0.0,0.0,0.0,0.0,0.0,0.0,0.0,0.0,-0.18037081150447845,-0.07965568747015928,0.0,-1.6603193012200324,0.0,0.0,0.0,0.0,0.0,0.0
12,0.0,0.0,0.0,0.0,0.0,0.0,0.0,0.0,0.0,-0.5146829974186778,-0.10276090962192162,-1.6603193012200324,0.0,0.6435530531330347,0.0,-0.569790559287697,0.0,0.0,0.0
13,0.0,0.0,0.0,0.0,0.0,0.0,0.0,0.0,0.0,0.0,0.0,0.0,0.6435530531330347,0.0,-0.1946608927838099,0.2978398430733596,0.0,0.0,0.0
14,0.0,0.0,0.0,0.0,0.0,0.0,0.0,0.0,0.0,0.0,0.0,0.0,0.0,-0.1946608927838099,0.0,-0.4730826726547052,-0.1852641524977624,0.0,0.0
15,0.0,0.0,0.0,0.0,0.0,0.0,0.0,0.0,0.0,0.0,0.0,0.0,-0.569790559287697,0.2978398430733596,-0.4730826726547052,0.0,0.27830882076893537,0.057333565202419036,-0.8879782632124211
16,0.0,0.0,0.0,0.0,0.0,0.0,0.0,0.0,0.0,0.0,0.0,0.0,0.0,0.0,-0.1852641524977624,0.27830882076893537,0.0,-1.0616983396210786,-0.385961066503
17,0.0,0.0,0.0,0.0,0.0,0.0,0.0,0.0,0.0,0.0,0.0,0.0,0.0,0.0,0.0,0.057333565202419036,-1.0616983396210786,0.0,-0.2443581122889175
18,0.0,0.0,0.0,0.0,0.0,0.0,0.0,0.0,0.0,0.0,0.0,0.0,0.0,0.0,0.0,-0.8879782632124211,-0.385961066503,-0.2443581122889175,0.0
