,0,1,2,3,4,5,6,7,8,9,10,11,12,13,14,15,16,17,18,19,20,21,22
0,0.0,2.04724774186584,1.0254460237411647,0.36447148679187286,0.0,0.0,0.0,0.0,0.0,0.0,0.0,0.0,0.0,0.0,0.0,0.0,0.0,0.0,0.0,0.0,0.0,0.0,0.0
1,2.04724774186584,0.0,-0.6015159743845685,-1.1712708045346327,-0.6168463778020198,0.0,0.0,0.0,0.0,0.0,0.0,0.0,0.0,0.0,0.0,0.0,0.0,0.0,0.0,0.0,0.0,0.0,0.0
2,1.0254460237411647,-0.6015159743845685,0.0,-1.4068116301040028,-0.3051838883137787,0.0,-0.6565645283265842,0.0,0.0,0.0,0.0,0.0,0.0,0.0,0.0,0.0,0.0,0.0,0.0,0.0,0.0,0.0,0.0
3,0.36447148679187286,-1.1712708045346327,-1.4068116301040028,0.0,-0.32738640987768963,-1.098528687308167,-0.7031226679984478,0.0,0.0,0.0,0.0,0.0,0.0,0.0,0.0,0.0,0.0,0.0,0.0,0.0,0.0,0.0,0.0
4,0.0,-0.6168463778020198,-0.3051838883137787,-0.32738640987768963,0.0,-0.31055658334239344,-2.0129066010729684,0.0,0.0,0.0,0.0,0.0,0.0,0.0,0.0,0.0,0.0,0.0,0.0,0.0,0.0,0.0,0.0
5,0.0,0.0,0.0,-1.098528687308167,-0.31055658334239344,0.0,-0.20080260199465338,0.08920751563114206,-0.8985626338635353,0.0,0.0,0.0,0.0,0.0,0.0,0.0,0.0,0.0,0.0,0.0,0.0,0.0,0.0
6,0.0,0.0,-0.6565645283265842,-0.7031226679984478,-2.0129066010729684,-0.20080260199465338,0.0,0.0,-0.4315625630982561,0.29174576441732314,0.0,0.0,0.0,0.0,0.0,0.0,0.0,0.0,0.0,0.0,0.0,0.0,0.0
7,0.0,0.0,0.0,0.0,0.0,0.08920751563114206,0.0,0.0,0.35616957221216056,-0.05000649126713774,-0.010872534079483371,0.0,0.0,0.0,0.0,0.0,0.0,0.0,0.0,0.0,0.0,0.0,0.0
8,0.0,0.0,0.0,0.0,0.0,-0.8985626338635353,-0.4315625630982561,0.35616957221216056,0.0,0.5605210029186695,-0.9748868538347207,0.0,0.0,0.0,0.0,0.0,0.0,0.0,0.0,0.0,0.0,0.0,0.0
9,0.0,0.0,0.0,0.0,0.0,0.0,0.29174576441732314,-0.05000649126713774,0.5605210029186695,0.0,0.14409912275277093,0.0,0.0,0.0,0.0,0.0,0.0,0.0,0.0,0.0,0.0,0.0,0.0
10,0.0,0.0,0.0,0.0,0.0,0.0,0.0,-0.010872534079483371,-0.9748868538347207,0.14409912275277093,0.0,0.0,0.0,0.0,0.0,0.0,0.0,0.0,0.0,0.0,0.0,0.0,0.0
11,0.0,0.0,0.0,0.0,0.0,0.0,0.0,0.0,0.0,0.0,0.0,0.0,-0.3292556360087133,0.0,0.24390519166965594,0.08165887616303262,0.0,0.0,0.0,0.0,0.0,0.0,0.0
12,0.0,0.0,0.0,0.0,0.0,0.0,0.0,0.0,0.0,0.0,0.0,-0.3292556360087133,0.0,-1.358414263855187,0.0,0.3823419875958527,0.0,0.0,0.0,0.0,0.0,0.0,0.0
13,0.0,0.0,0.0,0.0,0.0,0.0,0.0,0.0,0.0,0.0,0.0,0.0,-1.358414263855187,0.0,0.0,0.0,0.43941837937113487,0.3112763953315989,0.0,0.0,0.0,0.0,0.0
14,0.0,0.0,0.0,0.0,0.0,0.0,0.0,0.0,0.0,0.0,0.0,0.24390519166965594,0.0,0.0,0.0,-1.646670542448638,-1.3429222208820588,0.0,-0.37104240211024614,0.0,0.0,0.0,0.0
15,0.0,0.0,0.0,0.0,0.0,0.0,0.0,0.0,0.0,0.0,0.0,0.08165887616303262,0.3823419875958527,0.0,-1.646670542448638,0.0,-0.8842451768045431,-1.6147120718855072,-0.23563306036414003,0.0,0.0,0.0,0.0
16,0.0,0.0,0.0,0.0,0.0,0.0,0.0,0.0,0.0,0.0,0.0,0.0,0.0,0.43941837937113487,-1.3429222208820588,-0.8842451768045431,0.0,-0.6394491394603317,0.0,0.0,0.0,0.0,0.0
17,0.0,0.0,0.0,0.0,0.0,0.0,0.0,0.0,0.0,0.0,0.0,0.0,0.0,0.3112763953315989,0.0,-1.6147120718855072,-0.6394491394603317,0.0,0.0,0.0,-0.44341088702375137,0.0,0.0
18,0.0,0.0,0.0,0.0,0.0,0.0,0.0,0.0,0.0,0.0,0.0,0.0,0.0,0.0,-0.37104240211024614,-0.23563306036414003,0.0,0.0,0.0,0.0,-0.7168990601616261,0.0,-1.5862125595140897
19,0.0,0.0,0.0,0.0,0.0,0.0,0.0,0.0,0.0,0.0,0.0,0.0,0.0,0.0,0.0,0.0,0.0,0.0,0.0,0.0,-0.49508331036592124,-0.5628370420521396,-0.44913592095611493
20,0.0,0.0,0.0,0.0,0.0,0.0,0.0,0.0,0.0,0.0,0.0,0.0,0.0,0.0,0.0,0.0,0.0,-0.44341088702375137,-0.7168990601616261,-0.49508331036592124,0.0,0.039929981381233444,-0.49480548520548495
21,0.0,0.0,0.0,0.0,0.0,0.0,0.0,0.0,0.0,0.0,0.0,0.0,0.0,0.0,0.0,0.0,0.0,0.0,0.0,-0.5628370420521396,0.039929981381233444,0.0,-0.4706963103364123
22,0.0,0.0,0.0,0.0,0.0,0.0,0.0,0.0,0.0,0.0,0.0,0.0,0.0,0.0,0.0,0.0,0.0,0.0,-1.5862125595140897,-0.44913592095611493,-0.49480548520548495,-0.4706963103364123,0.0
