,0,1,2,3,4,5,6,7,8,9,10,11,12,13,14,15,16,17,18,19,20,21,22
0,0.0,2.45516041726029,2.003102368126834,1.6094715640125947,0.0,0.0,0.0,0.0,0.0,0.0,0.0,0.0,0.0,0.0,0.0,0.0,0.0,0.0,0.0,0.0,0.0,0.0,0.0
1,2.45516041726029,0.0,0.6909958281406668,0.4180019020042596,0.0,0.0,0.0,0.0,0.0,0.0,0.0,0.0,0.0,0.0,0.0,0.0,0.0,0.0,0.0,0.0,0.0,0.0,0.0
2,2.003102368126834,0.6909958281406668,0.0,-1.0667961210286323,-0.22210993730918518,-1.1250542789732803,0.0,0.0,0.0,0.0,0.0,0.0,0.0,0.0,0.0,0.0,0.0,0.0,0.0,0.0,0.0,0.0,0.0
3,1.6094715640125947,0.4180019020042596,-1.0667961210286323,0.0,-0.18969305854441698,-0.6891618015232666,0.0,0.0,0.0,0.0,0.0,0.0,0.0,0.0,0.0,0.0,0.0,0.0,0.0,0.0,0.0,0.0,0.0
4,0.0,0.0,-0.22210993730918518,-0.18969305854441698,0.0,-0.6424467202232012,0.6545208685879021,0.0,0.0,0.0,0.0,0.0,0.0,0.0,0.0,0.0,0.0,0.0,0.0,0.0,0.0,0.0,0.0
5,0.0,0.0,-1.1250542789732803,-0.6891618015232666,-0.6424467202232012,0.0,0.5319950948666733,0.0,0.0,0.0,0.0,0.0,0.0,0.0,0.0,0.0,0.0,0.0,0.0,0.0,0.0,0.0,0.0
6,0.0,0.0,0.0,0.0,0.6545208685879021,0.5319950948666733,0.0,0.4264044272242124,0.31642137040992163,0.29628698183597807,0.0,0.0,0.0,0.0,0.0,0.0,0.0,0.0,0.0,0.0,0.0,0.0,0.0
7,0.0,0.0,0.0,0.0,0.0,0.0,0.4264044272242124,0.0,-0.6942345549875595,-0.46359765154162597,0.0,0.0,0.0,0.0,0.0,0.0,0.0,0.0,0.0,0.0,0.0,0.0,0.0
8,0.0,0.0,0.0,0.0,0.0,0.0,0.31642137040992163,-0.6942345549875595,0.0,-1.7216224844517565,1.8785264057639397,0.0,0.0,0.0,0.0,0.0,0.0,0.0,0.0,0.0,0.0,0.0,0.0
9,0.0,0.0,0.0,0.0,0.0,0.0,0.29628698183597807,-0.46359765154162597,-1.7216224844517565,0.0,1.9009015650773309,0.0,0.0,0.0,0.0,0.0,0.0,0.0,0.0,0.0,0.0,0.0,0.0
10,0.0,0.0,0.0,0.0,0.0,0.0,0.0,0.0,1.8785264057639397,1.9009015650773309,0.0,0.12857270132282733,0.0,0.0,0.0,0.0,0.0,0.0,0.0,0.0,0.0,0.0,0.0
11,0.0,0.0,0.0,0.0,0.0,0.0,0.0,0.0,0.0,0.0,0.12857270132282733,0.0,1.1752280911176327,1.0420492391972556,0.0,0.0,0.0,0.0,0.0,0.0,0.0,0.0,0.0
12,0.0,0.0,0.0,0.0,0.0,0.0,0.0,0.0,0.0,0.0,0.0,1.1752280911176327,0.0,-1.2394301810925648,0.22055598753572078,0.0,0.0,0.0,0.0,0.0,0.0,0.0,0.0
13,0.0,0.0,0.0,0.0,0.0,0.0,0.0,0.0,0.0,0.0,0.0,1.0420492391972556,-1.2394301810925648,0.0,0.021950723028891086,0.517612766522539,0.0,0.0,0.0,0.0,0.0,0.0,0.0
14,0.0,0.0,0.0,0.0,0.0,0.0,0.0,0.0,0.0,0.0,0.0,0.0,0.22055598753572078,0.021950723028891086,0.0,-0.07995244201805983,0.0,0.0,0.0,0.0,0.0,0.0,0.0
15,0.0,0.0,0.0,0.0,0.0,0.0,0.0,0.0,0.0,0.0,0.0,0.0,0.0,0.517612766522539,-0.07995244201805983,0.0,0.25018624398184647,0.10647176871091024,0.0,0.0,0.0,0.0,0.0
16,0.0,0.0,0.0,0.0,0.0,0.0,0.0,0.0,0.0,0.0,0.0,0.0,0.0,0.0,0.0,0.25018624398184647,0.0,-0.2869577144638342,0.0,-0.2892053249142261,0.0,-2.5730807026369873,0.0
17,0.0,0.0,0.0,0.0,0.0,0.0,0.0,0.0,0.0,0.0,0.0,0.0,0.0,0.0,0.0,0.10647176871091024,-0.2869577144638342,0.0,0.15381520447026237,0.0383298011708796,-0.02878396861011143,-0.8596445706398984,-0.7819778238323842
18,0.0,0.0,0.0,0.0,0.0,0.0,0.0,0.0,0.0,0.0,0.0,0.0,0.0,0.0,0.0,0.0,0.0,0.15381520447026237,0.0,-1.0546257203443936,-1.2022066093168582,0.0,0.0
19,0.0,0.0,0.0,0.0,0.0,0.0,0.0,0.0,0.0,0.0,0.0,0.0,0.0,0.0,0.0,0.0,-0.2892053249142261,0.0383298011708796,-1.0546257203443936,0.0,-0.5557649275630829,-1.0601040826887698,-1.6999041244452586
20,0.0,0.0,0.0,0.0,0.0,0.0,0.0,0.0,0.0,0.0,0.0,0.0,0.0,0.0,0.0,0.0,0.0,-0.02878396861011143,-1.2022066093168582,-0.5557649275630829,0.0,0.0,0.0
21,0.0,0.0,0.0,0.0,0.0,0.0,0.0,0.0,0.0,0.0,0.0,0.0,0.0,0.0,0.0,0.0,-2.5730807026369873,-0.8596445706398984,0.0,-1.0601040826887698,0.0,0.0,-0.9001796954860771
22,0.0,0.0,0.0,0.0,0.0,0.0,0.0,0.0,0.0,0.0,0.0,0.0,0.0,0.0,0.0,0.0,0.0,-0.7819778238323842,0.0,-1.6999041244452586,0.0,-0.9001796954860771,0.0
