,0,1,2,3,4,5,6,7,8,9,10,11,12,13,14,15,16,17,18,19,20,21,22,23
0,0.0,0.0,2.509512702755664,2.3888040302463778,0.0,2.176690892308398,0.0,0.0,0.0,0.0,0.0,0.0,0.0,0.0,0.0,0.0,0.0,0.0,0.0,0.0,0.0,0.0,0.0,0.0
1,0.0,0.0,2.215110316594468,2.078168199061121,-0.7744580024526693,1.837675600767283,0.0,0.0,0.0,0.0,0.0,0.0,0.0,0.0,0.0,0.0,0.0,0.0,0.0,0.0,0.0,0.0,0.0,0.0
2,2.509512702755664,2.215110316594468,0.0,-0.35339987109907034,0.0,0.5638139984384094,0.0,0.0,0.0,0.0,0.0,0.0,0.0,0.0,0.0,0.0,0.0,0.0,0.0,0.0,0.0,0.0,0.0,0.0
3,2.3888040302463778,2.078168199061121,-0.35339987109907034,0.0,0.0,0.11448856536726038,0.0,0.0,0.0,0.0,0.0,0.0,0.0,0.0,0.0,0.0,0.0,0.0,0.0,0.0,0.0,0.0,0.0,0.0
4,0.0,-0.7744580024526693,0.0,0.0,0.0,1.900787984268554,-0.7704643916236744,0.0,0.0,0.0,0.0,0.0,0.0,0.0,0.0,0.0,0.0,0.0,0.0,0.0,0.0,0.0,0.0,0.0
5,2.176690892308398,1.837675600767283,0.5638139984384094,0.11448856536726038,1.900787984268554,0.0,0.0,0.0,0.0,0.0,0.0,0.0,0.0,0.0,0.0,0.0,0.0,0.0,0.0,0.0,0.0,0.0,0.0,0.0
6,0.0,0.0,0.0,0.0,-0.7704643916236744,0.0,0.0,-0.3513096773484416,1.1720869960942266,0.0,0.0,0.0,0.0,0.0,0.0,0.0,0.0,0.0,0.0,0.0,0.0,0.0,0.0,0.0
7,0.0,0.0,0.0,0.0,0.0,0.0,-0.3513096773484416,0.0,1.3216614631189072,-0.9378505290652975,0.0,0.0,0.0,0.0,0.0,0.0,0.0,0.0,0.0,0.0,0.0,0.0,0.0,0.0
8,0.0,0.0,0.0,0.0,0.0,0.0,1.1720869960942266,1.3216614631189072,0.0,1.000453372742823,0.0,0.0,0.0,0.0,0.0,0.0,0.0,0.0,0.0,0.0,0.0,0.0,0.0,0.0
9,0.0,0.0,0.0,0.0,0.0,0.0,0.0,-0.9378505290652975,1.000453372742823,0.0,-0.7250835567944268,-1.9832604235428175,0.9685408496194418,0.0,0.0,0.0,0.0,0.0,0.0,0.0,0.0,0.0,0.0,0.0
10,0.0,0.0,0.0,0.0,0.0,0.0,0.0,0.0,0.0,-0.7250835567944268,0.0,-1.0036055955820486,0.8137416063072105,-0.7128449812787848,0.0,0.0,0.0,0.0,0.0,0.0,0.0,0.0,0.0,0.0
11,0.0,0.0,0.0,0.0,0.0,0.0,0.0,0.0,0.0,-1.9832604235428175,-1.0036055955820486,0.0,0.9487367285705626,-0.5686352371843214,0.0,0.0,0.0,0.0,0.0,0.0,0.0,0.0,0.0,0.0
12,0.0,0.0,0.0,0.0,0.0,0.0,0.0,0.0,0.0,0.9685408496194418,0.8137416063072105,0.9487367285705626,0.0,0.0,0.0,0.0,0.0,0.0,0.0,0.0,0.0,0.0,0.0,0.0
13,0.0,0.0,0.0,0.0,0.0,0.0,0.0,0.0,0.0,0.0,-0.7128449812787848,-0.5686352371843214,0.0,0.0,-1.0891724724664067,0.0,0.0,0.0,0.0,0.0,0.0,0.0,0.0,0.0
14,0.0,0.0,0.0,0.0,0.0,0.0,0.0,0.0,0.0,0.0,0.0,0.0,0.0,-1.0891724724664067,0.0,-0.5147995103799229,-0.2002446302674374,-0.6937637764730773,0.0,0.0,0.0,0.0,0.0,0.0
15,0.0,0.0,0.0,0.0,0.0,0.0,0.0,0.0,0.0,0.0,0.0,0.0,0.0,0.0,-0.5147995103799229,0.0,0.10550069153532257,-0.8709445522815722,0.0,0.0,0.0,0.0,0.0,0.0
16,0.0,0.0,0.0,0.0,0.0,0.0,0.0,0.0,0.0,0.0,0.0,0.0,0.0,0.0,-0.2002446302674374,0.10550069153532257,0.0,-0.3489500680152846,0.0,0.0,0.0,0.0,0.0,0.0
17,0.0,0.0,0.0,0.0,0.0,0.0,0.0,0.0,0.0,0.0,0.0,0.0,0.0,0.0,-0.6937637764730773,-0.8709445522815722,-0.3489500680152846,0.0,-0.4043261638887766,-3.028762532142438,-1.486175889173129,0.0,0.0,0.0
18,0.0,0.0,0.0,0.0,0.0,0.0,0.0,0.0,0.0,0.0,0.0,0.0,0.0,0.0,0.0,0.0,0.0,-0.4043261638887766,0.0,-0.368197500411846,0.0,-0.2350175144911697,0.0,0.0
19,0.0,0.0,0.0,0.0,0.0,0.0,0.0,0.0,0.0,0.0,0.0,0.0,0.0,0.0,0.0,0.0,0.0,-3.028762532142438,-0.368197500411846,0.0,-1.3084211074087242,-1.9846189928821103,0.0,0.0
20,0.0,0.0,0.0,0.0,0.0,0.0,0.0,0.0,0.0,0.0,0.0,0.0,0.0,0.0,0.0,0.0,0.0,-1.486175889173129,0.0,-1.3084211074087242,0.0,-1.2799359646486097,-0.8617172110804769,-1.8251452766869698
21,0.0,0.0,0.0,0.0,0.0,0.0,0.0,0.0,0.0,0.0,0.0,0.0,0.0,0.0,0.0,0.0,0.0,0.0,-0.2350175144911697,-1.9846189928821103,-1.2799359646486097,0.0,-1.1260621440799121,-2.3791009746778524
22,0.0,0.0,0.0,0.0,0.0,0.0,0.0,0.0,0.0,0.0,0.0,0.0,0.0,0.0,0.0,0.0,0.0,0.0,0.0,0.0,-0.8617172110804769,-1.1260621440799121,0.0,-1.8983944139203281
23,0.0,0.0,0.0,0.0,0.0,0.0,0.0,0.0,0.0,0.0,0.0,0.0,0.0,0.0,0.0,0.0,0.0,0.0,0.0,0.0,-1.8251452766869698,-2.3791009746778524,-1.8983944139203281,0.0
