,0,1,2,3,4,5,6,7,8,9,10,11,12,13,14,15,16,17,18,19,20
0,0.0,1.3604025670468962,2.233977980589937,0.0,-1.2307584870324466,0.0,0.0,0.0,0.0,0.0,0.0,0.0,0.0,0.0,0.0,0.0,0.0,0.0,0.0,0.0,0.0
1,1.3604025670468962,0.0,2.3873703899162275,2.3428587275925716,0.6614684925783029,0.0,0.0,0.0,0.0,0.0,0.0,0.0,0.0,0.0,0.0,0.0,0.0,0.0,0.0,0.0,0.0
2,2.233977980589937,2.3873703899162275,0.0,0.43936517341300796,2.0388005061225103,0.0,1.1025384386810657,0.0,0.0,0.0,0.0,0.0,0.0,0.0,0.0,0.0,0.0,0.0,0.0,0.0,0.0
3,0.0,2.3428587275925716,0.43936517341300796,0.0,2.152732614959918,0.0,1.3297637516420642,0.0,0.0,0.0,0.0,0.0,0.0,0.0,0.0,0.0,0.0,0.0,0.0,0.0,0.0
4,-1.2307584870324466,0.6614684925783029,2.0388005061225103,2.152732614959918,0.0,0.0,0.9494604798965591,0.0,0.0,0.0,0.0,0.0,0.0,0.0,0.0,0.0,0.0,0.0,0.0,0.0,0.0
5,0.0,0.0,0.0,0.0,0.0,0.0,0.6859493336890549,0.9793465380695824,0.3035312939744958,0.0,0.0,0.0,0.0,0.0,0.0,0.0,0.0,0.0,0.0,0.0,0.0
6,0.0,0.0,1.1025384386810657,1.3297637516420642,0.9494604798965591,0.6859493336890549,0.0,1.1526966376677852,0.8326276101066584,0.9103547235030423,0.0,0.0,0.0,0.0,0.0,0.0,0.0,0.0,0.0,0.0,0.0
7,0.0,0.0,0.0,0.0,0.0,0.9793465380695824,1.1526966376677852,0.0,1.2977264432819835,-0.6915965056255736,0.0,0.0,0.0,0.0,0.0,0.0,0.0,0.0,0.0,0.0,0.0
8,0.0,0.0,0.0,0.0,0.0,0.3035312939744958,0.8326276101066584,1.2977264432819835,0.0,1.0573774245881546,0.0,0.0,0.0,0.0,0.0,0.0,0.0,0.0,0.0,0.0,0.0
9,0.0,0.0,0.0,0.0,0.0,0.0,0.9103547235030423,-0.6915965056255736,1.0573774245881546,0.0,-0.01540107827032743,1.7358726248172882,-0.39711325087611327,0.0,0.0,0.0,0.0,0.0,0.0,0.0,0.0
10,0.0,0.0,0.0,0.0,0.0,0.0,0.0,0.0,0.0,-0.01540107827032743,0.0,1.8511297988678057,-1.4973207600079868,0.0,0.0,0.0,0.0,0.0,0.0,0.0,0.0
11,0.0,0.0,0.0,0.0,0.0,0.0,0.0,0.0,0.0,1.7358726248172882,1.8511297988678057,0.0,1.61898520396898,0.0,0.0,0.0,0.0,0.0,0.0,0.0,0.0
12,0.0,0.0,0.0,0.0,0.0,0.0,0.0,0.0,0.0,-0.39711325087611327,-1.4973207600079868,1.61898520396898,0.0,-0.7172421967341337,0.0,0.0,0.0,0.0,0.0,0.0,0.0
13,0.0,0.0,0.0,0.0,0.0,0.0,0.0,0.0,0.0,0.0,0.0,0.0,-0.7172421967341337,0.0,-0.2034539237773178,-1.7878781107606467,0.0,0.0,0.0,0.0,0.0
14,0.0,0.0,0.0,0.0,0.0,0.0,0.0,0.0,0.0,0.0,0.0,0.0,0.0,-0.2034539237773178,0.0,-0.49926486797103475,-1.4278776292279947,0.0,0.0,0.0,0.0
15,0.0,0.0,0.0,0.0,0.0,0.0,0.0,0.0,0.0,0.0,0.0,0.0,0.0,-1.7878781107606467,-0.49926486797103475,0.0,-0.5115784766674654,-1.549174973139908,-1.7897476619106754,0.0,0.0
16,0.0,0.0,0.0,0.0,0.0,0.0,0.0,0.0,0.0,0.0,0.0,0.0,0.0,0.0,-1.4278776292279947,-0.5115784766674654,0.0,-1.11196270312957,0.0,-1.5730857436970969,0.0
17,0.0,0.0,0.0,0.0,0.0,0.0,0.0,0.0,0.0,0.0,0.0,0.0,0.0,0.0,0.0,-1.549174973139908,-1.11196270312957,0.0,-1.3485988425436384,-2.0529994939974743,-2.681977979144704
18,0.0,0.0,0.0,0.0,0.0,0.0,0.0,0.0,0.0,0.0,0.0,0.0,0.0,0.0,0.0,-1.7897476619106754,0.0,-1.3485988425436384,0.0,-1.7136076170148762,-1.8221520826672692
19,0.0,0.0,0.0,0.0,0.0,0.0,0.0,0.0,0.0,0.0,0.0,0.0,0.0,0.0,0.0,0.0,-1.5730857436970969,-2.0529994939974743,-1.7136076170148762,0.0,-2.267953470787717
20,0.0,0.0,0.0,0.0,0.0,0.0,0.0,0.0,0.0,0.0,0.0,0.0,0.0,0.0,0.0,0.0,0.0,-2.681977979144704,-1.8221520826672692,-2.267953470787717,0.0
