,0,1,2,3,4,5,6,7,8,9,10,11,12,13,14,15,16,17,18,19,20,21,22,23
0,0.0,3.2146038741999616,0.4027630980998655,0.20706718652235095,0.0,0.0,0.0,0.0,0.0,0.0,0.0,0.0,0.0,0.0,0.0,0.0,0.0,0.0,0.0,0.0,0.0,0.0,0.0,0.0
1,3.2146038741999616,0.0,3.0144555343818693,2.1733774443200504,0.0,0.0,0.0,0.0,0.0,0.0,0.0,0.0,0.0,0.0,0.0,0.0,0.0,0.0,0.0,0.0,0.0,0.0,0.0,0.0
2,0.4027630980998655,3.0144555343818693,0.0,0.22819976242964463,0.0,0.0,0.0,0.0,0.0,0.0,0.0,0.0,0.0,0.0,0.0,0.0,0.0,0.0,0.0,0.0,0.0,0.0,0.0,0.0
3,0.20706718652235095,2.1733774443200504,0.22819976242964463,0.0,-0.3116619012222522,0.09415640997586887,-1.521421413819184,0.0,0.0,0.0,0.0,0.0,0.0,0.0,0.0,0.0,0.0,0.0,0.0,0.0,0.0,0.0,0.0,0.0
4,0.0,0.0,0.0,-0.3116619012222522,0.0,-0.6171127169882938,-1.4037578109384208,0.0,0.0,0.0,0.0,0.0,0.0,0.0,0.0,0.0,0.0,0.0,0.0,0.0,0.0,0.0,0.0,0.0
5,0.0,0.0,0.0,0.09415640997586887,-0.6171127169882938,0.0,-0.4270383693705885,2.3748135804586856,0.0,0.0,0.0,0.0,0.0,0.0,0.0,0.0,0.0,0.0,0.0,0.0,0.0,0.0,0.0,0.0
6,0.0,0.0,0.0,-1.521421413819184,-1.4037578109384208,-0.4270383693705885,0.0,2.3732605567537917,0.0,0.0,0.0,0.0,0.0,0.0,0.0,0.0,0.0,0.0,0.0,0.0,0.0,0.0,0.0,0.0
7,0.0,0.0,0.0,0.0,0.0,2.3748135804586856,2.3732605567537917,0.0,0.0,0.6777310464229679,0.0,0.0,0.0,0.0,0.0,0.0,0.0,0.0,0.0,0.0,0.0,0.0,0.0,0.0
8,0.0,0.0,0.0,0.0,0.0,0.0,0.0,0.0,0.0,1.9080794648936177,-1.0543659188393217,1.616880396730902,-0.399672460189046,0.0,0.0,0.0,0.0,0.0,0.0,0.0,0.0,0.0,0.0,0.0
9,0.0,0.0,0.0,0.0,0.0,0.0,0.0,0.6777310464229679,1.9080794648936177,0.0,0.0,0.288622126315947,0.0,-0.011485222221844517,0.0,0.0,0.0,0.0,0.0,0.0,0.0,0.0,0.0,0.0
10,0.0,0.0,0.0,0.0,0.0,0.0,0.0,0.0,-1.0543659188393217,0.0,0.0,0.0,-0.9658205894554946,1.2125580378990726,0.0,0.0,0.0,0.0,0.0,0.0,0.0,0.0,0.0,0.0
11,0.0,0.0,0.0,0.0,0.0,0.0,0.0,0.0,1.616880396730902,0.288622126315947,0.0,0.0,0.0,-0.6576000809743513,0.0,0.0,0.0,0.0,0.0,0.0,0.0,0.0,0.0,0.0
12,0.0,0.0,0.0,0.0,0.0,0.0,0.0,0.0,-0.399672460189046,0.0,-0.9658205894554946,0.0,0.0,1.1457936327470086,0.0,0.0,0.0,0.0,0.0,0.0,0.0,0.0,0.0,0.0
13,0.0,0.0,0.0,0.0,0.0,0.0,0.0,0.0,0.0,-0.011485222221844517,1.2125580378990726,-0.6576000809743513,1.1457936327470086,0.0,0.0,-0.09240026098394205,0.0,0.0,0.0,0.0,0.0,0.0,0.0,0.0
14,0.0,0.0,0.0,0.0,0.0,0.0,0.0,0.0,0.0,0.0,0.0,0.0,0.0,0.0,0.0,1.010010488727463,-1.1724020954100125,-2.3551520344713084,0.329143793628827,-1.118729021895851,0.0,0.0,0.0,0.0
15,0.0,0.0,0.0,0.0,0.0,0.0,0.0,0.0,0.0,0.0,0.0,0.0,0.0,-0.09240026098394205,1.010010488727463,0.0,0.0,0.0,0.2458414891571341,0.0,0.0,-1.3805003975616699,0.0,0.0
16,0.0,0.0,0.0,0.0,0.0,0.0,0.0,0.0,0.0,0.0,0.0,0.0,0.0,0.0,-1.1724020954100125,0.0,0.0,-1.1414061148264127,0.0,-0.9390471971880865,-1.236685364684781,0.0,0.0,0.0
17,0.0,0.0,0.0,0.0,0.0,0.0,0.0,0.0,0.0,0.0,0.0,0.0,0.0,0.0,-2.3551520344713084,0.0,-1.1414061148264127,0.0,0.3599801657251839,-0.8698529327007459,-1.5125189355062456,0.0,0.0,0.0
18,0.0,0.0,0.0,0.0,0.0,0.0,0.0,0.0,0.0,0.0,0.0,0.0,0.0,0.0,0.329143793628827,0.2458414891571341,0.0,0.3599801657251839,0.0,0.2955504168191738,0.0,0.0,0.01887904502221995,0.0
19,0.0,0.0,0.0,0.0,0.0,0.0,0.0,0.0,0.0,0.0,0.0,0.0,0.0,0.0,-1.118729021895851,0.0,-0.9390471971880865,-0.8698529327007459,0.2955504168191738,0.0,-0.7313797777494082,0.49313039794465696,0.0,0.0
20,0.0,0.0,0.0,0.0,0.0,0.0,0.0,0.0,0.0,0.0,0.0,0.0,0.0,0.0,0.0,0.0,-1.236685364684781,-1.5125189355062456,0.0,-0.7313797777494082,0.0,0.0,0.0,0.18120073550271776
21,0.0,0.0,0.0,0.0,0.0,0.0,0.0,0.0,0.0,0.0,0.0,0.0,0.0,0.0,0.0,-1.3805003975616699,0.0,0.0,0.0,0.49313039794465696,0.0,0.0,-0.2108689672259668,-0.3926628238531919
22,0.0,0.0,0.0,0.0,0.0,0.0,0.0,0.0,0.0,0.0,0.0,0.0,0.0,0.0,0.0,0.0,0.0,0.0,0.01887904502221995,0.0,0.0,-0.2108689672259668,0.0,-2.1155567808838707
23,0.0,0.0,0.0,0.0,0.0,0.0,0.0,0.0,0.0,0.0,0.0,0.0,0.0,0.0,0.0,0.0,0.0,0.0,0.0,0.0,0.18120073550271776,-0.3926628238531919,-2.1155567808838707,0.0
