,0,1,2,3,4,5,6,7,8,9,10,11,12,13,14,15,16,17,18,19,20,21,22
0,0.0,-5.10269689925418,-3.366345723248023,-4.1896125283742665,0.0,0.0,0.0,0.0,0.0,0.0,0.0,0.0,0.0,0.0,0.0,0.0,0.0,0.0,0.0,0.0,0.0,0.0,0.0
1,-5.10269689925418,0.0,-3.508585881985179,-4.248191924653011,0.0,0.0,0.0,0.0,0.0,0.0,0.0,0.0,0.0,0.0,0.0,0.0,0.0,0.0,0.0,0.0,0.0,0.0,0.0
2,-3.366345723248023,-3.508585881985179,0.0,-3.1759587478569156,0.0,0.0,0.0,0.0,0.0,0.0,0.0,0.0,0.0,0.0,0.0,0.0,0.0,0.0,0.0,0.0,0.0,0.0,0.0
3,-4.1896125283742665,-4.248191924653011,-3.1759587478569156,0.0,-0.9874792715134579,-0.8369571779926085,-1.0972348664937426,0.0,0.0,0.0,0.0,0.0,0.0,0.0,0.0,0.0,0.0,0.0,0.0,0.0,0.0,0.0,0.0
4,0.0,0.0,0.0,-0.9874792715134579,0.0,-2.801599945435844,-2.629025438333944,-1.1050628799392657,0.0,0.0,0.0,0.0,0.0,0.0,0.0,0.0,0.0,0.0,0.0,0.0,0.0,0.0,0.0
5,0.0,0.0,0.0,-0.8369571779926085,-2.801599945435844,0.0,-2.1069596160234307,0.0,-1.1993143919269638,0.0,0.0,0.0,0.0,0.0,0.0,0.0,0.0,0.0,0.0,0.0,0.0,0.0,0.0
6,0.0,0.0,0.0,-1.0972348664937426,-2.629025438333944,-2.1069596160234307,0.0,-1.2071744290201056,-1.4328181724944284,-1.2731814688247958,0.0,0.0,0.0,0.0,0.0,0.0,0.0,0.0,0.0,0.0,0.0,0.0,0.0
7,0.0,0.0,0.0,0.0,-1.1050628799392657,0.0,-1.2071744290201056,0.0,-2.1043287191069155,-1.9076504537455252,0.0,0.0,0.0,0.0,0.0,0.0,0.0,0.0,0.0,0.0,0.0,0.0,0.0
8,0.0,0.0,0.0,0.0,0.0,-1.1993143919269638,-1.4328181724944284,-2.1043287191069155,0.0,-2.9775249908793624,0.0,0.0,0.0,0.0,0.0,0.0,0.0,0.0,0.0,0.0,0.0,0.0,0.0
9,0.0,0.0,0.0,0.0,0.0,0.0,-1.2731814688247958,-1.9076504537455252,-2.9775249908793624,0.0,-1.1571967926726974,-1.278961646719072,0.0,0.0,0.0,0.0,0.0,0.0,0.0,0.0,0.0,0.0,0.0
10,0.0,0.0,0.0,0.0,0.0,0.0,0.0,0.0,0.0,-1.1571967926726974,0.0,-2.684302787334585,-1.3483104444595444,0.0,0.0,0.0,0.0,0.0,0.0,0.0,0.0,0.0,0.0
11,0.0,0.0,0.0,0.0,0.0,0.0,0.0,0.0,0.0,-1.278961646719072,-2.684302787334585,0.0,-1.6147118064771298,0.0,0.0,0.0,0.0,0.0,0.0,0.0,0.0,0.0,0.0
12,0.0,0.0,0.0,0.0,0.0,0.0,0.0,0.0,0.0,0.0,-1.3483104444595444,-1.6147118064771298,0.0,-1.1894200200992224,-2.538099022381204,0.0,0.0,0.0,0.0,0.0,0.0,0.0,0.0
13,0.0,0.0,0.0,0.0,0.0,0.0,0.0,0.0,0.0,0.0,0.0,0.0,-1.1894200200992224,0.0,-1.1199492759657996,-2.4320312824407555,-0.5026725932500319,0.0,0.0,0.0,0.0,0.0,0.0
14,0.0,0.0,0.0,0.0,0.0,0.0,0.0,0.0,0.0,0.0,0.0,0.0,-2.538099022381204,-1.1199492759657996,0.0,-1.0438054726505166,-1.2605725338089884,0.0,0.0,0.0,0.0,0.0,0.0
15,0.0,0.0,0.0,0.0,0.0,0.0,0.0,0.0,0.0,0.0,0.0,0.0,0.0,-2.4320312824407555,-1.0438054726505166,0.0,-0.48464918582783245,0.0,0.0,0.0,0.0,0.0,0.0
16,0.0,0.0,0.0,0.0,0.0,0.0,0.0,0.0,0.0,0.0,0.0,0.0,0.0,-0.5026725932500319,-1.2605725338089884,-0.48464918582783245,0.0,-1.6888835890493266,-1.8437691185073708,-0.4745320769851542,0.0,0.0,0.0
17,0.0,0.0,0.0,0.0,0.0,0.0,0.0,0.0,0.0,0.0,0.0,0.0,0.0,0.0,0.0,0.0,-1.6888835890493266,0.0,-1.8808955318372902,-0.7561406391942792,-0.8338711475048126,-0.6273399972350855,-0.6243429021133372
18,0.0,0.0,0.0,0.0,0.0,0.0,0.0,0.0,0.0,0.0,0.0,0.0,0.0,0.0,0.0,0.0,-1.8437691185073708,-1.8808955318372902,0.0,-0.4811208419635708,0.0,0.0,0.0
19,0.0,0.0,0.0,0.0,0.0,0.0,0.0,0.0,0.0,0.0,0.0,0.0,0.0,0.0,0.0,0.0,-0.4745320769851542,-0.7561406391942792,-0.4811208419635708,0.0,-2.4925887684823826,0.0,0.0
20,0.0,0.0,0.0,0.0,0.0,0.0,0.0,0.0,0.0,0.0,0.0,0.0,0.0,0.0,0.0,0.0,0.0,-0.8338711475048126,0.0,-2.4925887684823826,0.0,-0.43271887422468214,-2.007287981102305
21,0.0,0.0,0.0,0.0,0.0,0.0,0.0,0.0,0.0,0.0,0.0,0.0,0.0,0.0,0.0,0.0,0.0,-0.6273399972350855,0.0,0.0,-0.43271887422468214,0.0,-0.45291396208615026
22,0.0,0.0,0.0,0.0,0.0,0.0,0.0,0.0,0.0,0.0,0.0,0.0,0.0,0.0,0.0,0.0,0.0,-0.6243429021133372,0.0,0.0,-2.007287981102305,-0.45291396208615026,0.0
