,0,1,2,3,4,5,6,7,8,9,10,11,12,13,14,15,16,17,18,19,20,21,22
0,0.0,-5.04809631854425,0.0,-1.126939676323689,-1.098563026165891,0.0,0.0,0.0,0.0,0.0,0.0,0.0,0.0,0.0,0.0,0.0,0.0,0.0,0.0,0.0,0.0,0.0,0.0
1,-5.04809631854425,0.0,-4.521361582851976,-1.1120188014160441,-1.084086739378748,0.0,0.0,0.0,0.0,0.0,0.0,0.0,0.0,0.0,0.0,0.0,0.0,0.0,0.0,0.0,0.0,0.0,0.0
2,0.0,-4.521361582851976,0.0,-1.1315887853508535,-1.1030529577804238,0.0,0.0,0.0,0.0,0.0,0.0,0.0,0.0,0.0,0.0,0.0,0.0,0.0,0.0,0.0,0.0,0.0,0.0
3,-1.126939676323689,-1.1120188014160441,-1.1315887853508535,0.0,-4.671712516200778,0.0,0.0,0.0,0.0,0.0,0.0,0.0,0.0,0.0,0.0,0.0,0.0,0.0,0.0,0.0,0.0,0.0,0.0
4,-1.098563026165891,-1.084086739378748,-1.1030529577804238,-4.671712516200778,0.0,0.0,0.0,0.0,0.0,0.0,0.0,0.0,0.0,0.0,0.0,0.0,0.0,0.0,0.0,0.0,0.0,0.0,0.0
5,0.0,0.0,0.0,0.0,0.0,0.0,-2.6158378515450753,-0.7591473633250504,-2.7560967831621634,0.0,0.0,0.0,0.0,0.0,0.0,0.0,0.0,0.0,0.0,0.0,0.0,0.0,0.0
6,0.0,0.0,0.0,0.0,0.0,-2.6158378515450753,0.0,-0.8867836886735212,-4.638089753426718,0.0,0.0,0.0,0.0,0.0,0.0,0.0,0.0,0.0,0.0,0.0,0.0,0.0,0.0
7,0.0,0.0,0.0,0.0,0.0,-0.7591473633250504,-0.8867836886735212,0.0,-0.8719723248898955,-0.8665683034044651,-1.8553684878244152,0.0,0.0,0.0,0.0,0.0,0.0,0.0,0.0,0.0,0.0,0.0,0.0
8,0.0,0.0,0.0,0.0,0.0,-2.7560967831621634,-4.638089753426718,-0.8719723248898955,0.0,-2.8779202373561663,-1.1938123367458537,0.0,0.0,0.0,0.0,0.0,0.0,0.0,0.0,0.0,0.0,0.0,0.0
9,0.0,0.0,0.0,0.0,0.0,0.0,0.0,-0.8665683034044651,-2.8779202373561663,0.0,-1.2378334461569567,-2.597594840923145,-1.3111898601400371,0.0,0.0,0.0,0.0,0.0,0.0,0.0,0.0,0.0,0.0
10,0.0,0.0,0.0,0.0,0.0,0.0,0.0,-1.8553684878244152,-1.1938123367458537,-1.2378334461569567,0.0,-1.4071678935610017,-2.6248678857728476,0.0,0.0,0.0,0.0,0.0,0.0,0.0,0.0,0.0,0.0
11,0.0,0.0,0.0,0.0,0.0,0.0,0.0,0.0,0.0,-2.597594840923145,-1.4071678935610017,0.0,-1.5590866483038086,-2.227320112751648,-3.7394902964256738,0.0,0.0,0.0,0.0,0.0,0.0,0.0,0.0
12,0.0,0.0,0.0,0.0,0.0,0.0,0.0,0.0,0.0,-1.3111898601400371,-2.6248678857728476,-1.5590866483038086,0.0,-1.1459426928891538,-1.4859749181664021,0.0,0.0,0.0,0.0,0.0,0.0,0.0,0.0
13,0.0,0.0,0.0,0.0,0.0,0.0,0.0,0.0,0.0,0.0,0.0,-2.227320112751648,-1.1459426928891538,0.0,-2.3427476465474486,-2.552347505079032,-3.5161910410723918,-2.3690316059043166,0.0,0.0,0.0,0.0,0.0
14,0.0,0.0,0.0,0.0,0.0,0.0,0.0,0.0,0.0,0.0,0.0,-3.7394902964256738,-1.4859749181664021,-2.3427476465474486,0.0,-4.000416898510659,0.0,0.0,-1.061684239983382,0.0,0.0,0.0,0.0
15,0.0,0.0,0.0,0.0,0.0,0.0,0.0,0.0,0.0,0.0,0.0,0.0,0.0,-2.552347505079032,-4.000416898510659,0.0,-2.967195338152935,-4.106436400326629,-1.01035438644428,0.0,0.0,0.0,0.0
16,0.0,0.0,0.0,0.0,0.0,0.0,0.0,0.0,0.0,0.0,0.0,0.0,0.0,-3.5161910410723918,0.0,-2.967195338152935,0.0,-2.718066430646605,0.0,0.0,0.0,0.0,0.0
17,0.0,0.0,0.0,0.0,0.0,0.0,0.0,0.0,0.0,0.0,0.0,0.0,0.0,-2.3690316059043166,0.0,-4.106436400326629,-2.718066430646605,0.0,-1.0563543106421094,0.0,0.0,0.0,0.0
18,0.0,0.0,0.0,0.0,0.0,0.0,0.0,0.0,0.0,0.0,0.0,0.0,0.0,0.0,-1.061684239983382,-1.01035438644428,0.0,-1.0563543106421094,0.0,0.0,0.0,0.0,0.0
19,0.0,0.0,0.0,0.0,0.0,0.0,0.0,0.0,0.0,0.0,0.0,0.0,0.0,0.0,0.0,0.0,0.0,0.0,0.0,0.0,-2.396521125065368,-0.24911117945607125,-1.0069039429738
20,0.0,0.0,0.0,0.0,0.0,0.0,0.0,0.0,0.0,0.0,0.0,0.0,0.0,0.0,0.0,0.0,0.0,0.0,0.0,-2.396521125065368,0.0,-0.3271932850758211,-0.9062053290757777
21,0.0,0.0,0.0,0.0,0.0,0.0,0.0,0.0,0.0,0.0,0.0,0.0,0.0,0.0,0.0,0.0,0.0,0.0,0.0,-0.24911117945607125,-0.3271932850758211,0.0,-0.37831771780433626
22,0.0,0.0,0.0,0.0,0.0,0.0,0.0,0.0,0.0,0.0,0.0,0.0,0.0,0.0,0.0,0.0,0.0,0.0,0.0,-1.0069039429738,-0.9062053290757777,-0.37831771780433626,0.0
