,0,1,2,3,4,5,6,7,8,9,10,11,12,13,14,15,16,17,18,19,20,21,22,23
0,0.0,-2.405996939623234,-2.5815443159927858,-5.4407557300057485,0.0,0.0,0.0,0.0,0.0,0.0,0.0,0.0,0.0,0.0,0.0,0.0,0.0,0.0,0.0,0.0,0.0,0.0,0.0,0.0
1,-2.405996939623234,0.0,-2.009986089350216,-2.408438334942552,-0.9744728225857924,0.0,0.0,0.0,0.0,0.0,0.0,0.0,0.0,0.0,0.0,0.0,0.0,0.0,0.0,0.0,0.0,0.0,0.0,0.0
2,-2.5815443159927858,-2.009986089350216,0.0,-2.635991520520903,-1.0548417151063725,0.0,0.0,0.0,0.0,0.0,0.0,0.0,0.0,0.0,0.0,0.0,0.0,0.0,0.0,0.0,0.0,0.0,0.0,0.0
3,-5.4407557300057485,-2.408438334942552,-2.635991520520903,0.0,-1.1686162211810927,-1.116465339681658,-1.7817592225898622,0.0,0.0,0.0,0.0,0.0,0.0,0.0,0.0,0.0,0.0,0.0,0.0,0.0,0.0,0.0,0.0,0.0
4,0.0,-0.9744728225857924,-1.0548417151063725,-1.1686162211810927,0.0,-4.091594359762175,-1.4449810996531653,0.0,0.0,0.0,0.0,0.0,0.0,0.0,0.0,0.0,0.0,0.0,0.0,0.0,0.0,0.0,0.0,0.0
5,0.0,0.0,0.0,-1.116465339681658,-4.091594359762175,0.0,-1.3831648902353046,0.0,0.0,0.0,0.0,0.0,0.0,0.0,0.0,0.0,0.0,0.0,0.0,0.0,0.0,0.0,0.0,0.0
6,0.0,0.0,0.0,-1.7817592225898622,-1.4449810996531653,-1.3831648902353046,0.0,-2.1375892841560167,-1.4300133179008618,-1.4622421576117397,0.0,0.0,0.0,0.0,0.0,0.0,0.0,0.0,0.0,0.0,0.0,0.0,0.0,0.0
7,0.0,0.0,0.0,0.0,0.0,0.0,-2.1375892841560167,0.0,-1.4542929983453525,-1.293786800347559,0.0,0.0,0.0,0.0,0.0,0.0,0.0,0.0,0.0,0.0,0.0,0.0,0.0,0.0
8,0.0,0.0,0.0,0.0,0.0,0.0,-1.4300133179008618,-1.4542929983453525,0.0,-2.275927044373119,0.0,-3.257520554163458,-2.2664404996493857,0.0,0.0,0.0,0.0,0.0,0.0,0.0,0.0,0.0,0.0,0.0
9,0.0,0.0,0.0,0.0,0.0,0.0,-1.4622421576117397,-1.293786800347559,-2.275927044373119,0.0,-1.7433108818640262,-2.000049977604583,-3.5123391267978485,0.0,0.0,0.0,0.0,0.0,0.0,0.0,0.0,0.0,0.0,0.0
10,0.0,0.0,0.0,0.0,0.0,0.0,0.0,0.0,0.0,-1.7433108818640262,0.0,-1.9924329496309314,-1.6443874774134357,-1.871971758017309,0.0,-2.3197634354952066,0.0,0.0,0.0,0.0,0.0,0.0,0.0,0.0
11,0.0,0.0,0.0,0.0,0.0,0.0,0.0,0.0,-3.257520554163458,-2.000049977604583,-1.9924329496309314,0.0,-2.0394069630658143,0.0,0.0,0.0,0.0,0.0,0.0,0.0,0.0,0.0,0.0,0.0
12,0.0,0.0,0.0,0.0,0.0,0.0,0.0,0.0,-2.2664404996493857,-3.5123391267978485,-1.6443874774134357,-2.0394069630658143,0.0,-2.523171396903756,-4.364103623252408,0.0,0.0,0.0,0.0,0.0,0.0,0.0,0.0,0.0
13,0.0,0.0,0.0,0.0,0.0,0.0,0.0,0.0,0.0,0.0,-1.871971758017309,0.0,-2.523171396903756,0.0,-2.582324600374273,-2.3716828916277457,0.0,0.0,0.0,0.0,0.0,0.0,0.0,0.0
14,0.0,0.0,0.0,0.0,0.0,0.0,0.0,0.0,0.0,0.0,0.0,0.0,-4.364103623252408,-2.582324600374273,0.0,-1.8531275180194664,0.0,0.0,0.0,0.0,0.0,0.0,0.0,0.0
15,0.0,0.0,0.0,0.0,0.0,0.0,0.0,0.0,0.0,0.0,-2.3197634354952066,0.0,0.0,-2.3716828916277457,-1.8531275180194664,0.0,0.0,0.0,0.0,0.0,0.0,0.0,0.0,0.0
16,0.0,0.0,0.0,0.0,0.0,0.0,0.0,0.0,0.0,0.0,0.0,0.0,0.0,0.0,0.0,0.0,0.0,-1.8273685363386103,-2.153481932408178,-2.6941615780827886,0.0,0.0,0.0,0.0
17,0.0,0.0,0.0,0.0,0.0,0.0,0.0,0.0,0.0,0.0,0.0,0.0,0.0,0.0,0.0,0.0,-1.8273685363386103,0.0,-2.229157062686297,-2.0595149735443257,0.0,0.0,0.0,0.0
18,0.0,0.0,0.0,0.0,0.0,0.0,0.0,0.0,0.0,0.0,0.0,0.0,0.0,0.0,0.0,0.0,-2.153481932408178,-2.229157062686297,0.0,-2.99999767850778,-1.68650064170835,0.0,0.0,0.0
19,0.0,0.0,0.0,0.0,0.0,0.0,0.0,0.0,0.0,0.0,0.0,0.0,0.0,0.0,0.0,0.0,-2.6941615780827886,-2.0595149735443257,-2.99999767850778,0.0,-1.9994193059732273,0.0,0.0,0.0
20,0.0,0.0,0.0,0.0,0.0,0.0,0.0,0.0,0.0,0.0,0.0,0.0,0.0,0.0,0.0,0.0,0.0,0.0,-1.68650064170835,-1.9994193059732273,0.0,-1.7985442120924555,-1.3692574245670366,-0.9212062766660364
21,0.0,0.0,0.0,0.0,0.0,0.0,0.0,0.0,0.0,0.0,0.0,0.0,0.0,0.0,0.0,0.0,0.0,0.0,0.0,0.0,-1.7985442120924555,0.0,-2.3611732592903802,-1.3887994069858047
22,0.0,0.0,0.0,0.0,0.0,0.0,0.0,0.0,0.0,0.0,0.0,0.0,0.0,0.0,0.0,0.0,0.0,0.0,0.0,0.0,-1.3692574245670366,-2.3611732592903802,0.0,-1.8524979220208808
23,0.0,0.0,0.0,0.0,0.0,0.0,0.0,0.0,0.0,0.0,0.0,0.0,0.0,0.0,0.0,0.0,0.0,0.0,0.0,0.0,-0.9212062766660364,-1.3887994069858047,-1.8524979220208808,0.0
