,0,1,2,3,4,5,6,7,8,9,10,11,12,13,14,15,16,17,18,19,20,21,22
0,0.0,-4.977153633281297,-1.2153202078820484,-3.9056336067733723,0.0,0.0,0.0,0.0,0.0,0.0,0.0,0.0,0.0,0.0,0.0,0.0,0.0,0.0,0.0,0.0,0.0,0.0,0.0
1,-4.977153633281297,0.0,-1.193599161001805,-3.7121085261789903,0.0,0.0,0.0,0.0,0.0,0.0,0.0,0.0,0.0,0.0,0.0,0.0,0.0,0.0,0.0,0.0,0.0,0.0,0.0
2,-1.2153202078820484,-1.193599161001805,0.0,-1.2271605335566678,-1.1880944359202785,0.0,0.0,0.0,0.0,0.0,0.0,0.0,0.0,0.0,0.0,0.0,0.0,0.0,0.0,0.0,0.0,0.0,0.0
3,-3.9056336067733723,-3.7121085261789903,-1.2271605335566678,0.0,-4.264959825283502,-1.2001016311219157,-4.490807540925472,0.0,0.0,0.0,0.0,0.0,0.0,0.0,0.0,0.0,0.0,0.0,0.0,0.0,0.0,0.0,0.0
4,0.0,0.0,-1.1880944359202785,-4.264959825283502,0.0,-1.1616413509326093,-4.863402185795071,0.0,0.0,0.0,0.0,0.0,0.0,0.0,0.0,0.0,0.0,0.0,0.0,0.0,0.0,0.0,0.0
5,0.0,0.0,0.0,-1.2001016311219157,-1.1616413509326093,0.0,-1.1635507349925354,-1.1782128668696805,0.0,0.0,0.0,0.0,0.0,0.0,0.0,0.0,0.0,0.0,0.0,0.0,0.0,0.0,0.0
6,0.0,0.0,0.0,-4.490807540925472,-4.863402185795071,-1.1635507349925354,0.0,-4.109327100643239,0.0,0.0,0.0,0.0,0.0,0.0,0.0,0.0,0.0,0.0,0.0,0.0,0.0,0.0,0.0
7,0.0,0.0,0.0,0.0,0.0,-1.1782128668696805,-4.109327100643239,0.0,-4.1336750217672265,0.0,0.0,0.0,0.0,0.0,0.0,0.0,0.0,0.0,0.0,0.0,0.0,0.0,0.0
8,0.0,0.0,0.0,0.0,0.0,0.0,0.0,-4.1336750217672265,0.0,-1.17895735504205,-1.1988611869895978,0.0,0.0,0.0,0.0,0.0,0.0,0.0,0.0,0.0,0.0,0.0,0.0
9,0.0,0.0,0.0,0.0,0.0,0.0,0.0,0.0,-1.17895735504205,0.0,-3.5932650922154488,-1.4236410206156074,0.0,0.0,0.0,0.0,0.0,0.0,0.0,0.0,0.0,0.0,0.0
10,0.0,0.0,0.0,0.0,0.0,0.0,0.0,0.0,-1.1988611869895978,-3.5932650922154488,0.0,-1.3912529067009232,-1.2659214627945714,0.0,0.0,0.0,0.0,0.0,0.0,0.0,0.0,0.0,0.0
11,0.0,0.0,0.0,0.0,0.0,0.0,0.0,0.0,0.0,-1.4236410206156074,-1.3912529067009232,0.0,-1.9660240375125073,-1.3314460171958513,0.0,0.0,0.0,0.0,0.0,0.0,0.0,0.0,0.0
12,0.0,0.0,0.0,0.0,0.0,0.0,0.0,0.0,0.0,0.0,-1.2659214627945714,-1.9660240375125073,0.0,-1.1502204965446834,0.0,0.0,0.0,0.0,0.0,0.0,0.0,0.0,0.0
13,0.0,0.0,0.0,0.0,0.0,0.0,0.0,0.0,0.0,0.0,0.0,-1.3314460171958513,-1.1502204965446834,0.0,-1.1653934136767699,-1.1091980834271347,0.0,0.0,0.0,0.0,0.0,0.0,0.0
14,0.0,0.0,0.0,0.0,0.0,0.0,0.0,0.0,0.0,0.0,0.0,0.0,0.0,-1.1653934136767699,0.0,-3.4809423815448453,-1.9623394697066923,-2.7320468460339145,0.0,0.0,0.0,0.0,0.0
15,0.0,0.0,0.0,0.0,0.0,0.0,0.0,0.0,0.0,0.0,0.0,0.0,0.0,-1.1091980834271347,-3.4809423815448453,0.0,-1.7973275575909744,-3.369381711899068,-1.4565282205435077,0.0,0.0,0.0,0.0
16,0.0,0.0,0.0,0.0,0.0,0.0,0.0,0.0,0.0,0.0,0.0,0.0,0.0,0.0,-1.9623394697066923,-1.7973275575909744,0.0,-1.6402737159721543,0.0,0.0,0.0,0.0,0.0
17,0.0,0.0,0.0,0.0,0.0,0.0,0.0,0.0,0.0,0.0,0.0,0.0,0.0,0.0,-2.7320468460339145,-3.369381711899068,-1.6402737159721543,0.0,-1.3365534933064214,-2.8230505575074294,0.0,0.0,0.0
18,0.0,0.0,0.0,0.0,0.0,0.0,0.0,0.0,0.0,0.0,0.0,0.0,0.0,0.0,0.0,-1.4565282205435077,0.0,-1.3365534933064214,0.0,-1.4691122856715557,-1.127514449037017,-1.2520989004237923,-2.7390942722042793
19,0.0,0.0,0.0,0.0,0.0,0.0,0.0,0.0,0.0,0.0,0.0,0.0,0.0,0.0,0.0,0.0,0.0,-2.8230505575074294,-1.4691122856715557,0.0,-2.1953875726090066,-2.4729569472514585,-1.356367553631129
20,0.0,0.0,0.0,0.0,0.0,0.0,0.0,0.0,0.0,0.0,0.0,0.0,0.0,0.0,0.0,0.0,0.0,0.0,-1.127514449037017,-2.1953875726090066,0.0,-3.2494977175322752,0.0
21,0.0,0.0,0.0,0.0,0.0,0.0,0.0,0.0,0.0,0.0,0.0,0.0,0.0,0.0,0.0,0.0,0.0,0.0,-1.2520989004237923,-2.4729569472514585,-3.2494977175322752,0.0,-1.1239470092093997
22,0.0,0.0,0.0,0.0,0.0,0.0,0.0,0.0,0.0,0.0,0.0,0.0,0.0,0.0,0.0,0.0,0.0,0.0,-2.7390942722042793,-1.356367553631129,0.0,-1.1239470092093997,0.0
