,0,1,2,3,4,5,6,7,8,9,10,11,12,13,14,15
0,0.0,-5.2874239939703935,-1.4680931340582846,-1.2112634193441716,0.0,0.0,0.0,0.0,0.0,0.0,0.0,0.0,0.0,0.0,0.0,0.0
1,-5.2874239939703935,0.0,-1.446426949551359,-1.194636881753616,0.0,0.0,0.0,0.0,0.0,0.0,0.0,0.0,0.0,0.0,0.0,0.0
2,-1.4680931340582846,-1.446426949551359,0.0,-2.6303860742894525,-1.4982731672393204,-2.150814189731532,0.0,0.0,0.0,0.0,0.0,0.0,0.0,0.0,0.0,0.0
3,-1.2112634193441716,-1.194636881753616,-2.6303860742894525,0.0,-1.8863433816243467,-2.633234819154494,0.0,0.0,0.0,0.0,0.0,0.0,0.0,0.0,0.0,0.0
4,0.0,0.0,-1.4982731672393204,-1.8863433816243467,0.0,-1.9616038757094174,-0.8538745242444384,-1.9538322656026341,0.0,0.0,0.0,0.0,0.0,0.0,0.0,0.0
5,0.0,0.0,-2.150814189731532,-2.633234819154494,-1.9616038757094174,0.0,-1.121304551864626,-4.3210677579972625,0.0,0.0,0.0,0.0,0.0,0.0,0.0,0.0
6,0.0,0.0,0.0,0.0,-0.8538745242444384,-1.121304551864626,0.0,-1.0898719337453486,-3.391748642160654,0.0,0.0,0.0,0.0,0.0,0.0,0.0
7,0.0,0.0,0.0,0.0,-1.9538322656026341,-4.3210677579972625,-1.0898719337453486,0.0,0.0,0.0,0.0,0.0,0.0,0.0,0.0,0.0
8,0.0,0.0,0.0,0.0,0.0,0.0,-3.391748642160654,0.0,0.0,-2.465676339277709,-1.2792534280005823,0.0,0.0,0.0,0.0,0.0
9,0.0,0.0,0.0,0.0,0.0,0.0,0.0,0.0,-2.465676339277709,0.0,-1.2235096544720059,-1.2678968570192364,0.0,0.0,0.0,0.0
10,0.0,0.0,0.0,0.0,0.0,0.0,0.0,0.0,-1.2792534280005823,-1.2235096544720059,0.0,-2.2759834810031463,0.0,0.0,0.0,0.0
11,0.0,0.0,0.0,0.0,0.0,0.0,0.0,0.0,0.0,-1.2678968570192364,-2.2759834810031463,0.0,-1.626858666564576,-2.879435455121717,0.0,0.0
12,0.0,0.0,0.0,0.0,0.0,0.0,0.0,0.0,0.0,0.0,0.0,-1.626858666564576,0.0,-1.3844802266000096,-1.4709057193391277,-0.2073131603950368
13,0.0,0.0,0.0,0.0,0.0,0.0,0.0,0.0,0.0,0.0,0.0,-2.879435455121717,-1.3844802266000096,0.0,-3.5476450079325974,-0.38383634003277006
14,0.0,0.0,0.0,0.0,0.0,0.0,0.0,0.0,0.0,0.0,0.0,0.0,-1.4709057193391277,-3.5476450079325974,0.0,-0.3965231758313235
15,0.0,0.0,0.0,0.0,0.0,0.0,0.0,0.0,0.0,0.0,0.0,0.0,-0.2073131603950368,-0.38383634003277006,-0.3965231758313235,0.0
