,0,1,2,3,4,5,6,7,8,9,10,11,12,13,14,15,16,17,18,19,20,21,22
0,0.0,-4.309063792775342,-0.9601347516544393,-3.022063619494593,0.0,0.0,0.0,0.0,0.0,0.0,0.0,0.0,0.0,0.0,0.0,0.0,0.0,0.0,0.0,0.0,0.0,0.0,0.0
1,-4.309063792775342,0.0,-0.9584440468781603,-3.318952331103224,0.0,0.0,0.0,0.0,0.0,0.0,0.0,0.0,0.0,0.0,0.0,0.0,0.0,0.0,0.0,0.0,0.0,0.0,0.0
2,-0.9601347516544393,-0.9584440468781603,0.0,-0.9892920332151657,-4.031585816193076,-6.847778129137215,0.0,0.0,0.0,0.0,0.0,0.0,0.0,0.0,0.0,0.0,0.0,0.0,0.0,0.0,0.0,0.0,0.0
3,-3.022063619494593,-3.318952331103224,-0.9892920332151657,0.0,-1.037386040269193,-0.9909197483885582,0.0,0.0,0.0,0.0,0.0,0.0,0.0,0.0,0.0,0.0,0.0,0.0,0.0,0.0,0.0,0.0,0.0
4,0.0,0.0,-4.031585816193076,-1.037386040269193,0.0,-4.055385198324861,-4.871196475507353,0.0,0.0,0.0,0.0,0.0,0.0,0.0,0.0,0.0,0.0,0.0,0.0,0.0,0.0,0.0,0.0
5,0.0,0.0,-6.847778129137215,-0.9909197483885582,-4.055385198324861,0.0,-3.8658258656353808,-2.565216135753731,-1.7800891503037906,0.0,0.0,0.0,0.0,0.0,0.0,0.0,0.0,0.0,0.0,0.0,0.0,0.0,0.0
6,0.0,0.0,0.0,0.0,-4.871196475507353,-3.8658258656353808,0.0,-2.4324925489575184,-1.7950082035282364,0.0,0.0,0.0,0.0,0.0,0.0,0.0,0.0,0.0,0.0,0.0,0.0,0.0,0.0
7,0.0,0.0,0.0,0.0,0.0,-2.565216135753731,-2.4324925489575184,0.0,-2.1639777581895694,-3.0546415750312175,-0.6207811867272979,0.0,0.0,0.0,0.0,0.0,0.0,0.0,0.0,0.0,0.0,0.0,0.0
8,0.0,0.0,0.0,0.0,0.0,-1.7800891503037906,-1.7950082035282364,-2.1639777581895694,0.0,-2.6371020768944295,-0.6048831553376444,0.0,0.0,0.0,0.0,0.0,0.0,0.0,0.0,0.0,0.0,0.0,0.0
9,0.0,0.0,0.0,0.0,0.0,0.0,0.0,-3.0546415750312175,-2.6371020768944295,0.0,0.0,-2.080832733082477,-0.8700843196705175,-0.9388825404254425,0.0,0.0,0.0,0.0,0.0,0.0,0.0,0.0,0.0
10,0.0,0.0,0.0,0.0,0.0,0.0,0.0,-0.6207811867272979,-0.6048831553376444,0.0,0.0,0.0,-1.56418339290602,-1.415949453456198,0.0,0.0,0.0,0.0,0.0,0.0,0.0,0.0,0.0
11,0.0,0.0,0.0,0.0,0.0,0.0,0.0,0.0,0.0,-2.080832733082477,0.0,0.0,-0.9946845262873444,-1.0495043135644595,-2.7401543362777123,0.0,0.0,0.0,0.0,0.0,0.0,0.0,0.0
12,0.0,0.0,0.0,0.0,0.0,0.0,0.0,0.0,0.0,-0.8700843196705175,-1.56418339290602,-0.9946845262873444,0.0,-3.3271440264505476,0.0,0.0,0.0,0.0,0.0,0.0,0.0,0.0,0.0
13,0.0,0.0,0.0,0.0,0.0,0.0,0.0,0.0,0.0,-0.9388825404254425,-1.415949453456198,-1.0495043135644595,-3.3271440264505476,0.0,0.0,0.0,0.0,0.0,0.0,0.0,0.0,0.0,0.0
14,0.0,0.0,0.0,0.0,0.0,0.0,0.0,0.0,0.0,0.0,0.0,-2.7401543362777123,0.0,0.0,0.0,-1.6847319149159907,-0.718104042612756,0.0,0.0,0.0,0.0,0.0,0.0
15,0.0,0.0,0.0,0.0,0.0,0.0,0.0,0.0,0.0,0.0,0.0,0.0,0.0,0.0,-1.6847319149159907,0.0,-1.0515018050273002,0.0,-2.2751998374471345,0.0,0.0,0.0,0.0
16,0.0,0.0,0.0,0.0,0.0,0.0,0.0,0.0,0.0,0.0,0.0,0.0,0.0,0.0,-0.718104042612756,-1.0515018050273002,0.0,0.0,-1.0802880729348396,0.0,0.0,0.0,0.0
17,0.0,0.0,0.0,0.0,0.0,0.0,0.0,0.0,0.0,0.0,0.0,0.0,0.0,0.0,0.0,0.0,0.0,0.0,-1.3672432401679588,-1.0435367762367531,-1.6314808653340962,0.0,0.0
18,0.0,0.0,0.0,0.0,0.0,0.0,0.0,0.0,0.0,0.0,0.0,0.0,0.0,0.0,0.0,-2.2751998374471345,-1.0802880729348396,-1.3672432401679588,0.0,-1.7816227258180892,-1.864181307771548,0.0,0.0
19,0.0,0.0,0.0,0.0,0.0,0.0,0.0,0.0,0.0,0.0,0.0,0.0,0.0,0.0,0.0,0.0,0.0,-1.0435367762367531,-1.7816227258180892,0.0,-1.8057071538097678,-2.6736830853789795,-1.2589660107752345
20,0.0,0.0,0.0,0.0,0.0,0.0,0.0,0.0,0.0,0.0,0.0,0.0,0.0,0.0,0.0,0.0,0.0,-1.6314808653340962,-1.864181307771548,-1.8057071538097678,0.0,-2.1909026505803544,-0.9973586361763529
21,0.0,0.0,0.0,0.0,0.0,0.0,0.0,0.0,0.0,0.0,0.0,0.0,0.0,0.0,0.0,0.0,0.0,0.0,0.0,-2.6736830853789795,-2.1909026505803544,0.0,-1.0805350594458452
22,0.0,0.0,0.0,0.0,0.0,0.0,0.0,0.0,0.0,0.0,0.0,0.0,0.0,0.0,0.0,0.0,0.0,0.0,0.0,-1.2589660107752345,-0.9973586361763529,-1.0805350594458452,0.0
