,0,1,2,3,4,5,6,7,8,9,10,11,12,13,14,15,16,17,18,19,20,21,22,23,24,25,26
0,0.0,-3.0399160089341235,-2.8514009763363477,0.0,0.0,-2.2559728739911917,0.0,0.0,0.0,0.0,0.0,0.0,0.0,0.0,0.0,0.0,0.0,0.0,0.0,0.0,0.0,0.0,0.0,0.0,0.0,0.0,0.0
1,-3.0399160089341235,0.0,-4.595049421025743,0.0,0.0,-2.8617130744788803,-3.530921602729514,0.0,0.0,0.0,0.0,0.0,0.0,0.0,0.0,0.0,0.0,0.0,0.0,0.0,0.0,0.0,0.0,0.0,0.0,0.0,0.0
2,-2.8514009763363477,-4.595049421025743,0.0,-0.7991938249255893,0.0,-3.0412980893951675,-3.337877698723848,0.0,0.0,0.0,0.0,0.0,0.0,0.0,0.0,0.0,0.0,0.0,0.0,0.0,0.0,0.0,0.0,0.0,0.0,0.0,0.0
3,0.0,0.0,-0.7991938249255893,0.0,-2.71089754830596,-0.7324911257266167,-0.8774047213518869,0.0,0.0,0.0,0.0,0.0,0.0,0.0,0.0,0.0,0.0,0.0,0.0,0.0,0.0,0.0,0.0,0.0,0.0,0.0,0.0
4,0.0,0.0,0.0,-2.71089754830596,0.0,-0.8808152045115691,-1.0497536162143615,-1.8979776826798742,0.0,0.0,0.0,0.0,0.0,0.0,0.0,0.0,0.0,0.0,0.0,0.0,0.0,0.0,0.0,0.0,0.0,0.0,0.0
5,-2.2559728739911917,-2.8617130744788803,-3.0412980893951675,-0.7324911257266167,-0.8808152045115691,0.0,-2.6726071195868797,0.0,0.0,0.0,0.0,0.0,0.0,0.0,0.0,0.0,0.0,0.0,0.0,0.0,0.0,0.0,0.0,0.0,0.0,0.0,0.0
6,0.0,-3.530921602729514,-3.337877698723848,-0.8774047213518869,-1.0497536162143615,-2.6726071195868797,0.0,0.0,0.0,0.0,0.0,0.0,0.0,0.0,0.0,0.0,0.0,0.0,0.0,0.0,0.0,0.0,0.0,0.0,0.0,0.0,0.0
7,0.0,0.0,0.0,0.0,-1.8979776826798742,0.0,0.0,0.0,-2.097321604904203,-1.3722273685640016,-1.28478071661505,0.0,0.0,0.0,0.0,0.0,0.0,0.0,0.0,0.0,0.0,0.0,0.0,0.0,0.0,0.0,0.0
8,0.0,0.0,0.0,0.0,0.0,0.0,0.0,-2.097321604904203,0.0,-1.0000403220989524,-0.948007327154686,0.0,0.0,0.0,0.0,0.0,0.0,0.0,0.0,0.0,0.0,0.0,0.0,0.0,0.0,0.0,0.0
9,0.0,0.0,0.0,0.0,0.0,0.0,0.0,-1.3722273685640016,-1.0000403220989524,0.0,-3.4638570667059927,0.0,0.0,0.0,0.0,0.0,0.0,0.0,0.0,0.0,0.0,0.0,0.0,0.0,0.0,0.0,0.0
10,0.0,0.0,0.0,0.0,0.0,0.0,0.0,-1.28478071661505,-0.948007327154686,-3.4638570667059927,0.0,0.0,-2.7529670282354903,0.0,0.0,0.0,0.0,0.0,0.0,0.0,0.0,0.0,0.0,0.0,0.0,0.0,0.0
11,0.0,0.0,0.0,0.0,0.0,0.0,0.0,0.0,0.0,0.0,0.0,0.0,-0.8855959167911457,-0.8758718237936524,-2.554392765956736,0.0,0.0,0.0,0.0,0.0,0.0,0.0,0.0,0.0,0.0,0.0,0.0
12,0.0,0.0,0.0,0.0,0.0,0.0,0.0,0.0,0.0,0.0,-2.7529670282354903,-0.8855959167911457,0.0,-4.596804386810559,0.0,0.0,0.0,0.0,0.0,0.0,0.0,0.0,0.0,0.0,0.0,0.0,0.0
13,0.0,0.0,0.0,0.0,0.0,0.0,0.0,0.0,0.0,0.0,0.0,-0.8758718237936524,-4.596804386810559,0.0,-1.0114433266053156,0.0,0.0,0.0,0.0,0.0,0.0,0.0,0.0,0.0,0.0,0.0,0.0
14,0.0,0.0,0.0,0.0,0.0,0.0,0.0,0.0,0.0,0.0,0.0,-2.554392765956736,0.0,-1.0114433266053156,0.0,-1.8193108071667767,-0.7707561933631929,0.0,-1.3197301163105533,0.0,-0.9968635936915684,0.0,0.0,0.0,0.0,0.0,0.0
15,0.0,0.0,0.0,0.0,0.0,0.0,0.0,0.0,0.0,0.0,0.0,0.0,0.0,0.0,-1.8193108071667767,0.0,0.0,-1.745078993790589,-0.8469583647570633,-2.167599046094133,-0.6361270205748352,0.0,0.0,0.0,0.0,0.0,0.0
16,0.0,0.0,0.0,0.0,0.0,0.0,0.0,0.0,0.0,0.0,0.0,0.0,0.0,0.0,-0.7707561933631929,0.0,0.0,0.0,-0.7728455829793546,0.0,-0.7389030585202541,0.0,0.0,0.0,0.0,0.0,0.0
17,0.0,0.0,0.0,0.0,0.0,0.0,0.0,0.0,0.0,0.0,0.0,0.0,0.0,0.0,0.0,-1.745078993790589,0.0,0.0,0.0,-2.165047575285101,0.0,-1.2562804260281402,0.0,0.0,0.0,0.0,0.0
18,0.0,0.0,0.0,0.0,0.0,0.0,0.0,0.0,0.0,0.0,0.0,0.0,0.0,0.0,-1.3197301163105533,-0.8469583647570633,-0.7728455829793546,0.0,0.0,0.0,-2.262364909572168,0.0,0.0,0.0,0.0,0.0,0.0
19,0.0,0.0,0.0,0.0,0.0,0.0,0.0,0.0,0.0,0.0,0.0,0.0,0.0,0.0,0.0,-2.167599046094133,0.0,-2.165047575285101,0.0,0.0,-0.8794731825070201,-1.424098761466911,0.0,0.0,0.0,0.0,0.0
20,0.0,0.0,0.0,0.0,0.0,0.0,0.0,0.0,0.0,0.0,0.0,0.0,0.0,0.0,-0.9968635936915684,-0.6361270205748352,-0.7389030585202541,0.0,-2.262364909572168,-0.8794731825070201,0.0,0.0,0.0,0.0,0.0,0.0,0.0
21,0.0,0.0,0.0,0.0,0.0,0.0,0.0,0.0,0.0,0.0,0.0,0.0,0.0,0.0,0.0,0.0,0.0,-1.2562804260281402,0.0,-1.424098761466911,0.0,0.0,-1.7909929204047743,0.0,0.0,0.0,-0.87041257174837
22,0.0,0.0,0.0,0.0,0.0,0.0,0.0,0.0,0.0,0.0,0.0,0.0,0.0,0.0,0.0,0.0,0.0,0.0,0.0,0.0,0.0,-1.7909929204047743,0.0,-0.8146518455820275,-1.7927993288272956,-1.0080556807167236,-1.1551095132676934
23,0.0,0.0,0.0,0.0,0.0,0.0,0.0,0.0,0.0,0.0,0.0,0.0,0.0,0.0,0.0,0.0,0.0,0.0,0.0,0.0,0.0,0.0,-0.8146518455820275,0.0,-1.148299659376456,-1.5527495794815493,0.0
24,0.0,0.0,0.0,0.0,0.0,0.0,0.0,0.0,0.0,0.0,0.0,0.0,0.0,0.0,0.0,0.0,0.0,0.0,0.0,0.0,0.0,0.0,-1.7927993288272956,-1.148299659376456,0.0,-1.6114756981427318,-1.1459222937468392
25,0.0,0.0,0.0,0.0,0.0,0.0,0.0,0.0,0.0,0.0,0.0,0.0,0.0,0.0,0.0,0.0,0.0,0.0,0.0,0.0,0.0,0.0,-1.0080556807167236,-1.5527495794815493,-1.6114756981427318,0.0,0.0
26,0.0,0.0,0.0,0.0,0.0,0.0,0.0,0.0,0.0,0.0,0.0,0.0,0.0,0.0,0.0,0.0,0.0,0.0,0.0,0.0,0.0,-0.87041257174837,-1.1551095132676934,0.0,-1.1459222937468392,0.0,0.0
