,0,1,2,3,4,5,6,7,8,9,10,11,12,13,14,15,16,17,18,19,20,21,22,23,24,25,26,27
0,0.0,-5.151624297466827,-1.8430374537204475,-1.7073747910195525,0.0,0.0,0.0,0.0,0.0,0.0,0.0,0.0,0.0,0.0,0.0,0.0,0.0,0.0,0.0,0.0,0.0,0.0,0.0,0.0,0.0,0.0,0.0,0.0
1,-5.151624297466827,0.0,-1.8271804754190395,-1.6906977812910913,-4.459227839444632,0.0,0.0,0.0,0.0,0.0,0.0,0.0,0.0,0.0,0.0,0.0,0.0,0.0,0.0,0.0,0.0,0.0,0.0,0.0,0.0,0.0,0.0,0.0
2,-1.8430374537204475,-1.8271804754190395,0.0,-3.5369941657907216,-1.844836315691935,-1.70096026536298,0.0,0.0,0.0,0.0,0.0,0.0,0.0,0.0,0.0,0.0,0.0,0.0,0.0,0.0,0.0,0.0,0.0,0.0,0.0,0.0,0.0,0.0
3,-1.7073747910195525,-1.6906977812910913,-3.5369941657907216,0.0,-1.7124923258935134,-1.5781950889550054,0.0,0.0,0.0,0.0,0.0,0.0,0.0,0.0,0.0,0.0,0.0,0.0,0.0,0.0,0.0,0.0,0.0,0.0,0.0,0.0,0.0,0.0
4,0.0,-4.459227839444632,-1.844836315691935,-1.7124923258935134,0.0,-3.5266858146487428,-2.951974179586025,-2.3165367279889253,0.0,0.0,0.0,0.0,0.0,0.0,0.0,0.0,0.0,0.0,0.0,0.0,0.0,0.0,0.0,0.0,0.0,0.0,0.0,0.0
5,0.0,0.0,-1.70096026536298,-1.5781950889550054,-3.5266858146487428,0.0,-2.5054981170300934,-2.2012146448454195,0.0,0.0,0.0,0.0,0.0,0.0,0.0,0.0,0.0,0.0,0.0,0.0,0.0,0.0,0.0,0.0,0.0,0.0,0.0,0.0
6,0.0,0.0,0.0,0.0,-2.951974179586025,-2.5054981170300934,0.0,-2.3175449182126373,-1.8365803011384987,0.0,-5.3508456223926455,0.0,0.0,0.0,0.0,0.0,0.0,0.0,0.0,0.0,0.0,0.0,0.0,0.0,0.0,0.0,0.0,0.0
7,0.0,0.0,0.0,0.0,-2.3165367279889253,-2.2012146448454195,-2.3175449182126373,0.0,-1.4634871503228661,0.0,-2.3288590597689147,0.0,0.0,0.0,0.0,0.0,0.0,0.0,0.0,0.0,0.0,0.0,0.0,0.0,0.0,0.0,0.0,0.0
8,0.0,0.0,0.0,0.0,0.0,0.0,-1.8365803011384987,-1.4634871503228661,0.0,-2.620976192981622,-1.8091394265334237,0.0,-1.254630625315338,0.0,0.0,0.0,0.0,0.0,0.0,0.0,0.0,0.0,0.0,0.0,0.0,0.0,0.0,0.0
9,0.0,0.0,0.0,0.0,0.0,0.0,0.0,0.0,-2.620976192981622,0.0,-1.8420064438765629,-2.064174274997956,-1.3087551841635086,0.0,0.0,0.0,0.0,0.0,0.0,0.0,0.0,0.0,0.0,0.0,0.0,0.0,0.0,0.0
10,0.0,0.0,0.0,0.0,0.0,0.0,-5.3508456223926455,-2.3288590597689147,-1.8091394265334237,-1.8420064438765629,0.0,-3.438155063328166,-2.1066333441388334,0.0,0.0,0.0,0.0,0.0,0.0,0.0,0.0,0.0,0.0,0.0,0.0,0.0,0.0,0.0
11,0.0,0.0,0.0,0.0,0.0,0.0,0.0,0.0,0.0,-2.064174274997956,-3.438155063328166,0.0,-1.883926383610988,0.0,-2.909875197107002,0.0,0.0,0.0,0.0,0.0,0.0,0.0,0.0,0.0,0.0,0.0,0.0,0.0
12,0.0,0.0,0.0,0.0,0.0,0.0,0.0,0.0,-1.254630625315338,-1.3087551841635086,-2.1066333441388334,-1.883926383610988,0.0,0.0,0.0,0.0,0.0,0.0,0.0,0.0,0.0,0.0,0.0,0.0,0.0,0.0,0.0,0.0
13,0.0,0.0,0.0,0.0,0.0,0.0,0.0,0.0,0.0,0.0,0.0,0.0,0.0,0.0,-2.487940975359503,-2.5198731732359203,-2.1469602190713726,-1.8892638176576781,0.0,0.0,0.0,0.0,0.0,0.0,0.0,0.0,0.0,0.0
14,0.0,0.0,0.0,0.0,0.0,0.0,0.0,0.0,0.0,0.0,0.0,-2.909875197107002,0.0,-2.487940975359503,0.0,-2.9587036681335523,-2.4304765992820947,0.0,0.0,0.0,0.0,0.0,0.0,0.0,0.0,0.0,0.0,0.0
15,0.0,0.0,0.0,0.0,0.0,0.0,0.0,0.0,0.0,0.0,0.0,0.0,0.0,-2.5198731732359203,-2.9587036681335523,0.0,-3.183447830065995,-2.6438595669927,0.0,0.0,0.0,0.0,0.0,0.0,0.0,0.0,0.0,0.0
16,0.0,0.0,0.0,0.0,0.0,0.0,0.0,0.0,0.0,0.0,0.0,0.0,0.0,-2.1469602190713726,-2.4304765992820947,-3.183447830065995,0.0,-3.001553151542772,0.0,0.0,0.0,0.0,0.0,0.0,0.0,0.0,0.0,0.0
17,0.0,0.0,0.0,0.0,0.0,0.0,0.0,0.0,0.0,0.0,0.0,0.0,0.0,-1.8892638176576781,0.0,-2.6438595669927,-3.001553151542772,0.0,0.0,0.0,0.0,0.0,0.0,0.0,-0.17916737240991745,0.0,0.0,0.0
18,0.0,0.0,0.0,0.0,0.0,0.0,0.0,0.0,0.0,0.0,0.0,0.0,0.0,0.0,0.0,0.0,0.0,0.0,0.0,-1.5124688847374506,-0.960736758672144,-1.2395181130971917,0.0,0.0,-0.0498587638185739,0.0,0.0,0.0
19,0.0,0.0,0.0,0.0,0.0,0.0,0.0,0.0,0.0,0.0,0.0,0.0,0.0,0.0,0.0,0.0,0.0,0.0,-1.5124688847374506,0.0,-1.79522929471182,-2.622954206602735,0.0,0.0,-0.2066541806960078,0.0,0.0,0.0
20,0.0,0.0,0.0,0.0,0.0,0.0,0.0,0.0,0.0,0.0,0.0,0.0,0.0,0.0,0.0,0.0,0.0,0.0,-0.960736758672144,-1.79522929471182,0.0,-2.1517763271685255,-2.1926763168017835,0.0,0.0,0.0,0.0,0.0
21,0.0,0.0,0.0,0.0,0.0,0.0,0.0,0.0,0.0,0.0,0.0,0.0,0.0,0.0,0.0,0.0,0.0,0.0,-1.2395181130971917,-2.622954206602735,-2.1517763271685255,0.0,-2.474508087676749,-2.894436186487126,0.0,0.0,0.0,0.0
22,0.0,0.0,0.0,0.0,0.0,0.0,0.0,0.0,0.0,0.0,0.0,0.0,0.0,0.0,0.0,0.0,0.0,0.0,0.0,0.0,-2.1926763168017835,-2.474508087676749,0.0,-2.750239130608567,0.0,-2.8308037431763253,0.0,0.0
23,0.0,0.0,0.0,0.0,0.0,0.0,0.0,0.0,0.0,0.0,0.0,0.0,0.0,0.0,0.0,0.0,0.0,0.0,0.0,0.0,0.0,-2.894436186487126,-2.750239130608567,0.0,0.0,-3.9611959707342255,-1.7569413607131683,-2.647220609022869
24,0.0,0.0,0.0,0.0,0.0,0.0,0.0,0.0,0.0,0.0,0.0,0.0,0.0,0.0,0.0,0.0,0.0,-0.17916737240991745,-0.0498587638185739,-0.2066541806960078,0.0,0.0,0.0,0.0,0.0,0.0,0.0,0.0
25,0.0,0.0,0.0,0.0,0.0,0.0,0.0,0.0,0.0,0.0,0.0,0.0,0.0,0.0,0.0,0.0,0.0,0.0,0.0,0.0,0.0,0.0,-2.8308037431763253,-3.9611959707342255,0.0,0.0,-1.728933674298696,-2.955078937977403
26,0.0,0.0,0.0,0.0,0.0,0.0,0.0,0.0,0.0,0.0,0.0,0.0,0.0,0.0,0.0,0.0,0.0,0.0,0.0,0.0,0.0,0.0,0.0,-1.7569413607131683,0.0,-1.728933674298696,0.0,-1.6571206014707054
27,0.0,0.0,0.0,0.0,0.0,0.0,0.0,0.0,0.0,0.0,0.0,0.0,0.0,0.0,0.0,0.0,0.0,0.0,0.0,0.0,0.0,0.0,0.0,-2.647220609022869,0.0,-2.955078937977403,-1.6571206014707054,0.0
