,0,1,2,3,4,5,6,7,8,9,10,11,12,13,14,15,16,17,18,19,20,21,22
0,0.0,-4.137177179685452,-1.3150668964698877,0.0,-1.310353021674503,0.0,0.0,0.0,0.0,0.0,0.0,0.0,0.0,0.0,0.0,0.0,0.0,0.0,0.0,0.0,0.0,0.0,0.0
1,-4.137177179685452,0.0,-1.3499168130328696,0.0,-1.3459781625778493,0.0,0.0,0.0,0.0,0.0,0.0,0.0,0.0,0.0,0.0,0.0,0.0,0.0,0.0,0.0,0.0,0.0,0.0
2,-1.3150668964698877,-1.3499168130328696,0.0,-1.3614970629324725,-5.272445582331861,0.0,-2.410201131471838,0.0,0.0,0.0,0.0,0.0,0.0,0.0,0.0,0.0,0.0,0.0,0.0,0.0,0.0,0.0,0.0
3,0.0,0.0,-1.3614970629324725,0.0,-1.358069687201466,-2.4108090765884755,-1.0612354584987167,0.0,0.0,0.0,0.0,0.0,0.0,0.0,0.0,0.0,0.0,0.0,0.0,0.0,0.0,0.0,0.0
4,-1.310353021674503,-1.3459781625778493,-5.272445582331861,-1.358069687201466,0.0,0.0,-2.4157386061473365,0.0,0.0,0.0,0.0,0.0,0.0,0.0,0.0,0.0,0.0,0.0,0.0,0.0,0.0,0.0,0.0
5,0.0,0.0,0.0,-2.4108090765884755,0.0,0.0,-1.0679985518449973,-2.7280596646356012,-2.1823224384899906,-1.2444090472647011,0.0,0.0,0.0,0.0,0.0,0.0,0.0,0.0,0.0,0.0,0.0,0.0,0.0
6,0.0,0.0,-2.410201131471838,-1.0612354584987167,-2.4157386061473365,-1.0679985518449973,0.0,0.0,0.0,0.0,0.0,0.0,0.0,0.0,0.0,0.0,0.0,0.0,0.0,0.0,0.0,0.0,0.0
7,0.0,0.0,0.0,0.0,0.0,-2.7280596646356012,0.0,0.0,-2.859140720084544,-1.1641997646336986,0.0,0.0,0.0,0.0,0.0,0.0,0.0,0.0,0.0,0.0,0.0,0.0,0.0
8,0.0,0.0,0.0,0.0,0.0,-2.1823224384899906,0.0,-2.859140720084544,0.0,-1.2094771005835059,0.0,0.0,0.0,0.0,0.0,0.0,0.0,0.0,0.0,0.0,0.0,0.0,0.0
9,0.0,0.0,0.0,0.0,0.0,-1.2444090472647011,0.0,-1.1641997646336986,-1.2094771005835059,0.0,0.0,0.0,0.0,0.0,0.0,0.0,0.0,0.0,0.0,0.0,0.0,0.0,0.0
10,0.0,0.0,0.0,0.0,0.0,0.0,0.0,0.0,0.0,0.0,0.0,-1.2970029699288996,-4.439110586127036,-2.660007895393142,0.0,0.0,0.0,0.0,0.0,0.0,0.0,0.0,0.0
11,0.0,0.0,0.0,0.0,0.0,0.0,0.0,0.0,0.0,0.0,-1.2970029699288996,0.0,-1.2593898703421351,-1.1936988471409093,-2.360908788169383,0.0,-1.306802207488094,0.0,0.0,0.0,0.0,0.0,0.0
12,0.0,0.0,0.0,0.0,0.0,0.0,0.0,0.0,0.0,0.0,-4.439110586127036,-1.2593898703421351,0.0,-2.782456509138787,0.0,0.0,-2.3872985844930668,0.0,0.0,0.0,0.0,0.0,0.0
13,0.0,0.0,0.0,0.0,0.0,0.0,0.0,0.0,0.0,0.0,-2.660007895393142,-1.1936988471409093,-2.782456509138787,0.0,0.0,0.0,-3.0144843553621024,0.0,0.0,0.0,0.0,0.0,0.0
14,0.0,0.0,0.0,0.0,0.0,0.0,0.0,0.0,0.0,0.0,0.0,-2.360908788169383,0.0,0.0,0.0,-1.4392918606712,-1.1140294068804493,0.0,0.0,0.0,0.0,0.0,0.0
15,0.0,0.0,0.0,0.0,0.0,0.0,0.0,0.0,0.0,0.0,0.0,0.0,0.0,0.0,-1.4392918606712,0.0,-1.192512879020887,-1.1141175043188483,-1.8160063983231147,0.0,0.0,0.0,0.0
16,0.0,0.0,0.0,0.0,0.0,0.0,0.0,0.0,0.0,0.0,0.0,-1.306802207488094,-2.3872985844930668,-3.0144843553621024,-1.1140294068804493,-1.192512879020887,0.0,-1.1139571215195767,0.0,0.0,0.0,0.0,0.0
17,0.0,0.0,0.0,0.0,0.0,0.0,0.0,0.0,0.0,0.0,0.0,0.0,0.0,0.0,0.0,-1.1141175043188483,-1.1139571215195767,0.0,-1.7936243006811172,-1.1985259272397661,0.0,0.0,0.0
18,0.0,0.0,0.0,0.0,0.0,0.0,0.0,0.0,0.0,0.0,0.0,0.0,0.0,0.0,0.0,-1.8160063983231147,0.0,-1.7936243006811172,0.0,-1.3667054128159704,-0.6685645214574082,0.0,0.0
19,0.0,0.0,0.0,0.0,0.0,0.0,0.0,0.0,0.0,0.0,0.0,0.0,0.0,0.0,0.0,0.0,0.0,-1.1985259272397661,-1.3667054128159704,0.0,-1.2215981957084234,-1.71469754861791,-0.4017661351748659
20,0.0,0.0,0.0,0.0,0.0,0.0,0.0,0.0,0.0,0.0,0.0,0.0,0.0,0.0,0.0,0.0,0.0,0.0,-0.6685645214574082,-1.2215981957084234,0.0,-0.7883313696075845,-0.6928865623336619
21,0.0,0.0,0.0,0.0,0.0,0.0,0.0,0.0,0.0,0.0,0.0,0.0,0.0,0.0,0.0,0.0,0.0,0.0,0.0,-1.71469754861791,-0.7883313696075845,0.0,-0.3188687814209596
22,0.0,0.0,0.0,0.0,0.0,0.0,0.0,0.0,0.0,0.0,0.0,0.0,0.0,0.0,0.0,0.0,0.0,0.0,0.0,-0.4017661351748659,-0.6928865623336619,-0.3188687814209596,0.0
