,0,1,2,3,4,5,6,7,8,9,10,11,12,13,14,15,16,17,18,19,20,21,22
0,0.0,-1.1462055262330915,-2.9012302573099618,-1.1241891835929552,0.0,0.0,0.0,0.0,0.0,0.0,0.0,0.0,0.0,0.0,0.0,0.0,0.0,0.0,0.0,0.0,0.0,0.0,0.0
1,-1.1462055262330915,0.0,-1.1285779053954488,-4.147035765065411,-3.2620087735739056,0.0,0.0,0.0,0.0,0.0,0.0,0.0,0.0,0.0,0.0,0.0,0.0,0.0,0.0,0.0,0.0,0.0,0.0
2,-2.9012302573099618,-1.1285779053954488,0.0,-1.1001091846337518,-1.2501778196678575,0.0,-1.1368762230913074,0.0,0.0,0.0,0.0,0.0,0.0,0.0,0.0,0.0,0.0,0.0,0.0,0.0,0.0,0.0,0.0
3,-1.1241891835929552,-4.147035765065411,-1.1001091846337518,0.0,-3.0698701754840796,0.0,-4.224120350930594,0.0,0.0,0.0,0.0,0.0,0.0,0.0,0.0,0.0,0.0,0.0,0.0,0.0,0.0,0.0,0.0
4,0.0,-3.2620087735739056,-1.2501778196678575,-3.0698701754840796,0.0,0.0,-3.3570208984659367,0.0,0.0,0.0,0.0,0.0,0.0,0.0,0.0,0.0,0.0,0.0,0.0,0.0,0.0,0.0,0.0
5,0.0,0.0,0.0,0.0,0.0,0.0,-1.206366322473884,-1.226892253769515,-1.193292311972464,0.0,0.0,0.0,0.0,0.0,0.0,0.0,0.0,0.0,0.0,0.0,0.0,0.0,0.0
6,0.0,0.0,-1.1368762230913074,-4.224120350930594,-3.3570208984659367,-1.206366322473884,0.0,-4.956567732696706,-4.336409969750086,0.0,0.0,0.0,0.0,0.0,0.0,0.0,0.0,0.0,0.0,0.0,0.0,0.0,0.0
7,0.0,0.0,0.0,0.0,0.0,-1.226892253769515,-4.956567732696706,0.0,-4.318156869332483,-2.0323378248024393,-4.055970531261985,0.0,0.0,0.0,0.0,0.0,0.0,0.0,0.0,0.0,0.0,0.0,0.0
8,0.0,0.0,0.0,0.0,0.0,-1.193292311972464,-4.336409969750086,-4.318156869332483,0.0,-1.9443585456566024,-4.059551469252001,0.0,0.0,-2.937131389983985,0.0,0.0,0.0,0.0,0.0,0.0,0.0,0.0,0.0
9,0.0,0.0,0.0,0.0,0.0,0.0,0.0,-2.0323378248024393,-1.9443585456566024,0.0,-1.9336695405752402,0.0,0.0,-2.008309213282455,0.0,0.0,0.0,0.0,0.0,0.0,0.0,0.0,0.0
10,0.0,0.0,0.0,0.0,0.0,0.0,0.0,-4.055970531261985,-4.059551469252001,-1.9336695405752402,0.0,0.0,0.0,-3.281353303286057,0.0,0.0,0.0,0.0,0.0,0.0,0.0,0.0,0.0
11,0.0,0.0,0.0,0.0,0.0,0.0,0.0,0.0,0.0,0.0,0.0,0.0,-1.8877096540025953,0.0,-1.109175905273728,-1.793815062687547,0.0,0.0,0.0,0.0,0.0,0.0,0.0
12,0.0,0.0,0.0,0.0,0.0,0.0,0.0,0.0,0.0,0.0,0.0,-1.8877096540025953,0.0,0.0,-1.02431123123334,-1.5547858799084957,0.0,0.0,0.0,0.0,0.0,0.0,0.0
13,0.0,0.0,0.0,0.0,0.0,0.0,0.0,0.0,-2.937131389983985,-2.008309213282455,-3.281353303286057,0.0,0.0,0.0,-3.1034178690189105,0.0,0.0,0.0,0.0,0.0,0.0,0.0,0.0
14,0.0,0.0,0.0,0.0,0.0,0.0,0.0,0.0,0.0,0.0,0.0,-1.109175905273728,-1.02431123123334,-3.1034178690189105,0.0,0.0,0.0,0.0,0.0,0.0,0.0,0.0,0.0
15,0.0,0.0,0.0,0.0,0.0,0.0,0.0,0.0,0.0,0.0,0.0,-1.793815062687547,-1.5547858799084957,0.0,0.0,0.0,-1.7127973437033222,-0.8416389132832748,0.0,0.0,0.0,0.0,0.0
16,0.0,0.0,0.0,0.0,0.0,0.0,0.0,0.0,0.0,0.0,0.0,0.0,0.0,0.0,0.0,-1.7127973437033222,0.0,-0.9925213289247018,-1.8439554052828158,0.0,0.0,0.0,0.0
17,0.0,0.0,0.0,0.0,0.0,0.0,0.0,0.0,0.0,0.0,0.0,0.0,0.0,0.0,0.0,-0.8416389132832748,-0.9925213289247018,0.0,-0.8656339454796251,0.0,0.0,0.0,0.0
18,0.0,0.0,0.0,0.0,0.0,0.0,0.0,0.0,0.0,0.0,0.0,0.0,0.0,0.0,0.0,0.0,-1.8439554052828158,-0.8656339454796251,0.0,-1.4805967640251183,-1.6468035304364186,0.0,0.0
19,0.0,0.0,0.0,0.0,0.0,0.0,0.0,0.0,0.0,0.0,0.0,0.0,0.0,0.0,0.0,0.0,0.0,0.0,-1.4805967640251183,0.0,-1.0717933263062767,-1.7753125748712575,-1.612918723265134
20,0.0,0.0,0.0,0.0,0.0,0.0,0.0,0.0,0.0,0.0,0.0,0.0,0.0,0.0,0.0,0.0,0.0,0.0,-1.6468035304364186,-1.0717933263062767,0.0,-1.1779829275460665,-1.2730877673825665
21,0.0,0.0,0.0,0.0,0.0,0.0,0.0,0.0,0.0,0.0,0.0,0.0,0.0,0.0,0.0,0.0,0.0,0.0,0.0,-1.7753125748712575,-1.1779829275460665,0.0,-3.181674224244398
22,0.0,0.0,0.0,0.0,0.0,0.0,0.0,0.0,0.0,0.0,0.0,0.0,0.0,0.0,0.0,0.0,0.0,0.0,0.0,-1.612918723265134,-1.2730877673825665,-3.181674224244398,0.0
