,0,1,2,3,4,5,6,7,8,9,10,11,12,13,14,15,16,17,18,19,20,21,22,23
0,0.0,-4.003341921791975,-1.1512199846248434,-3.7453946603135706,0.0,0.0,0.0,0.0,0.0,0.0,0.0,0.0,0.0,0.0,0.0,0.0,0.0,0.0,0.0,0.0,0.0,0.0,0.0,0.0
1,-4.003341921791975,0.0,-1.115831631100732,-3.7749117864539317,-4.05050218058732,0.0,0.0,0.0,0.0,0.0,0.0,0.0,0.0,0.0,0.0,0.0,0.0,0.0,0.0,0.0,0.0,0.0,0.0,0.0
2,-1.1512199846248434,-1.115831631100732,0.0,-1.184119656749934,0.0,-2.3659348721199684,0.0,0.0,0.0,0.0,0.0,0.0,0.0,0.0,0.0,0.0,0.0,0.0,0.0,0.0,0.0,0.0,0.0,0.0
3,-3.7453946603135706,-3.7749117864539317,-1.184119656749934,0.0,-4.955281148028328,-0.9342567178086939,-1.1790913705240489,-4.110300727984448,0.0,0.0,0.0,0.0,0.0,0.0,0.0,0.0,0.0,0.0,0.0,0.0,0.0,0.0,0.0,0.0
4,0.0,-4.05050218058732,0.0,-4.955281148028328,0.0,-0.9173488186354881,-1.1566952244758364,-3.7978699424901072,-3.9918410530165294,0.0,0.0,0.0,0.0,0.0,0.0,0.0,0.0,0.0,0.0,0.0,0.0,0.0,0.0,0.0
5,0.0,0.0,-2.3659348721199684,-0.9342567178086939,-0.9173488186354881,0.0,-2.2751646412117847,0.0,0.0,0.0,0.0,0.0,0.0,0.0,0.0,0.0,0.0,0.0,0.0,0.0,0.0,0.0,0.0,0.0
6,0.0,0.0,0.0,-1.1790913705240489,-1.1566952244758364,-2.2751646412117847,0.0,-1.216013803958251,0.0,0.0,0.0,0.0,0.0,0.0,0.0,0.0,0.0,0.0,0.0,0.0,0.0,0.0,0.0,0.0
7,0.0,0.0,0.0,-4.110300727984448,-3.7978699424901072,0.0,-1.216013803958251,0.0,-3.2020353720095422,0.0,0.0,0.0,0.0,0.0,0.0,0.0,0.0,0.0,0.0,0.0,0.0,0.0,0.0,0.0
8,0.0,0.0,0.0,0.0,-3.9918410530165294,0.0,0.0,-3.2020353720095422,0.0,-4.518312165982671,0.0,0.0,0.0,0.0,0.0,0.0,0.0,0.0,0.0,0.0,0.0,0.0,0.0,0.0
9,0.0,0.0,0.0,0.0,0.0,0.0,0.0,0.0,-4.518312165982671,0.0,-3.620445415936158,-3.777606730496549,0.0,0.0,0.0,0.0,0.0,0.0,0.0,0.0,0.0,0.0,0.0,0.0
10,0.0,0.0,0.0,0.0,0.0,0.0,0.0,0.0,0.0,-3.620445415936158,0.0,-3.8161541903425973,-1.771730826479244,0.0,0.0,0.0,0.0,0.0,0.0,0.0,0.0,0.0,0.0,0.0
11,0.0,0.0,0.0,0.0,0.0,0.0,0.0,0.0,0.0,-3.777606730496549,-3.8161541903425973,0.0,-1.7980291670581268,0.0,0.0,0.0,0.0,0.0,0.0,0.0,0.0,0.0,0.0,0.0
12,0.0,0.0,0.0,0.0,0.0,0.0,0.0,0.0,0.0,0.0,-1.771730826479244,-1.7980291670581268,0.0,-1.799541332910815,-2.1447053572154027,0.0,0.0,0.0,0.0,0.0,0.0,0.0,0.0,0.0
13,0.0,0.0,0.0,0.0,0.0,0.0,0.0,0.0,0.0,0.0,0.0,0.0,-1.799541332910815,0.0,-1.5709487320516062,-1.572428512186856,0.0,0.0,0.0,0.0,0.0,0.0,0.0,0.0
14,0.0,0.0,0.0,0.0,0.0,0.0,0.0,0.0,0.0,0.0,0.0,0.0,-2.1447053572154027,-1.5709487320516062,0.0,-3.4776994075602574,0.0,0.0,0.0,0.0,0.0,0.0,0.0,0.0
15,0.0,0.0,0.0,0.0,0.0,0.0,0.0,0.0,0.0,0.0,0.0,0.0,0.0,-1.572428512186856,-3.4776994075602574,0.0,-2.639173715674907,-1.7323543245235968,-3.2729399443547176,0.0,0.0,0.0,0.0,0.0
16,0.0,0.0,0.0,0.0,0.0,0.0,0.0,0.0,0.0,0.0,0.0,0.0,0.0,0.0,0.0,-2.639173715674907,0.0,-1.6528146208543466,-2.449506846882228,0.0,0.0,0.0,0.0,0.0
17,0.0,0.0,0.0,0.0,0.0,0.0,0.0,0.0,0.0,0.0,0.0,0.0,0.0,0.0,0.0,-1.7323543245235968,-1.6528146208543466,0.0,-1.9691394039902674,0.0,0.0,0.0,0.0,0.0
18,0.0,0.0,0.0,0.0,0.0,0.0,0.0,0.0,0.0,0.0,0.0,0.0,0.0,0.0,0.0,-3.2729399443547176,-2.449506846882228,-1.9691394039902674,0.0,-2.0938534079503195,0.0,-1.2100776085967413,0.0,0.0
19,0.0,0.0,0.0,0.0,0.0,0.0,0.0,0.0,0.0,0.0,0.0,0.0,0.0,0.0,0.0,0.0,0.0,0.0,-2.0938534079503195,0.0,-1.8227168258933033,-1.6415274953839694,0.0,0.0
20,0.0,0.0,0.0,0.0,0.0,0.0,0.0,0.0,0.0,0.0,0.0,0.0,0.0,0.0,0.0,0.0,0.0,0.0,0.0,-1.8227168258933033,0.0,-1.0713406298008863,-2.0028136761663653,-1.8420026685528694
21,0.0,0.0,0.0,0.0,0.0,0.0,0.0,0.0,0.0,0.0,0.0,0.0,0.0,0.0,0.0,0.0,0.0,0.0,-1.2100776085967413,-1.6415274953839694,-1.0713406298008863,0.0,-1.570937052093543,-1.3665829135198744
22,0.0,0.0,0.0,0.0,0.0,0.0,0.0,0.0,0.0,0.0,0.0,0.0,0.0,0.0,0.0,0.0,0.0,0.0,0.0,0.0,-2.0028136761663653,-1.570937052093543,0.0,-2.1238762973899927
23,0.0,0.0,0.0,0.0,0.0,0.0,0.0,0.0,0.0,0.0,0.0,0.0,0.0,0.0,0.0,0.0,0.0,0.0,0.0,0.0,-1.8420026685528694,-1.3665829135198744,-2.1238762973899927,0.0
