,0,1,2,3,4,5,6,7,8,9,10,11,12,13,14,15,16,17,18,19,20,21,22,23
0,0.0,-1.263461132068884,-1.225331678739499,-1.1991828116802725,0.0,0.0,0.0,0.0,0.0,0.0,0.0,0.0,0.0,0.0,0.0,0.0,0.0,0.0,0.0,0.0,0.0,0.0,0.0,0.0
1,-1.263461132068884,0.0,-2.412744833109449,-2.261451316734133,-1.2238173515689774,0.0,0.0,0.0,0.0,0.0,0.0,0.0,0.0,0.0,0.0,0.0,0.0,0.0,0.0,0.0,0.0,0.0,0.0,0.0
2,-1.225331678739499,-2.412744833109449,0.0,-4.198418361412223,-1.2278894476294462,0.0,-1.2812260059271832,0.0,0.0,0.0,0.0,0.0,0.0,0.0,0.0,0.0,0.0,0.0,0.0,0.0,0.0,0.0,0.0,0.0
3,-1.1991828116802725,-2.261451316734133,-4.198418361412223,0.0,-1.2076656986811944,0.0,-1.2549200198516273,0.0,0.0,0.0,0.0,0.0,0.0,0.0,0.0,0.0,0.0,0.0,0.0,0.0,0.0,0.0,0.0,0.0
4,0.0,-1.2238173515689774,-1.2278894476294462,-1.2076656986811944,0.0,0.0,-3.3896454954421866,0.0,0.0,0.0,0.0,0.0,0.0,0.0,0.0,0.0,0.0,0.0,0.0,0.0,0.0,0.0,0.0,0.0
5,0.0,0.0,0.0,0.0,0.0,0.0,-1.2222759887111818,-1.2034738016361457,-0.8697834556497411,0.0,0.0,0.0,0.0,0.0,0.0,0.0,0.0,0.0,0.0,0.0,0.0,0.0,0.0,0.0
6,0.0,0.0,-1.2812260059271832,-1.2549200198516273,-3.3896454954421866,-1.2222759887111818,0.0,-3.448291880945755,-2.0835181432949486,0.0,0.0,0.0,0.0,0.0,0.0,0.0,0.0,0.0,0.0,0.0,0.0,0.0,0.0,0.0
7,0.0,0.0,0.0,0.0,0.0,-1.2034738016361457,-3.448291880945755,0.0,-2.078993825137016,-3.5468838026859166,-1.371160319950003,0.0,0.0,0.0,0.0,0.0,0.0,0.0,0.0,0.0,0.0,0.0,0.0,0.0
8,0.0,0.0,0.0,0.0,0.0,-0.8697834556497411,-2.0835181432949486,-2.078993825137016,0.0,-1.89570882374153,0.0,0.0,0.0,0.0,0.0,0.0,0.0,0.0,0.0,0.0,0.0,0.0,0.0,0.0
9,0.0,0.0,0.0,0.0,0.0,0.0,0.0,-3.5468838026859166,-1.89570882374153,0.0,-1.42261998461818,0.0,0.0,0.0,0.0,0.0,0.0,0.0,0.0,0.0,0.0,0.0,0.0,0.0
10,0.0,0.0,0.0,0.0,0.0,0.0,0.0,-1.371160319950003,0.0,-1.42261998461818,0.0,0.0,-1.6110128020686907,0.0,0.0,0.0,0.0,0.0,0.0,0.0,0.0,0.0,0.0,0.0
11,0.0,0.0,0.0,0.0,0.0,0.0,0.0,0.0,0.0,0.0,0.0,0.0,-1.6861184101612436,-1.4587181030871597,-3.12828098929698,0.0,0.0,0.0,0.0,0.0,0.0,0.0,0.0,0.0
12,0.0,0.0,0.0,0.0,0.0,0.0,0.0,0.0,0.0,0.0,-1.6110128020686907,-1.6861184101612436,0.0,-2.5255892385214334,-1.867918154408421,0.0,0.0,0.0,0.0,0.0,0.0,0.0,0.0,0.0
13,0.0,0.0,0.0,0.0,0.0,0.0,0.0,0.0,0.0,0.0,0.0,-1.4587181030871597,-2.5255892385214334,0.0,-1.6462779778421057,0.0,0.0,0.0,0.0,0.0,0.0,0.0,0.0,0.0
14,0.0,0.0,0.0,0.0,0.0,0.0,0.0,0.0,0.0,0.0,0.0,-3.12828098929698,-1.867918154408421,-1.6462779778421057,0.0,-2.92134558894758,-1.8395588082095293,0.0,-0.5654277755883289,0.0,0.0,0.0,0.0,0.0
15,0.0,0.0,0.0,0.0,0.0,0.0,0.0,0.0,0.0,0.0,0.0,0.0,0.0,0.0,-2.92134558894758,0.0,-1.911651773437117,0.0,-0.5238366384717532,0.0,0.0,0.0,0.0,0.0
16,0.0,0.0,0.0,0.0,0.0,0.0,0.0,0.0,0.0,0.0,0.0,0.0,0.0,0.0,-1.8395588082095293,-1.911651773437117,0.0,-1.927105298254202,-0.7523621617374134,-1.5887969684384988,0.0,0.0,0.0,0.0
17,0.0,0.0,0.0,0.0,0.0,0.0,0.0,0.0,0.0,0.0,0.0,0.0,0.0,0.0,0.0,0.0,-1.927105298254202,0.0,0.0,-1.1313733400774146,0.0,0.0,0.0,-0.5625031461430043
18,0.0,0.0,0.0,0.0,0.0,0.0,0.0,0.0,0.0,0.0,0.0,0.0,0.0,0.0,-0.5654277755883289,-0.5238366384717532,-0.7523621617374134,0.0,0.0,-1.320203378282969,0.0,0.0,0.0,0.0
19,0.0,0.0,0.0,0.0,0.0,0.0,0.0,0.0,0.0,0.0,0.0,0.0,0.0,0.0,0.0,0.0,-1.5887969684384988,-1.1313733400774146,-1.320203378282969,0.0,0.0,0.0,0.0,-0.622124006622759
20,0.0,0.0,0.0,0.0,0.0,0.0,0.0,0.0,0.0,0.0,0.0,0.0,0.0,0.0,0.0,0.0,0.0,0.0,0.0,0.0,0.0,-0.8623131808291206,-3.5469343461552234,-0.8097269109711317
21,0.0,0.0,0.0,0.0,0.0,0.0,0.0,0.0,0.0,0.0,0.0,0.0,0.0,0.0,0.0,0.0,0.0,0.0,0.0,0.0,-0.8623131808291206,0.0,-0.8686633975190932,-1.240554069379148
22,0.0,0.0,0.0,0.0,0.0,0.0,0.0,0.0,0.0,0.0,0.0,0.0,0.0,0.0,0.0,0.0,0.0,0.0,0.0,0.0,-3.5469343461552234,-0.8686633975190932,0.0,-0.7749569113407275
23,0.0,0.0,0.0,0.0,0.0,0.0,0.0,0.0,0.0,0.0,0.0,0.0,0.0,0.0,0.0,0.0,0.0,-0.5625031461430043,0.0,-0.622124006622759,-0.8097269109711317,-1.240554069379148,-0.7749569113407275,0.0
