,0,1,2,3,4,5,6,7,8,9,10,11,12,13,14,15,16,17,18,19,20,21,22,23
0,0.0,-4.483243418331485,-5.416099158978281,-1.0710493437209505,0.0,0.0,0.0,0.0,0.0,0.0,0.0,0.0,0.0,0.0,0.0,0.0,0.0,0.0,0.0,0.0,0.0,0.0,0.0,0.0
1,-4.483243418331485,0.0,-4.322190248378892,-1.1026215709976612,0.0,0.0,0.0,0.0,0.0,0.0,0.0,0.0,0.0,0.0,0.0,0.0,0.0,0.0,0.0,0.0,0.0,0.0,0.0,0.0
2,-5.416099158978281,-4.322190248378892,0.0,-1.0634342994052233,0.0,0.0,0.0,0.0,0.0,0.0,0.0,0.0,0.0,0.0,0.0,0.0,0.0,0.0,0.0,0.0,0.0,0.0,0.0,0.0
3,-1.0710493437209505,-1.1026215709976612,-1.0634342994052233,0.0,-1.0784105531508128,0.0,0.0,0.0,0.0,0.0,0.0,0.0,0.0,0.0,0.0,0.0,0.0,0.0,0.0,0.0,0.0,0.0,0.0,0.0
4,0.0,0.0,0.0,-1.0784105531508128,0.0,-4.69089877340422,-3.583468138750085,0.0,0.0,0.0,0.0,0.0,0.0,0.0,0.0,0.0,0.0,0.0,0.0,0.0,0.0,0.0,0.0,0.0
5,0.0,0.0,0.0,0.0,-4.69089877340422,0.0,-3.974163829606999,-4.881864773523858,0.0,0.0,0.0,0.0,0.0,0.0,0.0,0.0,0.0,0.0,0.0,0.0,0.0,0.0,0.0,0.0
6,0.0,0.0,0.0,0.0,-3.583468138750085,-3.974163829606999,0.0,-3.6800926858592837,-3.3708129629506467,-4.109324772332988,0.0,0.0,0.0,0.0,0.0,0.0,0.0,0.0,0.0,0.0,0.0,0.0,0.0,0.0
7,0.0,0.0,0.0,0.0,0.0,-4.881864773523858,-3.6800926858592837,0.0,-4.322428621454139,-4.2135677702920376,0.0,0.0,0.0,0.0,0.0,0.0,0.0,0.0,0.0,0.0,0.0,0.0,0.0,0.0
8,0.0,0.0,0.0,0.0,0.0,0.0,-3.3708129629506467,-4.322428621454139,0.0,-3.5860637118695182,0.0,0.0,0.0,0.0,0.0,0.0,0.0,0.0,0.0,0.0,0.0,0.0,0.0,0.0
9,0.0,0.0,0.0,0.0,0.0,0.0,-4.109324772332988,-4.2135677702920376,-3.5860637118695182,0.0,0.0,0.0,0.0,0.0,0.0,0.0,0.0,0.0,0.0,0.0,0.0,0.0,0.0,0.0
10,0.0,0.0,0.0,0.0,0.0,0.0,0.0,0.0,0.0,0.0,0.0,-1.1876552001674183,-2.3227062608437423,-1.3062973330823178,0.0,0.0,0.0,0.0,0.0,0.0,0.0,0.0,0.0,0.0
11,0.0,0.0,0.0,0.0,0.0,0.0,0.0,0.0,0.0,0.0,-1.1876552001674183,0.0,-1.057007252698443,-2.662722809880277,0.0,-1.1502522111693343,0.0,0.0,0.0,0.0,0.0,0.0,0.0,0.0
12,0.0,0.0,0.0,0.0,0.0,0.0,0.0,0.0,0.0,0.0,-2.3227062608437423,-1.057007252698443,0.0,-1.214818601111181,-1.0208846635475186,-3.2847632793849626,0.0,0.0,0.0,0.0,0.0,0.0,0.0,0.0
13,0.0,0.0,0.0,0.0,0.0,0.0,0.0,0.0,0.0,0.0,-1.3062973330823178,-2.662722809880277,-1.214818601111181,0.0,-2.6882657175103875,-1.3106124897462001,0.0,0.0,0.0,-0.23765091399756294,0.0,0.0,0.0,0.0
14,0.0,0.0,0.0,0.0,0.0,0.0,0.0,0.0,0.0,0.0,0.0,0.0,-1.0208846635475186,-2.6882657175103875,0.0,-1.0936042003653452,0.0,0.0,0.0,-0.18694910567995413,0.0,0.0,0.0,0.0
15,0.0,0.0,0.0,0.0,0.0,0.0,0.0,0.0,0.0,0.0,0.0,-1.1502522111693343,-3.2847632793849626,-1.3106124897462001,-1.0936042003653452,0.0,0.0,0.0,0.0,-0.2823404022401097,0.0,0.0,0.0,0.0
16,0.0,0.0,0.0,0.0,0.0,0.0,0.0,0.0,0.0,0.0,0.0,0.0,0.0,0.0,0.0,0.0,0.0,-3.819459011554947,-0.5861890858650994,0.0,-0.7341561592890252,0.0,0.0,0.0
17,0.0,0.0,0.0,0.0,0.0,0.0,0.0,0.0,0.0,0.0,0.0,0.0,0.0,0.0,0.0,0.0,-3.819459011554947,0.0,0.0,0.0,-0.7739101174707754,0.0,0.0,0.060881032505731764
18,0.0,0.0,0.0,0.0,0.0,0.0,0.0,0.0,0.0,0.0,0.0,0.0,0.0,0.0,0.0,0.0,-0.5861890858650994,0.0,0.0,-0.7584259863742078,-1.6575242507002335,-0.5969019154287691,0.0,0.0
19,0.0,0.0,0.0,0.0,0.0,0.0,0.0,0.0,0.0,0.0,0.0,0.0,0.0,-0.23765091399756294,-0.18694910567995413,-0.2823404022401097,0.0,0.0,-0.7584259863742078,0.0,0.0,0.0,0.0,0.0
20,0.0,0.0,0.0,0.0,0.0,0.0,0.0,0.0,0.0,0.0,0.0,0.0,0.0,0.0,0.0,0.0,-0.7341561592890252,-0.7739101174707754,-1.6575242507002335,0.0,0.0,-0.8906795296598612,-2.897799998720383,-0.5052380186618813
21,0.0,0.0,0.0,0.0,0.0,0.0,0.0,0.0,0.0,0.0,0.0,0.0,0.0,0.0,0.0,0.0,0.0,0.0,-0.5969019154287691,0.0,-0.8906795296598612,0.0,-0.8068436512929222,-0.6195165633829868
22,0.0,0.0,0.0,0.0,0.0,0.0,0.0,0.0,0.0,0.0,0.0,0.0,0.0,0.0,0.0,0.0,0.0,0.0,0.0,0.0,-2.897799998720383,-0.8068436512929222,0.0,-0.5376579002764642
23,0.0,0.0,0.0,0.0,0.0,0.0,0.0,0.0,0.0,0.0,0.0,0.0,0.0,0.0,0.0,0.0,0.0,0.060881032505731764,0.0,0.0,-0.5052380186618813,-0.6195165633829868,-0.5376579002764642,0.0
