,0,1,2,3,4,5,6,7,8,9,10,11,12,13,14,15,16,17,18,19,20,21
0,0.0,-1.113786534989291,-4.280364403311527,-4.195419030493201,0.0,0.0,0.0,0.0,0.0,0.0,0.0,0.0,0.0,0.0,0.0,0.0,0.0,0.0,0.0,0.0,0.0,0.0
1,-1.113786534989291,0.0,-1.0838307210946523,-1.1495235964336736,-1.1046636513731138,0.0,0.0,0.0,0.0,0.0,0.0,0.0,0.0,0.0,0.0,0.0,0.0,0.0,0.0,0.0,0.0,0.0
2,-4.280364403311527,-1.0838307210946523,0.0,-3.8390579230218935,-3.5150799985209313,0.0,0.0,0.0,0.0,0.0,0.0,0.0,0.0,0.0,0.0,0.0,0.0,0.0,0.0,0.0,0.0,0.0
3,-4.195419030493201,-1.1495235964336736,-3.8390579230218935,0.0,-3.44472421837381,0.0,0.0,0.0,0.0,0.0,0.0,0.0,0.0,0.0,0.0,0.0,0.0,0.0,0.0,0.0,0.0,0.0
4,0.0,-1.1046636513731138,-3.5150799985209313,-3.44472421837381,0.0,-1.1486563931169902,-1.165754633483312,-2.424753818765612,0.0,0.0,0.0,0.0,0.0,0.0,0.0,0.0,0.0,0.0,0.0,0.0,0.0,0.0
5,0.0,0.0,0.0,0.0,-1.1486563931169902,0.0,-5.033913778477428,-1.4716432533172976,-3.3083677266388705,0.0,0.0,0.0,0.0,0.0,0.0,0.0,0.0,0.0,0.0,0.0,0.0,0.0
6,0.0,0.0,0.0,0.0,-1.165754633483312,-5.033913778477428,0.0,-1.4960849239288778,-3.5042472083255283,0.0,0.0,0.0,0.0,0.0,0.0,0.0,0.0,0.0,0.0,0.0,0.0,0.0
7,0.0,0.0,0.0,0.0,-2.424753818765612,-1.4716432533172976,-1.4960849239288778,0.0,-1.6179399903424463,0.0,0.0,0.0,0.0,0.0,0.0,0.0,0.0,0.0,0.0,0.0,0.0,0.0
8,0.0,0.0,0.0,0.0,0.0,-3.3083677266388705,-3.5042472083255283,-1.6179399903424463,0.0,0.0,0.0,0.0,0.0,0.0,0.0,0.0,0.0,0.0,0.0,0.0,0.0,0.0
9,0.0,0.0,0.0,0.0,0.0,0.0,0.0,0.0,0.0,0.0,-1.6743071503503608,-2.771798797982404,-2.57819402084318,0.0,0.0,0.0,0.0,0.0,0.0,0.0,0.0,0.0
10,0.0,0.0,0.0,0.0,0.0,0.0,0.0,0.0,0.0,-1.6743071503503608,0.0,-1.5301504068519003,0.0,-2.3307663235631093,0.0,0.0,0.0,0.0,0.0,0.0,0.0,0.0
11,0.0,0.0,0.0,0.0,0.0,0.0,0.0,0.0,0.0,-2.771798797982404,-1.5301504068519003,0.0,-2.4683946299561867,-1.2380102664188637,0.0,0.0,0.0,0.0,0.0,0.0,0.0,0.0
12,0.0,0.0,0.0,0.0,0.0,0.0,0.0,0.0,0.0,-2.57819402084318,0.0,-2.4683946299561867,0.0,-1.5756835586132294,0.0,0.0,0.0,0.0,0.0,0.0,0.0,0.0
13,0.0,0.0,0.0,0.0,0.0,0.0,0.0,0.0,0.0,0.0,-2.3307663235631093,-1.2380102664188637,-1.5756835586132294,0.0,0.0,0.0,0.0,0.0,0.0,0.0,0.0,0.0
14,0.0,0.0,0.0,0.0,0.0,0.0,0.0,0.0,0.0,0.0,0.0,0.0,0.0,0.0,0.0,-1.244968489306379,-3.5666470177962126,-1.1854255639978348,0.0,0.0,0.0,0.0
15,0.0,0.0,0.0,0.0,0.0,0.0,0.0,0.0,0.0,0.0,0.0,0.0,0.0,0.0,-1.244968489306379,0.0,-1.2555050749854384,-2.3190507142805896,0.0,0.0,0.0,0.0
16,0.0,0.0,0.0,0.0,0.0,0.0,0.0,0.0,0.0,0.0,0.0,0.0,0.0,0.0,-3.5666470177962126,-1.2555050749854384,0.0,-1.1657513746019093,-1.8541475338687368,0.0,0.0,0.0
17,0.0,0.0,0.0,0.0,0.0,0.0,0.0,0.0,0.0,0.0,0.0,0.0,0.0,0.0,-1.1854255639978348,-2.3190507142805896,-1.1657513746019093,0.0,-1.8517567822131407,0.0,0.0,0.0
18,0.0,0.0,0.0,0.0,0.0,0.0,0.0,0.0,0.0,0.0,0.0,0.0,0.0,0.0,0.0,0.0,-1.8541475338687368,-1.8517567822131407,0.0,-1.7723228760463776,-2.9090400239001424,-0.31358598271529814
19,0.0,0.0,0.0,0.0,0.0,0.0,0.0,0.0,0.0,0.0,0.0,0.0,0.0,0.0,0.0,0.0,0.0,0.0,-1.7723228760463776,0.0,-1.6261403786644448,-0.5750596611418971
20,0.0,0.0,0.0,0.0,0.0,0.0,0.0,0.0,0.0,0.0,0.0,0.0,0.0,0.0,0.0,0.0,0.0,0.0,-2.9090400239001424,-1.6261403786644448,0.0,-0.2761482283221884
21,0.0,0.0,0.0,0.0,0.0,0.0,0.0,0.0,0.0,0.0,0.0,0.0,0.0,0.0,0.0,0.0,0.0,0.0,-0.31358598271529814,-0.5750596611418971,-0.2761482283221884,0.0
