,0,1,2,3,4,5,6,7,8,9,10,11,12,13,14,15,16,17
0,0.0,-3.4984115391576545,-5.027467019987241,-4.781196073970977,0.0,0.0,0.0,0.0,0.0,0.0,0.0,0.0,0.0,0.0,0.0,0.0,0.0,0.0
1,-3.4984115391576545,0.0,-3.632433223146113,-3.2537157323616426,0.0,0.0,0.0,0.0,0.0,0.0,0.0,0.0,0.0,0.0,0.0,0.0,0.0,0.0
2,-5.027467019987241,-3.632433223146113,0.0,-4.301872110287497,-0.9685197879387896,-3.9397120576725593,0.0,0.0,0.0,0.0,0.0,0.0,0.0,0.0,0.0,0.0,0.0,0.0
3,-4.781196073970977,-3.2537157323616426,-4.301872110287497,0.0,-1.0014395420775353,-5.128080544767832,-1.0472627974453368,0.0,0.0,0.0,0.0,0.0,0.0,0.0,0.0,0.0,0.0,0.0
4,0.0,0.0,-0.9685197879387896,-1.0014395420775353,0.0,-1.0167048220491044,-3.65413621822536,0.0,0.0,0.0,0.0,0.0,0.0,0.0,0.0,0.0,0.0,0.0
5,0.0,0.0,-3.9397120576725593,-5.128080544767832,-1.0167048220491044,0.0,-1.0635552563934465,0.0,0.0,0.0,0.0,0.0,0.0,0.0,0.0,0.0,0.0,0.0
6,0.0,0.0,0.0,-1.0472627974453368,-3.65413621822536,-1.0635552563934465,0.0,-1.0491201213796606,-3.0260540446784,-3.9299226056264134,0.0,0.0,0.0,0.0,0.0,0.0,0.0,0.0
7,0.0,0.0,0.0,0.0,0.0,0.0,-1.0491201213796606,0.0,-1.105701566096355,-0.9963833451221344,0.0,0.0,0.0,0.0,0.0,0.0,0.0,0.0
8,0.0,0.0,0.0,0.0,0.0,0.0,-3.0260540446784,-1.105701566096355,0.0,-2.8847263422626748,0.0,0.0,0.0,0.0,0.0,0.0,0.0,0.0
9,0.0,0.0,0.0,0.0,0.0,0.0,-3.9299226056264134,-0.9963833451221344,-2.8847263422626748,0.0,-1.9786323635109249,0.0,0.0,0.0,0.0,0.0,0.0,0.0
10,0.0,0.0,0.0,0.0,0.0,0.0,0.0,0.0,0.0,-1.9786323635109249,0.0,-0.9668154060795896,-2.3193527387809927,0.0,0.0,0.0,0.0,0.0
11,0.0,0.0,0.0,0.0,0.0,0.0,0.0,0.0,0.0,0.0,-0.9668154060795896,0.0,-0.9342805597033635,-3.480858561756753,0.0,0.0,0.0,0.0
12,0.0,0.0,0.0,0.0,0.0,0.0,0.0,0.0,0.0,0.0,-2.3193527387809927,-0.9342805597033635,0.0,-0.9134623866358065,0.0,-2.0957002198661394,0.0,0.0
13,0.0,0.0,0.0,0.0,0.0,0.0,0.0,0.0,0.0,0.0,0.0,-3.480858561756753,-0.9134623866358065,0.0,-1.881773927252099,-1.0933849040932946,-2.1055464475077486,-1.0496360089241557
14,0.0,0.0,0.0,0.0,0.0,0.0,0.0,0.0,0.0,0.0,0.0,0.0,0.0,-1.881773927252099,0.0,-0.7580984564552687,-1.2975324197494802,0.0
15,0.0,0.0,0.0,0.0,0.0,0.0,0.0,0.0,0.0,0.0,0.0,0.0,-2.0957002198661394,-1.0933849040932946,-0.7580984564552687,0.0,-1.4659793778254813,-2.3661440576678063
16,0.0,0.0,0.0,0.0,0.0,0.0,0.0,0.0,0.0,0.0,0.0,0.0,0.0,-2.1055464475077486,-1.2975324197494802,-1.4659793778254813,0.0,-1.4655937519132183
17,0.0,0.0,0.0,0.0,0.0,0.0,0.0,0.0,0.0,0.0,0.0,0.0,0.0,-1.0496360089241557,0.0,-2.3661440576678063,-1.4655937519132183,0.0
