,0,1,2,3,4,5,6,7,8,9,10,11,12,13,14,15,16,17,18,19,20,21,22
0,0.0,-3.270871846574602,-3.3510442757190013,-3.5286334008612545,0.0,0.0,0.0,0.0,0.0,0.0,0.0,0.0,0.0,0.0,0.0,0.0,0.0,0.0,0.0,0.0,0.0,0.0,0.0
1,-3.270871846574602,0.0,-5.822998835740912,-4.05860823470362,0.0,0.0,0.0,0.0,0.0,0.0,0.0,0.0,0.0,0.0,0.0,0.0,0.0,0.0,0.0,0.0,0.0,0.0,0.0
2,-3.3510442757190013,-5.822998835740912,0.0,-4.192122975779066,-0.5092247150420279,0.0,0.0,0.0,0.0,0.0,0.0,0.0,0.0,0.0,0.0,0.0,0.0,0.0,0.0,0.0,0.0,0.0,0.0
3,-3.5286334008612545,-4.05860823470362,-4.192122975779066,0.0,-0.5338767227859117,-1.931192934847604,-1.6982631228607408,0.0,0.0,0.0,0.0,0.0,0.0,0.0,0.0,0.0,0.0,0.0,0.0,0.0,0.0,0.0,0.0
4,0.0,0.0,-0.5092247150420279,-0.5338767227859117,0.0,-0.7752803396086952,-0.5833915763500456,-1.6056017132868232,0.0,0.0,0.0,0.0,0.0,0.0,0.0,0.0,0.0,0.0,0.0,0.0,0.0,0.0,0.0
5,0.0,0.0,0.0,-1.931192934847604,-0.7752803396086952,0.0,-2.0182962834262055,-1.2319229645310537,-2.8218284854216598,0.0,0.0,0.0,0.0,0.0,0.0,0.0,0.0,0.0,0.0,0.0,0.0,0.0,0.0
6,0.0,0.0,0.0,-1.6982631228607408,-0.5833915763500456,-2.0182962834262055,0.0,-1.000392370393241,-1.8581090612924438,0.0,0.0,0.0,0.0,0.0,0.0,0.0,0.0,0.0,0.0,0.0,0.0,0.0,0.0
7,0.0,0.0,0.0,0.0,-1.6056017132868232,-1.2319229645310537,-1.000392370393241,0.0,-1.074192796976994,0.0,-1.6065624834497356,0.0,0.0,0.0,0.0,0.0,0.0,0.0,0.0,0.0,0.0,0.0,0.0
8,0.0,0.0,0.0,0.0,0.0,-2.8218284854216598,-1.8581090612924438,-1.074192796976994,0.0,-2.1727468915731283,-1.9582074533532712,0.0,0.0,0.0,0.0,0.0,0.0,0.0,0.0,0.0,0.0,0.0,0.0
9,0.0,0.0,0.0,0.0,0.0,0.0,0.0,0.0,-2.1727468915731283,0.0,-1.367215975284772,-2.964926954138946,-4.097709976889064,0.0,0.0,0.0,0.0,0.0,0.0,0.0,0.0,0.0,0.0
10,0.0,0.0,0.0,0.0,0.0,0.0,0.0,-1.6065624834497356,-1.9582074533532712,-1.367215975284772,0.0,-1.2759231895980978,-1.3602185963552913,-0.639752388428885,0.0,0.0,0.0,0.0,0.0,0.0,0.0,0.0,0.0
11,0.0,0.0,0.0,0.0,0.0,0.0,0.0,0.0,0.0,-2.964926954138946,-1.2759231895980978,0.0,-3.3174477565027223,0.0,0.0,0.0,0.0,0.0,0.0,0.0,0.0,0.0,0.0
12,0.0,0.0,0.0,0.0,0.0,0.0,0.0,0.0,0.0,-4.097709976889064,-1.3602185963552913,-3.3174477565027223,0.0,0.0,0.0,0.0,0.0,0.0,0.0,0.0,0.0,0.0,0.0
13,0.0,0.0,0.0,0.0,0.0,0.0,0.0,0.0,0.0,0.0,-0.639752388428885,0.0,0.0,0.0,0.0,-0.4920710469357191,-1.3583750818953704,0.0,0.0,0.0,0.0,0.0,0.0
14,0.0,0.0,0.0,0.0,0.0,0.0,0.0,0.0,0.0,0.0,0.0,0.0,0.0,0.0,0.0,-1.2799900949445064,0.0,-1.8053145966405362,-1.4823163471294887,0.0,0.0,0.0,0.0
15,0.0,0.0,0.0,0.0,0.0,0.0,0.0,0.0,0.0,0.0,0.0,0.0,0.0,-0.4920710469357191,-1.2799900949445064,0.0,-0.615269257818813,-1.5964153396960659,-2.6393985043225068,-2.6620374774508924,0.0,0.0,0.0
16,0.0,0.0,0.0,0.0,0.0,0.0,0.0,0.0,0.0,0.0,0.0,0.0,0.0,-1.3583750818953704,0.0,-0.615269257818813,0.0,-0.3239482381820723,-0.5224152327291194,0.0,0.0,0.0,0.0
17,0.0,0.0,0.0,0.0,0.0,0.0,0.0,0.0,0.0,0.0,0.0,0.0,0.0,0.0,-1.8053145966405362,-1.5964153396960659,-0.3239482381820723,0.0,-1.6268854659431073,-1.3172203591606417,0.0,0.0,0.0
18,0.0,0.0,0.0,0.0,0.0,0.0,0.0,0.0,0.0,0.0,0.0,0.0,0.0,0.0,-1.4823163471294887,-2.6393985043225068,-0.5224152327291194,-1.6268854659431073,0.0,-2.3888918811894118,0.0,0.0,0.0
19,0.0,0.0,0.0,0.0,0.0,0.0,0.0,0.0,0.0,0.0,0.0,0.0,0.0,0.0,0.0,-2.6620374774508924,0.0,-1.3172203591606417,-2.3888918811894118,0.0,-1.759652139651641,-1.9188120721008686,-1.209865273834331
20,0.0,0.0,0.0,0.0,0.0,0.0,0.0,0.0,0.0,0.0,0.0,0.0,0.0,0.0,0.0,0.0,0.0,0.0,0.0,-1.759652139651641,0.0,-1.7829443103666773,-1.9078821610221106
21,0.0,0.0,0.0,0.0,0.0,0.0,0.0,0.0,0.0,0.0,0.0,0.0,0.0,0.0,0.0,0.0,0.0,0.0,0.0,-1.9188120721008686,-1.7829443103666773,0.0,-1.5324981201233348
22,0.0,0.0,0.0,0.0,0.0,0.0,0.0,0.0,0.0,0.0,0.0,0.0,0.0,0.0,0.0,0.0,0.0,0.0,0.0,-1.209865273834331,-1.9078821610221106,-1.5324981201233348,0.0
