,0,1,2,3,4,5,6,7,8,9,10,11,12,13,14,15,16,17,18,19,20,21,22,23,24,25,26
0,0.0,-1.392451552566024,-1.4302990526369797,-4.752304526730342,0.0,0.0,0.0,0.0,0.0,0.0,0.0,0.0,0.0,0.0,0.0,0.0,0.0,0.0,0.0,0.0,0.0,0.0,0.0,0.0,0.0,0.0,0.0
1,-1.392451552566024,0.0,-3.0529719617089106,-1.4148662907945593,-5.032701467288983,0.0,0.0,0.0,0.0,0.0,0.0,0.0,0.0,0.0,0.0,0.0,0.0,0.0,0.0,0.0,0.0,0.0,0.0,0.0,0.0,0.0,0.0
2,-1.4302990526369797,-3.0529719617089106,0.0,-1.4585981213198973,-3.148338687458452,0.0,0.0,0.0,0.0,0.0,0.0,0.0,0.0,0.0,0.0,0.0,0.0,0.0,0.0,0.0,0.0,0.0,0.0,0.0,0.0,0.0,0.0
3,-4.752304526730342,-1.4148662907945593,-1.4585981213198973,0.0,-1.4022572289863937,0.0,0.0,0.0,0.0,0.0,0.0,0.0,0.0,0.0,0.0,0.0,0.0,0.0,0.0,0.0,0.0,0.0,0.0,0.0,0.0,0.0,0.0
4,0.0,-5.032701467288983,-3.148338687458452,-1.4022572289863937,0.0,-3.2755781541933167,-4.054621764678002,0.0,0.0,0.0,0.0,0.0,0.0,0.0,0.0,0.0,0.0,0.0,0.0,0.0,0.0,0.0,0.0,0.0,0.0,0.0,0.0
5,0.0,0.0,0.0,0.0,-3.2755781541933167,0.0,-3.700122720348708,-3.3841397178071935,-2.963774610718041,0.0,0.0,0.0,0.0,0.0,0.0,0.0,0.0,0.0,0.0,0.0,0.0,0.0,0.0,0.0,0.0,0.0,0.0
6,0.0,0.0,0.0,0.0,-4.054621764678002,-3.700122720348708,0.0,-4.689302006802672,-3.5968250518817815,0.0,0.0,0.0,0.0,0.0,0.0,0.0,0.0,0.0,0.0,0.0,0.0,0.0,0.0,0.0,0.0,0.0,0.0
7,0.0,0.0,0.0,0.0,0.0,-3.3841397178071935,-4.689302006802672,0.0,-3.967196611860683,0.0,0.0,0.0,0.0,0.0,0.0,0.0,0.0,0.0,0.0,0.0,0.0,0.0,0.0,0.0,0.0,0.0,0.0
8,0.0,0.0,0.0,0.0,0.0,-2.963774610718041,-3.5968250518817815,-3.967196611860683,0.0,-3.703572559531883,-4.64171726094665,-1.3587126257068094,0.0,0.0,0.0,0.0,0.0,0.0,0.0,0.0,0.0,0.0,0.0,0.0,0.0,0.0,0.0
9,0.0,0.0,0.0,0.0,0.0,0.0,0.0,0.0,-3.703572559531883,0.0,-3.3881502932599425,-1.4305160911905,-3.5774844627152023,0.0,0.0,0.0,0.0,0.0,0.0,0.0,0.0,0.0,0.0,0.0,0.0,0.0,0.0
10,0.0,0.0,0.0,0.0,0.0,0.0,0.0,0.0,-4.64171726094665,-3.3881502932599425,0.0,-1.3416912822783487,-2.9460262227448104,0.0,0.0,0.0,0.0,0.0,0.0,0.0,0.0,0.0,0.0,0.0,0.0,0.0,0.0
11,0.0,0.0,0.0,0.0,0.0,0.0,0.0,0.0,-1.3587126257068094,-1.4305160911905,-1.3416912822783487,0.0,-1.55163886697377,0.0,0.0,0.0,0.0,0.0,0.0,0.0,0.0,0.0,0.0,0.0,0.0,0.0,0.0
12,0.0,0.0,0.0,0.0,0.0,0.0,0.0,0.0,0.0,-3.5774844627152023,-2.9460262227448104,-1.55163886697377,0.0,0.0,0.0,0.0,0.0,0.0,0.0,0.0,0.0,0.0,0.0,0.0,0.0,0.0,0.0
13,0.0,0.0,0.0,0.0,0.0,0.0,0.0,0.0,0.0,0.0,0.0,0.0,0.0,0.0,-2.944503933814951,-3.5384609941503666,0.0,0.0,0.0,-1.214953202924216,0.0,0.0,0.0,0.0,0.0,0.0,0.0
14,0.0,0.0,0.0,0.0,0.0,0.0,0.0,0.0,0.0,0.0,0.0,0.0,0.0,-2.944503933814951,0.0,-2.7257007820804757,-1.1453076282632286,0.0,0.0,-1.251178641829695,0.0,0.0,0.0,0.0,0.0,0.0,0.0
15,0.0,0.0,0.0,0.0,0.0,0.0,0.0,0.0,0.0,0.0,0.0,0.0,0.0,-3.5384609941503666,-2.7257007820804757,0.0,-1.0115615668911357,-1.6399868707458456,-3.7040933010203783,-1.1217083877318217,-3.7092268565606203,0.0,0.0,0.0,0.0,0.0,0.0
16,0.0,0.0,0.0,0.0,0.0,0.0,0.0,0.0,0.0,0.0,0.0,0.0,0.0,0.0,-1.1453076282632286,-1.0115615668911357,0.0,0.0,0.0,-2.952879200953369,0.0,0.0,0.0,0.0,0.0,0.0,0.0
17,0.0,0.0,0.0,0.0,0.0,0.0,0.0,0.0,0.0,0.0,0.0,0.0,0.0,0.0,0.0,-1.6399868707458456,0.0,0.0,0.0,-1.0889790599226836,-1.718023747770088,0.0,0.0,0.0,0.0,0.0,0.0
18,0.0,0.0,0.0,0.0,0.0,0.0,0.0,0.0,0.0,0.0,0.0,0.0,0.0,0.0,0.0,-3.7040933010203783,0.0,0.0,0.0,-1.1166916792182229,-3.619001936121739,-1.873294229576926,0.0,0.0,0.0,0.0,0.0
19,0.0,0.0,0.0,0.0,0.0,0.0,0.0,0.0,0.0,0.0,0.0,0.0,0.0,-1.214953202924216,-1.251178641829695,-1.1217083877318217,-2.952879200953369,-1.0889790599226836,-1.1166916792182229,0.0,0.0,-1.6768963881308798,0.0,0.0,0.0,0.0,0.0
20,0.0,0.0,0.0,0.0,0.0,0.0,0.0,0.0,0.0,0.0,0.0,0.0,0.0,0.0,0.0,-3.7092268565606203,0.0,-1.718023747770088,-3.619001936121739,0.0,0.0,-1.995072759938511,-4.141062541110085,-1.253166123857598,0.0,0.0,0.0
21,0.0,0.0,0.0,0.0,0.0,0.0,0.0,0.0,0.0,0.0,0.0,0.0,0.0,0.0,0.0,0.0,0.0,0.0,-1.873294229576926,-1.6768963881308798,-1.995072759938511,0.0,-1.947075940607683,-1.889215728089063,-1.4588004524286367,0.0,0.0
22,0.0,0.0,0.0,0.0,0.0,0.0,0.0,0.0,0.0,0.0,0.0,0.0,0.0,0.0,0.0,0.0,0.0,0.0,0.0,0.0,-4.141062541110085,-1.947075940607683,0.0,-1.2260250947355722,0.0,-1.1086579086785986,-1.5375620293423136
23,0.0,0.0,0.0,0.0,0.0,0.0,0.0,0.0,0.0,0.0,0.0,0.0,0.0,0.0,0.0,0.0,0.0,0.0,0.0,0.0,-1.253166123857598,-1.889215728089063,-1.2260250947355722,0.0,-2.5074540921469617,-2.9949396109070725,0.0
24,0.0,0.0,0.0,0.0,0.0,0.0,0.0,0.0,0.0,0.0,0.0,0.0,0.0,0.0,0.0,0.0,0.0,0.0,0.0,0.0,0.0,-1.4588004524286367,0.0,-2.5074540921469617,0.0,-2.8455315868116964,-1.752555534655781
25,0.0,0.0,0.0,0.0,0.0,0.0,0.0,0.0,0.0,0.0,0.0,0.0,0.0,0.0,0.0,0.0,0.0,0.0,0.0,0.0,0.0,0.0,-1.1086579086785986,-2.9949396109070725,-2.8455315868116964,0.0,-2.118446437079338
26,0.0,0.0,0.0,0.0,0.0,0.0,0.0,0.0,0.0,0.0,0.0,0.0,0.0,0.0,0.0,0.0,0.0,0.0,0.0,0.0,0.0,0.0,-1.5375620293423136,0.0,-1.752555534655781,-2.118446437079338,0.0
