,0,1,2,3,4,5,6,7,8,9,10,11,12,13,14,15,16
0,0.0,-2.46645355983761,-4.381683140551886,-4.671342217690059,0.0,0.0,0.0,0.0,0.0,0.0,0.0,0.0,0.0,0.0,0.0,0.0,0.0
1,-2.46645355983761,0.0,-2.3507056088444296,-2.5715720058893954,-2.414922984117126,0.0,0.0,0.0,0.0,0.0,0.0,0.0,0.0,0.0,0.0,0.0,0.0
2,-4.381683140551886,-2.3507056088444296,0.0,-3.8283395754640734,-5.029138526601883,0.0,0.0,0.0,0.0,0.0,0.0,0.0,0.0,0.0,0.0,0.0,0.0
3,-4.671342217690059,-2.5715720058893954,-3.8283395754640734,0.0,-4.18597826707752,0.0,0.0,0.0,0.0,0.0,0.0,0.0,0.0,0.0,0.0,0.0,0.0
4,0.0,-2.414922984117126,-5.029138526601883,-4.18597826707752,0.0,-4.631800171040706,-4.477976369826724,0.0,-3.8454005338450834,0.0,0.0,0.0,0.0,0.0,0.0,0.0,0.0
5,0.0,0.0,0.0,0.0,-4.631800171040706,0.0,-5.252243795501707,0.0,-4.260998154119182,0.0,0.0,0.0,0.0,0.0,0.0,0.0,0.0
6,0.0,0.0,0.0,0.0,-4.477976369826724,-5.252243795501707,0.0,0.0,-4.595021723912543,-1.9632558825971493,0.0,0.0,0.0,0.0,0.0,0.0,0.0
7,0.0,0.0,0.0,0.0,0.0,0.0,0.0,0.0,-0.46126909246406017,-0.3513549715818877,-0.441567110619033,0.0,0.0,0.0,0.0,0.0,0.0
8,0.0,0.0,0.0,0.0,-3.8454005338450834,-4.260998154119182,-4.595021723912543,-0.46126909246406017,0.0,-2.0071900695526317,0.0,0.0,0.0,0.0,0.0,0.0,0.0
9,0.0,0.0,0.0,0.0,0.0,0.0,-1.9632558825971493,-0.3513549715818877,-2.0071900695526317,0.0,-2.341946906077503,0.0,0.0,0.0,0.0,0.0,0.0
10,0.0,0.0,0.0,0.0,0.0,0.0,0.0,-0.441567110619033,0.0,-2.341946906077503,0.0,-0.9856167415826476,-0.6815441750180881,-0.3964747830108155,0.0,0.0,0.0
11,0.0,0.0,0.0,0.0,0.0,0.0,0.0,0.0,0.0,0.0,-0.9856167415826476,0.0,-2.016371000414197,-1.1942982973910823,0.0,0.0,0.0
12,0.0,0.0,0.0,0.0,0.0,0.0,0.0,0.0,0.0,0.0,-0.6815441750180881,-2.016371000414197,0.0,-1.712528307349955,-1.5535363983532147,0.0,0.11245416109050277
13,0.0,0.0,0.0,0.0,0.0,0.0,0.0,0.0,0.0,0.0,-0.3964747830108155,-1.1942982973910823,-1.712528307349955,0.0,-2.7785680855951895,-2.753663563933885,0.21165605791779593
14,0.0,0.0,0.0,0.0,0.0,0.0,0.0,0.0,0.0,0.0,0.0,0.0,-1.5535363983532147,-2.7785680855951895,0.0,-2.072949937946627,0.19157351788933877
15,0.0,0.0,0.0,0.0,0.0,0.0,0.0,0.0,0.0,0.0,0.0,0.0,0.0,-2.753663563933885,-2.072949937946627,0.0,0.2329784738559765
16,0.0,0.0,0.0,0.0,0.0,0.0,0.0,0.0,0.0,0.0,0.0,0.0,0.11245416109050277,0.21165605791779593,0.19157351788933877,0.2329784738559765,0.0
