,0,1,2,3,4,5,6,7,8,9,10,11,12,13,14,15,16
0,0.0,-2.739703823843915,-2.6973091361248676,-1.6096859774354806,0.0,0.0,0.0,0.0,0.0,0.0,0.0,0.0,0.0,0.0,0.0,0.0,0.0
1,-2.739703823843915,0.0,-4.465446852339577,-1.329764854108277,0.0,0.0,0.0,0.0,0.0,0.0,0.0,0.0,0.0,0.0,0.0,0.0,0.0
2,-2.6973091361248676,-4.465446852339577,0.0,-1.321818198936919,0.0,0.0,0.0,0.0,0.0,0.0,0.0,0.0,0.0,0.0,0.0,0.0,0.0
3,-1.6096859774354806,-1.329764854108277,-1.321818198936919,0.0,-1.3231870996963846,-1.2602388767443933,0.0,0.0,0.0,0.0,0.0,0.0,0.0,0.0,0.0,0.0,0.0
4,0.0,0.0,0.0,-1.3231870996963846,0.0,-4.0504754616729945,-1.247985909149545,-4.681472549764301,0.0,0.0,0.0,0.0,0.0,0.0,0.0,0.0,0.0
5,0.0,0.0,0.0,-1.2602388767443933,-4.0504754616729945,0.0,-1.1893577643963005,-3.830839037041884,-1.2649646848615568,0.0,0.0,0.0,0.0,0.0,0.0,0.0,0.0
6,0.0,0.0,0.0,0.0,-1.247985909149545,-1.1893577643963005,0.0,-1.2525137416440772,-3.6987271495433296,0.0,0.0,0.0,0.0,0.0,0.0,0.0,0.0
7,0.0,0.0,0.0,0.0,-4.681472549764301,-3.830839037041884,-1.2525137416440772,0.0,-1.3347802757245968,-1.739968133412302,-3.1416322956548344,0.0,0.0,0.0,0.0,0.0,0.0
8,0.0,0.0,0.0,0.0,0.0,-1.2649646848615568,-3.6987271495433296,-1.3347802757245968,0.0,-2.3895044592102344,-1.4890417583501399,0.0,0.0,0.0,0.0,0.0,0.0
9,0.0,0.0,0.0,0.0,0.0,0.0,0.0,-1.739968133412302,-2.3895044592102344,0.0,-1.997307725638531,-2.2216405163624775,0.0,0.0,0.0,0.0,0.0
10,0.0,0.0,0.0,0.0,0.0,0.0,0.0,-3.1416322956548344,-1.4890417583501399,-1.997307725638531,0.0,-1.410693180699245,-1.7336878299202307,0.0,0.0,0.0,0.0
11,0.0,0.0,0.0,0.0,0.0,0.0,0.0,0.0,0.0,-2.2216405163624775,-1.410693180699245,0.0,-2.6440825327239055,-2.872029681201663,-2.060997560310704,0.0,0.0
12,0.0,0.0,0.0,0.0,0.0,0.0,0.0,0.0,0.0,0.0,-1.7336878299202307,-2.6440825327239055,0.0,-4.170124394920593,-2.875719120490104,-1.603734414433555,0.0
13,0.0,0.0,0.0,0.0,0.0,0.0,0.0,0.0,0.0,0.0,0.0,-2.872029681201663,-4.170124394920593,0.0,-2.6378993578788785,-1.5427844981014878,-1.8358517304761148
14,0.0,0.0,0.0,0.0,0.0,0.0,0.0,0.0,0.0,0.0,0.0,-2.060997560310704,-2.875719120490104,-2.6378993578788785,0.0,-1.8904056483072882,-2.2533419219395534
15,0.0,0.0,0.0,0.0,0.0,0.0,0.0,0.0,0.0,0.0,0.0,0.0,-1.603734414433555,-1.5427844981014878,-1.8904056483072882,0.0,-1.7234389436288187
16,0.0,0.0,0.0,0.0,0.0,0.0,0.0,0.0,0.0,0.0,0.0,0.0,0.0,-1.8358517304761148,-2.2533419219395534,-1.7234389436288187,0.0
