,0,1,2,3,4,5,6,7,8,9,10,11,12,13,14,15,16,17,18,19,20,21,22,23
0,0.0,-1.09323144251977,-2.8069959415568384,-1.0488064204133478,0.0,0.0,0.0,0.0,0.0,0.0,0.0,0.0,0.0,0.0,0.0,0.0,0.0,0.0,0.0,0.0,0.0,0.0,0.0,0.0
1,-1.09323144251977,0.0,-0.9779594079550372,-4.151847647885694,-1.1161648077258381,0.0,0.0,0.0,0.0,0.0,0.0,0.0,0.0,0.0,0.0,0.0,0.0,0.0,0.0,0.0,0.0,0.0,0.0,0.0
2,-2.8069959415568384,-0.9779594079550372,0.0,-0.9398238751366738,-2.751493784117505,0.0,0.0,0.0,0.0,0.0,0.0,0.0,0.0,0.0,0.0,0.0,0.0,0.0,0.0,0.0,0.0,0.0,0.0,0.0
3,-1.0488064204133478,-4.151847647885694,-0.9398238751366738,0.0,-1.0708103842164558,-1.2076717487121562,0.0,0.0,0.0,0.0,0.0,0.0,0.0,0.0,0.0,0.0,0.0,0.0,0.0,0.0,0.0,0.0,0.0,0.0
4,0.0,-1.1161648077258381,-2.751493784117505,-1.0708103842164558,0.0,-2.254589996423435,0.0,0.0,-3.593845010384442,-3.805070547703379,0.0,0.0,0.0,0.0,0.0,0.0,0.0,0.0,0.0,0.0,0.0,0.0,0.0,0.0
5,0.0,0.0,0.0,-1.2076717487121562,-2.254589996423435,0.0,0.0,0.0,-2.3112663373988855,-2.4902205982713332,-0.9166403251126704,0.0,0.0,0.0,0.0,0.0,0.0,0.0,0.0,0.0,0.0,0.0,0.0,0.0
6,0.0,0.0,0.0,0.0,0.0,0.0,0.0,-2.837690552202609,0.0,-1.0462997499852922,0.0,-3.056352343338729,0.0,0.0,0.0,0.0,0.0,0.0,0.0,0.0,0.0,0.0,0.0,0.0
7,0.0,0.0,0.0,0.0,0.0,0.0,-2.837690552202609,0.0,0.0,-1.195572763631214,0.0,-3.015685544574629,-1.4258761779739475,0.0,0.0,0.0,0.0,0.0,0.0,0.0,0.0,0.0,0.0,0.0
8,0.0,0.0,0.0,0.0,-3.593845010384442,-2.3112663373988855,0.0,0.0,0.0,-3.63491108921738,-1.0394366205905592,0.0,0.0,0.0,0.0,0.0,0.0,0.0,0.0,0.0,0.0,0.0,0.0,0.0
9,0.0,0.0,0.0,0.0,-3.805070547703379,-2.4902205982713332,-1.0462997499852922,-1.195572763631214,-3.63491108921738,0.0,-0.9728251758774831,0.0,-2.6171961191977084,0.0,0.0,0.0,0.0,0.0,0.0,0.0,0.0,0.0,0.0,0.0
10,0.0,0.0,0.0,0.0,0.0,-0.9166403251126704,0.0,0.0,-1.0394366205905592,-0.9728251758774831,0.0,0.0,0.0,0.0,0.0,0.0,0.0,0.0,0.0,0.0,0.0,0.0,0.0,0.0
11,0.0,0.0,0.0,0.0,0.0,0.0,-3.056352343338729,-3.015685544574629,0.0,0.0,0.0,0.0,-1.4255240178351787,-2.608718493352207,0.0,0.0,0.0,0.0,0.0,0.0,0.0,0.0,0.0,0.0
12,0.0,0.0,0.0,0.0,0.0,0.0,0.0,-1.4258761779739475,0.0,-2.6171961191977084,0.0,-1.4255240178351787,0.0,0.0,0.0,0.0,0.0,0.0,0.0,0.0,0.0,0.0,0.0,0.0
13,0.0,0.0,0.0,0.0,0.0,0.0,0.0,0.0,0.0,0.0,0.0,-2.608718493352207,0.0,0.0,-2.4938607682617078,0.0,-1.4520325365033369,0.0,0.0,0.0,0.0,0.0,0.0,0.0
14,0.0,0.0,0.0,0.0,0.0,0.0,0.0,0.0,0.0,0.0,0.0,0.0,0.0,-2.4938607682617078,0.0,-2.463243795069541,-1.6730523986180665,0.0,0.0,0.0,0.0,0.0,0.0,0.0
15,0.0,0.0,0.0,0.0,0.0,0.0,0.0,0.0,0.0,0.0,0.0,0.0,0.0,0.0,-2.463243795069541,0.0,-1.4410399177331046,-2.5876575490281883,-3.36682555646406,0.0,0.0,0.0,0.0,0.0
16,0.0,0.0,0.0,0.0,0.0,0.0,0.0,0.0,0.0,0.0,0.0,0.0,0.0,-1.4520325365033369,-1.6730523986180665,-1.4410399177331046,0.0,-1.4782786889591408,-1.597420185361225,0.0,0.0,0.0,0.0,0.0
17,0.0,0.0,0.0,0.0,0.0,0.0,0.0,0.0,0.0,0.0,0.0,0.0,0.0,0.0,0.0,-2.5876575490281883,-1.4782786889591408,0.0,-2.5595651695958943,0.0,0.0,0.0,0.0,0.0
18,0.0,0.0,0.0,0.0,0.0,0.0,0.0,0.0,0.0,0.0,0.0,0.0,0.0,0.0,0.0,-3.36682555646406,-1.597420185361225,-2.5595651695958943,0.0,-2.4032363564451495,-1.041285319980105,0.0,0.0,0.0
19,0.0,0.0,0.0,0.0,0.0,0.0,0.0,0.0,0.0,0.0,0.0,0.0,0.0,0.0,0.0,0.0,0.0,0.0,-2.4032363564451495,0.0,-0.9836201795163917,-3.166582956452937,-1.174201341234535,-2.2798300988513995
20,0.0,0.0,0.0,0.0,0.0,0.0,0.0,0.0,0.0,0.0,0.0,0.0,0.0,0.0,0.0,0.0,0.0,0.0,-1.041285319980105,-0.9836201795163917,0.0,-1.064543989039873,0.0,0.0
21,0.0,0.0,0.0,0.0,0.0,0.0,0.0,0.0,0.0,0.0,0.0,0.0,0.0,0.0,0.0,0.0,0.0,0.0,0.0,-3.166582956452937,-1.064543989039873,0.0,-1.303405810402664,-1.9875881136806963
22,0.0,0.0,0.0,0.0,0.0,0.0,0.0,0.0,0.0,0.0,0.0,0.0,0.0,0.0,0.0,0.0,0.0,0.0,0.0,-1.174201341234535,0.0,-1.303405810402664,0.0,-1.0142265967114856
23,0.0,0.0,0.0,0.0,0.0,0.0,0.0,0.0,0.0,0.0,0.0,0.0,0.0,0.0,0.0,0.0,0.0,0.0,0.0,-2.2798300988513995,0.0,-1.9875881136806963,-1.0142265967114856,0.0
