,0,1,2,3,4,5,6,7,8,9,10,11,12,13,14,15,16,17,18,19,20,21,22,23,24,25,26,27
0,0.0,4.205705684407613,6.713454843760838,6.380807736547488,0.0,0.0,0.0,0.0,0.0,0.0,0.0,0.0,0.0,0.0,0.0,0.0,0.0,0.0,0.0,0.0,0.0,0.0,0.0,0.0,0.0,0.0,0.0,0.0
1,4.205705684407613,0.0,6.134620553069708,5.7475066521303955,-1.7704717370325898,0.0,0.0,0.0,0.0,0.0,0.0,0.0,0.0,0.0,0.0,0.0,0.0,0.0,0.0,0.0,0.0,0.0,0.0,0.0,0.0,0.0,0.0,0.0
2,6.713454843760838,6.134620553069708,0.0,1.1353880165411339,4.426953431699726,3.9928394363963053,0.0,0.0,0.0,0.0,0.0,0.0,0.0,0.0,0.0,0.0,0.0,0.0,0.0,0.0,0.0,0.0,0.0,0.0,0.0,0.0,0.0,0.0
3,6.380807736547488,5.7475066521303955,1.1353880165411339,0.0,4.035790116903349,3.6175176835467604,0.0,0.24026952787518155,0.0,0.0,0.0,0.0,0.0,0.0,0.0,0.0,0.0,0.0,0.0,0.0,0.0,0.0,0.0,0.0,0.0,0.0,0.0,0.0
4,0.0,-1.7704717370325898,4.426953431699726,4.035790116903349,0.0,-0.5115522354914954,-1.6808480620333985,0.0,0.0,0.0,0.0,0.0,0.0,0.0,0.0,0.0,0.0,0.0,0.0,0.0,0.0,0.0,0.0,0.0,0.0,0.0,0.0,0.0
5,0.0,0.0,3.9928394363963053,3.6175176835467604,-0.5115522354914954,0.0,-1.5795870916790486,3.3784763809219482,0.0,0.0,0.0,0.0,0.0,0.0,0.0,0.0,0.0,0.0,0.0,0.0,0.0,0.0,0.0,0.0,0.0,0.0,0.0,0.0
6,0.0,0.0,0.0,0.0,-1.6808480620333985,-1.5795870916790486,0.0,3.2308519524799393,2.6420614414796435,0.0,0.0,0.0,0.0,0.0,0.0,0.0,0.0,0.0,0.0,0.0,0.0,0.0,0.0,0.0,0.0,0.0,0.0,0.0
7,0.0,0.0,0.0,0.24026952787518155,0.0,3.3784763809219482,3.2308519524799393,0.0,0.3126024635085613,0.0,0.0,0.0,0.0,0.0,0.0,0.0,0.0,0.0,0.0,0.0,0.0,0.0,0.0,0.0,0.0,0.0,0.0,0.0
8,0.0,0.0,0.0,0.0,0.0,0.0,2.6420614414796435,0.3126024635085613,0.0,2.1374658344271835,1.7224388864759077,0.8162568889438673,0.0,0.0,0.0,0.0,0.0,0.0,0.0,0.0,0.0,0.0,0.0,0.0,0.0,0.0,0.0,0.0
9,0.0,0.0,0.0,0.0,0.0,0.0,0.0,0.0,2.1374658344271835,0.0,-1.08445813965919,0.37132358527531917,0.0,0.0,0.0,0.0,0.0,0.0,0.0,0.0,0.0,0.0,0.0,0.0,0.0,0.0,0.0,0.0
10,0.0,0.0,0.0,0.0,0.0,0.0,0.0,0.0,1.7224388864759077,-1.08445813965919,0.0,0.4601967225182061,1.9855296291379319,0.7695083146677217,0.0,0.0,0.0,0.0,0.0,0.0,0.0,0.0,0.0,0.0,0.0,0.0,0.0,0.0
11,0.0,0.0,0.0,0.0,0.0,0.0,0.0,0.0,0.8162568889438673,0.37132358527531917,0.4601967225182061,0.0,1.2425473623028225,0.058791238042466554,0.0,0.0,0.0,0.0,0.0,0.0,0.0,0.0,0.0,0.0,0.0,0.0,0.0,0.0
12,0.0,0.0,0.0,0.0,0.0,0.0,0.0,0.0,0.0,0.0,1.9855296291379319,1.2425473623028225,0.0,0.10370742516040797,-2.428286251270323,0.0,0.0,0.0,0.0,0.0,0.0,0.0,0.0,0.0,0.0,0.0,0.0,0.0
13,0.0,0.0,0.0,0.0,0.0,0.0,0.0,0.0,0.0,0.0,0.7695083146677217,0.058791238042466554,0.10370742516040797,0.0,0.332115461966483,0.7545764146068746,0.0,0.0,0.0,0.0,0.0,0.0,0.0,0.0,0.0,0.0,0.0,0.0
14,0.0,0.0,0.0,0.0,0.0,0.0,0.0,0.0,0.0,0.0,0.0,0.0,-2.428286251270323,0.332115461966483,0.0,0.0,0.0,0.0,-0.45902269586483574,0.0,-4.552923610576338,0.0,0.0,0.0,0.0,0.0,0.0,0.0
15,0.0,0.0,0.0,0.0,0.0,0.0,0.0,0.0,0.0,0.0,0.0,0.0,0.0,0.7545764146068746,0.0,0.0,0.7672031263741768,0.8847596820442848,0.6289931158643529,0.0,0.0,0.0,0.0,0.0,0.0,0.0,0.0,0.0
16,0.0,0.0,0.0,0.0,0.0,0.0,0.0,0.0,0.0,0.0,0.0,0.0,0.0,0.0,0.0,0.7672031263741768,0.0,-3.3862471133101613,0.07408140566457305,-2.892678435151978,0.0,0.0,0.0,0.0,0.0,0.0,0.0,0.0
17,0.0,0.0,0.0,0.0,0.0,0.0,0.0,0.0,0.0,0.0,0.0,0.0,0.0,0.0,0.0,0.8847596820442848,-3.3862471133101613,0.0,0.0,-3.7578984351051745,0.0,0.0,0.0,0.0,0.0,0.0,0.0,0.0
18,0.0,0.0,0.0,0.0,0.0,0.0,0.0,0.0,0.0,0.0,0.0,0.0,0.0,0.0,-0.45902269586483574,0.6289931158643529,0.07408140566457305,0.0,0.0,0.30702305132149404,-0.6306935171605419,-1.4021823878226847,0.0,0.0,0.0,0.0,0.0,0.0
19,0.0,0.0,0.0,0.0,0.0,0.0,0.0,0.0,0.0,0.0,0.0,0.0,0.0,0.0,0.0,0.0,-2.892678435151978,-3.7578984351051745,0.30702305132149404,0.0,0.0,0.0,-2.8911008907808218,0.0,0.0,0.0,0.0,0.0
20,0.0,0.0,0.0,0.0,0.0,0.0,0.0,0.0,0.0,0.0,0.0,0.0,0.0,0.0,-4.552923610576338,0.0,0.0,0.0,-0.6306935171605419,0.0,0.0,-1.5943447084061806,0.0,-1.8396724352553266,0.0,0.0,0.0,0.0
21,0.0,0.0,0.0,0.0,0.0,0.0,0.0,0.0,0.0,0.0,0.0,0.0,0.0,0.0,0.0,0.0,0.0,0.0,-1.4021823878226847,0.0,-1.5943447084061806,0.0,0.0,-3.9595241775568066,0.0,0.0,0.0,0.0
22,0.0,0.0,0.0,0.0,0.0,0.0,0.0,0.0,0.0,0.0,0.0,0.0,0.0,0.0,0.0,0.0,0.0,0.0,0.0,-2.8911008907808218,0.0,0.0,0.0,0.19763767645417296,-0.4549932780115246,0.0,0.0,0.0
23,0.0,0.0,0.0,0.0,0.0,0.0,0.0,0.0,0.0,0.0,0.0,0.0,0.0,0.0,0.0,0.0,0.0,0.0,0.0,0.0,-1.8396724352553266,-3.9595241775568066,0.19763767645417296,0.0,-1.9876292918024525,-1.0856206272597964,0.0,0.0
24,0.0,0.0,0.0,0.0,0.0,0.0,0.0,0.0,0.0,0.0,0.0,0.0,0.0,0.0,0.0,0.0,0.0,0.0,0.0,0.0,0.0,0.0,-0.4549932780115246,-1.9876292918024525,0.0,-1.473504496333027,-0.8593986956155111,-1.0418949977114214
25,0.0,0.0,0.0,0.0,0.0,0.0,0.0,0.0,0.0,0.0,0.0,0.0,0.0,0.0,0.0,0.0,0.0,0.0,0.0,0.0,0.0,0.0,0.0,-1.0856206272597964,-1.473504496333027,0.0,0.13691793802991056,-0.006692745061661234
26,0.0,0.0,0.0,0.0,0.0,0.0,0.0,0.0,0.0,0.0,0.0,0.0,0.0,0.0,0.0,0.0,0.0,0.0,0.0,0.0,0.0,0.0,0.0,0.0,-0.8593986956155111,0.13691793802991056,0.0,-6.7380642916799225
27,0.0,0.0,0.0,0.0,0.0,0.0,0.0,0.0,0.0,0.0,0.0,0.0,0.0,0.0,0.0,0.0,0.0,0.0,0.0,0.0,0.0,0.0,0.0,0.0,-1.0418949977114214,-0.006692745061661234,-6.7380642916799225,0.0
