,0,1,2,3,4,5,6,7,8,9,10,11,12,13,14,15,16,17,18,19,20,21,22,23,24,25,26
0,0.0,7.0283536150078625,6.592015462607401,6.3197197786065775,0.0,0.0,0.0,0.0,0.0,0.0,0.0,0.0,0.0,0.0,0.0,0.0,0.0,0.0,0.0,0.0,0.0,0.0,0.0,0.0,0.0,0.0,0.0
1,7.0283536150078625,0.0,0.4623566366089757,1.1520244475897596,4.673264183192314,0.0,0.0,0.0,0.0,0.0,0.0,0.0,0.0,0.0,0.0,0.0,0.0,0.0,0.0,0.0,0.0,0.0,0.0,0.0,0.0,0.0,0.0
2,6.592015462607401,0.4623566366089757,0.0,-0.8288372180513396,4.23558620781717,0.0,0.0,0.0,0.0,0.0,0.0,0.0,0.0,0.0,0.0,0.0,0.0,0.0,0.0,0.0,0.0,0.0,0.0,0.0,0.0,0.0,0.0
3,6.3197197786065775,1.1520244475897596,-0.8288372180513396,0.0,3.962488552764892,0.0,0.5052203377040153,0.0,0.0,0.0,0.0,0.0,0.0,0.0,0.0,0.0,0.0,0.0,0.0,0.0,0.0,0.0,0.0,0.0,0.0,0.0,0.0
4,0.0,4.673264183192314,4.23558620781717,3.962488552764892,0.0,0.17334045580631757,3.392277721206906,3.7103972973249943,0.0,0.0,0.0,0.0,0.0,0.0,0.0,0.0,0.0,0.0,0.0,0.0,0.0,0.0,0.0,0.0,0.0,0.0,0.0
5,0.0,0.0,0.0,0.0,0.17334045580631757,0.0,2.4598297271419325,2.9360164111904505,0.33501634995013757,2.6477931479775667,0.0,0.0,0.0,0.0,0.0,0.0,0.0,0.0,0.0,0.0,0.0,0.0,0.0,0.0,0.0,0.0,0.0
6,0.0,0.0,0.0,0.5052203377040153,3.392277721206906,2.4598297271419325,0.0,1.2963344216792103,0.0,1.4471985310775377,0.0,0.0,0.0,0.0,0.0,0.0,0.0,0.0,0.0,0.0,0.0,0.0,0.0,0.0,0.0,0.0,0.0
7,0.0,0.0,0.0,0.0,3.7103972973249943,2.9360164111904505,1.2963344216792103,0.0,0.0,0.7976528016584864,0.0,0.0,0.0,0.0,0.0,0.0,0.0,0.0,0.0,0.0,0.0,0.0,0.0,0.0,0.0,0.0,0.0
8,0.0,0.0,0.0,0.0,0.0,0.33501634995013757,0.0,0.0,0.0,3.023720892428563,0.2168470032272444,2.4355620108864535,0.0,0.0,0.0,0.0,0.0,0.0,0.0,0.0,0.0,0.0,0.0,0.0,0.0,0.0,0.0
9,0.0,0.0,0.0,0.0,0.0,2.6477931479775667,1.4471985310775377,0.7976528016584864,3.023720892428563,0.0,0.0,0.9862032467235405,0.0,0.0,0.0,0.0,0.0,0.0,0.0,0.0,0.0,0.0,0.0,0.0,0.0,0.0,0.0
10,0.0,0.0,0.0,0.0,0.0,0.0,0.0,0.0,0.2168470032272444,0.0,0.0,1.8507413390428111,0.0,0.0,-0.21859048753268578,0.0,0.0,0.0,0.0,0.0,0.0,0.0,0.0,0.0,0.0,0.0,0.0
11,0.0,0.0,0.0,0.0,0.0,0.0,0.0,0.0,2.4355620108864535,0.9862032467235405,1.8507413390428111,0.0,0.0,0.0,0.0,0.0,0.0,0.0,0.0,0.0,0.0,0.0,0.0,0.0,0.0,0.0,0.0
12,0.0,0.0,0.0,0.0,0.0,0.0,0.0,0.0,0.0,0.0,0.0,0.0,0.0,0.0,-1.2797203687996703,1.134066783588913,0.4549582568440551,0.0,0.0,0.0,0.0,0.0,0.0,0.0,0.0,0.0,0.0
13,0.0,0.0,0.0,0.0,0.0,0.0,0.0,0.0,0.0,0.0,0.0,0.0,0.0,0.0,1.3956684079704225,2.4038261943962387,1.8599253236442095,0.0,0.0,0.0,0.0,0.0,0.0,0.0,0.0,0.0,0.0
14,0.0,0.0,0.0,0.0,0.0,0.0,0.0,0.0,0.0,0.0,-0.21859048753268578,0.0,-1.2797203687996703,1.3956684079704225,0.0,0.8937825323065293,-0.19881405351816647,0.0,1.396634079615877,0.0,0.0,0.0,0.0,0.0,0.0,0.0,0.0
15,0.0,0.0,0.0,0.0,0.0,0.0,0.0,0.0,0.0,0.0,0.0,0.0,1.134066783588913,2.4038261943962387,0.8937825323065293,0.0,-0.3277210265262146,0.4064590636689152,0.7931500047171266,0.0,0.0,0.0,0.0,0.0,0.0,0.0,0.0
16,0.0,0.0,0.0,0.0,0.0,0.0,0.0,0.0,0.0,0.0,0.0,0.0,0.4549582568440551,1.8599253236442095,-0.19881405351816647,-0.3277210265262146,0.0,-1.5226212769884016,0.7289302864448701,-2.9292638873982257,0.0,0.0,0.0,0.0,0.0,0.0,0.0
17,0.0,0.0,0.0,0.0,0.0,0.0,0.0,0.0,0.0,0.0,0.0,0.0,0.0,0.0,0.0,0.4064590636689152,-1.5226212769884016,0.0,0.9209880617145964,-1.0500691863867084,0.0,0.0,0.0,0.0,0.0,0.0,0.0
18,0.0,0.0,0.0,0.0,0.0,0.0,0.0,0.0,0.0,0.0,0.0,0.0,0.0,0.0,1.396634079615877,0.7931500047171266,0.7289302864448701,0.9209880617145964,0.0,0.5985512065093838,0.0,0.0,0.0,0.0,0.0,0.0,0.0
19,0.0,0.0,0.0,0.0,0.0,0.0,0.0,0.0,0.0,0.0,0.0,0.0,0.0,0.0,0.0,0.0,-2.9292638873982257,-1.0500691863867084,0.5985512065093838,0.0,-0.455312974190568,0.0,0.0,0.0,0.0,0.0,0.0
20,0.0,0.0,0.0,0.0,0.0,0.0,0.0,0.0,0.0,0.0,0.0,0.0,0.0,0.0,0.0,0.0,0.0,0.0,0.0,-0.455312974190568,0.0,0.0,0.5214853731044731,-1.1384000180299925,0.0,0.0,0.0
21,0.0,0.0,0.0,0.0,0.0,0.0,0.0,0.0,0.0,0.0,0.0,0.0,0.0,0.0,0.0,0.0,0.0,0.0,0.0,0.0,0.0,0.0,0.7826986789769969,-1.3606651445767588,-0.49935938056808193,-1.8129187672862224,-0.21944033308238464
22,0.0,0.0,0.0,0.0,0.0,0.0,0.0,0.0,0.0,0.0,0.0,0.0,0.0,0.0,0.0,0.0,0.0,0.0,0.0,0.0,0.5214853731044731,0.7826986789769969,0.0,0.5858191938596643,0.0,0.0,0.0
23,0.0,0.0,0.0,0.0,0.0,0.0,0.0,0.0,0.0,0.0,0.0,0.0,0.0,0.0,0.0,0.0,0.0,0.0,0.0,0.0,-1.1384000180299925,-1.3606651445767588,0.5858191938596643,0.0,-0.9921221084114705,0.0,0.0
24,0.0,0.0,0.0,0.0,0.0,0.0,0.0,0.0,0.0,0.0,0.0,0.0,0.0,0.0,0.0,0.0,0.0,0.0,0.0,0.0,0.0,-0.49935938056808193,0.0,-0.9921221084114705,0.0,-1.642269468792793,-1.6268968292032278
25,0.0,0.0,0.0,0.0,0.0,0.0,0.0,0.0,0.0,0.0,0.0,0.0,0.0,0.0,0.0,0.0,0.0,0.0,0.0,0.0,0.0,-1.8129187672862224,0.0,0.0,-1.642269468792793,0.0,-2.3470757185733326
26,0.0,0.0,0.0,0.0,0.0,0.0,0.0,0.0,0.0,0.0,0.0,0.0,0.0,0.0,0.0,0.0,0.0,0.0,0.0,0.0,0.0,-0.21944033308238464,0.0,0.0,-1.6268968292032278,-2.3470757185733326,0.0
