,0,1,2,3,4,5,6,7,8,9,10,11,12,13,14,15,16,17,18,19,20,21,22
0,0.0,6.562396544527386,6.502625965541284,6.535131587551613,0.0,0.0,0.0,0.0,0.0,0.0,0.0,0.0,0.0,0.0,0.0,0.0,0.0,0.0,0.0,0.0,0.0,0.0,0.0
1,6.562396544527386,0.0,0.1927610738439709,2.0002967000964347,0.0,0.0,0.0,0.0,0.0,0.0,0.0,0.0,0.0,0.0,0.0,0.0,0.0,0.0,0.0,0.0,0.0,0.0,0.0
2,6.502625965541284,0.1927610738439709,0.0,2.3686243385435675,0.0,0.0,0.0,0.0,0.0,0.0,0.0,0.0,0.0,0.0,0.0,0.0,0.0,0.0,0.0,0.0,0.0,0.0,0.0
3,6.535131587551613,2.0002967000964347,2.3686243385435675,0.0,1.8154179980549134,0.7661229076387442,0.0,0.0,0.0,0.0,0.0,0.0,0.0,0.0,0.0,0.0,0.0,0.0,0.0,0.0,0.0,0.0,0.0
4,0.0,0.0,0.0,1.8154179980549134,0.0,0.14687876488080612,4.963996297532223,0.0,0.0,0.0,0.0,0.0,0.0,0.0,0.0,0.0,0.0,0.0,0.0,0.0,0.0,0.0,0.0
5,0.0,0.0,0.0,0.7661229076387442,0.14687876488080612,0.0,5.026726861125425,0.0,0.0,0.0,0.0,0.0,0.0,0.0,0.0,0.0,0.0,0.0,0.0,0.0,0.0,0.0,0.0
6,0.0,0.0,0.0,0.0,4.963996297532223,5.026726861125425,0.0,1.160192205201545,0.0,0.0,0.0,0.0,0.0,0.0,0.0,0.0,0.0,0.0,0.0,0.0,0.0,0.0,0.0
7,0.0,0.0,0.0,0.0,0.0,0.0,1.160192205201545,0.0,0.8924671000155773,-0.33301674919491814,0.7275054120482083,0.0,0.0,0.0,0.0,0.0,0.0,0.0,0.0,0.0,0.0,0.0,0.0
8,0.0,0.0,0.0,0.0,0.0,0.0,0.0,0.8924671000155773,0.0,-1.1624801178320183,1.8691997818207164,0.0,0.0,0.0,0.0,0.0,0.0,0.0,0.0,0.0,0.0,0.0,0.0
9,0.0,0.0,0.0,0.0,0.0,0.0,0.0,-0.33301674919491814,-1.1624801178320183,0.0,1.1713562944615015,1.9327727423142846,-1.579729205514994,0.0,0.0,0.0,0.0,0.0,0.0,0.0,0.0,0.0,0.0
10,0.0,0.0,0.0,0.0,0.0,0.0,0.0,0.7275054120482083,1.8691997818207164,1.1713562944615015,0.0,0.17239667003784073,1.1901305470452443,0.0,0.0,0.0,0.0,0.0,0.0,0.0,0.0,0.0,0.0
11,0.0,0.0,0.0,0.0,0.0,0.0,0.0,0.0,0.0,1.9327727423142846,0.17239667003784073,0.0,1.7898116455417716,-5.314829136642703,0.0,0.0,0.0,0.0,0.0,0.0,0.0,0.0,0.0
12,0.0,0.0,0.0,0.0,0.0,0.0,0.0,0.0,0.0,-1.579729205514994,1.1901305470452443,1.7898116455417716,0.0,1.3287157742793554,1.614961990874815,0.0,0.0,0.0,0.0,0.0,0.0,0.0,0.0
13,0.0,0.0,0.0,0.0,0.0,0.0,0.0,0.0,0.0,0.0,0.0,-5.314829136642703,1.3287157742793554,0.0,-0.2700436263963909,0.0,0.24166874699371113,-1.9887575565961335,0.0,0.0,0.0,0.0,0.0
14,0.0,0.0,0.0,0.0,0.0,0.0,0.0,0.0,0.0,0.0,0.0,0.0,1.614961990874815,-0.2700436263963909,0.0,0.0,0.7789887793113167,-0.34317759985366963,0.0,0.0,0.0,0.0,0.0
15,0.0,0.0,0.0,0.0,0.0,0.0,0.0,0.0,0.0,0.0,0.0,0.0,0.0,0.0,0.0,0.0,0.510027361789891,1.2097453143021926,0.17423082729776063,0.0,0.0,0.0,0.0
16,0.0,0.0,0.0,0.0,0.0,0.0,0.0,0.0,0.0,0.0,0.0,0.0,0.0,0.24166874699371113,0.7789887793113167,0.510027361789891,0.0,-0.7527507561371473,-2.2732761481863943,-0.39243798496900467,0.0,0.0,0.0
17,0.0,0.0,0.0,0.0,0.0,0.0,0.0,0.0,0.0,0.0,0.0,0.0,0.0,-1.9887575565961335,-0.34317759985366963,1.2097453143021926,-0.7527507561371473,0.0,-0.6589614097324129,-2.130671050164693,-0.7741956332780637,0.0,0.0
18,0.0,0.0,0.0,0.0,0.0,0.0,0.0,0.0,0.0,0.0,0.0,0.0,0.0,0.0,0.0,0.17423082729776063,-2.2732761481863943,-0.6589614097324129,0.0,0.0,0.0,-2.328945010305503,0.0
19,0.0,0.0,0.0,0.0,0.0,0.0,0.0,0.0,0.0,0.0,0.0,0.0,0.0,0.0,0.0,0.0,-0.39243798496900467,-2.130671050164693,0.0,0.0,-1.3619629249928278,-1.2963280439318412,-1.5762464961520448
20,0.0,0.0,0.0,0.0,0.0,0.0,0.0,0.0,0.0,0.0,0.0,0.0,0.0,0.0,0.0,0.0,0.0,-0.7741956332780637,0.0,-1.3619629249928278,0.0,-0.3259097340736898,-0.9345840973158751
21,0.0,0.0,0.0,0.0,0.0,0.0,0.0,0.0,0.0,0.0,0.0,0.0,0.0,0.0,0.0,0.0,0.0,0.0,-2.328945010305503,-1.2963280439318412,-0.3259097340736898,0.0,-4.189393203028884
22,0.0,0.0,0.0,0.0,0.0,0.0,0.0,0.0,0.0,0.0,0.0,0.0,0.0,0.0,0.0,0.0,0.0,0.0,0.0,-1.5762464961520448,-0.9345840973158751,-4.189393203028884,0.0
