,0,1,2,3,4,5,6,7,8,9,10,11,12,13,14,15,16,17,18,19,20,21,22,23,24
0,0.0,5.623271119894853,4.040446848222501,0.0,2.623108085447073,0.0,0.0,0.0,0.0,0.0,0.0,0.0,0.0,0.0,0.0,0.0,0.0,0.0,0.0,0.0,0.0,0.0,0.0,0.0,0.0
1,5.623271119894853,0.0,3.2682811294099885,5.551257938323145,2.443178865594947,0.0,0.0,0.0,0.0,0.0,0.0,0.0,0.0,0.0,0.0,0.0,0.0,0.0,0.0,0.0,0.0,0.0,0.0,0.0,0.0
2,4.040446848222501,3.2682811294099885,0.0,4.891021184947993,-0.07636385735332503,2.15521967080198,0.0,0.0,0.0,0.0,0.0,0.0,0.0,0.0,0.0,0.0,0.0,0.0,0.0,0.0,0.0,0.0,0.0,0.0,0.0
3,0.0,5.551257938323145,4.891021184947993,0.0,4.35756831313454,3.976723360346206,-0.7501299596941461,0.0,0.0,0.0,0.0,0.0,0.0,0.0,0.0,0.0,0.0,0.0,0.0,0.0,0.0,0.0,0.0,0.0,0.0
4,2.623108085447073,2.443178865594947,-0.07636385735332503,4.35756831313454,0.0,1.7441789307755078,4.111846149596597,0.0,0.0,0.0,0.0,0.0,0.0,0.0,0.0,0.0,0.0,0.0,0.0,0.0,0.0,0.0,0.0,0.0,0.0
5,0.0,0.0,2.15521967080198,3.976723360346206,1.7441789307755078,0.0,3.767091869706455,0.0,0.0,0.0,0.0,0.0,0.0,0.0,0.0,0.0,0.0,0.0,0.0,0.0,0.0,0.0,0.0,0.0,0.0
6,0.0,0.0,0.0,-0.7501299596941461,4.111846149596597,3.767091869706455,0.0,3.419212793345057,-0.038386757394723935,0.0,0.0,0.0,0.0,0.0,0.0,0.0,0.0,0.0,0.0,0.0,0.0,0.0,0.0,0.0,0.0
7,0.0,0.0,0.0,0.0,0.0,0.0,3.419212793345057,0.0,3.0054953428553346,0.7206156939594993,0.9919863131467977,0.0,0.0,0.0,0.0,0.0,0.0,0.0,0.0,0.0,0.0,0.0,0.0,0.0,0.0
8,0.0,0.0,0.0,0.0,0.0,0.0,-0.038386757394723935,3.0054953428553346,0.0,2.1630385681636297,2.68307985180045,0.0,0.0,2.137740459088565,0.0,0.0,0.0,0.0,0.0,0.0,0.0,0.0,0.0,0.0,0.0
9,0.0,0.0,0.0,0.0,0.0,0.0,0.0,0.7206156939594993,2.1630385681636297,0.0,1.5923560204636806,-0.0174097711453515,0.0,-0.5534833426660847,0.0,0.0,0.0,0.0,0.0,0.0,0.0,0.0,0.0,0.0,0.0
10,0.0,0.0,0.0,0.0,0.0,0.0,0.0,0.9919863131467977,2.68307985180045,1.5923560204636806,0.0,2.012981924923135,0.0,0.3720619015203541,0.0,0.0,0.0,0.0,0.0,0.0,0.0,0.0,0.0,0.0,0.0
11,0.0,0.0,0.0,0.0,0.0,0.0,0.0,0.0,0.0,-0.0174097711453515,2.012981924923135,0.0,0.0,0.5060548921362712,0.0,0.0,0.0,0.0,0.0,0.0,0.0,0.0,0.0,0.0,0.0
12,0.0,0.0,0.0,0.0,0.0,0.0,0.0,0.0,0.0,0.0,0.0,0.0,0.0,1.6754330505234747,-1.2904085932976384,0.8431842184031797,0.0,0.0,0.0,0.0,0.0,0.0,0.0,0.0,0.0
13,0.0,0.0,0.0,0.0,0.0,0.0,0.0,0.0,2.137740459088565,-0.5534833426660847,0.3720619015203541,0.5060548921362712,1.6754330505234747,0.0,1.5712999545045088,-0.35153096781966736,-1.7795831001224987,0.0,0.0,0.0,0.0,0.0,0.0,0.0,0.0
14,0.0,0.0,0.0,0.0,0.0,0.0,0.0,0.0,0.0,0.0,0.0,0.0,-1.2904085932976384,1.5712999545045088,0.0,0.8842421093260079,0.0,0.850594835119308,0.0,0.0,0.0,0.0,0.0,0.0,0.0
15,0.0,0.0,0.0,0.0,0.0,0.0,0.0,0.0,0.0,0.0,0.0,0.0,0.8431842184031797,-0.35153096781966736,0.8842421093260079,0.0,0.18332466322604773,0.0,0.0,0.0,0.0,0.0,0.0,0.0,0.0
16,0.0,0.0,0.0,0.0,0.0,0.0,0.0,0.0,0.0,0.0,0.0,0.0,0.0,-1.7795831001224987,0.0,0.18332466322604773,0.0,0.0,-2.661837915837174,0.0,0.0,0.0,0.0,0.0,0.0
17,0.0,0.0,0.0,0.0,0.0,0.0,0.0,0.0,0.0,0.0,0.0,0.0,0.0,0.0,0.850594835119308,0.0,0.0,0.0,-1.3861318394389364,0.0,-0.39444045711270254,0.0,0.3602769280112279,0.0,0.0
18,0.0,0.0,0.0,0.0,0.0,0.0,0.0,0.0,0.0,0.0,0.0,0.0,0.0,0.0,0.0,0.0,-2.661837915837174,-1.3861318394389364,0.0,0.0,0.5070876905019899,0.0,-0.2140876241718609,0.0,0.0
19,0.0,0.0,0.0,0.0,0.0,0.0,0.0,0.0,0.0,0.0,0.0,0.0,0.0,0.0,0.0,0.0,0.0,0.0,0.0,0.0,-0.7290085302003808,-1.50643232866652,0.0,0.5289927044665272,-2.53320582561477
20,0.0,0.0,0.0,0.0,0.0,0.0,0.0,0.0,0.0,0.0,0.0,0.0,0.0,0.0,0.0,0.0,0.0,-0.39444045711270254,0.5070876905019899,-0.7290085302003808,0.0,-0.7412722479680225,0.0,-0.5209846091473236,0.0
21,0.0,0.0,0.0,0.0,0.0,0.0,0.0,0.0,0.0,0.0,0.0,0.0,0.0,0.0,0.0,0.0,0.0,0.0,0.0,-1.50643232866652,-0.7412722479680225,0.0,0.0,0.23149214336286691,-3.1629210226524727
22,0.0,0.0,0.0,0.0,0.0,0.0,0.0,0.0,0.0,0.0,0.0,0.0,0.0,0.0,0.0,0.0,0.0,0.3602769280112279,-0.2140876241718609,0.0,0.0,0.0,0.0,0.12888587263692494,0.0
23,0.0,0.0,0.0,0.0,0.0,0.0,0.0,0.0,0.0,0.0,0.0,0.0,0.0,0.0,0.0,0.0,0.0,0.0,0.0,0.5289927044665272,-0.5209846091473236,0.23149214336286691,0.12888587263692494,0.0,-0.23145159722146175
24,0.0,0.0,0.0,0.0,0.0,0.0,0.0,0.0,0.0,0.0,0.0,0.0,0.0,0.0,0.0,0.0,0.0,0.0,0.0,-2.53320582561477,0.0,-3.1629210226524727,0.0,-0.23145159722146175,0.0
