,0,1,2,3,4,5,6,7,8,9,10,11,12,13,14,15,16,17,18,19,20,21
0,0.0,4.908783366350917,1.6066700182726936,-0.9216574383581845,0.0,0.0,0.0,0.0,0.0,0.0,0.0,0.0,0.0,0.0,0.0,0.0,0.0,0.0,0.0,0.0,0.0,0.0
1,4.908783366350917,0.0,4.35996882602032,4.102681651204617,0.0,0.0,0.0,0.0,0.0,0.0,0.0,0.0,0.0,0.0,0.0,0.0,0.0,0.0,0.0,0.0,0.0,0.0
2,1.6066700182726936,4.35996882602032,0.0,0.21410944243414984,0.13288534478243513,0.0,0.0,0.0,0.0,0.0,0.0,0.0,0.0,0.0,0.0,0.0,0.0,0.0,0.0,0.0,0.0,0.0
3,-0.9216574383581845,4.102681651204617,0.21410944243414984,0.0,-1.2495029031428913,-1.5029364411310158,0.0,0.0,0.0,0.0,0.0,0.0,0.0,0.0,0.0,0.0,0.0,0.0,0.0,0.0,0.0,0.0
4,0.0,0.0,0.13288534478243513,-1.2495029031428913,0.0,-1.5432947781739241,0.0,0.0,0.0,0.0,0.0,0.0,0.0,0.0,0.0,0.0,0.0,0.0,0.0,0.0,0.0,0.0
5,0.0,0.0,0.0,-1.5029364411310158,-1.5432947781739241,0.0,-2.5793148462640496,1.181151633317787,4.779940043147995,0.0,0.0,0.0,0.0,0.0,0.0,0.0,0.0,0.0,0.0,0.0,0.0,0.0
6,0.0,0.0,0.0,0.0,0.0,-2.5793148462640496,0.0,0.8948153864573721,4.305925098531271,4.356426708904133,0.0,0.0,0.0,0.0,0.0,0.0,0.0,0.0,0.0,0.0,0.0,0.0
7,0.0,0.0,0.0,0.0,0.0,1.181151633317787,0.8948153864573721,0.0,3.898358681329321,3.9889974348676773,0.5745142701278165,0.0,0.0,0.0,0.0,0.0,0.0,0.0,0.0,0.0,0.0,0.0
8,0.0,0.0,0.0,0.0,0.0,4.779940043147995,4.305925098531271,3.898358681329321,0.0,2.097062377787801,0.0,0.0,0.0,0.0,0.0,0.0,0.0,0.0,0.0,0.0,0.0,0.0
9,0.0,0.0,0.0,0.0,0.0,0.0,4.356426708904133,3.9889974348676773,2.097062377787801,0.0,3.809046100369266,0.0,0.0,0.0,0.0,0.0,0.0,0.0,0.0,0.0,0.0,0.0
10,0.0,0.0,0.0,0.0,0.0,0.0,0.0,0.5745142701278165,0.0,3.809046100369266,0.0,0.7542475024034241,-2.8545898991401346,0.0,0.0,0.0,0.0,0.0,0.0,0.0,0.0,0.0
11,0.0,0.0,0.0,0.0,0.0,0.0,0.0,0.0,0.0,0.0,0.7542475024034241,0.0,0.5028605641776965,0.4851664050230163,0.0,0.0,0.0,0.0,0.0,0.0,0.0,0.0
12,0.0,0.0,0.0,0.0,0.0,0.0,0.0,0.0,0.0,0.0,-2.8545898991401346,0.5028605641776965,0.0,-1.9420231894377094,-2.356751079175617,0.0,0.0,0.0,0.0,0.0,0.0,0.0
13,0.0,0.0,0.0,0.0,0.0,0.0,0.0,0.0,0.0,0.0,0.0,0.4851664050230163,-1.9420231894377094,0.0,-1.9859777162267342,-1.2074427357363784,0.9556566990634531,0.0,0.0,0.0,0.0,0.0
14,0.0,0.0,0.0,0.0,0.0,0.0,0.0,0.0,0.0,0.0,0.0,0.0,-2.356751079175617,-1.9859777162267342,0.0,-1.652742185727965,1.0572025121856419,0.0,0.0,0.0,0.0,0.0
15,0.0,0.0,0.0,0.0,0.0,0.0,0.0,0.0,0.0,0.0,0.0,0.0,0.0,-1.2074427357363784,-1.652742185727965,0.0,0.0,-1.0177939493290122,0.0,0.0,0.0,0.0
16,0.0,0.0,0.0,0.0,0.0,0.0,0.0,0.0,0.0,0.0,0.0,0.0,0.0,0.9556566990634531,1.0572025121856419,0.0,0.0,0.35885065680768957,-0.38399621034678943,0.0,0.0,0.0
17,0.0,0.0,0.0,0.0,0.0,0.0,0.0,0.0,0.0,0.0,0.0,0.0,0.0,0.0,0.0,-1.0177939493290122,0.35885065680768957,0.0,0.0,-0.5231014082686589,-3.5519911718457533,0.0
18,0.0,0.0,0.0,0.0,0.0,0.0,0.0,0.0,0.0,0.0,0.0,0.0,0.0,0.0,0.0,0.0,-0.38399621034678943,0.0,0.0,0.6266349832384688,0.0,-0.5185850502792378
19,0.0,0.0,0.0,0.0,0.0,0.0,0.0,0.0,0.0,0.0,0.0,0.0,0.0,0.0,0.0,0.0,0.0,-0.5231014082686589,0.6266349832384688,0.0,-0.738369433498911,0.1839756211268005
20,0.0,0.0,0.0,0.0,0.0,0.0,0.0,0.0,0.0,0.0,0.0,0.0,0.0,0.0,0.0,0.0,0.0,-3.5519911718457533,0.0,-0.738369433498911,0.0,-0.17431496501592136
21,0.0,0.0,0.0,0.0,0.0,0.0,0.0,0.0,0.0,0.0,0.0,0.0,0.0,0.0,0.0,0.0,0.0,0.0,-0.5185850502792378,0.1839756211268005,-0.17431496501592136,0.0
