,0,1,2,3,4,5,6,7,8,9,10,11,12,13,14,15,16,17,18
0,0.0,6.600754102497537,6.116710475957905,5.997859088349156,0.0,0.0,0.0,0.0,0.0,0.0,0.0,0.0,0.0,0.0,0.0,0.0,0.0,0.0,0.0
1,6.600754102497537,0.0,0.42567714561220465,1.2326599324091778,0.0,0.0,0.0,0.0,0.0,0.0,0.0,0.0,0.0,0.0,0.0,0.0,0.0,0.0,0.0
2,6.116710475957905,0.42567714561220465,0.0,-0.9503234263910443,-0.4543650692267304,0.0,1.3723569287359911,0.0,0.0,0.0,0.0,0.0,0.0,0.0,0.0,0.0,0.0,0.0,0.0
3,5.997859088349156,1.2326599324091778,-0.9503234263910443,0.0,-0.21655355825786718,0.0,1.1643646075626723,0.0,0.0,0.0,0.0,0.0,0.0,0.0,0.0,0.0,0.0,0.0,0.0
4,0.0,0.0,-0.4543650692267304,-0.21655355825786718,0.0,0.0,0.9798578604756433,0.0,0.0,0.0,0.0,0.0,0.0,0.0,0.0,0.0,0.0,0.0,0.0
5,0.0,0.0,0.0,0.0,0.0,0.0,4.556520129738567,-0.8931394460062636,0.0,1.9597334349945026,0.0,0.0,0.0,0.0,0.0,0.0,0.0,0.0,0.0
6,0.0,0.0,1.3723569287359911,1.1643646075626723,0.9798578604756433,4.556520129738567,0.0,4.560140057875151,0.0,0.0,0.0,0.0,0.0,0.0,0.0,0.0,0.0,0.0,0.0
7,0.0,0.0,0.0,0.0,0.0,-0.8931394460062636,4.560140057875151,0.0,0.0,2.196761496158492,0.0,0.0,0.0,0.0,0.0,0.0,0.0,0.0,0.0
8,0.0,0.0,0.0,0.0,0.0,0.0,0.0,0.0,0.0,1.6601679021816185,3.6124350357650274,1.2662510208937785,0.0,0.0,0.0,0.0,0.0,0.0,0.0
9,0.0,0.0,0.0,0.0,0.0,1.9597334349945026,0.0,2.196761496158492,1.6601679021816185,0.0,2.8646127432217643,0.0,0.0,0.0,0.0,0.0,0.0,0.0,0.0
10,0.0,0.0,0.0,0.0,0.0,0.0,0.0,0.0,3.6124350357650274,2.8646127432217643,0.0,2.8474387576568674,-0.8760245409477577,0.0,0.0,0.0,0.0,0.0,0.0
11,0.0,0.0,0.0,0.0,0.0,0.0,0.0,0.0,1.2662510208937785,0.0,2.8474387576568674,0.0,2.2145546206467173,0.6423246698417601,0.0,0.0,0.0,0.0,0.0
12,0.0,0.0,0.0,0.0,0.0,0.0,0.0,0.0,0.0,0.0,-0.8760245409477577,2.2145546206467173,0.0,1.9045990145737994,0.0,0.0,0.0,0.0,0.0
13,0.0,0.0,0.0,0.0,0.0,0.0,0.0,0.0,0.0,0.0,0.0,0.6423246698417601,1.9045990145737994,0.0,-0.8425961913193987,-0.042838695265714793,0.0,0.0,0.0
14,0.0,0.0,0.0,0.0,0.0,0.0,0.0,0.0,0.0,0.0,0.0,0.0,0.0,-0.8425961913193987,0.0,-0.47016906079952453,0.26336065809238074,0.024992897444905102,0.0
15,0.0,0.0,0.0,0.0,0.0,0.0,0.0,0.0,0.0,0.0,0.0,0.0,0.0,-0.042838695265714793,-0.47016906079952453,0.0,-1.5290840894037963,-1.9067026709502508,-2.2738132795562196
16,0.0,0.0,0.0,0.0,0.0,0.0,0.0,0.0,0.0,0.0,0.0,0.0,0.0,0.0,0.26336065809238074,-1.5290840894037963,0.0,-2.6330340442010307,-3.640356168508006
17,0.0,0.0,0.0,0.0,0.0,0.0,0.0,0.0,0.0,0.0,0.0,0.0,0.0,0.0,0.024992897444905102,-1.9067026709502508,-2.6330340442010307,0.0,-3.26343770678547
18,0.0,0.0,0.0,0.0,0.0,0.0,0.0,0.0,0.0,0.0,0.0,0.0,0.0,0.0,0.0,-2.2738132795562196,-3.640356168508006,-3.26343770678547,0.0
