,0,1,2,3,4,5,6,7,8,9,10,11,12,13,14,15,16,17,18,19,20
0,0.0,6.947950821228132,6.274471502740748,3.1967619624106187,0.0,0.0,0.0,0.0,0.0,0.0,0.0,0.0,0.0,0.0,0.0,0.0,0.0,0.0,0.0,0.0,0.0
1,6.947950821228132,0.0,0.05894374791102799,5.553168955941121,5.547892292727155,0.0,0.0,0.0,0.0,0.0,0.0,0.0,0.0,0.0,0.0,0.0,0.0,0.0,0.0,0.0,0.0
2,6.274471502740748,0.05894374791102799,0.0,4.892353318094107,4.892625452161058,4.883324796875618,0.0,0.0,0.0,0.0,0.0,0.0,0.0,0.0,0.0,0.0,0.0,0.0,0.0,0.0,0.0
3,3.1967619624106187,5.553168955941121,4.892353318094107,0.0,-0.2664394194348176,0.43178860852325524,0.0,0.0,0.0,0.0,0.0,0.0,0.0,0.0,0.0,0.0,0.0,0.0,0.0,0.0,0.0
4,0.0,5.547892292727155,4.892625452161058,-0.2664394194348176,0.0,-1.6894581132230146,4.649216273725191,4.396457408767958,0.0,0.0,0.0,0.0,0.0,0.0,0.0,0.0,0.0,0.0,0.0,0.0,0.0
5,0.0,0.0,4.883324796875618,0.43178860852325524,-1.6894581132230146,0.0,4.6389728356623205,4.390705147107792,0.0,0.0,0.0,0.0,0.0,0.0,0.0,0.0,0.0,0.0,0.0,0.0,0.0
6,0.0,0.0,0.0,0.0,4.649216273725191,4.6389728356623205,0.0,-1.0049095180799927,0.0,0.0,0.0,0.0,0.0,0.0,0.0,0.0,0.0,0.0,0.0,0.0,0.0
7,0.0,0.0,0.0,0.0,4.396457408767958,4.390705147107792,-1.0049095180799927,0.0,0.0,0.0,0.0,0.0,0.0,0.0,0.0,0.0,0.0,0.0,0.0,0.0,0.0
8,0.0,0.0,0.0,0.0,0.0,0.0,0.0,0.0,0.0,2.1900970933438044,1.567966721338301,-0.2903225855581995,0.0,0.0,0.0,0.0,0.0,0.0,0.0,0.0,0.0
9,0.0,0.0,0.0,0.0,0.0,0.0,0.0,0.0,2.1900970933438044,0.0,1.0777481359316956,1.7528708371856636,3.458600509668028,0.0,0.0,0.0,0.0,0.0,0.0,0.0,0.0
10,0.0,0.0,0.0,0.0,0.0,0.0,0.0,0.0,1.567966721338301,1.0777481359316956,0.0,1.2175053713992334,2.9587962402927315,0.0,0.0,0.0,0.0,0.0,0.0,0.0,0.0
11,0.0,0.0,0.0,0.0,0.0,0.0,0.0,0.0,-0.2903225855581995,1.7528708371856636,1.2175053713992334,0.0,2.3146999845854745,1.332123132779069,-4.03176289146409,0.0,0.0,0.0,0.0,0.0,0.0
12,0.0,0.0,0.0,0.0,0.0,0.0,0.0,0.0,0.0,3.458600509668028,2.9587962402927315,2.3146999845854745,0.0,2.66855216989757,1.383509882557477,0.0,0.0,0.0,0.0,0.0,0.0
13,0.0,0.0,0.0,0.0,0.0,0.0,0.0,0.0,0.0,0.0,0.0,1.332123132779069,2.66855216989757,0.0,0.4584565519329882,-0.49086399266767167,-0.018462298385643408,0.0,0.0,0.0,0.0
14,0.0,0.0,0.0,0.0,0.0,0.0,0.0,0.0,0.0,0.0,0.0,-4.03176289146409,1.383509882557477,0.4584565519329882,0.0,0.819253670669825,1.2013879935582075,0.6209169583722597,0.0,0.0,0.0
15,0.0,0.0,0.0,0.0,0.0,0.0,0.0,0.0,0.0,0.0,0.0,0.0,0.0,-0.49086399266767167,0.819253670669825,0.0,-0.9728194352240392,0.0,0.0,0.0,0.0
16,0.0,0.0,0.0,0.0,0.0,0.0,0.0,0.0,0.0,0.0,0.0,0.0,0.0,-0.018462298385643408,1.2013879935582075,-0.9728194352240392,0.0,0.0,0.0,-0.4056213517592506,0.0
17,0.0,0.0,0.0,0.0,0.0,0.0,0.0,0.0,0.0,0.0,0.0,0.0,0.0,0.0,0.6209169583722597,0.0,0.0,0.0,-0.7483948505891986,0.0,-1.1711071430538638
18,0.0,0.0,0.0,0.0,0.0,0.0,0.0,0.0,0.0,0.0,0.0,0.0,0.0,0.0,0.0,0.0,0.0,-0.7483948505891986,0.0,0.2726416740213784,-2.6110308583901887
19,0.0,0.0,0.0,0.0,0.0,0.0,0.0,0.0,0.0,0.0,0.0,0.0,0.0,0.0,0.0,0.0,-0.4056213517592506,0.0,0.2726416740213784,0.0,-0.656550275598398
20,0.0,0.0,0.0,0.0,0.0,0.0,0.0,0.0,0.0,0.0,0.0,0.0,0.0,0.0,0.0,0.0,0.0,-1.1711071430538638,-2.6110308583901887,-0.656550275598398,0.0
