,0,1,2,3,4,5,6,7,8,9,10,11,12,13,14,15,16,17,18,19,20,21,22
0,0.0,6.963288580884785,7.0211947402612855,0.34203743850204044,0.0,0.0,0.0,0.0,0.0,0.0,0.0,0.0,0.0,0.0,0.0,0.0,0.0,0.0,0.0,0.0,0.0,0.0,0.0
1,6.963288580884785,0.0,-0.8889728613359598,5.270971441930831,-0.8887662374728277,0.0,0.0,0.0,0.0,0.0,0.0,0.0,0.0,0.0,0.0,0.0,0.0,0.0,0.0,0.0,0.0,0.0,0.0
2,7.0211947402612855,-0.8889728613359598,0.0,5.329375669754551,-0.6654290723503538,5.316714394088649,0.0,0.0,0.0,0.0,0.0,0.0,0.0,0.0,0.0,0.0,0.0,0.0,0.0,0.0,0.0,0.0,0.0
3,0.34203743850204044,5.270971441930831,5.329375669754551,0.0,4.999965888246337,-0.8862893342509811,0.0,0.0,0.0,0.0,0.0,0.0,0.0,0.0,0.0,0.0,0.0,0.0,0.0,0.0,0.0,0.0,0.0
4,0.0,-0.8887662374728277,-0.6654290723503538,4.999965888246337,0.0,4.985452584418751,0.0,0.0,0.0,0.0,0.0,0.0,0.0,0.0,0.0,0.0,0.0,0.0,0.0,0.0,0.0,0.0,0.0
5,0.0,0.0,5.316714394088649,-0.8862893342509811,4.985452584418751,0.0,0.0,0.0,0.0,0.0,0.0,0.0,0.0,0.0,0.0,0.0,0.0,0.0,0.0,0.0,0.0,0.0,0.0
6,0.0,0.0,0.0,0.0,0.0,0.0,0.0,3.2770568529016164,-2.029032903795499,0.0,-0.9090785764669465,0.0,0.0,0.0,0.0,0.0,0.0,0.0,0.0,0.0,0.0,0.0,0.0
7,0.0,0.0,0.0,0.0,0.0,0.0,3.2770568529016164,0.0,2.8182981222310595,-1.127364774735232,0.0,-0.7214834357291221,0.0,0.0,0.0,0.0,0.0,0.0,0.0,0.0,0.0,0.0,0.0
8,0.0,0.0,0.0,0.0,0.0,0.0,-2.029032903795499,2.8182981222310595,0.0,2.6475378033066135,-2.682347009999578,0.0,-2.0418825962693075,0.0,0.0,0.0,0.0,0.0,0.0,0.0,0.0,0.0,0.0
9,0.0,0.0,0.0,0.0,0.0,0.0,0.0,-1.127364774735232,2.6475378033066135,0.0,2.4801625501491067,-1.1152860522287351,0.0,0.0,0.0,0.0,0.0,0.0,0.0,0.0,0.0,0.0,0.0
10,0.0,0.0,0.0,0.0,0.0,0.0,-0.9090785764669465,0.0,-2.682347009999578,2.4801625501491067,0.0,2.078808770599092,-1.3087773397221736,0.0,0.0,0.0,0.0,0.0,0.0,0.0,0.0,0.0,0.0
11,0.0,0.0,0.0,0.0,0.0,0.0,0.0,-0.7214834357291221,0.0,-1.1152860522287351,2.078808770599092,0.0,1.962703158371418,-0.3738383093469426,0.0,0.0,0.0,0.0,0.0,0.0,0.0,0.0,0.0
12,0.0,0.0,0.0,0.0,0.0,0.0,0.0,0.0,-2.0418825962693075,0.0,-1.3087773397221736,1.962703158371418,0.0,2.2351160253087206,-2.8265873279603744,0.0,0.0,0.0,0.0,0.0,0.0,0.0,0.0
13,0.0,0.0,0.0,0.0,0.0,0.0,0.0,0.0,0.0,0.0,0.0,-0.3738383093469426,2.2351160253087206,0.0,2.1115829428752755,-3.1837642964994934,0.0,0.0,0.0,0.0,0.0,0.0,0.0
14,0.0,0.0,0.0,0.0,0.0,0.0,0.0,0.0,0.0,0.0,0.0,0.0,-2.8265873279603744,2.1115829428752755,0.0,1.8526418537133522,0.0,0.0,0.0,0.0,0.0,0.0,0.0
15,0.0,0.0,0.0,0.0,0.0,0.0,0.0,0.0,0.0,0.0,0.0,0.0,0.0,-3.1837642964994934,1.8526418537133522,0.0,1.3062013608785266,0.0,0.0,0.0,0.0,0.0,0.0
16,0.0,0.0,0.0,0.0,0.0,0.0,0.0,0.0,0.0,0.0,0.0,0.0,0.0,0.0,0.0,1.3062013608785266,0.0,-1.1792392249163755,-0.017780191957447945,-0.22569739467588848,0.0,0.0,0.0
17,0.0,0.0,0.0,0.0,0.0,0.0,0.0,0.0,0.0,0.0,0.0,0.0,0.0,0.0,0.0,0.0,-1.1792392249163755,0.0,-0.19266079891298216,-0.18134384875342813,-0.6788879151414255,0.0,-3.2396950660012918
18,0.0,0.0,0.0,0.0,0.0,0.0,0.0,0.0,0.0,0.0,0.0,0.0,0.0,0.0,0.0,0.0,-0.017780191957447945,-0.19266079891298216,0.0,-2.6536721915827135,-4.05075669232325,2.796651199173789,-1.209268201558887
19,0.0,0.0,0.0,0.0,0.0,0.0,0.0,0.0,0.0,0.0,0.0,0.0,0.0,0.0,0.0,0.0,-0.22569739467588848,-0.18134384875342813,-2.6536721915827135,0.0,-2.361518408300914,2.794378549603479,0.0
20,0.0,0.0,0.0,0.0,0.0,0.0,0.0,0.0,0.0,0.0,0.0,0.0,0.0,0.0,0.0,0.0,0.0,-0.6788879151414255,-4.05075669232325,-2.361518408300914,0.0,2.6855800015238684,-1.6894628518008017
21,0.0,0.0,0.0,0.0,0.0,0.0,0.0,0.0,0.0,0.0,0.0,0.0,0.0,0.0,0.0,0.0,0.0,0.0,2.796651199173789,2.794378549603479,2.6855800015238684,0.0,0.0
22,0.0,0.0,0.0,0.0,0.0,0.0,0.0,0.0,0.0,0.0,0.0,0.0,0.0,0.0,0.0,0.0,0.0,-3.2396950660012918,-1.209268201558887,0.0,-1.6894628518008017,0.0,0.0
