,0,1,2,3,4,5,6,7,8,9,10,11,12,13,14,15,16,17,18,19
0,0.0,1.4584538546262615,0.984547695228823,7.699729233053138,0.0,0.0,0.0,0.0,0.0,0.0,0.0,0.0,0.0,0.0,0.0,0.0,0.0,0.0,0.0,0.0
1,1.4584538546262615,0.0,-0.11060420702473067,6.942214331987647,0.036836344080880774,0.0,0.0,0.0,0.0,0.0,0.0,0.0,0.0,0.0,0.0,0.0,0.0,0.0,0.0,0.0
2,0.984547695228823,-0.11060420702473067,0.0,6.372361584852126,-0.18793286709767282,0.0,0.0,0.0,0.0,0.0,0.0,0.0,0.0,0.0,0.0,0.0,0.0,0.0,0.0,0.0
3,7.699729233053138,6.942214331987647,6.372361584852126,0.0,5.024485794232557,4.439873322642748,3.82614759816337,0.0,0.0,0.0,0.0,0.0,0.0,0.0,0.0,0.0,0.0,0.0,0.0,0.0
4,0.0,0.036836344080880774,-0.18793286709767282,5.024485794232557,0.0,-1.8394738914203943,-1.0156203481538322,0.0,0.0,0.0,0.0,0.0,0.0,0.0,0.0,0.0,0.0,0.0,0.0,0.0
5,0.0,0.0,0.0,4.439873322642748,-1.8394738914203943,0.0,-1.589953607014959,-1.3474409332929802,-1.1107919296251745,0.0,0.0,0.0,0.0,0.0,0.0,0.0,0.0,0.0,0.0,0.0
6,0.0,0.0,0.0,3.82614759816337,-1.0156203481538322,-1.589953607014959,0.0,-2.1561697187036377,-2.5462749148748682,0.0,-3.2416219912179036,0.0,0.0,0.0,0.0,0.0,0.0,0.0,0.0,0.0
7,0.0,0.0,0.0,0.0,0.0,-1.3474409332929802,-2.1561697187036377,0.0,-2.4424462486116223,0.0,-2.552301934279913,0.0,0.0,0.0,0.0,0.0,0.0,0.0,0.0,0.0
8,0.0,0.0,0.0,0.0,0.0,-1.1107919296251745,-2.5462749148748682,-2.4424462486116223,0.0,-3.1183635590386385,-4.048868150652442,0.0,0.19152080579940117,0.0,0.0,0.0,0.0,0.0,0.0,0.0
9,0.0,0.0,0.0,0.0,0.0,0.0,0.0,0.0,-3.1183635590386385,0.0,-2.3925935873521516,0.0,0.08817179161583606,0.0,0.0,0.0,0.0,0.0,0.0,0.0
10,0.0,0.0,0.0,0.0,0.0,0.0,-3.2416219912179036,-2.552301934279913,-4.048868150652442,-2.3925935873521516,0.0,0.0,0.33480860689488556,0.0,0.0,0.0,0.0,0.0,0.0,0.0
11,0.0,0.0,0.0,0.0,0.0,0.0,0.0,0.0,0.0,0.0,0.0,0.0,1.0957348765482744,-0.0646987351594194,0.0,0.0,1.5008284630617457,0.0,0.0,0.0
12,0.0,0.0,0.0,0.0,0.0,0.0,0.0,0.0,0.19152080579940117,0.08817179161583606,0.33480860689488556,1.0957348765482744,0.0,0.0,0.0,0.0,0.0,0.0,0.0,0.0
13,0.0,0.0,0.0,0.0,0.0,0.0,0.0,0.0,0.0,0.0,0.0,-0.0646987351594194,0.0,0.0,0.0,0.0,1.3469572753231427,0.5871131009842593,0.0,0.0
14,0.0,0.0,0.0,0.0,0.0,0.0,0.0,0.0,0.0,0.0,0.0,0.0,0.0,0.0,0.0,-1.8926004773139056,-0.8641196237775184,-0.8276995686676571,0.0,0.0
15,0.0,0.0,0.0,0.0,0.0,0.0,0.0,0.0,0.0,0.0,0.0,0.0,0.0,0.0,-1.8926004773139056,0.0,-2.275095712774956,-1.9950311249485126,-2.741022899559863,-2.4597272238675782
16,0.0,0.0,0.0,0.0,0.0,0.0,0.0,0.0,0.0,0.0,0.0,1.5008284630617457,0.0,1.3469572753231427,-0.8641196237775184,-2.275095712774956,0.0,-1.153107647845962,0.0,0.0
17,0.0,0.0,0.0,0.0,0.0,0.0,0.0,0.0,0.0,0.0,0.0,0.0,0.0,0.5871131009842593,-0.8276995686676571,-1.9950311249485126,-1.153107647845962,0.0,-1.537843345770386,-1.174369202884924
18,0.0,0.0,0.0,0.0,0.0,0.0,0.0,0.0,0.0,0.0,0.0,0.0,0.0,0.0,0.0,-2.741022899559863,0.0,-1.537843345770386,0.0,-3.291451156494424
19,0.0,0.0,0.0,0.0,0.0,0.0,0.0,0.0,0.0,0.0,0.0,0.0,0.0,0.0,0.0,-2.4597272238675782,0.0,-1.174369202884924,-3.291451156494424,0.0
