,0,1,2,3,4,5,6,7,8,9,10,11,12,13,14,15,16,17,18
0,0.0,2.9992239973710553,2.865503699419171,1.1505772249503046,0.0,0.0,0.0,0.0,0.0,0.0,0.0,0.0,0.0,0.0,0.0,0.0,0.0,0.0,0.0
1,2.9992239973710553,0.0,-0.9399594565598802,0.7856714081805363,0.0,5.646906644393725,0.0,0.0,0.0,0.0,0.0,0.0,0.0,0.0,0.0,0.0,0.0,0.0,0.0
2,2.865503699419171,-0.9399594565598802,0.0,0.3936147049602016,0.0,5.688175384865228,0.0,0.0,0.0,0.0,0.0,0.0,0.0,0.0,0.0,0.0,0.0,0.0,0.0
3,1.1505772249503046,0.7856714081805363,0.3936147049602016,0.0,-0.14196417078706242,5.20490486245595,5.496451728044326,0.0,0.0,0.0,0.0,0.0,0.0,0.0,0.0,0.0,0.0,0.0,0.0
4,0.0,0.0,0.0,-0.14196417078706242,0.0,4.892672328463702,5.197346991522647,0.0,0.0,0.0,0.0,0.0,0.0,0.0,0.0,0.0,0.0,0.0,0.0
5,0.0,5.646906644393725,5.688175384865228,5.20490486245595,4.892672328463702,0.0,1.9159221453224764,0.0,0.0,0.0,0.0,0.0,0.0,0.0,0.0,0.0,0.0,0.0,0.0
6,0.0,0.0,0.0,5.496451728044326,5.197346991522647,1.9159221453224764,0.0,4.7315105365061125,0.0,0.0,0.0,0.0,0.0,0.0,0.0,0.0,0.0,0.0,0.0
7,0.0,0.0,0.0,0.0,0.0,0.0,4.7315105365061125,0.0,1.9753902567744304,3.152550808573599,0.0,0.0,0.0,0.0,0.0,0.0,0.0,0.0,0.0
8,0.0,0.0,0.0,0.0,0.0,0.0,0.0,1.9753902567744304,0.0,2.3614619252577937,2.2818403334449875,2.2027560647841353,0.0,0.0,0.0,0.0,0.0,0.0,0.0
9,0.0,0.0,0.0,0.0,0.0,0.0,0.0,3.152550808573599,2.3614619252577937,0.0,1.5644406728588505,0.6458968615899326,0.0,0.0,0.0,0.0,0.0,0.0,0.0
10,0.0,0.0,0.0,0.0,0.0,0.0,0.0,0.0,2.2818403334449875,1.5644406728588505,0.0,0.9604668145920305,0.7232343534981456,0.7778959070711415,0.0,0.0,0.0,0.0,0.0
11,0.0,0.0,0.0,0.0,0.0,0.0,0.0,0.0,2.2027560647841353,0.6458968615899326,0.9604668145920305,0.0,-1.5873470674717294,0.0,-0.6429733683178812,0.0,0.0,0.0,0.0
12,0.0,0.0,0.0,0.0,0.0,0.0,0.0,0.0,0.0,0.0,0.7232343534981456,-1.5873470674717294,0.0,0.3801366261875558,-1.261286270490818,0.0,0.0,0.0,0.0
13,0.0,0.0,0.0,0.0,0.0,0.0,0.0,0.0,0.0,0.0,0.7778959070711415,0.0,0.3801366261875558,0.0,0.5155210491256295,-0.6452439493741157,0.0,0.0,0.0
14,0.0,0.0,0.0,0.0,0.0,0.0,0.0,0.0,0.0,0.0,0.0,-0.6429733683178812,-1.261286270490818,0.5155210491256295,0.0,-1.3075505431210956,0.0,0.0,0.0
15,0.0,0.0,0.0,0.0,0.0,0.0,0.0,0.0,0.0,0.0,0.0,0.0,0.0,-0.6452439493741157,-1.3075505431210956,0.0,-0.999682366134135,-0.813167962422139,-0.8219067050249952
16,0.0,0.0,0.0,0.0,0.0,0.0,0.0,0.0,0.0,0.0,0.0,0.0,0.0,0.0,0.0,-0.999682366134135,0.0,-4.5671379773982155,-4.493700735160758
17,0.0,0.0,0.0,0.0,0.0,0.0,0.0,0.0,0.0,0.0,0.0,0.0,0.0,0.0,0.0,-0.813167962422139,-4.5671379773982155,0.0,-4.189560240943845
18,0.0,0.0,0.0,0.0,0.0,0.0,0.0,0.0,0.0,0.0,0.0,0.0,0.0,0.0,0.0,-0.8219067050249952,-4.493700735160758,-4.189560240943845,0.0
