,0,1,2,3,4,5,6,7,8,9,10,11,12,13,14,15
0,0.0,7.927971382017962,3.2804247068047085,0.0,5.154016470992865,0.0,0.0,0.0,0.0,0.0,0.0,0.0,0.0,0.0,0.0,0.0
1,7.927971382017962,0.0,6.695336100205374,-0.2884093708975749,1.4064722615484442,0.0,0.0,0.0,0.0,0.0,0.0,0.0,0.0,0.0,0.0,0.0
2,3.2804247068047085,6.695336100205374,0.0,4.041548505306032,3.902335621749133,0.0,0.0,0.0,0.0,0.0,0.0,0.0,0.0,0.0,0.0,0.0
3,0.0,-0.2884093708975749,4.041548505306032,0.0,-1.5504193541060385,-0.7443890070095285,-0.7400131844881944,0.0,0.0,0.0,0.0,0.0,0.0,0.0,0.0,0.0
4,5.154016470992865,1.4064722615484442,3.902335621749133,-1.5504193541060385,0.0,0.046037784319813126,-0.17806752149835703,0.0,0.0,0.0,0.0,0.0,0.0,0.0,0.0,0.0
5,0.0,0.0,0.0,-0.7443890070095285,0.046037784319813126,0.0,-1.1210070963024228,0.0,0.0,0.0,0.0,0.0,0.0,0.0,0.0,0.0
6,0.0,0.0,0.0,-0.7400131844881944,-0.17806752149835703,-1.1210070963024228,0.0,0.5177414400227276,-2.519095046151097,1.9403179100041041,0.0,0.0,0.0,0.0,0.0,0.0
7,0.0,0.0,0.0,0.0,0.0,0.0,0.5177414400227276,0.0,-0.05429630180225705,1.021875915830556,-0.4731335660743128,0.0,0.0,0.0,0.0,0.0
8,0.0,0.0,0.0,0.0,0.0,0.0,-2.519095046151097,-0.05429630180225705,0.0,1.551231977101031,0.139404985574784,0.0,0.0,0.0,0.0,0.0
9,0.0,0.0,0.0,0.0,0.0,0.0,1.9403179100041041,1.021875915830556,1.551231977101031,0.0,-0.009219954277109262,0.0,0.0,0.0,0.0,0.0
10,0.0,0.0,0.0,0.0,0.0,0.0,0.0,-0.4731335660743128,0.139404985574784,-0.009219954277109262,0.0,0.0,0.0,0.0,0.0,0.0
11,0.0,0.0,0.0,0.0,0.0,0.0,0.0,0.0,0.0,0.0,0.0,0.0,-0.6928688946325109,-0.5274172898814665,-3.3285567202022555,-2.7442660619296935
12,0.0,0.0,0.0,0.0,0.0,0.0,0.0,0.0,0.0,0.0,0.0,-0.6928688946325109,0.0,0.5205284091537719,-1.677283705449265,-2.281906445408807
13,0.0,0.0,0.0,0.0,0.0,0.0,0.0,0.0,0.0,0.0,0.0,-0.5274172898814665,0.5205284091537719,0.0,-0.4802827352805815,0.0
14,0.0,0.0,0.0,0.0,0.0,0.0,0.0,0.0,0.0,0.0,0.0,-3.3285567202022555,-1.677283705449265,-0.4802827352805815,0.0,-4.340746267205124
15,0.0,0.0,0.0,0.0,0.0,0.0,0.0,0.0,0.0,0.0,0.0,-2.7442660619296935,-2.281906445408807,0.0,-4.340746267205124,0.0
