,0,1,2,3,4,5,6,7,8,9,10,11,12,13,14,15,16,17,18,19,20,21,22,23
0,0.0,-2.427392052492163,-0.9994077758911881,-0.4641829792132628,0.0,0.0,0.0,0.0,0.0,0.0,0.0,0.0,0.0,0.0,0.0,0.0,0.0,0.0,0.0,0.0,0.0,0.0,0.0,0.0
1,-2.427392052492163,0.0,-1.419568648657272,-0.46320812676811024,0.0,0.0,0.0,0.0,0.0,0.0,0.0,0.0,0.0,0.0,0.0,0.0,0.0,0.0,0.0,0.0,0.0,0.0,0.0,0.0
2,-0.9994077758911881,-1.419568648657272,0.0,0.09913198774247968,0.0,-0.00029690605328208766,0.0,0.0,0.0,0.0,0.0,0.0,0.0,0.0,0.0,0.0,0.0,0.0,0.0,0.0,0.0,0.0,0.0,0.0
3,-0.4641829792132628,-0.46320812676811024,0.09913198774247968,0.0,0.0,0.15510911216613435,-0.7984658761555098,0.0,0.0,0.0,0.0,0.0,0.0,0.0,0.0,0.0,0.0,0.0,0.0,0.0,0.0,0.0,0.0,0.0
4,0.0,0.0,0.0,0.0,0.0,5.68429432365804,5.567703951014674,5.307382962714606,0.0,0.0,0.0,0.0,0.0,0.0,0.0,0.0,0.0,0.0,0.0,0.0,0.0,0.0,0.0,0.0
5,0.0,0.0,-0.00029690605328208766,0.15510911216613435,5.68429432365804,0.0,-1.0529386087100487,1.298752351180723,0.0,0.0,0.0,0.0,0.0,0.0,0.0,0.0,0.0,0.0,0.0,0.0,0.0,0.0,0.0,0.0
6,0.0,0.0,0.0,-0.7984658761555098,5.567703951014674,-1.0529386087100487,0.0,1.3477915339038595,0.0,0.0,0.0,0.0,0.0,0.0,0.0,0.0,0.0,0.0,0.0,0.0,0.0,0.0,0.0,0.0
7,0.0,0.0,0.0,0.0,5.307382962714606,1.298752351180723,1.3477915339038595,0.0,0.6721261997644541,0.5368664650833543,0.8620441406765345,0.0,0.0,0.0,0.0,0.0,0.0,0.0,0.0,0.0,0.0,0.0,0.0,0.0
8,0.0,0.0,0.0,0.0,0.0,0.0,0.0,0.6721261997644541,0.0,1.2739994851839904,1.1948426603185023,0.0,0.0,0.0,0.0,0.0,0.0,0.0,0.0,0.0,0.0,0.0,0.0,0.0
9,0.0,0.0,0.0,0.0,0.0,0.0,0.0,0.5368664650833543,1.2739994851839904,0.0,0.34572850934889976,0.0,0.38127785581965923,0.0,0.0,0.0,0.0,0.0,0.0,0.0,0.0,0.0,0.0,0.0
10,0.0,0.0,0.0,0.0,0.0,0.0,0.0,0.8620441406765345,1.1948426603185023,0.34572850934889976,0.0,0.0,-0.43392122183842513,-0.20237203181046293,0.0,0.0,0.0,0.0,0.0,0.0,0.0,0.0,0.0,0.0
11,0.0,0.0,0.0,0.0,0.0,0.0,0.0,0.0,0.0,0.0,0.0,0.0,3.3467175592164464,3.1881554143373614,2.1568283409913986,0.0,0.0,0.0,0.0,0.0,0.0,0.0,0.0,0.0
12,0.0,0.0,0.0,0.0,0.0,0.0,0.0,0.0,0.0,0.38127785581965923,-0.43392122183842513,3.3467175592164464,0.0,-0.17337366942401147,0.0,0.0,0.0,0.0,0.0,0.0,0.0,0.0,0.0,0.0
13,0.0,0.0,0.0,0.0,0.0,0.0,0.0,0.0,0.0,0.0,-0.20237203181046293,3.1881554143373614,-0.17337366942401147,0.0,0.0,0.0,0.0,0.0,0.0,0.0,0.0,0.0,0.0,0.0
14,0.0,0.0,0.0,0.0,0.0,0.0,0.0,0.0,0.0,0.0,0.0,2.1568283409913986,0.0,0.0,0.0,2.8464762643905517,0.9045059480381573,0.0,0.0,1.044262240580122,0.0,0.0,0.0,0.0
15,0.0,0.0,0.0,0.0,0.0,0.0,0.0,0.0,0.0,0.0,0.0,0.0,0.0,0.0,2.8464762643905517,0.0,1.703374142459612,0.7869351137021097,-0.9293066907795338,0.0,0.0,0.0,0.0,0.0
16,0.0,0.0,0.0,0.0,0.0,0.0,0.0,0.0,0.0,0.0,0.0,0.0,0.0,0.0,0.9045059480381573,1.703374142459612,0.0,1.9694749837896832,0.0,-0.8938856624732758,0.0,0.0,0.0,0.0
17,0.0,0.0,0.0,0.0,0.0,0.0,0.0,0.0,0.0,0.0,0.0,0.0,0.0,0.0,0.0,0.7869351137021097,1.9694749837896832,0.0,0.9352960874241083,0.0,0.0,0.0,0.0,0.0
18,0.0,0.0,0.0,0.0,0.0,0.0,0.0,0.0,0.0,0.0,0.0,0.0,0.0,0.0,0.0,-0.9293066907795338,0.0,0.9352960874241083,0.0,0.0,1.275535244231618,0.0,0.0,0.0
19,0.0,0.0,0.0,0.0,0.0,0.0,0.0,0.0,0.0,0.0,0.0,0.0,0.0,0.0,1.044262240580122,0.0,-0.8938856624732758,0.0,0.0,0.0,-2.3348676597318714,0.3706403393379638,0.0,0.0
20,0.0,0.0,0.0,0.0,0.0,0.0,0.0,0.0,0.0,0.0,0.0,0.0,0.0,0.0,0.0,0.0,0.0,0.0,1.275535244231618,-2.3348676597318714,0.0,-0.15714823537861516,0.3155164139069836,-0.25230520480057356
21,0.0,0.0,0.0,0.0,0.0,0.0,0.0,0.0,0.0,0.0,0.0,0.0,0.0,0.0,0.0,0.0,0.0,0.0,0.0,0.3706403393379638,-0.15714823537861516,0.0,-1.4098967030448248,-3.3215527556262896
22,0.0,0.0,0.0,0.0,0.0,0.0,0.0,0.0,0.0,0.0,0.0,0.0,0.0,0.0,0.0,0.0,0.0,0.0,0.0,0.0,0.3155164139069836,-1.4098967030448248,0.0,-2.2396664418419028
23,0.0,0.0,0.0,0.0,0.0,0.0,0.0,0.0,0.0,0.0,0.0,0.0,0.0,0.0,0.0,0.0,0.0,0.0,0.0,0.0,-0.25230520480057356,-3.3215527556262896,-2.2396664418419028,0.0
