,0,1,2,3,4,5,6,7,8,9,10,11,12,13,14,15,16,17,18,19,20,21
0,0.0,5.180640408089573,5.185248317637698,5.003812905256732,0.0,0.0,0.0,0.0,0.0,0.0,0.0,0.0,0.0,0.0,0.0,0.0,0.0,0.0,0.0,0.0,0.0,0.0
1,5.180640408089573,0.0,-0.4800329177045362,0.8696418140357574,0.0,0.0,0.0,0.0,0.0,0.0,0.0,0.0,0.0,0.0,0.0,0.0,0.0,0.0,0.0,0.0,0.0,0.0
2,5.185248317637698,-0.4800329177045362,0.0,0.8181455895211878,0.936142581054512,0.0,0.0,0.0,0.0,0.0,0.0,0.0,0.0,0.0,0.0,0.0,0.0,0.0,0.0,0.0,0.0,0.0
3,5.003812905256732,0.8696418140357574,0.8181455895211878,0.0,1.1305307470176762,0.0,0.0,0.0,0.0,0.0,0.0,0.0,0.0,0.0,0.0,0.0,0.0,0.0,0.0,0.0,0.0,0.0
4,0.0,0.0,0.936142581054512,1.1305307470176762,0.0,0.6848988048271233,0.0,0.0,0.0,0.0,0.0,0.0,0.0,0.0,0.0,0.0,0.0,0.0,0.0,0.0,0.0,0.0
5,0.0,0.0,0.0,0.0,0.6848988048271233,0.0,1.0575918413339915,-0.770831131020806,3.2557068130081213,0.0,0.0,0.0,0.0,0.0,0.0,0.0,0.0,0.0,0.0,0.0,0.0,0.0
6,0.0,0.0,0.0,0.0,0.0,1.0575918413339915,0.0,0.4041347635599977,2.8144040087423665,0.0,0.0,0.0,0.0,0.0,0.0,0.0,0.0,0.0,0.0,0.0,0.0,0.0
7,0.0,0.0,0.0,0.0,0.0,-0.770831131020806,0.4041347635599977,0.0,2.418257248509762,2.555517570652118,2.167151433101033,0.0,0.0,0.0,0.0,0.0,0.0,0.0,0.0,0.0,0.0,0.0
8,0.0,0.0,0.0,0.0,0.0,3.2557068130081213,2.8144040087423665,2.418257248509762,0.0,1.3614027052234219,0.6890027065311459,0.0,0.0,0.0,0.0,0.0,0.0,0.0,0.0,0.0,0.0,0.0
9,0.0,0.0,0.0,0.0,0.0,0.0,0.0,2.555517570652118,1.3614027052234219,0.0,0.4507789914701882,0.0,0.0,0.0,0.0,0.0,0.0,0.0,0.0,0.0,0.0,0.0
10,0.0,0.0,0.0,0.0,0.0,0.0,0.0,2.167151433101033,0.6890027065311459,0.4507789914701882,0.0,2.138679164117552,-0.32878967114237606,0.35194657809632834,-2.018164536990343,0.0,0.0,0.0,0.0,0.0,0.0,0.0
11,0.0,0.0,0.0,0.0,0.0,0.0,0.0,0.0,0.0,0.0,2.138679164117552,0.0,1.038284648650251,-0.19122442317757427,0.0,0.0,0.0,0.0,0.0,0.0,0.0,0.0
12,0.0,0.0,0.0,0.0,0.0,0.0,0.0,0.0,0.0,0.0,-0.32878967114237606,1.038284648650251,0.0,-1.2624935752814483,-1.4215026562079958,-0.6598849100195439,0.0,0.0,0.0,0.0,0.0,0.0
13,0.0,0.0,0.0,0.0,0.0,0.0,0.0,0.0,0.0,0.0,0.35194657809632834,-0.19122442317757427,-1.2624935752814483,0.0,-0.4448979044356913,-2.488902358130694,-0.3666700214569046,0.0,0.0,0.0,0.0,0.0
14,0.0,0.0,0.0,0.0,0.0,0.0,0.0,0.0,0.0,0.0,-2.018164536990343,0.0,-1.4215026562079958,-0.4448979044356913,0.0,-0.026489526824112566,-2.929410465863834,0.0,0.0,0.0,0.0,0.0
15,0.0,0.0,0.0,0.0,0.0,0.0,0.0,0.0,0.0,0.0,0.0,0.0,-0.6598849100195439,-2.488902358130694,-0.026489526824112566,0.0,0.054624018749508,0.0,0.0,0.0,0.0,0.0
16,0.0,0.0,0.0,0.0,0.0,0.0,0.0,0.0,0.0,0.0,0.0,0.0,0.0,-0.3666700214569046,-2.929410465863834,0.054624018749508,0.0,-0.2621448980176209,-0.01931483156357885,0.0,0.0,0.0
17,0.0,0.0,0.0,0.0,0.0,0.0,0.0,0.0,0.0,0.0,0.0,0.0,0.0,0.0,0.0,0.0,-0.2621448980176209,0.0,-0.46367482141026134,0.0974511343345197,-3.9998305772708767,0.02971714419550606
18,0.0,0.0,0.0,0.0,0.0,0.0,0.0,0.0,0.0,0.0,0.0,0.0,0.0,0.0,0.0,0.0,-0.01931483156357885,-0.46367482141026134,0.0,-0.04355677004334895,0.0,0.0
19,0.0,0.0,0.0,0.0,0.0,0.0,0.0,0.0,0.0,0.0,0.0,0.0,0.0,0.0,0.0,0.0,0.0,0.0974511343345197,-0.04355677004334895,0.0,-1.200326295621352,0.7090535369195428
20,0.0,0.0,0.0,0.0,0.0,0.0,0.0,0.0,0.0,0.0,0.0,0.0,0.0,0.0,0.0,0.0,0.0,-3.9998305772708767,0.0,-1.200326295621352,0.0,-0.7240863015189921
21,0.0,0.0,0.0,0.0,0.0,0.0,0.0,0.0,0.0,0.0,0.0,0.0,0.0,0.0,0.0,0.0,0.0,0.02971714419550606,0.0,0.7090535369195428,-0.7240863015189921,0.0
