,0,1,2,3,4,5,6,7,8,9,10,11,12,13,14,15,16,17,18,19
0,0.0,0.8727464214198661,6.826484900006236,0.2753598437060183,0.0,0.0,0.0,0.0,0.0,0.0,0.0,0.0,0.0,0.0,0.0,0.0,0.0,0.0,0.0,0.0
1,0.8727464214198661,0.0,6.268680173969994,-0.1973894828511749,-0.19726404749708823,0.0,0.0,0.0,0.0,0.0,0.0,0.0,0.0,0.0,0.0,0.0,0.0,0.0,0.0,0.0
2,6.826484900006236,6.268680173969994,0.0,5.485842024149004,5.178870476887397,0.04342814642598977,0.0,0.0,0.0,0.0,0.0,0.0,0.0,0.0,0.0,0.0,0.0,0.0,0.0,0.0
3,0.2753598437060183,-0.1973894828511749,5.485842024149004,0.0,-0.3923296161835386,4.982489977990234,0.0,0.0,0.0,0.0,0.0,0.0,0.0,0.0,0.0,0.0,0.0,0.0,0.0,0.0
4,0.0,-0.19726404749708823,5.178870476887397,-0.3923296161835386,0.0,4.667058049033527,0.29341062937921536,-0.9161558198733988,0.0,0.0,0.0,0.0,0.0,0.0,0.0,0.0,0.0,0.0,0.0,0.0
5,0.0,0.0,0.04342814642598977,4.982489977990234,4.667058049033527,0.0,4.397442926857276,4.197709485239978,0.0,0.0,0.0,0.0,0.0,0.0,0.0,0.0,0.0,0.0,0.0,0.0
6,0.0,0.0,0.0,0.0,0.29341062937921536,4.397442926857276,0.0,-1.5414148650459611,-1.501902663827105,0.0,0.0,0.0,0.0,0.0,0.0,0.0,0.0,0.0,0.0,0.0
7,0.0,0.0,0.0,0.0,-0.9161558198733988,4.197709485239978,-1.5414148650459611,0.0,-1.1676527878786618,0.0,0.0,0.0,0.0,0.0,0.0,0.0,0.0,0.0,0.0,0.0
8,0.0,0.0,0.0,0.0,0.0,0.0,-1.501902663827105,-1.1676527878786618,0.0,-2.9178586218096627,0.0,0.0,0.0,0.0,0.0,0.0,0.0,0.0,0.0,0.0
9,0.0,0.0,0.0,0.0,0.0,0.0,0.0,0.0,-2.9178586218096627,0.0,1.8053724675254441,1.1025836907182702,-0.03400193727418199,0.0,0.0,0.0,0.0,0.0,0.0,0.0
10,0.0,0.0,0.0,0.0,0.0,0.0,0.0,0.0,0.0,1.8053724675254441,0.0,-0.3233943591963062,1.2031446929650824,1.7789391840032844,0.0,0.0,0.0,0.0,0.0,0.0
11,0.0,0.0,0.0,0.0,0.0,0.0,0.0,0.0,0.0,1.1025836907182702,-0.3233943591963062,0.0,0.7987875210115263,1.178747702792136,0.0,0.0,0.0,0.0,0.0,0.0
12,0.0,0.0,0.0,0.0,0.0,0.0,0.0,0.0,0.0,-0.03400193727418199,1.2031446929650824,0.7987875210115263,0.0,0.17358798192179126,0.0,0.0,0.0,0.0,0.0,0.0
13,0.0,0.0,0.0,0.0,0.0,0.0,0.0,0.0,0.0,0.0,1.7789391840032844,1.178747702792136,0.17358798192179126,0.0,0.8377876084188041,0.0,-0.3984771799339034,0.0,0.0,0.0
14,0.0,0.0,0.0,0.0,0.0,0.0,0.0,0.0,0.0,0.0,0.0,0.0,0.0,0.8377876084188041,0.0,-0.7279204995844885,0.29255420744219235,0.0,0.0,0.0
15,0.0,0.0,0.0,0.0,0.0,0.0,0.0,0.0,0.0,0.0,0.0,0.0,0.0,0.0,-0.7279204995844885,0.0,1.1294219781140755,0.774494435098285,0.0,0.0
16,0.0,0.0,0.0,0.0,0.0,0.0,0.0,0.0,0.0,0.0,0.0,0.0,0.0,-0.3984771799339034,0.29255420744219235,1.1294219781140755,0.0,-1.4702106827293502,0.4354215344997691,-1.9007072187834138
17,0.0,0.0,0.0,0.0,0.0,0.0,0.0,0.0,0.0,0.0,0.0,0.0,0.0,0.0,0.0,0.774494435098285,-1.4702106827293502,0.0,0.4575062843151928,-1.7529391331751707
18,0.0,0.0,0.0,0.0,0.0,0.0,0.0,0.0,0.0,0.0,0.0,0.0,0.0,0.0,0.0,0.0,0.4354215344997691,0.4575062843151928,0.0,-0.0849860275388137
19,0.0,0.0,0.0,0.0,0.0,0.0,0.0,0.0,0.0,0.0,0.0,0.0,0.0,0.0,0.0,0.0,-1.9007072187834138,-1.7529391331751707,-0.0849860275388137,0.0
