,0,1,2,3,4,5,6,7,8,9,10,11,12,13,14,15,16,17,18,19,20,21,22,23
0,0.0,0.016604280642113865,2.9563271421886474,0.476193743332762,0.0,0.0,0.0,0.0,0.0,0.0,0.0,0.0,0.0,0.0,0.0,0.0,0.0,0.0,0.0,0.0,0.0,0.0,0.0,0.0
1,0.016604280642113865,0.0,2.242158777351033,0.12070095435438974,1.7257160183490523,0.0,0.0,0.0,0.0,0.0,0.0,0.0,0.0,0.0,0.0,0.0,0.0,0.0,0.0,0.0,0.0,0.0,0.0,0.0
2,2.9563271421886474,2.242158777351033,0.0,1.5781300655249797,1.474744965419568,0.0,0.0,0.0,0.0,0.0,0.0,0.0,0.0,0.0,0.0,0.0,0.0,0.0,0.0,0.0,0.0,0.0,0.0,0.0
3,0.476193743332762,0.12070095435438974,1.5781300655249797,0.0,1.235512563234023,5.21039540953627,0.0,0.0,0.0,0.0,0.0,0.0,0.0,0.0,0.0,0.0,0.0,0.0,0.0,0.0,0.0,0.0,0.0,0.0
4,0.0,1.7257160183490523,1.474744965419568,1.235512563234023,0.0,5.108292333751406,0.0,0.0,0.0,0.0,0.0,0.0,0.0,0.0,0.0,0.0,0.0,0.0,0.0,0.0,0.0,0.0,0.0,0.0
5,0.0,0.0,0.0,5.21039540953627,5.108292333751406,0.0,-0.8286627657582528,0.4489896137419567,3.742811377200462,0.0,0.0,0.0,0.0,0.0,0.0,0.0,0.0,0.0,0.0,0.0,0.0,0.0,0.0,0.0
6,0.0,0.0,0.0,0.0,0.0,-0.8286627657582528,0.0,0.0,3.4067669355720027,0.4022986936820994,0.0,0.0,0.0,0.0,0.0,0.0,0.0,0.0,0.0,0.0,0.0,0.0,0.0,0.0
7,0.0,0.0,0.0,0.0,0.0,0.4489896137419567,0.0,0.0,3.42874288518462,-1.3143966527565076,3.070636799188544,0.0,0.0,0.0,0.0,0.0,0.0,0.0,0.0,0.0,0.0,0.0,0.0,0.0
8,0.0,0.0,0.0,0.0,0.0,3.742811377200462,3.4067669355720027,3.42874288518462,0.0,3.057241229864297,-0.5579191932148017,0.0,0.0,0.0,0.0,0.0,0.0,0.0,0.0,0.0,0.0,0.0,0.0,0.0
9,0.0,0.0,0.0,0.0,0.0,0.0,0.4022986936820994,-1.3143966527565076,3.057241229864297,0.0,2.7005170195119588,1.4329024410999753,0.0,0.0,0.0,0.0,0.0,0.0,0.0,0.0,0.0,0.0,0.0,0.0
10,0.0,0.0,0.0,0.0,0.0,0.0,0.0,3.070636799188544,-0.5579191932148017,2.7005170195119588,0.0,1.3716901247084867,1.9870491210542618,0.0,0.0,0.0,0.0,0.0,0.0,0.0,0.0,0.0,0.0,0.0
11,0.0,0.0,0.0,0.0,0.0,0.0,0.0,0.0,0.0,1.4329024410999753,1.3716901247084867,0.0,1.0371299123294557,0.8608723762941164,0.0,0.0,0.0,0.0,0.0,0.0,0.0,0.0,0.0,0.0
12,0.0,0.0,0.0,0.0,0.0,0.0,0.0,0.0,0.0,0.0,1.9870491210542618,1.0371299123294557,0.0,-3.4155868189458793,1.1351615827362487,0.0,0.0,0.0,0.0,0.0,0.0,0.0,0.0,0.0
13,0.0,0.0,0.0,0.0,0.0,0.0,0.0,0.0,0.0,0.0,0.0,0.8608723762941164,-3.4155868189458793,0.0,0.9659437341499597,0.0,-1.0529297195309124,0.0,0.0,0.0,0.0,0.0,0.0,0.0
14,0.0,0.0,0.0,0.0,0.0,0.0,0.0,0.0,0.0,0.0,0.0,0.0,1.1351615827362487,0.9659437341499597,0.0,0.0,-0.5834520659536446,0.0,0.0,0.0,0.0,0.0,0.0,0.0
15,0.0,0.0,0.0,0.0,0.0,0.0,0.0,0.0,0.0,0.0,0.0,0.0,0.0,0.0,0.0,0.0,-0.7084380584065181,-2.0716677511320443,-0.2571263968116799,0.0,0.0,0.0,0.0,0.0
16,0.0,0.0,0.0,0.0,0.0,0.0,0.0,0.0,0.0,0.0,0.0,0.0,0.0,-1.0529297195309124,-0.5834520659536446,-0.7084380584065181,0.0,-1.5481160144657427,0.0,-1.8712180856770497,0.0,0.0,0.0,0.0
17,0.0,0.0,0.0,0.0,0.0,0.0,0.0,0.0,0.0,0.0,0.0,0.0,0.0,0.0,0.0,-2.0716677511320443,-1.5481160144657427,0.0,-0.8293671149493744,-1.1018223783620311,-1.1015808454689526,0.0,0.0,0.0
18,0.0,0.0,0.0,0.0,0.0,0.0,0.0,0.0,0.0,0.0,0.0,0.0,0.0,0.0,0.0,-0.2571263968116799,0.0,-0.8293671149493744,0.0,-1.9622850468928235,0.0,-1.5550132102424468,-2.341928242534357,0.0
19,0.0,0.0,0.0,0.0,0.0,0.0,0.0,0.0,0.0,0.0,0.0,0.0,0.0,0.0,0.0,0.0,-1.8712180856770497,-1.1018223783620311,-1.9622850468928235,0.0,0.0,-4.184110570862973,0.0,0.0
20,0.0,0.0,0.0,0.0,0.0,0.0,0.0,0.0,0.0,0.0,0.0,0.0,0.0,0.0,0.0,0.0,0.0,-1.1015808454689526,0.0,0.0,0.0,-0.6363701344378998,-0.9170313164630749,-3.0123095918677785
21,0.0,0.0,0.0,0.0,0.0,0.0,0.0,0.0,0.0,0.0,0.0,0.0,0.0,0.0,0.0,0.0,0.0,0.0,-1.5550132102424468,-4.184110570862973,-0.6363701344378998,0.0,-4.055927183884462,-1.3427555788094636
22,0.0,0.0,0.0,0.0,0.0,0.0,0.0,0.0,0.0,0.0,0.0,0.0,0.0,0.0,0.0,0.0,0.0,0.0,-2.341928242534357,0.0,-0.9170313164630749,-4.055927183884462,0.0,-1.5617749069434244
23,0.0,0.0,0.0,0.0,0.0,0.0,0.0,0.0,0.0,0.0,0.0,0.0,0.0,0.0,0.0,0.0,0.0,0.0,0.0,0.0,-3.0123095918677785,-1.3427555788094636,-1.5617749069434244,0.0
