,0,1,2,3,4,5,6,7,8,9,10,11,12,13,14,15,16,17,18,19,20,21,22,23,24,25,26,27
0,0.0,-0.6309282779862042,0.012000808322642149,-1.7189187666822798,0.0,0.0,0.0,0.0,0.0,0.0,0.0,0.0,0.0,0.0,0.0,0.0,0.0,0.0,0.0,0.0,0.0,0.0,0.0,0.0,0.0,0.0,0.0,0.0
1,-0.6309282779862042,0.0,0.0894367535531849,-0.9630225746773204,0.0,0.0,0.0,0.0,0.0,0.0,0.0,0.0,0.0,0.0,0.0,0.0,0.0,0.0,0.0,0.0,0.0,0.0,0.0,0.0,0.0,0.0,0.0,0.0
2,0.012000808322642149,0.0894367535531849,0.0,-0.17061779757681206,3.2084224376061443,0.0,0.0,0.0,0.0,0.0,0.0,0.0,0.0,0.0,0.0,0.0,0.0,0.0,0.0,0.0,0.0,0.0,0.0,0.0,0.0,0.0,0.0,0.0
3,-1.7189187666822798,-0.9630225746773204,-0.17061779757681206,0.0,3.0319973309411563,-0.7846535871785469,0.0,0.0,0.0,0.0,0.0,0.0,0.0,0.0,0.0,0.0,0.0,0.0,0.0,0.0,0.0,0.0,0.0,0.0,0.0,0.0,0.0,0.0
4,0.0,0.0,3.2084224376061443,3.0319973309411563,0.0,1.7137032679598498,1.2780499286978866,0.0,0.0,0.0,0.0,0.0,0.0,0.0,0.0,0.0,0.0,0.0,0.0,0.0,0.0,0.0,0.0,0.0,0.0,0.0,0.0,0.0
5,0.0,0.0,0.0,-0.7846535871785469,1.7137032679598498,0.0,-1.5905540596705765,0.16622781077799645,0.0,0.0,0.0,0.0,0.0,0.0,0.0,0.0,0.0,0.0,0.0,0.0,0.0,0.0,0.0,0.0,0.0,0.0,0.0,0.0
6,0.0,0.0,0.0,0.0,1.2780499286978866,-1.5905540596705765,0.0,-1.3607454933973937,-0.797202021624771,-0.41401610007330836,0.0,0.0,0.0,0.0,0.0,0.0,0.0,0.0,0.0,0.0,0.0,0.0,0.0,0.0,0.0,0.0,0.0,0.0
7,0.0,0.0,0.0,0.0,0.0,0.16622781077799645,-1.3607454933973937,0.0,-0.17933416382319542,0.06066288923619262,0.0,0.0,0.0,0.0,0.0,0.0,0.0,0.0,0.0,0.0,0.0,0.0,0.0,0.0,0.0,0.0,0.0,0.0
8,0.0,0.0,0.0,0.0,0.0,0.0,-0.797202021624771,-0.17933416382319542,0.0,-1.7399112406018544,0.0,0.0,0.0,0.0,0.0,0.0,0.0,0.0,0.0,0.0,0.0,0.0,0.0,0.0,0.0,0.0,0.0,0.0
9,0.0,0.0,0.0,0.0,0.0,0.0,-0.41401610007330836,0.06066288923619262,-1.7399112406018544,0.0,1.469219768592158,0.5450553663134524,-1.7780998102915704,0.0,0.0,0.0,0.0,0.0,0.0,0.0,0.0,0.0,0.0,0.0,0.0,0.0,0.0,0.0
10,0.0,0.0,0.0,0.0,0.0,0.0,0.0,0.0,0.0,1.469219768592158,0.0,0.521975998737045,1.0432998852929483,0.0,0.0,0.0,0.0,0.0,0.0,0.0,0.0,0.0,0.0,0.0,0.0,0.0,0.0,0.0
11,0.0,0.0,0.0,0.0,0.0,0.0,0.0,0.0,0.0,0.5450553663134524,0.521975998737045,0.0,-0.10118643077365534,0.057151290336961535,0.1508884161296687,0.0,0.0,0.0,0.0,0.0,0.0,0.0,0.0,0.0,0.0,0.0,0.0,0.0
12,0.0,0.0,0.0,0.0,0.0,0.0,0.0,0.0,0.0,-1.7780998102915704,1.0432998852929483,-0.10118643077365534,0.0,-5.0439649534550615,-3.8550530842447803,1.100805695127304,0.0,0.0,0.0,0.0,0.0,0.0,0.0,0.0,0.0,0.0,0.0,0.0
13,0.0,0.0,0.0,0.0,0.0,0.0,0.0,0.0,0.0,0.0,0.0,0.057151290336961535,-5.0439649534550615,0.0,-4.768147327053672,1.0154850288280184,0.0,0.0,0.0,0.0,0.0,0.0,0.0,0.0,0.0,0.0,0.0,0.0
14,0.0,0.0,0.0,0.0,0.0,0.0,0.0,0.0,0.0,0.0,0.0,0.1508884161296687,-3.8550530842447803,-4.768147327053672,0.0,1.0165783352271334,0.0,0.0,0.0,0.0,0.0,0.0,0.0,0.0,0.0,0.0,0.0,0.0
15,0.0,0.0,0.0,0.0,0.0,0.0,0.0,0.0,0.0,0.0,0.0,0.0,1.100805695127304,1.0154850288280184,1.0165783352271334,0.0,0.0,0.0,0.0,0.0,0.0,0.0,0.0,0.0,0.0,0.0,0.0,0.0
16,0.0,0.0,0.0,0.0,0.0,0.0,0.0,0.0,0.0,0.0,0.0,0.0,0.0,0.0,0.0,0.0,0.0,0.5057153670481707,1.0816840128120986,-0.27227261801085617,0.0,0.0,0.0,0.0,0.0,0.0,0.0,0.0
17,0.0,0.0,0.0,0.0,0.0,0.0,0.0,0.0,0.0,0.0,0.0,0.0,0.0,0.0,0.0,0.0,0.5057153670481707,0.0,-1.2980945081209305,0.6287812344771764,0.08206852084218334,0.0,-1.9243030845681106,0.0,0.0,0.0,0.0,0.0
18,0.0,0.0,0.0,0.0,0.0,0.0,0.0,0.0,0.0,0.0,0.0,0.0,0.0,0.0,0.0,0.0,1.0816840128120986,-1.2980945081209305,0.0,0.0,0.0,-1.075084237269683,-3.960718673898227,0.0,0.0,-0.9908032931195417,0.0,0.0
19,0.0,0.0,0.0,0.0,0.0,0.0,0.0,0.0,0.0,0.0,0.0,0.0,0.0,0.0,0.0,0.0,-0.27227261801085617,0.6287812344771764,0.0,0.0,-0.04662879565102454,0.0,0.0,0.0,0.0,0.0,0.0,0.0
20,0.0,0.0,0.0,0.0,0.0,0.0,0.0,0.0,0.0,0.0,0.0,0.0,0.0,0.0,0.0,0.0,0.0,0.08206852084218334,0.0,-0.04662879565102454,0.0,0.0,0.1320261216517187,-0.625334319934241,0.0,0.0,0.0,0.0
21,0.0,0.0,0.0,0.0,0.0,0.0,0.0,0.0,0.0,0.0,0.0,0.0,0.0,0.0,0.0,0.0,0.0,0.0,-1.075084237269683,0.0,0.0,0.0,-1.0254851494858184,0.0,-3.0630463353457977,-0.7943930000985385,0.0,0.0
22,0.0,0.0,0.0,0.0,0.0,0.0,0.0,0.0,0.0,0.0,0.0,0.0,0.0,0.0,0.0,0.0,0.0,-1.9243030845681106,-3.960718673898227,0.0,0.1320261216517187,-1.0254851494858184,0.0,-1.6328468207830886,-0.5698866758223998,-1.0583061342003928,-3.0647460088882488,0.0
23,0.0,0.0,0.0,0.0,0.0,0.0,0.0,0.0,0.0,0.0,0.0,0.0,0.0,0.0,0.0,0.0,0.0,0.0,0.0,0.0,-0.625334319934241,0.0,-1.6328468207830886,0.0,0.0,-1.5445917661870798,-2.8850336406847985,-5.357824994934558
24,0.0,0.0,0.0,0.0,0.0,0.0,0.0,0.0,0.0,0.0,0.0,0.0,0.0,0.0,0.0,0.0,0.0,0.0,0.0,0.0,0.0,-3.0630463353457977,-0.5698866758223998,0.0,0.0,-0.6384532788676788,0.0,0.0
25,0.0,0.0,0.0,0.0,0.0,0.0,0.0,0.0,0.0,0.0,0.0,0.0,0.0,0.0,0.0,0.0,0.0,0.0,-0.9908032931195417,0.0,0.0,-0.7943930000985385,-1.0583061342003928,-1.5445917661870798,-0.6384532788676788,0.0,0.0,-1.610205730762787
26,0.0,0.0,0.0,0.0,0.0,0.0,0.0,0.0,0.0,0.0,0.0,0.0,0.0,0.0,0.0,0.0,0.0,0.0,0.0,0.0,0.0,0.0,-3.0647460088882488,-2.8850336406847985,0.0,0.0,0.0,-3.740540715958778
27,0.0,0.0,0.0,0.0,0.0,0.0,0.0,0.0,0.0,0.0,0.0,0.0,0.0,0.0,0.0,0.0,0.0,0.0,0.0,0.0,0.0,0.0,0.0,-5.357824994934558,0.0,-1.610205730762787,-3.740540715958778,0.0
