,0,1,2,3,4,5,6,7,8,9,10,11,12,13,14,15
0,0.0,4.784363571226532,4.345273995484518,3.8784305007013025,0.0,0.0,0.0,0.0,0.0,0.0,0.0,0.0,0.0,0.0,0.0,0.0
1,4.784363571226532,0.0,-1.4440639999409313,-1.7039356521987108,0.0,0.0,0.0,0.0,0.0,0.0,0.0,0.0,0.0,0.0,0.0,0.0
2,4.345273995484518,-1.4440639999409313,0.0,-2.0314900934757576,0.0,0.0,0.0,0.0,0.0,0.0,0.0,0.0,0.0,0.0,0.0,0.0
3,3.8784305007013025,-1.7039356521987108,-2.0314900934757576,0.0,-0.5707498895678491,5.523653956746247,5.3815609673151865,0.0,0.0,0.0,0.0,0.0,0.0,0.0,0.0,0.0
4,0.0,0.0,0.0,-0.5707498895678491,0.0,5.079905129720302,4.942222989694409,1.5440466778478217,0.0,0.0,0.0,0.0,0.0,0.0,0.0,0.0
5,0.0,0.0,0.0,5.523653956746247,5.079905129720302,0.0,0.29651080717613976,4.0252123770535135,0.0,0.0,0.0,0.0,0.0,0.0,0.0,0.0
6,0.0,0.0,0.0,5.3815609673151865,4.942222989694409,0.29651080717613976,0.0,3.8909360301237403,0.0,0.0,0.0,0.0,0.0,0.0,0.0,0.0
7,0.0,0.0,0.0,0.0,1.5440466778478217,4.0252123770535135,3.8909360301237403,0.0,0.8509970487148332,2.854290238868688,2.7992873931979303,0.0,0.0,0.0,0.0,0.0
8,0.0,0.0,0.0,0.0,0.0,0.0,0.0,0.8509970487148332,0.0,2.475025332686065,2.3988906776838688,-4.58568640948683,0.0,0.0,0.0,0.0
9,0.0,0.0,0.0,0.0,0.0,0.0,0.0,2.854290238868688,2.475025332686065,0.0,-2.715429041691177,2.0774659131643363,0.0,0.0,0.0,0.0
10,0.0,0.0,0.0,0.0,0.0,0.0,0.0,2.7992873931979303,2.3988906776838688,-2.715429041691177,0.0,1.9969782195611725,0.0,0.0,0.0,0.0
11,0.0,0.0,0.0,0.0,0.0,0.0,0.0,0.0,-4.58568640948683,2.0774659131643363,1.9969782195611725,0.0,0.9042999730295919,1.4618090031162383,0.0,0.0
12,0.0,0.0,0.0,0.0,0.0,0.0,0.0,0.0,0.0,0.0,0.0,0.9042999730295919,0.0,1.4947461495888976,1.167182655648433,0.45842474794122584
13,0.0,0.0,0.0,0.0,0.0,0.0,0.0,0.0,0.0,0.0,0.0,1.4618090031162383,1.4947461495888976,0.0,-2.285802142599552,-3.5285387217888964
14,0.0,0.0,0.0,0.0,0.0,0.0,0.0,0.0,0.0,0.0,0.0,0.0,1.167182655648433,-2.285802142599552,0.0,-3.5873107554990153
15,0.0,0.0,0.0,0.0,0.0,0.0,0.0,0.0,0.0,0.0,0.0,0.0,0.45842474794122584,-3.5285387217888964,-3.5873107554990153,0.0
