,0,1,2,3,4,5,6,7,8,9,10,11,12,13,14,15
0,0.0,-0.05763941217391436,-0.10194978129323043,0.3260991356682746,0.0,0.0,0.0,0.0,0.0,0.0,0.0,0.0,0.0,0.0,0.0,0.0
1,-0.05763941217391436,0.0,-2.2057494417020878,-0.4854410691035721,-1.1971321155117527,0.0,0.0,0.0,0.0,0.0,0.0,0.0,0.0,0.0,0.0,0.0
2,-0.10194978129323043,-2.2057494417020878,0.0,-0.5570518741805692,-0.9331562004234836,0.0,0.0,0.0,0.0,0.0,0.0,0.0,0.0,0.0,0.0,0.0
3,0.3260991356682746,-0.4854410691035721,-0.5570518741805692,0.0,-1.146933735427058,0.0,0.0,0.0,0.0,0.0,0.0,0.0,0.0,0.0,0.0,0.0
4,0.0,-1.1971321155117527,-0.9331562004234836,-1.146933735427058,0.0,-2.3347215565850092,4.445213808298701,4.540727616281071,0.0,0.0,0.0,0.0,0.0,0.0,0.0,0.0
5,0.0,0.0,0.0,0.0,-2.3347215565850092,0.0,4.267375945528509,4.364230357801709,0.0,0.0,0.0,0.0,0.0,0.0,0.0,0.0
6,0.0,0.0,0.0,0.0,4.445213808298701,4.267375945528509,0.0,-0.21965717165020746,0.18761787654403694,0.0,0.4037417877710716,0.0,0.0,0.0,0.0,0.0
7,0.0,0.0,0.0,0.0,4.540727616281071,4.364230357801709,-0.21965717165020746,0.0,0.21644722203041064,0.0,-0.8295286018554258,0.0,0.0,0.0,0.0,0.0
8,0.0,0.0,0.0,0.0,0.0,0.0,0.18761787654403694,0.21644722203041064,0.0,1.4104519243824343,-0.15769532568510258,1.3337438907541823,0.0,0.0,0.0,0.0
9,0.0,0.0,0.0,0.0,0.0,0.0,0.0,0.0,1.4104519243824343,0.0,1.9326150479293773,-2.241174971217206,0.8950606077404495,0.0,0.0,0.0
10,0.0,0.0,0.0,0.0,0.0,0.0,0.4037417877710716,-0.8295286018554258,-0.15769532568510258,1.9326150479293773,0.0,1.8669141098526671,0.0,0.0,0.0,0.0
11,0.0,0.0,0.0,0.0,0.0,0.0,0.0,0.0,1.3337438907541823,-2.241174971217206,1.8669141098526671,0.0,0.8773268429964785,0.0,0.0,0.0
12,0.0,0.0,0.0,0.0,0.0,0.0,0.0,0.0,0.0,0.8950606077404495,0.0,0.8773268429964785,0.0,-0.3239270765736064,-0.38012498227636343,-1.5147731886849787
13,0.0,0.0,0.0,0.0,0.0,0.0,0.0,0.0,0.0,0.0,0.0,0.0,-0.3239270765736064,0.0,-2.3345967167777104,-3.157874567122888
14,0.0,0.0,0.0,0.0,0.0,0.0,0.0,0.0,0.0,0.0,0.0,0.0,-0.38012498227636343,-2.3345967167777104,0.0,-3.2705433251700424
15,0.0,0.0,0.0,0.0,0.0,0.0,0.0,0.0,0.0,0.0,0.0,0.0,-1.5147731886849787,-3.157874567122888,-3.2705433251700424,0.0
