,0,1,2,3,4,5,6,7,8,9,10,11,12,13,14
0,0.0,1.3899620666939076,7.156016764239994,-0.6194228060927081,0.0,0.0,0.0,0.0,0.0,0.0,0.0,0.0,0.0,0.0,0.0
1,1.3899620666939076,0.0,6.877298277889093,1.3733198981827819,6.2809469182985165,0.0,0.0,0.0,0.0,0.0,0.0,0.0,0.0,0.0,0.0
2,7.156016764239994,6.877298277889093,0.0,6.565746548403228,-0.1431283735153045,0.0,0.0,0.0,0.0,0.0,0.0,0.0,0.0,0.0,0.0
3,-0.6194228060927081,1.3733198981827819,6.565746548403228,0.0,5.965589297342478,0.0,0.0,0.0,0.0,0.0,0.0,0.0,0.0,0.0,0.0
4,0.0,6.2809469182985165,-0.1431283735153045,5.965589297342478,0.0,-0.019055198783117698,-3.003217115095604,0.0,0.0,0.0,0.0,0.0,0.0,0.0,0.0
5,0.0,0.0,0.0,0.0,-0.019055198783117698,0.0,-0.5873059573267366,-0.9538813945275787,3.7323512615223664,0.0,0.0,0.0,0.0,0.0,0.0
6,0.0,0.0,0.0,0.0,-3.003217115095604,-0.5873059573267366,0.0,-2.000842979257107,3.340623465295998,0.0,0.0,0.0,0.0,0.0,0.0
7,0.0,0.0,0.0,0.0,0.0,-0.9538813945275787,-2.000842979257107,0.0,2.9138064886359554,-2.4054583618135323,0.0,0.0,0.0,0.0,0.0
8,0.0,0.0,0.0,0.0,0.0,3.7323512615223664,3.340623465295998,2.9138064886359554,0.0,2.1886360024135434,-0.12929087609100817,0.0,0.0,0.0,0.0
9,0.0,0.0,0.0,0.0,0.0,0.0,0.0,-2.4054583618135323,2.1886360024135434,0.0,0.9258654801454814,-2.4151088400123055,0.0,0.0,0.0
10,0.0,0.0,0.0,0.0,0.0,0.0,0.0,0.0,-0.12929087609100817,0.9258654801454814,0.0,0.23469390917040542,0.0,-0.42236729469011214,2.710385184287659
11,0.0,0.0,0.0,0.0,0.0,0.0,0.0,0.0,0.0,-2.4151088400123055,0.23469390917040542,0.0,4.109923633308062,-2.3403912430246154,2.045625877853655
12,0.0,0.0,0.0,0.0,0.0,0.0,0.0,0.0,0.0,0.0,0.0,4.109923633308062,0.0,3.533185620285489,4.015641491463433
13,0.0,0.0,0.0,0.0,0.0,0.0,0.0,0.0,0.0,0.0,-0.42236729469011214,-2.3403912430246154,3.533185620285489,0.0,1.4050958180038569
14,0.0,0.0,0.0,0.0,0.0,0.0,0.0,0.0,0.0,0.0,2.710385184287659,2.045625877853655,4.015641491463433,1.4050958180038569,0.0
