,0,1,2,3,4,5,6,7,8,9,10,11,12,13,14,15,16,17,18,19,20,21
0,0.0,-1.0159930336666705,9.556936008044975,1.1265836377360143,0.0,0.0,0.0,0.0,0.0,0.0,0.0,0.0,0.0,0.0,0.0,0.0,0.0,0.0,0.0,0.0,0.0,0.0
1,-1.0159930336666705,0.0,8.860432475222451,0.2568991851940199,6.07697734172964,0.0,0.0,0.0,0.0,0.0,0.0,0.0,0.0,0.0,0.0,0.0,0.0,0.0,0.0,0.0,0.0,0.0
2,9.556936008044975,8.860432475222451,0.0,8.504241343940066,7.745084335061489,0.0,0.0,0.0,0.0,0.0,0.0,0.0,0.0,0.0,0.0,0.0,0.0,0.0,0.0,0.0,0.0,0.0
3,1.1265836377360143,0.2568991851940199,8.504241343940066,0.0,5.786077848112645,5.1897928717087485,0.0,0.0,0.0,0.0,0.0,0.0,0.0,0.0,0.0,0.0,0.0,0.0,0.0,0.0,0.0,0.0
4,0.0,6.07697734172964,7.745084335061489,5.786077848112645,0.0,-0.47767838237701793,0.0,1.350935373012132,0.0,0.0,0.0,0.0,0.0,0.0,0.0,0.0,0.0,0.0,0.0,0.0,0.0,0.0
5,0.0,0.0,0.0,5.1897928717087485,-0.47767838237701793,0.0,4.180499705222418,1.1095849402676377,1.7908283411900474,0.0,0.0,0.0,0.0,0.0,0.0,0.0,0.0,0.0,0.0,0.0,0.0,0.0
6,0.0,0.0,0.0,0.0,0.0,4.180499705222418,0.0,3.8809202548893507,2.1250319423485204,0.0,0.0,0.0,0.0,0.0,0.0,0.0,0.0,0.0,0.0,0.0,0.0,0.0
7,0.0,0.0,0.0,0.0,1.350935373012132,1.1095849402676377,3.8809202548893507,0.0,1.4255681725375269,0.0,0.0,0.0,0.0,0.0,0.0,0.0,0.0,0.0,0.0,0.0,0.0,0.0
8,0.0,0.0,0.0,0.0,0.0,1.7908283411900474,2.1250319423485204,1.4255681725375269,0.0,-0.9385819695521844,-0.25813474527185704,-0.7525505944840373,0.0,0.0,0.0,0.0,0.0,0.0,0.0,0.0,0.0,0.0
9,0.0,0.0,0.0,0.0,0.0,0.0,0.0,0.0,-0.9385819695521844,0.0,0.2566284680900054,-0.344115383416763,0.0,0.0,0.0,0.0,0.0,0.0,0.0,0.0,0.0,0.0
10,0.0,0.0,0.0,0.0,0.0,0.0,0.0,0.0,-0.25813474527185704,0.2566284680900054,0.0,-1.0917842273255847,-0.4799767118379234,0.0,0.0,0.0,0.0,0.0,0.0,0.0,0.0,0.0
11,0.0,0.0,0.0,0.0,0.0,0.0,0.0,0.0,-0.7525505944840373,-0.344115383416763,-1.0917842273255847,0.0,-0.7796060679725734,-1.072613480190171,0.0,0.0,0.0,0.0,0.0,0.0,0.0,0.0
12,0.0,0.0,0.0,0.0,0.0,0.0,0.0,0.0,0.0,0.0,-0.4799767118379234,-0.7796060679725734,0.0,-2.6001177984998374,-2.1361776433110076,-1.910647613623439,0.0,0.0,0.0,0.0,0.0,0.0
13,0.0,0.0,0.0,0.0,0.0,0.0,0.0,0.0,0.0,0.0,0.0,-1.072613480190171,-2.6001177984998374,0.0,-4.4105727736336,-1.9704241701356178,-2.9235661544055827,0.0,0.0,0.0,0.0,0.0
14,0.0,0.0,0.0,0.0,0.0,0.0,0.0,0.0,0.0,0.0,0.0,0.0,-2.1361776433110076,-4.4105727736336,0.0,-1.4741147861980723,-3.1932050418689326,0.0,0.0,0.0,0.0,0.0
15,0.0,0.0,0.0,0.0,0.0,0.0,0.0,0.0,0.0,0.0,0.0,0.0,-1.910647613623439,-1.9704241701356178,-1.4741147861980723,0.0,-1.4032090415539373,0.0,0.9735840940789748,0.0,0.0,0.0
16,0.0,0.0,0.0,0.0,0.0,0.0,0.0,0.0,0.0,0.0,0.0,0.0,0.0,-2.9235661544055827,-3.1932050418689326,-1.4032090415539373,0.0,-5.350244429686365,0.0,0.0,0.0,0.0
17,0.0,0.0,0.0,0.0,0.0,0.0,0.0,0.0,0.0,0.0,0.0,0.0,0.0,0.0,0.0,0.0,-5.350244429686365,0.0,0.0,-4.2312494329846455,-1.5645624597011756,-0.9618071113497453
18,0.0,0.0,0.0,0.0,0.0,0.0,0.0,0.0,0.0,0.0,0.0,0.0,0.0,0.0,0.0,0.9735840940789748,0.0,0.0,0.0,0.0,0.46518636069445135,0.24721270212633464
19,0.0,0.0,0.0,0.0,0.0,0.0,0.0,0.0,0.0,0.0,0.0,0.0,0.0,0.0,0.0,0.0,0.0,-4.2312494329846455,0.0,0.0,-2.1097341110667913,-1.4383510305399039
20,0.0,0.0,0.0,0.0,0.0,0.0,0.0,0.0,0.0,0.0,0.0,0.0,0.0,0.0,0.0,0.0,0.0,-1.5645624597011756,0.46518636069445135,-2.1097341110667913,0.0,-3.741359060050711
21,0.0,0.0,0.0,0.0,0.0,0.0,0.0,0.0,0.0,0.0,0.0,0.0,0.0,0.0,0.0,0.0,0.0,-0.9618071113497453,0.24721270212633464,-1.4383510305399039,-3.741359060050711,0.0
