,0,1,2,3,4,5,6,7,8,9,10,11,12,13,14,15,16,17,18,19,20
0,0.0,0.5318206021942959,6.721572333536715,1.0334513240752652,0.0,0.0,0.0,0.0,0.0,0.0,0.0,0.0,0.0,0.0,0.0,0.0,0.0,0.0,0.0,0.0,0.0
1,0.5318206021942959,0.0,5.598169916522664,0.9107101353949056,0.0,0.9810246714747264,0.0,0.0,0.0,0.0,0.0,0.0,0.0,0.0,0.0,0.0,0.0,0.0,0.0,0.0,0.0
2,6.721572333536715,5.598169916522664,0.0,5.30657634589262,0.05894052478006904,5.235507178462957,0.0,0.0,0.0,0.0,0.0,0.0,0.0,0.0,0.0,0.0,0.0,0.0,0.0,0.0,0.0
3,1.0334513240752652,0.9107101353949056,5.30657634589262,0.0,5.094326482459319,-2.9510566733068844,5.075488847030364,0.0,0.0,0.0,0.0,0.0,0.0,0.0,0.0,0.0,0.0,0.0,0.0,0.0,0.0
4,0.0,0.0,0.05894052478006904,5.094326482459319,0.0,5.022539937935843,0.04259641323437795,-0.3548081495202775,0.0,0.0,0.0,0.0,0.0,0.0,0.0,0.0,0.0,0.0,0.0,0.0,0.0
5,0.0,0.9810246714747264,5.235507178462957,-2.9510566733068844,5.022539937935843,0.0,5.003671690631401,4.91053185695929,0.0,0.0,0.0,0.0,0.0,0.0,0.0,0.0,0.0,0.0,0.0,0.0,0.0
6,0.0,0.0,0.0,5.075488847030364,0.04259641323437795,5.003671690631401,0.0,0.24795411258118844,0.0,0.0,0.0,0.0,0.0,0.0,0.0,0.0,0.0,0.0,0.0,0.0,0.0
7,0.0,0.0,0.0,0.0,-0.3548081495202775,4.91053185695929,0.24795411258118844,0.0,0.0,0.0,0.0,0.0,0.0,0.0,0.0,0.0,0.0,0.0,0.0,0.0,0.0
8,0.0,0.0,0.0,0.0,0.0,0.0,0.0,0.0,0.0,2.027781234560356,1.375940571206969,0.20359685162533872,0.0,0.0,0.0,0.0,0.0,0.0,0.0,0.0,0.0
9,0.0,0.0,0.0,0.0,0.0,0.0,0.0,0.0,2.027781234560356,0.0,0.736068224060801,-0.06654650303498058,0.0,0.0,0.0,0.0,0.0,0.0,0.0,0.0,0.0
10,0.0,0.0,0.0,0.0,0.0,0.0,0.0,0.0,1.375940571206969,0.736068224060801,0.0,-0.4974840510905578,1.9369224142087196,0.0,0.0,0.0,0.0,0.0,0.0,0.0,0.0
11,0.0,0.0,0.0,0.0,0.0,0.0,0.0,0.0,0.20359685162533872,-0.06654650303498058,-0.4974840510905578,0.0,1.4306114494299762,0.048527354611249914,1.3249797204934182,0.0,0.0,0.0,0.0,0.0,0.0
12,0.0,0.0,0.0,0.0,0.0,0.0,0.0,0.0,0.0,0.0,1.9369224142087196,1.4306114494299762,0.0,0.7523619156239677,-2.8185803687054642,-0.8078358677621577,0.0,0.0,0.0,0.0,0.0
13,0.0,0.0,0.0,0.0,0.0,0.0,0.0,0.0,0.0,0.0,0.0,0.048527354611249914,0.7523619156239677,0.0,0.69434505882355,-0.35862805962037664,0.0,0.0,0.0,0.0,0.0
14,0.0,0.0,0.0,0.0,0.0,0.0,0.0,0.0,0.0,0.0,0.0,1.3249797204934182,-2.8185803687054642,0.69434505882355,0.0,-0.845406324984839,0.0,0.0,0.0,0.0,0.0
15,0.0,0.0,0.0,0.0,0.0,0.0,0.0,0.0,0.0,0.0,0.0,0.0,-0.8078358677621577,-0.35862805962037664,-0.845406324984839,0.0,0.11856957064474498,0.0,0.0,0.0,0.0
16,0.0,0.0,0.0,0.0,0.0,0.0,0.0,0.0,0.0,0.0,0.0,0.0,0.0,0.0,0.0,0.11856957064474498,0.0,-0.4780789749575768,-3.6013155734250617,0.0,0.0
17,0.0,0.0,0.0,0.0,0.0,0.0,0.0,0.0,0.0,0.0,0.0,0.0,0.0,0.0,0.0,0.0,-0.4780789749575768,0.0,-1.214156762821275,-1.8824007457854195,-1.5876733625717125
18,0.0,0.0,0.0,0.0,0.0,0.0,0.0,0.0,0.0,0.0,0.0,0.0,0.0,0.0,0.0,0.0,-3.6013155734250617,-1.214156762821275,0.0,-1.5141348419058396,-3.077832279870243
19,0.0,0.0,0.0,0.0,0.0,0.0,0.0,0.0,0.0,0.0,0.0,0.0,0.0,0.0,0.0,0.0,0.0,-1.8824007457854195,-1.5141348419058396,0.0,-2.6395425898127347
20,0.0,0.0,0.0,0.0,0.0,0.0,0.0,0.0,0.0,0.0,0.0,0.0,0.0,0.0,0.0,0.0,0.0,-1.5876733625717125,-3.077832279870243,-2.6395425898127347,0.0
