,0,1,2,3,4,5,6,7,8,9,10,11,12,13,14,15,16,17,18,19,20,21,22,23
0,0.0,-0.8673894102291176,-0.9189491473017547,-1.1637865987156095,0.0,0.0,0.0,0.0,0.0,0.0,0.0,0.0,0.0,0.0,0.0,0.0,0.0,0.0,0.0,0.0,0.0,0.0,0.0,0.0
1,-0.8673894102291176,0.0,-0.7377548351349372,-0.953541365967744,0.0,0.0,0.0,0.0,0.0,0.0,0.0,0.0,0.0,0.0,0.0,0.0,0.0,0.0,0.0,0.0,0.0,0.0,0.0,0.0
2,-0.9189491473017547,-0.7377548351349372,0.0,-0.9007868461156975,0.0,0.0,0.0,0.0,0.0,0.0,0.0,0.0,0.0,0.0,0.0,0.0,0.0,0.0,0.0,0.0,0.0,0.0,0.0,0.0
3,-1.1637865987156095,-0.953541365967744,-0.9007868461156975,0.0,-0.9487280255903469,-1.107116317113273,0.0,0.0,0.0,0.0,0.0,0.0,0.0,0.0,0.0,0.0,0.0,0.0,0.0,0.0,0.0,0.0,0.0,0.0
4,0.0,0.0,0.0,-0.9487280255903469,0.0,-0.8242086181074914,-1.0752506506941713,0.0,0.0,0.0,0.0,0.0,0.0,0.0,0.0,0.0,0.0,0.0,0.0,0.0,0.0,0.0,0.0,0.0
5,0.0,0.0,0.0,-1.107116317113273,-0.8242086181074914,0.0,-0.9196019030431041,-0.948900429410298,0.0,0.0,0.0,0.0,0.0,0.0,0.0,0.0,0.0,0.0,0.0,0.0,0.0,0.0,0.0,0.0
6,0.0,0.0,0.0,0.0,-1.0752506506941713,-0.9196019030431041,0.0,-0.7175686764315369,-0.9273146868519455,-0.9879932748169855,0.0,0.0,0.0,0.0,0.0,0.0,0.0,0.0,0.0,0.0,0.0,0.0,0.0,0.0
7,0.0,0.0,0.0,0.0,0.0,-0.948900429410298,-0.7175686764315369,0.0,-0.8984259420473669,-0.9579743526924283,0.0,0.0,0.0,0.0,0.0,0.0,0.0,0.0,0.0,0.0,0.0,0.0,0.0,0.0
8,0.0,0.0,0.0,0.0,0.0,0.0,-0.9273146868519455,-0.8984259420473669,0.0,-0.7436053418764808,-0.8163806847654245,-0.9118815431083869,0.0,0.0,0.0,0.0,0.0,0.0,0.0,0.0,0.0,0.0,0.0,0.0
9,0.0,0.0,0.0,0.0,0.0,0.0,-0.9879932748169855,-0.9579743526924283,-0.7436053418764808,0.0,-0.762625267365455,-0.8541332378311327,0.0,0.0,0.0,0.0,0.0,0.0,0.0,0.0,0.0,0.0,0.0,0.0
10,0.0,0.0,0.0,0.0,0.0,0.0,0.0,0.0,-0.8163806847654245,-0.762625267365455,0.0,-0.7791398143954749,-0.8164278473384328,0.0,0.0,0.0,0.0,0.0,0.0,0.0,0.0,0.0,0.0,0.0
11,0.0,0.0,0.0,0.0,0.0,0.0,0.0,0.0,-0.9118815431083869,-0.8541332378311327,-0.7791398143954749,0.0,-0.727644996425283,0.0,0.0,0.0,0.0,0.0,0.0,0.0,0.0,0.0,0.0,0.0
12,0.0,0.0,0.0,0.0,0.0,0.0,0.0,0.0,0.0,0.0,-0.8164278473384328,-0.727644996425283,0.0,-0.9174109394289922,0.0,0.0,0.0,0.0,0.0,0.0,0.0,0.0,0.0,0.0
13,0.0,0.0,0.0,0.0,0.0,0.0,0.0,0.0,0.0,0.0,0.0,0.0,-0.9174109394289922,0.0,-0.7356236445943817,-0.7905985223928957,-0.7916206035712635,0.0,0.0,0.0,0.0,0.0,0.0,0.0
14,0.0,0.0,0.0,0.0,0.0,0.0,0.0,0.0,0.0,0.0,0.0,0.0,0.0,-0.7356236445943817,0.0,-0.7459840602740135,-0.7469674525044478,0.0,0.0,0.0,0.0,0.0,0.0,0.0
15,0.0,0.0,0.0,0.0,0.0,0.0,0.0,0.0,0.0,0.0,0.0,0.0,0.0,-0.7905985223928957,-0.7459840602740135,0.0,-0.694082461937195,0.0,0.0,0.0,0.0,0.0,0.0,0.0
16,0.0,0.0,0.0,0.0,0.0,0.0,0.0,0.0,0.0,0.0,0.0,0.0,0.0,-0.7916206035712635,-0.7469674525044478,-0.694082461937195,0.0,0.0,0.0,0.0,0.0,0.0,0.0,0.0
17,0.0,0.0,0.0,0.0,0.0,0.0,0.0,0.0,0.0,0.0,0.0,0.0,0.0,0.0,0.0,0.0,0.0,0.0,-0.7707455079567227,-0.9723238932575706,-0.987156487475719,0.0,-1.1707984370536986,0.0
18,0.0,0.0,0.0,0.0,0.0,0.0,0.0,0.0,0.0,0.0,0.0,0.0,0.0,0.0,0.0,0.0,0.0,-0.7707455079567227,0.0,-0.8819607640036546,-0.8959460881233449,0.0,0.0,0.0
19,0.0,0.0,0.0,0.0,0.0,0.0,0.0,0.0,0.0,0.0,0.0,0.0,0.0,0.0,0.0,0.0,0.0,-0.9723238932575706,-0.8819607640036546,0.0,-0.7050916571166108,-0.8160281242646822,-0.855723014913453,-0.9424604504141573
20,0.0,0.0,0.0,0.0,0.0,0.0,0.0,0.0,0.0,0.0,0.0,0.0,0.0,0.0,0.0,0.0,0.0,-0.987156487475719,-0.8959460881233449,-0.7050916571166108,0.0,-0.8028507559276947,-0.8421363496269891,-0.9280334838947318
21,0.0,0.0,0.0,0.0,0.0,0.0,0.0,0.0,0.0,0.0,0.0,0.0,0.0,0.0,0.0,0.0,0.0,0.0,0.0,-0.8160281242646822,-0.8028507559276947,0.0,-0.7288002718901674,0.0
22,0.0,0.0,0.0,0.0,0.0,0.0,0.0,0.0,0.0,0.0,0.0,0.0,0.0,0.0,0.0,0.0,0.0,-1.1707984370536986,0.0,-0.855723014913453,-0.8421363496269891,-0.7288002718901674,0.0,-0.7689855915956773
23,0.0,0.0,0.0,0.0,0.0,0.0,0.0,0.0,0.0,0.0,0.0,0.0,0.0,0.0,0.0,0.0,0.0,0.0,0.0,-0.9424604504141573,-0.9280334838947318,0.0,-0.7689855915956773,0.0
