,0,1,2,3,4,5,6,7,8,9,10,11,12,13,14,15,16,17,18
0,0.0,-0.8045606775767309,-1.2546131214220528,-1.2941667615393893,0.0,0.0,0.0,0.0,0.0,0.0,0.0,0.0,0.0,0.0,0.0,0.0,0.0,0.0,0.0
1,-0.8045606775767309,0.0,-1.1080234930603128,-1.1451313619314514,0.0,0.0,0.0,0.0,0.0,0.0,0.0,0.0,0.0,0.0,0.0,0.0,0.0,0.0,0.0
2,-1.2546131214220528,-1.1080234930603128,0.0,-0.720977834898799,-0.8135535543903133,-1.1721984694724066,0.0,0.0,0.0,0.0,0.0,0.0,0.0,0.0,0.0,0.0,0.0,0.0,0.0
3,-1.2941667615393893,-1.1451313619314514,-0.720977834898799,0.0,-0.7833580821966954,-1.134619367201967,0.0,0.0,0.0,0.0,0.0,0.0,0.0,0.0,0.0,0.0,0.0,0.0,0.0
4,0.0,0.0,-0.8135535543903133,-0.7833580821966954,0.0,-1.0206057472495549,0.0,0.0,0.0,0.0,0.0,0.0,0.0,0.0,0.0,0.0,0.0,0.0,0.0
5,0.0,0.0,-1.1721984694724066,-1.134619367201967,-1.0206057472495549,0.0,-0.8429797060297045,-1.6872180047454841,0.0,0.0,0.0,0.0,0.0,0.0,0.0,0.0,0.0,0.0,0.0
6,0.0,0.0,0.0,0.0,0.0,-0.8429797060297045,0.0,-1.4652017398419646,-1.5237556858632322,0.0,0.0,0.0,0.0,0.0,0.0,0.0,0.0,0.0,0.0
7,0.0,0.0,0.0,0.0,0.0,-1.6872180047454841,-1.4652017398419646,0.0,-0.7316077794065429,-0.7856044030853923,0.0,-1.087474839669775,0.0,0.0,0.0,0.0,0.0,0.0,0.0
8,0.0,0.0,0.0,0.0,0.0,0.0,-1.5237556858632322,-0.7316077794065429,0.0,-0.745230799049802,-0.8874745427065583,-1.0380675457822541,0.0,0.0,0.0,0.0,0.0,0.0,0.0
9,0.0,0.0,0.0,0.0,0.0,0.0,0.0,-0.7856044030853923,-0.745230799049802,0.0,0.0,-0.9736470710148598,-0.9902897401589772,0.0,0.0,0.0,0.0,0.0,0.0
10,0.0,0.0,0.0,0.0,0.0,0.0,0.0,0.0,-0.8874745427065583,0.0,0.0,-0.8225322861946229,0.0,-0.851874265535229,0.0,0.0,0.0,0.0,0.0
11,0.0,0.0,0.0,0.0,0.0,0.0,0.0,-1.087474839669775,-1.0380675457822541,-0.9736470710148598,-0.8225322861946229,0.0,-0.7065409415019737,-0.7193547291845382,0.0,-0.8545157951959271,0.0,0.0,0.0
12,0.0,0.0,0.0,0.0,0.0,0.0,0.0,0.0,0.0,-0.9902897401589772,0.0,-0.7065409415019737,0.0,-0.7057937853886707,-0.7792966260143475,-0.8393144372276445,-0.9500677179793786,0.0,0.0
13,0.0,0.0,0.0,0.0,0.0,0.0,0.0,0.0,0.0,0.0,-0.851874265535229,-0.7193547291845382,-0.7057937853886707,0.0,0.0,-0.8251153691148094,0.0,0.0,0.0
14,0.0,0.0,0.0,0.0,0.0,0.0,0.0,0.0,0.0,0.0,0.0,0.0,-0.7792966260143475,0.0,0.0,-0.7487134190492749,-0.851876058663864,-1.2483925505412987,-1.465408311518371
15,0.0,0.0,0.0,0.0,0.0,0.0,0.0,0.0,0.0,0.0,0.0,-0.8545157951959271,-0.8393144372276445,-0.8251153691148094,-0.7487134190492749,0.0,-0.7912707939407225,0.0,0.0
16,0.0,0.0,0.0,0.0,0.0,0.0,0.0,0.0,0.0,0.0,0.0,0.0,-0.9500677179793786,0.0,-0.851876058663864,-0.7912707939407225,0.0,-1.0468652667909557,-1.2461961293875188
17,0.0,0.0,0.0,0.0,0.0,0.0,0.0,0.0,0.0,0.0,0.0,0.0,0.0,0.0,-1.2483925505412987,0.0,-1.0468652667909557,0.0,-0.8501101877442172
18,0.0,0.0,0.0,0.0,0.0,0.0,0.0,0.0,0.0,0.0,0.0,0.0,0.0,0.0,-1.465408311518371,0.0,-1.2461961293875188,-0.8501101877442172,0.0
