,0,1,2,3,4,5,6,7,8,9,10,11,12,13,14,15,16,17,18,19,20,21,22
0,0.0,-1.1394842703333452,-1.5579394483675182,-1.6045170687337593,0.0,0.0,0.0,0.0,0.0,0.0,0.0,0.0,0.0,0.0,0.0,0.0,0.0,0.0,0.0,0.0,0.0,0.0,0.0
1,-1.1394842703333452,0.0,-1.0167214630305104,-1.0545438529421889,-1.316758594486566,0.0,0.0,0.0,0.0,0.0,0.0,0.0,0.0,0.0,0.0,0.0,0.0,0.0,0.0,0.0,0.0,0.0,0.0
2,-1.5579394483675182,-1.0167214630305104,0.0,-0.7228987835682015,-0.9354095081285492,-1.253146456953612,0.0,0.0,0.0,0.0,0.0,0.0,0.0,0.0,0.0,0.0,0.0,0.0,0.0,0.0,0.0,0.0,0.0
3,-1.6045170687337593,-1.0545438529421889,-0.7228987835682015,0.0,-0.9001908109642894,-1.2116055358805164,0.0,0.0,0.0,0.0,0.0,0.0,0.0,0.0,0.0,0.0,0.0,0.0,0.0,0.0,0.0,0.0,0.0
4,0.0,-1.316758594486566,-0.9354095081285492,-0.9001908109642894,0.0,-0.9614882865097595,-0.977438865673277,0.0,0.0,0.0,0.0,0.0,0.0,0.0,0.0,0.0,0.0,0.0,0.0,0.0,0.0,0.0,0.0
5,0.0,0.0,-1.253146456953612,-1.2116055358805164,-0.9614882865097595,0.0,-0.7060784915119106,-1.0300943393165296,-1.100614313937426,0.0,0.0,0.0,0.0,0.0,0.0,0.0,0.0,0.0,0.0,0.0,0.0,0.0,0.0
6,0.0,0.0,0.0,0.0,-0.977438865673277,-0.7060784915119106,0.0,-1.0136461124751919,-1.0835390006076873,0.0,0.0,0.0,0.0,0.0,0.0,0.0,0.0,0.0,0.0,0.0,0.0,0.0,0.0
7,0.0,0.0,0.0,0.0,0.0,-1.0300943393165296,-1.0136461124751919,0.0,-0.7484060224862543,-0.84161364070086,-0.8685154882039953,0.0,0.0,0.0,0.0,0.0,0.0,0.0,0.0,0.0,0.0,0.0,0.0
8,0.0,0.0,0.0,0.0,0.0,-1.100614313937426,-1.0835390006076873,-0.7484060224862543,0.0,-0.7818041563391918,-0.807465963981162,0.0,0.0,0.0,0.0,0.0,0.0,0.0,0.0,0.0,0.0,0.0,0.0
9,0.0,0.0,0.0,0.0,0.0,0.0,0.0,-0.84161364070086,-0.7818041563391918,0.0,-0.7168256582111244,0.0,0.0,0.0,0.0,0.0,0.0,0.0,0.0,0.0,0.0,0.0,0.0
10,0.0,0.0,0.0,0.0,0.0,0.0,0.0,-0.8685154882039953,-0.807465963981162,-0.7168256582111244,0.0,-0.791097314875535,-0.8495984298762638,0.0,0.0,0.0,0.0,0.0,0.0,0.0,0.0,0.0,0.0
11,0.0,0.0,0.0,0.0,0.0,0.0,0.0,0.0,0.0,0.0,-0.791097314875535,0.0,-0.7467870759942684,0.0,-1.1789188505454309,0.0,0.0,0.0,0.0,0.0,0.0,0.0,0.0
12,0.0,0.0,0.0,0.0,0.0,0.0,0.0,0.0,0.0,0.0,-0.8495984298762638,-0.7467870759942684,0.0,-1.0434179483685522,0.0,0.0,0.0,0.0,0.0,0.0,0.0,0.0,0.0
13,0.0,0.0,0.0,0.0,0.0,0.0,0.0,0.0,0.0,0.0,0.0,0.0,-1.0434179483685522,0.0,-0.7431339201462099,0.0,0.0,0.0,-1.1839785387152701,0.0,0.0,0.0,0.0
14,0.0,0.0,0.0,0.0,0.0,0.0,0.0,0.0,0.0,0.0,0.0,-1.1789188505454309,0.0,-0.7431339201462099,0.0,0.0,0.0,-1.100587070606497,-1.1172784719885553,0.0,0.0,0.0,0.0
15,0.0,0.0,0.0,0.0,0.0,0.0,0.0,0.0,0.0,0.0,0.0,0.0,0.0,0.0,0.0,0.0,-0.8391481777702018,0.0,-0.9276840585519799,0.0,0.0,0.0,-1.1017975788609318
16,0.0,0.0,0.0,0.0,0.0,0.0,0.0,0.0,0.0,0.0,0.0,0.0,0.0,0.0,0.0,-0.8391481777702018,0.0,-0.7581817901254906,0.0,-0.7979510907070455,-0.8098127458111618,-0.9199751629301671,-0.9277823417617329
17,0.0,0.0,0.0,0.0,0.0,0.0,0.0,0.0,0.0,0.0,0.0,0.0,0.0,0.0,-1.100587070606497,0.0,-0.7581817901254906,0.0,-0.7056794930151483,-0.7306042949709244,0.0,-0.8460524322297587,0.0
18,0.0,0.0,0.0,0.0,0.0,0.0,0.0,0.0,0.0,0.0,0.0,0.0,0.0,-1.1839785387152701,-1.1172784719885553,-0.9276840585519799,0.0,-0.7056794930151483,0.0,-0.7177691282328125,0.0,-0.8319078202895901,0.0
19,0.0,0.0,0.0,0.0,0.0,0.0,0.0,0.0,0.0,0.0,0.0,0.0,0.0,0.0,0.0,0.0,-0.7979510907070455,-0.7306042949709244,-0.7177691282328125,0.0,0.0,-0.8047214415493286,0.0
20,0.0,0.0,0.0,0.0,0.0,0.0,0.0,0.0,0.0,0.0,0.0,0.0,0.0,0.0,0.0,0.0,-0.8098127458111618,0.0,0.0,0.0,0.0,-0.7929086080424719,-0.8000173739985783
21,0.0,0.0,0.0,0.0,0.0,0.0,0.0,0.0,0.0,0.0,0.0,0.0,0.0,0.0,0.0,0.0,-0.9199751629301671,-0.8460524322297587,-0.8319078202895901,-0.8047214415493286,-0.7929086080424719,0.0,-0.6996415174709913
22,0.0,0.0,0.0,0.0,0.0,0.0,0.0,0.0,0.0,0.0,0.0,0.0,0.0,0.0,0.0,-1.1017975788609318,-0.9277823417617329,0.0,0.0,0.0,-0.8000173739985783,-0.6996415174709913,0.0
