,0,1,2,3,4,5,6,7,8,9,10,11,12,13,14,15,16,17,18,19
0,0.0,-0.7751649894694593,-1.191192098271214,-1.7209963998478695,0.0,0.0,0.0,0.0,0.0,0.0,0.0,0.0,0.0,0.0,0.0,0.0,0.0,0.0,0.0,0.0
1,-0.7751649894694593,0.0,-1.0840170671282696,-1.59330341980338,0.0,0.0,0.0,0.0,0.0,0.0,0.0,0.0,0.0,0.0,0.0,0.0,0.0,0.0,0.0,0.0
2,-1.191192098271214,-1.0840170671282696,0.0,-1.0997888867424506,-1.7692148884599443,0.0,-2.0934974419367722,0.0,0.0,0.0,0.0,0.0,0.0,0.0,0.0,0.0,0.0,0.0,0.0,0.0
3,-1.7209963998478695,-1.59330341980338,-1.0997888867424506,0.0,-1.2322201984786327,-1.3398274880150038,-1.5152043516955702,0.0,0.0,0.0,0.0,0.0,0.0,0.0,0.0,0.0,0.0,0.0,0.0,0.0
4,0.0,0.0,-1.7692148884599443,-1.2322201984786327,0.0,-0.7702869119134269,-0.9008730011408179,-1.0964804177141398,0.0,0.0,0.0,0.0,0.0,0.0,0.0,0.0,0.0,0.0,0.0,0.0
5,0.0,0.0,0.0,-1.3398274880150038,-0.7702869119134269,0.0,-0.8152370319051669,-0.9999178893494904,-1.0778809252552446,0.0,0.0,0.0,0.0,0.0,0.0,0.0,0.0,0.0,0.0,0.0
6,0.0,0.0,-2.0934974419367722,-1.5152043516955702,-0.9008730011408179,-0.8152370319051669,0.0,-0.8602921405011167,-0.9316923155338801,0.0,0.0,0.0,0.0,0.0,0.0,0.0,0.0,0.0,0.0,0.0
7,0.0,0.0,0.0,0.0,-1.0964804177141398,-0.9999178893494904,-0.8602921405011167,0.0,-0.7553127639691346,-0.7785394959918719,-0.8694339624306155,0.0,0.0,0.0,0.0,0.0,0.0,0.0,0.0,0.0
8,0.0,0.0,0.0,0.0,0.0,-1.0778809252552446,-0.9316923155338801,-0.7553127639691346,0.0,-0.7150679188897271,-0.8011186093040762,0.0,0.0,0.0,0.0,0.0,0.0,0.0,0.0,0.0
9,0.0,0.0,0.0,0.0,0.0,0.0,0.0,-0.7785394959918719,-0.7150679188897271,0.0,-0.7774465291271982,0.0,0.0,0.0,0.0,0.0,0.0,0.0,0.0,0.0
10,0.0,0.0,0.0,0.0,0.0,0.0,0.0,-0.8694339624306155,-0.8011186093040762,-0.7774465291271982,0.0,-0.7532308675859508,0.0,0.0,0.0,0.0,0.0,0.0,0.0,0.0
11,0.0,0.0,0.0,0.0,0.0,0.0,0.0,0.0,0.0,0.0,-0.7532308675859508,0.0,-0.7267797766605297,-0.7508540136603584,-0.9471054047395163,0.0,0.0,0.0,0.0,0.0
12,0.0,0.0,0.0,0.0,0.0,0.0,0.0,0.0,0.0,0.0,0.0,-0.7267797766605297,0.0,-0.7164596064985194,-0.9071220619124417,0.0,0.0,0.0,0.0,0.0
13,0.0,0.0,0.0,0.0,0.0,0.0,0.0,0.0,0.0,0.0,0.0,-0.7508540136603584,-0.7164596064985194,0.0,-0.8798921030940561,0.0,0.0,0.0,0.0,0.0
14,0.0,0.0,0.0,0.0,0.0,0.0,0.0,0.0,0.0,0.0,0.0,-0.9471054047395163,-0.9071220619124417,-0.8798921030940561,0.0,0.0,-0.7989214253107813,0.0,0.0,0.0
15,0.0,0.0,0.0,0.0,0.0,0.0,0.0,0.0,0.0,0.0,0.0,0.0,0.0,0.0,0.0,0.0,-0.7361278732553093,-0.9436869520683995,-1.154356699862283,-1.603939589939196
16,0.0,0.0,0.0,0.0,0.0,0.0,0.0,0.0,0.0,0.0,0.0,0.0,0.0,0.0,-0.7989214253107813,-0.7361278732553093,0.0,-0.8931104287074655,0.0,0.0
17,0.0,0.0,0.0,0.0,0.0,0.0,0.0,0.0,0.0,0.0,0.0,0.0,0.0,0.0,0.0,-0.9436869520683995,-0.8931104287074655,0.0,-0.8687479186981888,-1.2616420801569561
18,0.0,0.0,0.0,0.0,0.0,0.0,0.0,0.0,0.0,0.0,0.0,0.0,0.0,0.0,0.0,-1.154356699862283,0.0,-0.8687479186981888,0.0,-1.0399279044637508
19,0.0,0.0,0.0,0.0,0.0,0.0,0.0,0.0,0.0,0.0,0.0,0.0,0.0,0.0,0.0,-1.603939589939196,0.0,-1.2616420801569561,-1.0399279044637508,0.0
