,0,1,2,3,4,5,6,7,8,9,10,11,12,13,14,15,16,17,18,19,20,21,22
0,0.0,-4.61791469251303,-3.745261929910634,-4.693808488294085,0.0,0.0,0.0,0.0,0.0,0.0,0.0,0.0,0.0,0.0,0.0,0.0,0.0,0.0,0.0,0.0,0.0,0.0,0.0
1,-4.61791469251303,0.0,-4.281315384333228,-3.9638453183406654,-5.277055761767318,0.0,0.0,0.0,0.0,0.0,0.0,0.0,0.0,0.0,0.0,0.0,0.0,0.0,0.0,0.0,0.0,0.0,0.0
2,-3.745261929910634,-4.281315384333228,0.0,-3.4180016057900553,-4.060572310054671,-3.729642570891492,0.0,0.0,0.0,0.0,0.0,0.0,0.0,0.0,0.0,0.0,0.0,0.0,0.0,0.0,0.0,0.0,0.0
3,-4.693808488294085,-3.9638453183406654,-3.4180016057900553,0.0,-4.123440923540699,-3.899808507800926,0.0,0.0,0.0,0.0,0.0,0.0,0.0,0.0,0.0,0.0,0.0,0.0,0.0,0.0,0.0,0.0,0.0
4,0.0,-5.277055761767318,-4.060572310054671,-4.123440923540699,0.0,-4.008968986313536,0.0,0.0,0.0,0.0,0.0,0.0,0.0,0.0,0.0,0.0,0.0,0.0,0.0,0.0,0.0,0.0,0.0
5,0.0,0.0,-3.729642570891492,-3.899808507800926,-4.008968986313536,0.0,-3.6970219206229387,-4.847353245824927,0.0,-3.6273421804466146,0.0,0.0,0.0,0.0,0.0,0.0,0.0,0.0,0.0,0.0,0.0,0.0,0.0
6,0.0,0.0,0.0,0.0,0.0,-3.6970219206229387,0.0,-3.5115450262784034,-0.3375185421051153,-3.9310907660844365,0.0,0.0,0.0,0.0,0.0,0.0,0.0,0.0,0.0,0.0,0.0,0.0,0.0
7,0.0,0.0,0.0,0.0,0.0,-4.847353245824927,-3.5115450262784034,0.0,-0.3229780631102949,-3.3724029396204496,0.0,0.0,0.0,0.0,0.0,0.0,0.0,0.0,0.0,0.0,0.0,0.0,0.0
8,0.0,0.0,0.0,0.0,0.0,0.0,-0.3375185421051153,-0.3229780631102949,0.0,-0.3112227706540002,0.0,0.0,0.0,0.0,0.0,0.0,0.0,0.0,0.0,0.0,0.0,0.0,0.0
9,0.0,0.0,0.0,0.0,0.0,-3.6273421804466146,-3.9310907660844365,-3.3724029396204496,-0.3112227706540002,0.0,0.0,0.0,0.0,0.0,0.0,0.0,0.0,0.0,0.0,0.0,0.0,0.0,0.0
10,0.0,0.0,0.0,0.0,0.0,0.0,0.0,0.0,0.0,0.0,0.0,-3.8690906650956722,-2.851394018129954,-2.9304105408394157,0.0,0.0,0.0,0.0,0.0,0.0,0.0,0.0,0.0
11,0.0,0.0,0.0,0.0,0.0,0.0,0.0,0.0,0.0,0.0,-3.8690906650956722,0.0,-2.6325429687061415,-2.630879263883811,-2.8502313679253723,0.0,0.0,0.0,0.0,0.0,0.0,0.0,0.0
12,0.0,0.0,0.0,0.0,0.0,0.0,0.0,0.0,0.0,0.0,-2.851394018129954,-2.6325429687061415,0.0,-3.783739029700827,-3.8790323050897073,-3.0400183929572373,0.0,0.0,0.0,0.0,0.0,0.0,0.0
13,0.0,0.0,0.0,0.0,0.0,0.0,0.0,0.0,0.0,0.0,-2.9304105408394157,-2.630879263883811,-3.783739029700827,0.0,-4.190729934820996,-3.5459623814300416,0.0,0.0,0.0,0.0,0.0,0.0,0.0
14,0.0,0.0,0.0,0.0,0.0,0.0,0.0,0.0,0.0,0.0,0.0,-2.8502313679253723,-3.8790323050897073,-4.190729934820996,0.0,-3.135466266037365,-0.4977331882280848,0.0,0.0,0.0,0.0,0.0,0.0
15,0.0,0.0,0.0,0.0,0.0,0.0,0.0,0.0,0.0,0.0,0.0,0.0,-3.0400183929572373,-3.5459623814300416,-3.135466266037365,0.0,-0.4578553241424439,0.0,0.0,0.0,0.0,0.0,0.0
16,0.0,0.0,0.0,0.0,0.0,0.0,0.0,0.0,0.0,0.0,0.0,0.0,0.0,0.0,-0.4977331882280848,-0.4578553241424439,0.0,-0.08525262700500247,0.0,0.0,0.0,0.0,0.0
17,0.0,0.0,0.0,0.0,0.0,0.0,0.0,0.0,0.0,0.0,0.0,0.0,0.0,0.0,0.0,0.0,-0.08525262700500247,0.0,-0.47482323545716837,-2.748765313441387,-0.6121822697197423,0.0,0.0
18,0.0,0.0,0.0,0.0,0.0,0.0,0.0,0.0,0.0,0.0,0.0,0.0,0.0,0.0,0.0,0.0,0.0,-0.47482323545716837,0.0,-0.5127637905130514,-1.2670849384872043,-1.3792813254386007,0.0
19,0.0,0.0,0.0,0.0,0.0,0.0,0.0,0.0,0.0,0.0,0.0,0.0,0.0,0.0,0.0,0.0,0.0,-2.748765313441387,-0.5127637905130514,0.0,-0.5993843427235259,-0.7149468234743639,-1.00024255752179
20,0.0,0.0,0.0,0.0,0.0,0.0,0.0,0.0,0.0,0.0,0.0,0.0,0.0,0.0,0.0,0.0,0.0,-0.6121822697197423,-1.2670849384872043,-0.5993843427235259,0.0,-2.6719805409575863,-1.3881696026123143
21,0.0,0.0,0.0,0.0,0.0,0.0,0.0,0.0,0.0,0.0,0.0,0.0,0.0,0.0,0.0,0.0,0.0,0.0,-1.3792813254386007,-0.7149468234743639,-2.6719805409575863,0.0,-1.7100857150844544
22,0.0,0.0,0.0,0.0,0.0,0.0,0.0,0.0,0.0,0.0,0.0,0.0,0.0,0.0,0.0,0.0,0.0,0.0,0.0,-1.00024255752179,-1.3881696026123143,-1.7100857150844544,0.0
