,0,1,2,3,4,5,6,7,8,9,10,11,12,13,14,15,16,17,18,19,20,21,22,23,24
0,0.0,-2.8240660984653583,-3.438164560555811,-3.2015906498338453,0.0,0.0,0.0,0.0,0.0,0.0,0.0,0.0,0.0,0.0,0.0,0.0,0.0,0.0,0.0,0.0,0.0,0.0,0.0,0.0,0.0
1,-2.8240660984653583,0.0,-2.493667216586108,-3.977383539195615,-5.027695094208568,0.0,0.0,0.0,0.0,0.0,0.0,0.0,0.0,0.0,0.0,0.0,0.0,0.0,0.0,0.0,0.0,0.0,0.0,0.0,0.0
2,-3.438164560555811,-2.493667216586108,0.0,-2.7233774566599864,-2.5681413738403545,0.0,0.0,0.0,0.0,0.0,0.0,0.0,0.0,0.0,0.0,0.0,0.0,0.0,0.0,0.0,0.0,0.0,0.0,0.0,0.0
3,-3.2015906498338453,-3.977383539195615,-2.7233774566599864,0.0,-4.407405789743378,-4.122906096164925,-3.5771860802818223,0.0,0.0,0.0,0.0,0.0,0.0,0.0,0.0,0.0,0.0,0.0,0.0,0.0,0.0,0.0,0.0,0.0,0.0
4,0.0,-5.027695094208568,-2.5681413738403545,-4.407405789743378,0.0,-4.0508396361365815,-3.2198701063166815,0.0,0.0,0.0,0.0,0.0,0.0,0.0,0.0,0.0,0.0,0.0,0.0,0.0,0.0,0.0,0.0,0.0,0.0
5,0.0,0.0,0.0,-4.122906096164925,-4.0508396361365815,0.0,-3.2631070403375464,-2.4382499434934264,-3.110247914961917,0.0,0.0,0.0,0.0,0.0,0.0,0.0,0.0,0.0,0.0,0.0,0.0,0.0,0.0,0.0,0.0
6,0.0,0.0,0.0,-3.5771860802818223,-3.2198701063166815,-3.2631070403375464,0.0,-2.7006996139849333,-4.909422076022245,0.0,0.0,0.0,0.0,0.0,0.0,0.0,0.0,0.0,0.0,0.0,0.0,0.0,0.0,0.0,0.0
7,0.0,0.0,0.0,0.0,0.0,-2.4382499434934264,-2.7006996139849333,0.0,-2.789181710760155,0.0,0.0,0.0,0.0,0.0,0.0,0.0,0.0,0.0,0.0,0.0,0.0,0.0,0.0,0.0,0.0
8,0.0,0.0,0.0,0.0,0.0,-3.110247914961917,-4.909422076022245,-2.789181710760155,0.0,0.0,0.0,0.0,0.0,0.0,0.0,0.0,0.0,0.0,0.0,0.0,0.0,0.0,0.0,0.0,0.0
9,0.0,0.0,0.0,0.0,0.0,0.0,0.0,0.0,0.0,0.0,-0.9541473924426049,-0.48543424308313143,-0.4343252497316372,0.0,0.0,0.0,0.0,0.0,0.0,0.0,0.0,0.0,0.0,0.0,0.0
10,0.0,0.0,0.0,0.0,0.0,0.0,0.0,0.0,0.0,-0.9541473924426049,0.0,-0.3010351269553643,-0.33693363215798755,0.0,0.0,0.0,0.0,0.0,0.0,0.0,0.0,0.0,0.0,0.0,0.0
11,0.0,0.0,0.0,0.0,0.0,0.0,0.0,0.0,0.0,-0.48543424308313143,-0.3010351269553643,0.0,-2.2437137425055935,-0.8816617473331638,-1.1573479197748335,0.0,0.0,0.0,0.0,0.6803720720613161,0.0,0.0,0.0,0.0,0.0
12,0.0,0.0,0.0,0.0,0.0,0.0,0.0,0.0,0.0,-0.4343252497316372,-0.33693363215798755,-2.2437137425055935,0.0,-1.1727621490189217,-1.4850591172498313,0.0,-1.282132704186105,0.0,0.0,0.0,0.0,0.0,0.0,0.0,0.0
13,0.0,0.0,0.0,0.0,0.0,0.0,0.0,0.0,0.0,0.0,0.0,-0.8816617473331638,-1.1727621490189217,0.0,-1.8330453992397564,0.0,-2.648065118403224,0.0,0.0,0.559064634132495,0.0,0.0,0.0,0.0,0.0
14,0.0,0.0,0.0,0.0,0.0,0.0,0.0,0.0,0.0,0.0,0.0,-1.1573479197748335,-1.4850591172498313,-1.8330453992397564,0.0,0.0,-1.6720580758535644,0.0,0.0,0.5397849900297278,0.0,0.0,0.0,0.0,0.0
15,0.0,0.0,0.0,0.0,0.0,0.0,0.0,0.0,0.0,0.0,0.0,0.0,0.0,0.0,0.0,0.0,-0.37863604002377266,-0.421113181116674,-0.4936697459382154,0.0,0.0,0.0,0.0,0.0,0.0
16,0.0,0.0,0.0,0.0,0.0,0.0,0.0,0.0,0.0,0.0,0.0,0.0,-1.282132704186105,-2.648065118403224,-1.6720580758535644,-0.37863604002377266,0.0,-0.8125359039601556,0.0,0.0,-2.1358677315332995,0.0,0.0,0.0,0.4931062433484556
17,0.0,0.0,0.0,0.0,0.0,0.0,0.0,0.0,0.0,0.0,0.0,0.0,0.0,0.0,0.0,-0.421113181116674,-0.8125359039601556,0.0,-1.9833811491790285,0.0,-0.9072752515119175,0.0,0.0,0.0,0.0
18,0.0,0.0,0.0,0.0,0.0,0.0,0.0,0.0,0.0,0.0,0.0,0.0,0.0,0.0,0.0,-0.4936697459382154,0.0,-1.9833811491790285,0.0,0.0,-0.6334827378311307,-0.4311608677091703,0.07874952526832886,0.16928753448053402,0.0
19,0.0,0.0,0.0,0.0,0.0,0.0,0.0,0.0,0.0,0.0,0.0,0.6803720720613161,0.0,0.559064634132495,0.5397849900297278,0.0,0.0,0.0,0.0,0.0,0.0,0.0,0.0,0.0,0.0
20,0.0,0.0,0.0,0.0,0.0,0.0,0.0,0.0,0.0,0.0,0.0,0.0,0.0,0.0,0.0,0.0,-2.1358677315332995,-0.9072752515119175,-0.6334827378311307,0.0,0.0,-2.0034684212914993,0.0,0.0,0.453450691854219
21,0.0,0.0,0.0,0.0,0.0,0.0,0.0,0.0,0.0,0.0,0.0,0.0,0.0,0.0,0.0,0.0,0.0,0.0,-0.4311608677091703,0.0,-2.0034684212914993,0.0,0.03632151294220593,0.09766169338748108,0.4237702110676637
22,0.0,0.0,0.0,0.0,0.0,0.0,0.0,0.0,0.0,0.0,0.0,0.0,0.0,0.0,0.0,0.0,0.0,0.0,0.07874952526832886,0.0,0.0,0.03632151294220593,0.0,-2.224865771421209,0.0
23,0.0,0.0,0.0,0.0,0.0,0.0,0.0,0.0,0.0,0.0,0.0,0.0,0.0,0.0,0.0,0.0,0.0,0.0,0.16928753448053402,0.0,0.0,0.09766169338748108,-2.224865771421209,0.0,0.0
24,0.0,0.0,0.0,0.0,0.0,0.0,0.0,0.0,0.0,0.0,0.0,0.0,0.0,0.0,0.0,0.0,0.4931062433484556,0.0,0.0,0.0,0.453450691854219,0.4237702110676637,0.0,0.0,0.0
