,0,1,2,3,4,5,6,7,8,9,10,11,12,13,14,15,16,17,18,19,20,21,22,23,24,25,26,27,28
0,0.0,-4.552689358071219,-4.9215686856275775,-3.106919356052855,0.0,0.0,0.0,0.0,0.0,0.0,0.0,0.0,0.0,0.0,0.0,0.0,0.0,0.0,0.0,0.0,0.0,0.0,0.0,0.0,0.0,0.0,0.0,0.0,0.0
1,-4.552689358071219,0.0,-4.135894132214639,-3.3754801429680237,0.0,0.0,0.0,0.0,0.0,0.0,0.0,0.0,0.0,0.0,0.0,0.0,0.0,0.0,0.0,0.0,0.0,0.0,0.0,0.0,0.0,0.0,0.0,0.0,0.0
2,-4.9215686856275775,-4.135894132214639,0.0,-3.009109044830551,-3.172043649626508,0.0,0.0,0.0,0.0,0.0,0.0,0.0,0.0,0.0,0.0,0.0,0.0,0.0,0.0,0.0,0.0,0.0,0.0,0.0,0.0,0.0,0.0,0.0,0.0
3,-3.106919356052855,-3.3754801429680237,-3.009109044830551,0.0,-3.4852534362603786,-3.8103815940108876,-2.9800771958933425,0.0,0.0,0.0,0.0,0.0,0.0,0.0,0.0,0.0,0.0,0.0,0.0,0.0,0.0,0.0,0.0,0.0,0.0,0.0,0.0,0.0,0.0
4,0.0,0.0,-3.172043649626508,-3.4852534362603786,0.0,-3.3600560843006955,-3.2993896594932273,0.0,0.0,0.0,0.0,0.0,0.0,0.0,0.0,0.0,0.0,0.0,0.0,0.0,0.0,0.0,0.0,0.0,0.0,0.0,0.0,0.0,0.0
5,0.0,0.0,0.0,-3.8103815940108876,-3.3600560843006955,0.0,-3.35691887154738,0.0,-4.938457634946601,0.0,0.0,0.0,0.0,0.0,0.0,0.0,0.0,0.0,0.0,0.0,0.0,0.0,0.0,0.0,0.0,0.0,0.0,0.0,0.0
6,0.0,0.0,0.0,-2.9800771958933425,-3.2993896594932273,-3.35691887154738,0.0,0.0,-3.308645129645745,0.0,0.0,-2.4484379212929954,0.0,0.0,0.0,0.0,0.0,0.0,0.0,0.0,0.0,0.0,0.0,0.0,0.0,0.0,0.0,0.0,0.0
7,0.0,0.0,0.0,0.0,0.0,0.0,0.0,0.0,-0.20918160864326585,-3.7601804017885954,0.0,-0.25635554791317255,0.0,0.0,0.0,0.0,0.0,0.0,0.0,0.0,0.0,0.0,0.0,0.0,0.0,0.0,0.0,0.0,0.0
8,0.0,0.0,0.0,0.0,0.0,-4.938457634946601,-3.308645129645745,-0.20918160864326585,0.0,0.0,0.0,-2.9145894108789134,0.0,-2.2603981297363664,0.0,0.0,0.0,0.0,0.0,0.0,0.0,0.0,0.0,0.0,0.0,0.0,0.0,0.0,0.0
9,0.0,0.0,0.0,0.0,0.0,0.0,0.0,-3.7601804017885954,0.0,0.0,-2.789546496623178,0.0,-1.567339019665105,-0.2769332343894812,0.0,0.0,0.0,0.0,0.0,0.0,0.0,0.0,0.0,0.0,0.0,0.0,0.0,0.0,0.0
10,0.0,0.0,0.0,0.0,0.0,0.0,0.0,0.0,0.0,-2.789546496623178,0.0,0.0,-1.5847692817410988,-0.2904641193394754,0.0,0.0,0.0,0.0,0.0,0.0,0.0,0.0,0.0,0.0,0.0,0.0,0.0,0.0,0.0
11,0.0,0.0,0.0,0.0,0.0,0.0,-2.4484379212929954,-0.25635554791317255,-2.9145894108789134,0.0,0.0,0.0,0.0,-2.9112018628045937,-3.3774785731738084,0.0,0.0,0.0,0.0,0.0,0.0,0.0,0.0,0.0,0.0,0.0,0.0,0.0,0.0
12,0.0,0.0,0.0,0.0,0.0,0.0,0.0,0.0,0.0,-1.567339019665105,-1.5847692817410988,0.0,0.0,-0.5987363246300713,0.0,-1.3114849464286322,-0.7176793477932214,-0.8734167460572709,0.0,0.0,0.0,0.0,0.0,0.0,0.0,0.0,0.0,0.0,0.0
13,0.0,0.0,0.0,0.0,0.0,0.0,0.0,0.0,-2.2603981297363664,-0.2769332343894812,-0.2904641193394754,-2.9112018628045937,-0.5987363246300713,0.0,-2.7362349506937678,0.0,-0.48865500516657,0.0,0.0,0.0,0.0,0.0,0.0,0.0,0.0,0.0,0.0,0.0,0.0
14,0.0,0.0,0.0,0.0,0.0,0.0,0.0,0.0,0.0,0.0,0.0,-3.3774785731738084,0.0,-2.7362349506937678,0.0,0.0,-0.3885405285783764,-1.7443962519231704,0.0,0.0,0.0,0.0,0.0,0.0,0.0,0.0,0.0,0.0,0.0
15,0.0,0.0,0.0,0.0,0.0,0.0,0.0,0.0,0.0,0.0,0.0,0.0,-1.3114849464286322,0.0,0.0,0.0,0.0,-0.3757646162807154,0.0,0.0,0.0,-0.2951131347242332,0.0,0.0,0.0,0.0,0.0,0.0,0.0
16,0.0,0.0,0.0,0.0,0.0,0.0,0.0,0.0,0.0,0.0,0.0,0.0,-0.7176793477932214,-0.48865500516657,-0.3885405285783764,0.0,0.0,-0.5295245696267542,0.0,0.0,0.0,0.0,0.0,0.0,0.0,0.0,0.0,0.0,0.0
17,0.0,0.0,0.0,0.0,0.0,0.0,0.0,0.0,0.0,0.0,0.0,0.0,-0.8734167460572709,0.0,-1.7443962519231704,-0.3757646162807154,-0.5295245696267542,0.0,-1.785607824205799,-1.7016055909469292,0.0,-2.468871858674441,0.0,0.0,0.0,0.0,0.0,0.0,0.0
18,0.0,0.0,0.0,0.0,0.0,0.0,0.0,0.0,0.0,0.0,0.0,0.0,0.0,0.0,0.0,0.0,0.0,-1.785607824205799,0.0,-3.841120535970137,-1.1003422665551459,-1.9433430115127528,0.0,0.0,0.0,0.0,0.0,0.0,0.0
19,0.0,0.0,0.0,0.0,0.0,0.0,0.0,0.0,0.0,0.0,0.0,0.0,0.0,0.0,0.0,0.0,0.0,-1.7016055909469292,-3.841120535970137,0.0,-1.1115447338403726,-1.9067973691371103,0.0,0.0,0.0,0.0,0.0,0.0,0.0
20,0.0,0.0,0.0,0.0,0.0,0.0,0.0,0.0,0.0,0.0,0.0,0.0,0.0,0.0,0.0,0.0,0.0,0.0,-1.1003422665551459,-1.1115447338403726,0.0,-0.7424499274457709,0.0,0.0,0.0,0.0,0.0,0.0,0.0
21,0.0,0.0,0.0,0.0,0.0,0.0,0.0,0.0,0.0,0.0,0.0,0.0,0.0,0.0,0.0,-0.2951131347242332,0.0,-2.468871858674441,-1.9433430115127528,-1.9067973691371103,-0.7424499274457709,0.0,0.0,-2.0579528569743415,0.0,0.0,0.0,0.0,0.0
22,0.0,0.0,0.0,0.0,0.0,0.0,0.0,0.0,0.0,0.0,0.0,0.0,0.0,0.0,0.0,0.0,0.0,0.0,0.0,0.0,0.0,0.0,0.0,-1.7237001232488303,-2.651907420006542,-2.1532712865489465,-0.22920442450229628,0.0,-0.2609290503512453
23,0.0,0.0,0.0,0.0,0.0,0.0,0.0,0.0,0.0,0.0,0.0,0.0,0.0,0.0,0.0,0.0,0.0,0.0,0.0,0.0,0.0,-2.0579528569743415,-1.7237001232488303,0.0,-1.7538932344333569,-2.505425174560216,0.0,0.0,0.0
24,0.0,0.0,0.0,0.0,0.0,0.0,0.0,0.0,0.0,0.0,0.0,0.0,0.0,0.0,0.0,0.0,0.0,0.0,0.0,0.0,0.0,0.0,-2.651907420006542,-1.7538932344333569,0.0,-1.9564893318606176,-0.19267003239392813,-1.8925001507838772,0.0
25,0.0,0.0,0.0,0.0,0.0,0.0,0.0,0.0,0.0,0.0,0.0,0.0,0.0,0.0,0.0,0.0,0.0,0.0,0.0,0.0,0.0,0.0,-2.1532712865489465,-2.505425174560216,-1.9564893318606176,0.0,0.0,0.0,0.0
26,0.0,0.0,0.0,0.0,0.0,0.0,0.0,0.0,0.0,0.0,0.0,0.0,0.0,0.0,0.0,0.0,0.0,0.0,0.0,0.0,0.0,0.0,-0.22920442450229628,0.0,-0.19267003239392813,0.0,0.0,-0.27186773791370605,-0.6762481067639874
27,0.0,0.0,0.0,0.0,0.0,0.0,0.0,0.0,0.0,0.0,0.0,0.0,0.0,0.0,0.0,0.0,0.0,0.0,0.0,0.0,0.0,0.0,0.0,0.0,-1.8925001507838772,0.0,-0.27186773791370605,0.0,-0.3589478336361281
28,0.0,0.0,0.0,0.0,0.0,0.0,0.0,0.0,0.0,0.0,0.0,0.0,0.0,0.0,0.0,0.0,0.0,0.0,0.0,0.0,0.0,0.0,-0.2609290503512453,0.0,0.0,0.0,-0.6762481067639874,-0.3589478336361281,0.0
