,0,1,2,3,4,5,6,7,8,9,10,11,12,13,14,15,16,17,18,19,20,21
0,0.0,-0.7058734227369222,-0.7167635522046139,-0.9548364158566355,0.0,0.0,0.0,0.0,0.0,0.0,0.0,0.0,0.0,0.0,0.0,0.0,0.0,0.0,0.0,0.0,0.0,0.0
1,-0.7058734227369222,0.0,-0.7039020461097577,-0.9393542024461736,0.0,0.0,0.0,0.0,0.0,0.0,0.0,0.0,0.0,0.0,0.0,0.0,0.0,0.0,0.0,0.0,0.0,0.0
2,-0.7167635522046139,-0.7039020461097577,0.0,-0.9263764835596204,0.0,0.0,0.0,0.0,0.0,0.0,0.0,0.0,0.0,0.0,0.0,0.0,0.0,0.0,0.0,0.0,0.0,0.0
3,-0.9548364158566355,-0.9393542024461736,-0.9263764835596204,0.0,-0.8506529472317839,-0.8888648733200019,0.0,0.0,0.0,0.0,0.0,0.0,0.0,0.0,0.0,0.0,0.0,0.0,0.0,0.0,0.0,0.0
4,0.0,0.0,0.0,-0.8506529472317839,0.0,-0.7265791158995818,-1.0995611882572622,0.0,0.0,0.0,0.0,0.0,0.0,0.0,0.0,0.0,0.0,0.0,0.0,0.0,0.0,0.0
5,0.0,0.0,0.0,-0.8888648733200019,-0.7265791158995818,0.0,-1.0561696082247733,0.0,0.0,0.0,0.0,0.0,0.0,0.0,0.0,0.0,0.0,0.0,0.0,0.0,0.0,0.0
6,0.0,0.0,0.0,0.0,-1.0995611882572622,-1.0561696082247733,0.0,-0.8459918438834406,-1.046700996757085,-1.3143573394700123,0.0,0.0,0.0,0.0,0.0,0.0,0.0,0.0,0.0,0.0,0.0,0.0
7,0.0,0.0,0.0,0.0,0.0,0.0,-0.8459918438834406,0.0,-0.8710225224108358,-1.1139745668751053,0.0,0.0,0.0,0.0,0.0,0.0,0.0,0.0,0.0,0.0,0.0,0.0
8,0.0,0.0,0.0,0.0,0.0,0.0,-1.046700996757085,-0.8710225224108358,0.0,-0.9054104569758087,-0.9741428059785724,0.0,0.0,0.0,0.0,0.0,0.0,0.0,0.0,0.0,0.0,0.0
9,0.0,0.0,0.0,0.0,0.0,0.0,-1.3143573394700123,-1.1139745668751053,-0.9054104569758087,0.0,-0.7511583435635606,-0.8127747114181872,-0.8788691963973614,0.0,0.0,0.0,0.0,0.0,0.0,0.0,0.0,0.0
10,0.0,0.0,0.0,0.0,0.0,0.0,0.0,0.0,-0.9741428059785724,-0.7511583435635606,0.0,-0.7515702352001289,-0.8144408138578316,0.0,0.0,0.0,0.0,0.0,0.0,0.0,0.0,0.0
11,0.0,0.0,0.0,0.0,0.0,0.0,0.0,0.0,0.0,-0.8127747114181872,-0.7515702352001289,0.0,-0.7527400829965576,0.0,0.0,0.0,0.0,0.0,0.0,0.0,0.0,0.0
12,0.0,0.0,0.0,0.0,0.0,0.0,0.0,0.0,0.0,-0.8788691963973614,-0.8144408138578316,-0.7527400829965576,0.0,-0.767007449155935,0.0,0.0,0.0,0.0,0.0,0.0,0.0,0.0
13,0.0,0.0,0.0,0.0,0.0,0.0,0.0,0.0,0.0,0.0,0.0,0.0,-0.767007449155935,0.0,-0.7701439173207537,-0.7893352797238492,0.0,0.0,0.0,0.0,0.0,0.0
14,0.0,0.0,0.0,0.0,0.0,0.0,0.0,0.0,0.0,0.0,0.0,0.0,0.0,-0.7701439173207537,0.0,-0.7110262148734702,-0.8961802746761368,0.0,0.0,0.0,0.0,0.0
15,0.0,0.0,0.0,0.0,0.0,0.0,0.0,0.0,0.0,0.0,0.0,0.0,0.0,-0.7893352797238492,-0.7110262148734702,0.0,-0.875353924701056,0.0,0.0,0.0,0.0,0.0
16,0.0,0.0,0.0,0.0,0.0,0.0,0.0,0.0,0.0,0.0,0.0,0.0,0.0,0.0,-0.8961802746761368,-0.875353924701056,0.0,-0.8279527565284105,-0.8455026048944979,0.0,0.0,0.0
17,0.0,0.0,0.0,0.0,0.0,0.0,0.0,0.0,0.0,0.0,0.0,0.0,0.0,0.0,0.0,0.0,-0.8279527565284105,0.0,-0.708746856542156,-0.9844547319396584,0.0,0.0
18,0.0,0.0,0.0,0.0,0.0,0.0,0.0,0.0,0.0,0.0,0.0,0.0,0.0,0.0,0.0,0.0,-0.8455026048944979,-0.708746856542156,0.0,-0.965175332395246,-1.3146034894612855,-1.3473446851367028
19,0.0,0.0,0.0,0.0,0.0,0.0,0.0,0.0,0.0,0.0,0.0,0.0,0.0,0.0,0.0,0.0,0.0,-0.9844547319396584,-0.965175332395246,0.0,-0.9841757197502349,-1.0122747301704498
20,0.0,0.0,0.0,0.0,0.0,0.0,0.0,0.0,0.0,0.0,0.0,0.0,0.0,0.0,0.0,0.0,0.0,0.0,-1.3146034894612855,-0.9841757197502349,0.0,-0.7156446063124946
21,0.0,0.0,0.0,0.0,0.0,0.0,0.0,0.0,0.0,0.0,0.0,0.0,0.0,0.0,0.0,0.0,0.0,0.0,-1.3473446851367028,-1.0122747301704498,-0.7156446063124946,0.0
