,0,1,2,3,4,5,6,7,8,9,10,11,12,13,14,15,16
0,0.0,-0.7739039962480571,-0.9329951138773616,-1.1663546845988286,0.0,0.0,0.0,0.0,0.0,0.0,0.0,0.0,0.0,0.0,0.0,0.0,0.0
1,-0.7739039962480571,0.0,-0.841592504882127,-1.06195040435229,0.0,0.0,0.0,0.0,0.0,0.0,0.0,0.0,0.0,0.0,0.0,0.0,0.0
2,-0.9329951138773616,-0.841592504882127,0.0,-0.8892377382021291,-0.8940351472639867,0.0,0.0,0.0,0.0,0.0,0.0,0.0,0.0,0.0,0.0,0.0,0.0
3,-1.1663546845988286,-1.06195040435229,-0.8892377382021291,0.0,-0.6972209437842389,-0.87987122167256,-0.9764580428894938,0.0,0.0,0.0,0.0,0.0,0.0,0.0,0.0,0.0,0.0
4,0.0,0.0,-0.8940351472639867,-0.6972209437842389,0.0,-0.87512128499131,-0.9713972928355733,0.0,0.0,0.0,0.0,0.0,0.0,0.0,0.0,0.0,0.0
5,0.0,0.0,0.0,-0.87987122167256,-0.87512128499131,0.0,-0.7762438704736523,-0.8287805606259302,0.0,0.0,0.0,0.0,0.0,0.0,0.0,0.0,0.0
6,0.0,0.0,0.0,-0.9764580428894938,-0.9713972928355733,-0.7762438704736523,0.0,-0.7418970685119565,-1.0210553572299035,0.0,0.0,0.0,0.0,0.0,0.0,0.0,0.0
7,0.0,0.0,0.0,0.0,0.0,-0.8287805606259302,-0.7418970685119565,0.0,-0.9611805186968805,0.0,0.0,0.0,0.0,0.0,0.0,0.0,0.0
8,0.0,0.0,0.0,0.0,0.0,0.0,-1.0210553572299035,-0.9611805186968805,0.0,-1.0344720929102347,-1.0541475710746409,-1.1380673649645496,0.0,0.0,0.0,0.0,0.0
9,0.0,0.0,0.0,0.0,0.0,0.0,0.0,0.0,-1.0344720929102347,0.0,-0.7084428411904744,-0.7744210135797621,-0.9605175784871032,0.0,0.0,0.0,0.0
10,0.0,0.0,0.0,0.0,0.0,0.0,0.0,0.0,-1.0541475710746409,-0.7084428411904744,0.0,-0.7581702113036792,-0.9418847813383271,0.0,0.0,0.0,0.0
11,0.0,0.0,0.0,0.0,0.0,0.0,0.0,0.0,-1.1380673649645496,-0.7744210135797621,-0.7581702113036792,0.0,-0.8668723818716492,-0.871691768224611,0.0,0.0,0.0
12,0.0,0.0,0.0,0.0,0.0,0.0,0.0,0.0,0.0,-0.9605175784871032,-0.9418847813383271,-0.8668723818716492,0.0,-0.6973050913203361,-0.825359061558013,0.0,0.0
13,0.0,0.0,0.0,0.0,0.0,0.0,0.0,0.0,0.0,0.0,0.0,-0.871691768224611,-0.6973050913203361,0.0,-0.8207043693630471,-1.1029416904056628,-1.3561388408877597
14,0.0,0.0,0.0,0.0,0.0,0.0,0.0,0.0,0.0,0.0,0.0,0.0,-0.825359061558013,-0.8207043693630471,0.0,-0.9487331534447536,-1.183229119859718
15,0.0,0.0,0.0,0.0,0.0,0.0,0.0,0.0,0.0,0.0,0.0,0.0,0.0,-1.1029416904056628,-0.9487331534447536,0.0,-0.8884155031512584
16,0.0,0.0,0.0,0.0,0.0,0.0,0.0,0.0,0.0,0.0,0.0,0.0,0.0,-1.3561388408877597,-1.183229119859718,-0.8884155031512584,0.0
