,0,1,2,3,4,5,6,7,8,9,10,11,12,13,14,15,16,17,18,19,20,21,22
0,0.0,-0.737392335651077,-0.8229210650025143,-1.123052517067689,0.0,0.0,0.0,0.0,0.0,0.0,0.0,0.0,0.0,0.0,0.0,0.0,0.0,0.0,0.0,0.0,0.0,0.0,0.0
1,-0.737392335651077,0.0,-0.7752694455859307,-1.0654432874019335,0.0,0.0,0.0,0.0,0.0,0.0,0.0,0.0,0.0,0.0,0.0,0.0,0.0,0.0,0.0,0.0,0.0,0.0,0.0
2,-0.8229210650025143,-0.7752694455859307,0.0,-0.9647433513401094,0.0,0.0,0.0,0.0,0.0,0.0,0.0,0.0,0.0,0.0,0.0,0.0,0.0,0.0,0.0,0.0,0.0,0.0,0.0
3,-1.123052517067689,-1.0654432874019335,-0.9647433513401094,0.0,-0.7246099671699114,-0.8569428785787271,0.0,0.0,0.0,0.0,0.0,0.0,0.0,0.0,0.0,0.0,0.0,0.0,0.0,0.0,0.0,0.0,0.0
4,0.0,0.0,0.0,-0.7246099671699114,0.0,-0.8217493551987035,-1.2159535022801906,0.0,0.0,0.0,0.0,0.0,0.0,0.0,0.0,0.0,0.0,0.0,0.0,0.0,0.0,0.0,0.0
5,0.0,0.0,0.0,-0.8569428785787271,-0.8217493551987035,0.0,-1.0516402919072259,0.0,0.0,0.0,0.0,0.0,0.0,0.0,0.0,0.0,0.0,0.0,0.0,0.0,0.0,0.0,0.0
6,0.0,0.0,0.0,0.0,-1.2159535022801906,-1.0516402919072259,0.0,-0.6982575803145058,-0.9578802433922868,0.0,-1.1232993387716261,0.0,0.0,0.0,0.0,0.0,0.0,0.0,0.0,0.0,0.0,0.0,0.0
7,0.0,0.0,0.0,0.0,0.0,0.0,-0.6982575803145058,0.0,-0.9516095318002035,-1.0666594053122596,0.0,0.0,0.0,0.0,0.0,0.0,0.0,0.0,0.0,0.0,0.0,0.0,0.0
8,0.0,0.0,0.0,0.0,0.0,0.0,-0.9578802433922868,-0.9516095318002035,0.0,-0.7878301552311561,-0.8293748689252733,0.0,0.0,0.0,0.0,0.0,0.0,0.0,0.0,0.0,0.0,0.0,0.0
9,0.0,0.0,0.0,0.0,0.0,0.0,0.0,-1.0666594053122596,-0.7878301552311561,0.0,-0.7313145807804899,-0.7715866315710036,0.0,0.0,0.0,0.0,0.0,0.0,0.0,0.0,0.0,0.0,0.0
10,0.0,0.0,0.0,0.0,0.0,0.0,-1.1232993387716261,0.0,-0.8293748689252733,-0.7313145807804899,0.0,-0.7319934193231269,0.0,0.0,0.0,0.0,0.0,0.0,0.0,0.0,0.0,0.0,0.0
11,0.0,0.0,0.0,0.0,0.0,0.0,0.0,0.0,0.0,-0.7715866315710036,-0.7319934193231269,0.0,-0.8335244055620096,-0.9268046404598096,0.0,0.0,0.0,0.0,0.0,0.0,0.0,0.0,0.0
12,0.0,0.0,0.0,0.0,0.0,0.0,0.0,0.0,0.0,0.0,0.0,-0.8335244055620096,0.0,-0.7760602389633786,0.0,-0.893902892827749,0.0,0.0,0.0,0.0,0.0,0.0,0.0
13,0.0,0.0,0.0,0.0,0.0,0.0,0.0,0.0,0.0,0.0,0.0,-0.9268046404598096,-0.7760602389633786,0.0,-0.750251523061841,-0.8027628160475925,0.0,0.0,0.0,0.0,0.0,0.0,0.0
14,0.0,0.0,0.0,0.0,0.0,0.0,0.0,0.0,0.0,0.0,0.0,0.0,0.0,-0.750251523061841,0.0,-0.7429647517727177,-0.8195047024654949,0.0,0.0,0.0,0.0,0.0,0.0
15,0.0,0.0,0.0,0.0,0.0,0.0,0.0,0.0,0.0,0.0,0.0,0.0,-0.893902892827749,-0.8027628160475925,-0.7429647517727177,0.0,-0.7662664120890962,0.0,0.0,0.0,0.0,0.0,0.0
16,0.0,0.0,0.0,0.0,0.0,0.0,0.0,0.0,0.0,0.0,0.0,0.0,0.0,0.0,-0.8195047024654949,-0.7662664120890962,0.0,-0.8551162679040312,-0.8952155963085175,0.0,0.0,0.0,0.0
17,0.0,0.0,0.0,0.0,0.0,0.0,0.0,0.0,0.0,0.0,0.0,0.0,0.0,0.0,0.0,0.0,-0.8551162679040312,0.0,-0.7281204248207231,-0.8324510410912489,-0.8492317867848328,0.0,0.0
18,0.0,0.0,0.0,0.0,0.0,0.0,0.0,0.0,0.0,0.0,0.0,0.0,0.0,0.0,0.0,0.0,-0.8952155963085175,-0.7281204248207231,0.0,-0.7941805023190992,0.0,-0.8267380084597361,0.0
19,0.0,0.0,0.0,0.0,0.0,0.0,0.0,0.0,0.0,0.0,0.0,0.0,0.0,0.0,0.0,0.0,0.0,-0.8324510410912489,-0.7941805023190992,0.0,-0.7080111960360063,-0.7228923177465065,-0.7691092440949855
20,0.0,0.0,0.0,0.0,0.0,0.0,0.0,0.0,0.0,0.0,0.0,0.0,0.0,0.0,0.0,0.0,0.0,-0.8492317867848328,0.0,-0.7080111960360063,0.0,-0.707813515970434,-0.7533831111199316
21,0.0,0.0,0.0,0.0,0.0,0.0,0.0,0.0,0.0,0.0,0.0,0.0,0.0,0.0,0.0,0.0,0.0,0.0,-0.8267380084597361,-0.7228923177465065,-0.707813515970434,0.0,-0.7380773065596204
22,0.0,0.0,0.0,0.0,0.0,0.0,0.0,0.0,0.0,0.0,0.0,0.0,0.0,0.0,0.0,0.0,0.0,0.0,0.0,-0.7691092440949855,-0.7533831111199316,-0.7380773065596204,0.0
