,0,1,2,3,4,5,6,7,8,9,10,11,12,13,14,15,16,17,18,19,20
0,0.0,-1.0030919061392263,-1.1992654718307556,-1.2145503076615924,0.0,0.0,0.0,0.0,0.0,0.0,0.0,0.0,0.0,0.0,0.0,0.0,0.0,0.0,0.0,0.0,0.0
1,-1.0030919061392263,0.0,-0.85111613133895,-0.8636717284789588,0.0,-1.442599937665683,0.0,0.0,0.0,0.0,0.0,0.0,0.0,0.0,0.0,0.0,0.0,0.0,0.0,0.0,0.0
2,-1.1992654718307556,-0.85111613133895,0.0,-0.7041107572124289,0.0,-1.226021190799506,0.0,0.0,0.0,0.0,0.0,0.0,0.0,0.0,0.0,0.0,0.0,0.0,0.0,0.0,0.0
3,-1.2145503076615924,-0.8636717284789588,-0.7041107572124289,0.0,0.0,-1.2106621925258534,0.0,0.0,0.0,0.0,0.0,0.0,0.0,0.0,0.0,0.0,0.0,0.0,0.0,0.0,0.0
4,0.0,0.0,0.0,0.0,0.0,-0.7309215546196387,-0.8307110798703433,-1.2304673375194766,0.0,0.0,0.0,0.0,0.0,0.0,0.0,0.0,0.0,0.0,0.0,0.0,0.0
5,0.0,-1.442599937665683,-1.226021190799506,-1.2106621925258534,-0.7309215546196387,0.0,-0.7895361741507583,0.0,-1.2131117898075883,0.0,0.0,0.0,0.0,0.0,0.0,0.0,0.0,0.0,0.0,0.0,0.0
6,0.0,0.0,0.0,0.0,-0.8307110798703433,-0.7895361741507583,0.0,0.0,-1.087233210790198,0.0,0.0,0.0,0.0,0.0,0.0,0.0,0.0,0.0,0.0,0.0,0.0
7,0.0,0.0,0.0,0.0,-1.2304673375194766,0.0,0.0,0.0,-0.7182372410538839,-0.7961664936340724,-0.8572147406899641,0.0,0.0,0.0,0.0,0.0,0.0,0.0,0.0,0.0,0.0
8,0.0,0.0,0.0,0.0,0.0,-1.2131117898075883,-1.087233210790198,-0.7182372410538839,0.0,-0.7692620988951675,-0.8289824889738414,0.0,0.0,0.0,0.0,0.0,0.0,0.0,0.0,0.0,0.0
9,0.0,0.0,0.0,0.0,0.0,0.0,0.0,-0.7961664936340724,-0.7692620988951675,0.0,-0.7489010532904454,0.0,0.0,0.0,0.0,0.0,0.0,0.0,0.0,0.0,0.0
10,0.0,0.0,0.0,0.0,0.0,0.0,0.0,-0.8572147406899641,-0.8289824889738414,-0.7489010532904454,0.0,-0.9256147760966915,0.0,0.0,0.0,0.0,0.0,0.0,0.0,0.0,0.0
11,0.0,0.0,0.0,0.0,0.0,0.0,0.0,0.0,0.0,0.0,-0.9256147760966915,0.0,-0.7279620982561995,-0.7834701537655748,-0.8167575250998634,0.0,0.0,0.0,0.0,0.0,0.0
12,0.0,0.0,0.0,0.0,0.0,0.0,0.0,0.0,0.0,0.0,0.0,-0.7279620982561995,0.0,-0.7468672559044094,-0.7791276043861326,0.0,0.0,0.0,0.0,0.0,0.0
13,0.0,0.0,0.0,0.0,0.0,0.0,0.0,0.0,0.0,0.0,0.0,-0.7834701537655748,-0.7468672559044094,0.0,-0.7238284331759474,-0.7715404818180326,0.0,0.0,0.0,0.0,0.0
14,0.0,0.0,0.0,0.0,0.0,0.0,0.0,0.0,0.0,0.0,0.0,-0.8167575250998634,-0.7791276043861326,-0.7238284331759474,0.0,-0.7394917983696345,0.0,-0.8330203578933075,0.0,0.0,0.0
15,0.0,0.0,0.0,0.0,0.0,0.0,0.0,0.0,0.0,0.0,0.0,0.0,0.0,-0.7715404818180326,-0.7394917983696345,0.0,-0.7747714144164487,-0.782799832612403,0.0,0.0,0.0
16,0.0,0.0,0.0,0.0,0.0,0.0,0.0,0.0,0.0,0.0,0.0,0.0,0.0,0.0,0.0,-0.7747714144164487,0.0,-0.7005942233023185,-0.9648549422169066,-1.0980108358118388,0.0
17,0.0,0.0,0.0,0.0,0.0,0.0,0.0,0.0,0.0,0.0,0.0,0.0,0.0,0.0,-0.8330203578933075,-0.782799832612403,-0.7005942233023185,0.0,-0.9556961461992345,0.0,-1.1128638912188484
18,0.0,0.0,0.0,0.0,0.0,0.0,0.0,0.0,0.0,0.0,0.0,0.0,0.0,0.0,0.0,0.0,-0.9648549422169066,-0.9556961461992345,0.0,-0.8020500738642972,-0.8226523117428379
19,0.0,0.0,0.0,0.0,0.0,0.0,0.0,0.0,0.0,0.0,0.0,0.0,0.0,0.0,0.0,0.0,-1.0980108358118388,0.0,-0.8020500738642972,0.0,-0.7118403498882308
20,0.0,0.0,0.0,0.0,0.0,0.0,0.0,0.0,0.0,0.0,0.0,0.0,0.0,0.0,0.0,0.0,0.0,-1.1128638912188484,-0.8226523117428379,-0.7118403498882308,0.0
