,0,1,2,3,4,5,6,7,8,9,10,11,12,13,14,15,16,17,18,19,20,21,22,23,24,25,26
0,0.0,-1.0130027418738277,-1.4307889090813606,-1.6889466382372775,0.0,0.0,0.0,0.0,0.0,0.0,0.0,0.0,0.0,0.0,0.0,0.0,0.0,0.0,0.0,0.0,0.0,0.0,0.0,0.0,0.0,0.0,0.0
1,-1.0130027418738277,0.0,-1.0347080957572354,-1.2574973145534656,0.0,-1.3768982634864477,0.0,0.0,0.0,0.0,0.0,0.0,0.0,0.0,0.0,0.0,0.0,0.0,0.0,0.0,0.0,0.0,0.0,0.0,0.0,0.0,0.0
2,-1.4307889090813606,-1.0347080957572354,0.0,-0.8700827750330182,-0.9525494381615663,-0.9680955896678689,0.0,0.0,0.0,0.0,0.0,0.0,0.0,0.0,0.0,0.0,0.0,0.0,0.0,0.0,0.0,0.0,0.0,0.0,0.0,0.0,0.0
3,-1.6889466382372775,-1.2574973145534656,-0.8700827750330182,0.0,-0.7645068655639391,-0.7780467527078797,-0.81640700220816,0.0,0.0,0.0,0.0,0.0,0.0,0.0,0.0,0.0,0.0,0.0,0.0,0.0,0.0,0.0,0.0,0.0,0.0,0.0,0.0
4,0.0,0.0,-0.9525494381615663,-0.7645068655639391,0.0,-0.7058201261461134,-0.7417830983914828,-0.8122736974567323,0.0,0.0,0.0,0.0,0.0,0.0,0.0,0.0,0.0,0.0,0.0,0.0,0.0,0.0,0.0,0.0,0.0,0.0,0.0
5,0.0,-1.3768982634864477,-0.9680955896678689,-0.7780467527078797,-0.7058201261461134,0.0,-0.7286707540726989,-0.7983440979181384,0.0,0.0,0.0,0.0,0.0,0.0,0.0,0.0,0.0,0.0,0.0,0.0,0.0,0.0,0.0,0.0,0.0,0.0,0.0
6,0.0,0.0,0.0,-0.81640700220816,-0.7417830983914828,-0.7286707540726989,0.0,-0.7605483290430762,0.0,0.0,0.0,0.0,0.0,0.0,0.0,0.0,0.0,0.0,0.0,0.0,0.0,0.0,0.0,0.0,0.0,0.0,0.0
7,0.0,0.0,0.0,0.0,-0.8122736974567323,-0.7983440979181384,-0.7605483290430762,0.0,0.0,0.0,0.0,0.0,0.0,0.0,0.0,0.0,0.0,0.0,0.0,0.0,0.0,0.0,0.0,0.0,0.0,0.0,0.0
8,0.0,0.0,0.0,0.0,0.0,0.0,0.0,0.0,0.0,-0.7644693467597576,-0.7867539788303708,-0.8113184355788908,0.0,0.0,0.0,0.0,0.0,0.0,0.0,0.0,0.0,0.0,0.0,0.0,0.0,0.0,0.0
9,0.0,0.0,0.0,0.0,0.0,0.0,0.0,0.0,-0.7644693467597576,0.0,-0.7140114441862654,-0.7370442051395792,-0.8153490507451499,0.0,0.0,0.0,0.0,0.0,0.0,0.0,0.0,0.0,0.0,0.0,0.0,0.0,0.0
10,0.0,0.0,0.0,0.0,0.0,0.0,0.0,0.0,-0.7867539788303708,-0.7140114441862654,0.0,-0.7157191988479578,0.0,-0.8018911936808556,0.0,0.0,0.0,0.0,0.0,0.0,0.0,0.0,0.0,0.0,0.0,0.0,0.0
11,0.0,0.0,0.0,0.0,0.0,0.0,0.0,0.0,-0.8113184355788908,-0.7370442051395792,-0.7157191988479578,0.0,-0.7683457100505251,-0.7775150286466523,0.0,0.0,0.0,0.0,0.0,0.0,0.0,0.0,0.0,0.0,0.0,0.0,0.0
12,0.0,0.0,0.0,0.0,0.0,0.0,0.0,0.0,0.0,-0.8153490507451499,0.0,-0.7683457100505251,0.0,-0.7016997754490127,-0.7247386581492843,0.0,0.0,0.0,0.0,0.0,0.0,0.0,0.0,0.0,0.0,0.0,0.0
13,0.0,0.0,0.0,0.0,0.0,0.0,0.0,0.0,0.0,0.0,-0.8018911936808556,-0.7775150286466523,-0.7016997754490127,0.0,-0.7159937234602898,-0.7963105802245286,0.0,0.0,0.0,0.0,0.0,0.0,0.0,0.0,0.0,0.0,0.0
14,0.0,0.0,0.0,0.0,0.0,0.0,0.0,0.0,0.0,0.0,0.0,0.0,-0.7247386581492843,-0.7159937234602898,0.0,-0.771757869841937,0.0,0.0,0.0,0.0,0.0,0.0,0.0,0.0,0.0,0.0,0.0
15,0.0,0.0,0.0,0.0,0.0,0.0,0.0,0.0,0.0,0.0,0.0,0.0,0.0,-0.7963105802245286,-0.771757869841937,0.0,0.0,-0.8221660887140754,0.0,0.0,0.0,0.0,0.0,0.0,0.0,0.0,0.0
16,0.0,0.0,0.0,0.0,0.0,0.0,0.0,0.0,0.0,0.0,0.0,0.0,0.0,0.0,0.0,0.0,0.0,0.0,-0.844087392994678,0.0,-0.9253825946295853,-0.9401929770716623,0.0,0.0,0.0,0.0,0.0
17,0.0,0.0,0.0,0.0,0.0,0.0,0.0,0.0,0.0,0.0,0.0,0.0,0.0,0.0,0.0,-0.8221660887140754,0.0,0.0,-0.7771969254118696,-0.8218201133694103,0.0,0.0,0.0,0.0,0.0,0.0,0.0
18,0.0,0.0,0.0,0.0,0.0,0.0,0.0,0.0,0.0,0.0,0.0,0.0,0.0,0.0,0.0,0.0,-0.844087392994678,-0.7771969254118696,0.0,-0.7345093217185663,-0.7648014081815113,-0.777928736018851,0.0,0.0,0.0,0.0,0.0
19,0.0,0.0,0.0,0.0,0.0,0.0,0.0,0.0,0.0,0.0,0.0,0.0,0.0,0.0,0.0,0.0,0.0,-0.8218201133694103,-0.7345093217185663,0.0,-0.7222766868640973,-0.7349106276281284,-0.840742214190142,0.0,0.0,0.0,0.0
20,0.0,0.0,0.0,0.0,0.0,0.0,0.0,0.0,0.0,0.0,0.0,0.0,0.0,0.0,0.0,0.0,-0.9253825946295853,0.0,-0.7648014081815113,-0.7222766868640973,0.0,-0.7054306884827998,-0.8084900114279475,0.0,0.0,0.0,0.0
21,0.0,0.0,0.0,0.0,0.0,0.0,0.0,0.0,0.0,0.0,0.0,0.0,0.0,0.0,0.0,0.0,-0.9401929770716623,0.0,-0.777928736018851,-0.7349106276281284,-0.7054306884827998,0.0,-0.7950247010094601,0.0,0.0,0.0,0.0
22,0.0,0.0,0.0,0.0,0.0,0.0,0.0,0.0,0.0,0.0,0.0,0.0,0.0,0.0,0.0,0.0,0.0,0.0,0.0,-0.840742214190142,-0.8084900114279475,-0.7950247010094601,0.0,-1.0879096043473186,-1.1068233332305641,-1.34238404334721,0.0
23,0.0,0.0,0.0,0.0,0.0,0.0,0.0,0.0,0.0,0.0,0.0,0.0,0.0,0.0,0.0,0.0,0.0,0.0,0.0,0.0,0.0,0.0,-1.0879096043473186,0.0,-0.7074422730670349,-0.8907786949460187,-0.9062154777518753
24,0.0,0.0,0.0,0.0,0.0,0.0,0.0,0.0,0.0,0.0,0.0,0.0,0.0,0.0,0.0,0.0,0.0,0.0,0.0,0.0,0.0,0.0,-1.1068233332305641,-0.7074422730670349,0.0,-0.8741365590535434,-0.8893944416056311
25,0.0,0.0,0.0,0.0,0.0,0.0,0.0,0.0,0.0,0.0,0.0,0.0,0.0,0.0,0.0,0.0,0.0,0.0,0.0,0.0,0.0,0.0,-1.34238404334721,-0.8907786949460187,-0.8741365590535434,0.0,-0.7062519640570064
26,0.0,0.0,0.0,0.0,0.0,0.0,0.0,0.0,0.0,0.0,0.0,0.0,0.0,0.0,0.0,0.0,0.0,0.0,0.0,0.0,0.0,0.0,0.0,-0.9062154777518753,-0.8893944416056311,-0.7062519640570064,0.0
