,0,1,2,3,4,5,6,7,8,9,10,11,12,13,14,15,16,17
0,0.0,-1.2638275419686011,-1.7759287724617991,-2.249974166329901,0.0,0.0,0.0,0.0,0.0,0.0,0.0,0.0,0.0,0.0,0.0,0.0,0.0,0.0
1,-1.2638275419686011,0.0,-1.0757559251342,-1.4685481976598196,-1.7407059454270013,0.0,0.0,0.0,0.0,0.0,0.0,0.0,0.0,0.0,0.0,0.0,0.0,0.0
2,-1.7759287724617991,-1.0757559251342,0.0,-1.0043404007055308,-1.2334802448660849,-1.295475641977236,0.0,0.0,0.0,0.0,0.0,0.0,0.0,0.0,0.0,0.0,0.0,0.0
3,-2.249974166329901,-1.4685481976598196,-1.0043404007055308,0.0,-0.8781164953569284,-0.929514033137458,0.0,-1.3101025210681216,0.0,0.0,0.0,0.0,0.0,0.0,0.0,0.0,0.0,0.0
4,0.0,-1.7407059454270013,-1.2334802448660849,-0.8781164953569284,0.0,-0.737280439497117,0.0,-1.0731254766549099,0.0,0.0,0.0,0.0,0.0,0.0,0.0,0.0,0.0,0.0
5,0.0,0.0,-1.295475641977236,-0.929514033137458,-0.737280439497117,0.0,-1.0126976729513317,-1.017115733780476,0.0,0.0,0.0,0.0,0.0,0.0,0.0,0.0,0.0,0.0
6,0.0,0.0,0.0,0.0,0.0,-1.0126976729513317,0.0,-0.6966179856266109,-0.7200899166859559,-0.8551641494855906,0.0,0.0,0.0,0.0,0.0,0.0,0.0,0.0
7,0.0,0.0,0.0,-1.3101025210681216,-1.0731254766549099,-1.017115733780476,-0.6966179856266109,0.0,-0.7165390076666074,-0.8511869752822976,0.0,0.0,0.0,0.0,0.0,0.0,0.0,0.0
8,0.0,0.0,0.0,0.0,0.0,0.0,-0.7200899166859559,-0.7165390076666074,0.0,-0.8249442864596097,0.0,0.0,0.0,0.0,0.0,0.0,0.0,0.0
9,0.0,0.0,0.0,0.0,0.0,0.0,-0.8551641494855906,-0.8511869752822976,-0.8249442864596097,0.0,-0.8750880371120163,0.0,0.0,0.0,0.0,0.0,0.0,0.0
10,0.0,0.0,0.0,0.0,0.0,0.0,0.0,0.0,0.0,-0.8750880371120163,0.0,-0.7723755847365091,-0.7740706343359849,-0.8133350360395998,0.0,0.0,0.0,0.0
11,0.0,0.0,0.0,0.0,0.0,0.0,0.0,0.0,0.0,0.0,-0.7723755847365091,0.0,-0.6947223494365257,-0.731262061146231,-0.8989015170221026,0.0,0.0,0.0
12,0.0,0.0,0.0,0.0,0.0,0.0,0.0,0.0,0.0,0.0,-0.7740706343359849,-0.6947223494365257,0.0,-0.729630506549039,0.0,0.0,0.0,0.0
13,0.0,0.0,0.0,0.0,0.0,0.0,0.0,0.0,0.0,0.0,-0.8133350360395998,-0.731262061146231,-0.729630506549039,0.0,-0.8552071751243149,-0.968557984081035,0.0,0.0
14,0.0,0.0,0.0,0.0,0.0,0.0,0.0,0.0,0.0,0.0,0.0,-0.8989015170221026,0.0,-0.8552071751243149,0.0,-0.7924537246207298,-1.0368769569174143,-1.5531396368854522
15,0.0,0.0,0.0,0.0,0.0,0.0,0.0,0.0,0.0,0.0,0.0,0.0,0.0,-0.968557984081035,-0.7924537246207298,0.0,-0.9186640167843221,-1.406735921360027
16,0.0,0.0,0.0,0.0,0.0,0.0,0.0,0.0,0.0,0.0,0.0,0.0,0.0,0.0,-1.0368769569174143,-0.9186640167843221,0.0,-1.1141461610431225
17,0.0,0.0,0.0,0.0,0.0,0.0,0.0,0.0,0.0,0.0,0.0,0.0,0.0,0.0,-1.5531396368854522,-1.406735921360027,-1.1141461610431225,0.0
