,0,1,2,3,4,5,6,7,8,9,10,11,12,13,14,15,16,17,18,19,20,21,22,23,24
0,0.0,-0.7803960379276921,-1.472745751926001,-1.6731288738491796,0.0,0.0,0.0,0.0,0.0,0.0,0.0,0.0,0.0,0.0,0.0,0.0,0.0,0.0,0.0,0.0,0.0,0.0,0.0,0.0,0.0
1,-0.7803960379276921,0.0,-1.3462117448948847,-1.5392810849925016,0.0,0.0,0.0,0.0,0.0,0.0,0.0,0.0,0.0,0.0,0.0,0.0,0.0,0.0,0.0,0.0,0.0,0.0,0.0,0.0,0.0
2,-1.472745751926001,-1.3462117448948847,0.0,-0.8276257652479083,-0.9360385414084422,-1.3816021852422398,0.0,0.0,0.0,0.0,0.0,0.0,0.0,0.0,0.0,0.0,0.0,0.0,0.0,0.0,0.0,0.0,0.0,0.0,0.0
3,-1.6731288738491796,-1.5392810849925016,-0.8276257652479083,0.0,-0.7900104456282605,-1.198418346323356,0.0,0.0,0.0,0.0,0.0,0.0,0.0,0.0,0.0,0.0,0.0,0.0,0.0,0.0,0.0,0.0,0.0,0.0,0.0
4,0.0,0.0,-0.9360385414084422,-0.7900104456282605,0.0,-1.0728078204839868,0.0,0.0,0.0,0.0,0.0,0.0,0.0,0.0,0.0,0.0,0.0,0.0,0.0,0.0,0.0,0.0,0.0,0.0,0.0
5,0.0,0.0,-1.3816021852422398,-1.198418346323356,-1.0728078204839868,0.0,-0.8631698767065957,-0.9568556004914597,-1.317824490378067,0.0,0.0,0.0,0.0,0.0,0.0,0.0,0.0,0.0,0.0,0.0,0.0,0.0,0.0,0.0,0.0
6,0.0,0.0,0.0,0.0,0.0,-0.8631698767065957,0.0,-0.7746669341873152,-1.0971421794740368,-1.1548480408966026,0.0,0.0,0.0,0.0,0.0,0.0,0.0,0.0,0.0,0.0,0.0,0.0,0.0,0.0,0.0
7,0.0,0.0,0.0,0.0,0.0,-0.9568556004914597,-0.7746669341873152,0.0,-0.9954070518498593,-1.050099341786356,0.0,0.0,0.0,0.0,0.0,0.0,0.0,0.0,0.0,0.0,0.0,0.0,0.0,0.0,0.0
8,0.0,0.0,0.0,0.0,0.0,-1.317824490378067,-1.0971421794740368,-0.9954070518498593,0.0,-0.7367671456797898,-0.8803820943367431,-0.8987657039098179,0.0,0.0,0.0,0.0,0.0,0.0,0.0,0.0,0.0,0.0,0.0,0.0,0.0
9,0.0,0.0,0.0,0.0,0.0,0.0,-1.1548480408966026,-1.050099341786356,-0.7367671456797898,0.0,-0.8312708328600568,-0.849004768459011,0.0,0.0,0.0,0.0,0.0,0.0,0.0,0.0,0.0,0.0,0.0,0.0,0.0
10,0.0,0.0,0.0,0.0,0.0,0.0,0.0,0.0,-0.8803820943367431,-0.8312708328600568,0.0,-0.7088705465728351,-0.9346746086029847,0.0,0.0,0.0,0.0,0.0,0.0,0.0,0.0,0.0,0.0,0.0,0.0
11,0.0,0.0,0.0,0.0,0.0,0.0,0.0,0.0,-0.8987657039098179,-0.849004768459011,-0.7088705465728351,0.0,-0.9158416091257664,0.0,0.0,0.0,0.0,0.0,0.0,0.0,0.0,0.0,0.0,0.0,0.0
12,0.0,0.0,0.0,0.0,0.0,0.0,0.0,0.0,0.0,0.0,-0.9346746086029847,-0.9158416091257664,0.0,-0.7753056974085438,-0.79466599295808,0.0,0.0,0.0,0.0,0.0,0.0,0.0,0.0,0.0,0.0
13,0.0,0.0,0.0,0.0,0.0,0.0,0.0,0.0,0.0,0.0,0.0,0.0,-0.7753056974085438,0.0,-0.7111047180248976,-0.9877866717139263,0.0,0.0,0.0,0.0,0.0,0.0,0.0,0.0,0.0
14,0.0,0.0,0.0,0.0,0.0,0.0,0.0,0.0,0.0,0.0,0.0,0.0,-0.79466599295808,-0.7111047180248976,0.0,0.0,-0.9727809348719829,0.0,0.0,0.0,0.0,0.0,0.0,0.0,0.0
15,0.0,0.0,0.0,0.0,0.0,0.0,0.0,0.0,0.0,0.0,0.0,0.0,0.0,-0.9877866717139263,0.0,0.0,-0.698954416865852,0.0,-0.7921995194552818,-0.8060740786934764,0.0,0.0,0.0,0.0,0.0
16,0.0,0.0,0.0,0.0,0.0,0.0,0.0,0.0,0.0,0.0,0.0,0.0,0.0,0.0,-0.9727809348719829,-0.698954416865852,0.0,-0.7507246631115856,0.0,0.0,-0.8890267082312344,0.0,0.0,0.0,0.0
17,0.0,0.0,0.0,0.0,0.0,0.0,0.0,0.0,0.0,0.0,0.0,0.0,0.0,0.0,0.0,0.0,-0.7507246631115856,0.0,0.0,-0.7395695656629936,-0.8245817178076945,0.0,0.0,0.0,0.0
18,0.0,0.0,0.0,0.0,0.0,0.0,0.0,0.0,0.0,0.0,0.0,0.0,0.0,0.0,0.0,-0.7921995194552818,0.0,0.0,0.0,-0.7058336127373727,-0.7882888365210676,-0.8531448748274527,0.0,0.0,0.0
19,0.0,0.0,0.0,0.0,0.0,0.0,0.0,0.0,0.0,0.0,0.0,0.0,0.0,0.0,0.0,-0.8060740786934764,0.0,-0.7395695656629936,-0.7058336127373727,0.0,0.0,0.0,0.0,0.0,0.0
20,0.0,0.0,0.0,0.0,0.0,0.0,0.0,0.0,0.0,0.0,0.0,0.0,0.0,0.0,0.0,0.0,-0.8890267082312344,-0.8245817178076945,-0.7882888365210676,0.0,0.0,0.0,0.0,0.0,0.0
21,0.0,0.0,0.0,0.0,0.0,0.0,0.0,0.0,0.0,0.0,0.0,0.0,0.0,0.0,0.0,0.0,0.0,0.0,-0.8531448748274527,0.0,0.0,0.0,-0.7554846807163506,-0.861241180538419,-0.9226813906992424
22,0.0,0.0,0.0,0.0,0.0,0.0,0.0,0.0,0.0,0.0,0.0,0.0,0.0,0.0,0.0,0.0,0.0,0.0,0.0,0.0,0.0,-0.7554846807163506,0.0,-0.793167944577046,-0.8515305800228458
23,0.0,0.0,0.0,0.0,0.0,0.0,0.0,0.0,0.0,0.0,0.0,0.0,0.0,0.0,0.0,0.0,0.0,0.0,0.0,0.0,0.0,-0.861241180538419,-0.793167944577046,0.0,-0.7465705632360755
24,0.0,0.0,0.0,0.0,0.0,0.0,0.0,0.0,0.0,0.0,0.0,0.0,0.0,0.0,0.0,0.0,0.0,0.0,0.0,0.0,0.0,-0.9226813906992424,-0.8515305800228458,-0.7465705632360755,0.0
