,0,1,2,3,4,5,6,7,8,9,10,11,12,13,14,15,16,17,18,19,20,21
0,0.0,-0.7619519814829256,-1.0325013939490901,-1.3979597499619272,0.0,0.0,0.0,0.0,0.0,0.0,0.0,0.0,0.0,0.0,0.0,0.0,0.0,0.0,0.0,0.0,0.0,0.0
1,-0.7619519814829256,0.0,-0.9488078960259779,-1.2993761570973763,0.0,0.0,0.0,0.0,0.0,0.0,0.0,0.0,0.0,0.0,0.0,0.0,0.0,0.0,0.0,0.0,0.0,0.0
2,-1.0325013939490901,-0.9488078960259779,0.0,-0.987746229533108,-1.0732894831797832,-1.2129162793663797,0.0,0.0,0.0,0.0,0.0,0.0,0.0,0.0,0.0,0.0,0.0,0.0,0.0,0.0,0.0,0.0
3,-1.3979597499619272,-1.2993761570973763,-0.987746229533108,0.0,-0.7618825049723666,-0.8764652672009756,-0.8997208431912398,0.0,0.0,0.0,0.0,0.0,0.0,0.0,0.0,0.0,0.0,0.0,0.0,0.0,0.0,0.0
4,0.0,0.0,-1.0732894831797832,-0.7618825049723666,0.0,-0.8009636165551662,-0.8229328661762054,0.0,0.0,0.0,0.0,0.0,0.0,0.0,0.0,0.0,0.0,0.0,0.0,0.0,0.0,0.0
5,0.0,0.0,-1.2129162793663797,-0.8764652672009756,-0.8009636165551662,0.0,-0.7130994057196564,-0.7766477807644917,-0.79951995087427,0.0,0.0,0.0,0.0,0.0,0.0,0.0,0.0,0.0,0.0,0.0,0.0,0.0
6,0.0,0.0,0.0,-0.8997208431912398,-0.8229328661762054,-0.7130994057196564,0.0,-0.7555020962247837,-0.7779626149870457,0.0,0.0,0.0,0.0,0.0,0.0,0.0,0.0,0.0,0.0,0.0,0.0,0.0
7,0.0,0.0,0.0,0.0,0.0,-0.7766477807644917,-0.7555020962247837,0.0,-0.714340814474904,0.0,0.0,0.0,0.0,0.0,0.0,0.0,0.0,0.0,0.0,0.0,0.0,0.0
8,0.0,0.0,0.0,0.0,0.0,-0.79951995087427,-0.7779626149870457,-0.714340814474904,0.0,0.0,0.0,0.0,0.0,0.0,0.0,0.0,0.0,0.0,0.0,0.0,0.0,0.0
9,0.0,0.0,0.0,0.0,0.0,0.0,0.0,0.0,0.0,0.0,-0.6944001355112921,-0.8441375890188864,-0.8752478732714556,0.0,0.0,0.0,0.0,0.0,0.0,0.0,0.0,0.0
10,0.0,0.0,0.0,0.0,0.0,0.0,0.0,0.0,0.0,-0.6944001355112921,0.0,-0.842710702373614,-0.8737879999566099,0.0,0.0,0.0,0.0,0.0,0.0,0.0,0.0,0.0
11,0.0,0.0,0.0,0.0,0.0,0.0,0.0,0.0,0.0,-0.8441375890188864,-0.842710702373614,0.0,-0.7204852205624905,-0.8039275920453405,0.0,0.0,0.0,0.0,0.0,0.0,0.0,0.0
12,0.0,0.0,0.0,0.0,0.0,0.0,0.0,0.0,0.0,-0.8752478732714556,-0.8737879999566099,-0.7204852205624905,0.0,-0.774485105218693,-0.9657650907750408,0.0,0.0,0.0,0.0,0.0,0.0,0.0
13,0.0,0.0,0.0,0.0,0.0,0.0,0.0,0.0,0.0,0.0,0.0,-0.8039275920453405,-0.774485105218693,0.0,-0.8717321427756705,-0.9541508202651843,0.0,0.0,0.0,0.0,0.0,0.0
14,0.0,0.0,0.0,0.0,0.0,0.0,0.0,0.0,0.0,0.0,0.0,0.0,-0.9657650907750408,-0.8717321427756705,0.0,-0.7643834272599701,-0.9652053500258578,0.0,0.0,0.0,0.0,0.0
15,0.0,0.0,0.0,0.0,0.0,0.0,0.0,0.0,0.0,0.0,0.0,0.0,0.0,-0.9541508202651843,-0.7643834272599701,0.0,-0.8821948973905465,0.0,0.0,0.0,0.0,0.0
16,0.0,0.0,0.0,0.0,0.0,0.0,0.0,0.0,0.0,0.0,0.0,0.0,0.0,0.0,-0.9652053500258578,-0.8821948973905465,0.0,-0.8710753629048678,0.0,0.0,0.0,0.0
17,0.0,0.0,0.0,0.0,0.0,0.0,0.0,0.0,0.0,0.0,0.0,0.0,0.0,0.0,0.0,0.0,-0.8710753629048678,0.0,-1.1029305126268463,-1.3334624188881947,-1.3565900388718701,0.0
18,0.0,0.0,0.0,0.0,0.0,0.0,0.0,0.0,0.0,0.0,0.0,0.0,0.0,0.0,0.0,0.0,0.0,-1.1029305126268463,0.0,-0.8704848346582078,-0.8887831790858962,-1.1596548956575141
19,0.0,0.0,0.0,0.0,0.0,0.0,0.0,0.0,0.0,0.0,0.0,0.0,0.0,0.0,0.0,0.0,0.0,-1.3334624188881947,-0.8704848346582078,0.0,-0.7089076934013729,-0.9465836482727013
20,0.0,0.0,0.0,0.0,0.0,0.0,0.0,0.0,0.0,0.0,0.0,0.0,0.0,0.0,0.0,0.0,0.0,-1.3565900388718701,-0.8887831790858962,-0.7089076934013729,0.0,-0.9275608760129427
21,0.0,0.0,0.0,0.0,0.0,0.0,0.0,0.0,0.0,0.0,0.0,0.0,0.0,0.0,0.0,0.0,0.0,0.0,-1.1596548956575141,-0.9465836482727013,-0.9275608760129427,0.0
