,0,1,2,3,4,5,6,7,8,9,10,11,12,13,14,15,16,17,18,19
0,0.0,-0.7808590166264798,-1.1752841833186707,-1.934397748305529,0.0,0.0,0.0,0.0,0.0,0.0,0.0,0.0,0.0,0.0,0.0,0.0,0.0,0.0,0.0,0.0
1,-0.7808590166264798,0.0,-1.0619982097926997,-1.7922016671649006,0.0,0.0,0.0,0.0,0.0,0.0,0.0,0.0,0.0,0.0,0.0,0.0,0.0,0.0,0.0,0.0
2,-1.1752841833186707,-1.0619982097926997,0.0,-1.2930564771662847,-1.8652446022107474,-2.0941218954921075,0.0,0.0,0.0,0.0,0.0,0.0,0.0,0.0,0.0,0.0,0.0,0.0,0.0,0.0
3,-1.934397748305529,-1.7922016671649006,-1.2930564771662847,0.0,-1.119781862908848,-1.3062616686853652,-1.3507150562355572,0.0,0.0,0.0,0.0,0.0,0.0,0.0,0.0,0.0,0.0,0.0,0.0,0.0
4,0.0,0.0,-1.8652446022107474,-1.119781862908848,0.0,-0.8347826695866123,-0.8694606283114253,-1.0173853053837343,0.0,0.0,0.0,0.0,0.0,0.0,0.0,0.0,0.0,0.0,0.0,0.0
5,0.0,0.0,-2.0941218954921075,-1.3062616686853652,-0.8347826695866123,0.0,-0.7238411442234121,-0.8560877087119821,0.0,0.0,0.0,0.0,0.0,0.0,0.0,0.0,0.0,0.0,0.0,0.0
6,0.0,0.0,0.0,-1.3507150562355572,-0.8694606283114253,-0.7238411442234121,0.0,-0.8217525328570967,0.0,0.0,0.0,0.0,0.0,0.0,0.0,0.0,0.0,0.0,0.0,0.0
7,0.0,0.0,0.0,0.0,-1.0173853053837343,-0.8560877087119821,-0.8217525328570967,0.0,0.0,0.0,-1.1431936132110203,0.0,0.0,0.0,0.0,0.0,0.0,0.0,0.0,0.0
8,0.0,0.0,0.0,0.0,0.0,0.0,0.0,0.0,0.0,0.0,0.0,0.0,-0.8145107980834038,-0.8799578453450175,-0.885646376850603,0.0,0.0,0.0,0.0,0.0
9,0.0,0.0,0.0,0.0,0.0,0.0,0.0,0.0,0.0,0.0,-0.7056724734216736,-0.7897385929598274,-0.8008403843727531,0.0,0.0,0.0,0.0,0.0,0.0,0.0
10,0.0,0.0,0.0,0.0,0.0,0.0,0.0,-1.1431936132110203,0.0,-0.7056724734216736,0.0,-0.7762215368439342,-0.7871984083986785,0.0,0.0,0.0,0.0,0.0,0.0,0.0
11,0.0,0.0,0.0,0.0,0.0,0.0,0.0,0.0,0.0,-0.7897385929598274,-0.7762215368439342,0.0,-0.7033177186443272,0.0,-0.7680135202218471,0.0,0.0,0.0,0.0,0.0
12,0.0,0.0,0.0,0.0,0.0,0.0,0.0,0.0,-0.8145107980834038,-0.8008403843727531,-0.7871984083986785,-0.7033177186443272,0.0,-0.7520753261066647,-0.757215206592048,0.0,0.0,0.0,0.0,0.0
13,0.0,0.0,0.0,0.0,0.0,0.0,0.0,0.0,-0.8799578453450175,0.0,0.0,0.0,-0.7520753261066647,0.0,-0.6980095248997753,-0.8523210054819321,0.0,0.0,0.0,0.0
14,0.0,0.0,0.0,0.0,0.0,0.0,0.0,0.0,-0.885646376850603,0.0,0.0,-0.7680135202218471,-0.757215206592048,-0.6980095248997753,0.0,-0.8467681678133537,0.0,0.0,0.0,0.0
15,0.0,0.0,0.0,0.0,0.0,0.0,0.0,0.0,0.0,0.0,0.0,0.0,0.0,-0.8523210054819321,-0.8467681678133537,0.0,0.0,-0.7722413020979583,-0.9289966038361278,0.0
16,0.0,0.0,0.0,0.0,0.0,0.0,0.0,0.0,0.0,0.0,0.0,0.0,0.0,0.0,0.0,0.0,0.0,-0.7191113151198439,-0.8690455143475129,-1.0317557624640221
17,0.0,0.0,0.0,0.0,0.0,0.0,0.0,0.0,0.0,0.0,0.0,0.0,0.0,0.0,0.0,-0.7722413020979583,-0.7191113151198439,0.0,-0.83959589189907,-0.9990595905448898
18,0.0,0.0,0.0,0.0,0.0,0.0,0.0,0.0,0.0,0.0,0.0,0.0,0.0,0.0,0.0,-0.9289966038361278,-0.8690455143475129,-0.83959589189907,0.0,-0.8347802233528082
19,0.0,0.0,0.0,0.0,0.0,0.0,0.0,0.0,0.0,0.0,0.0,0.0,0.0,0.0,0.0,0.0,-1.0317557624640221,-0.9990595905448898,-0.8347802233528082,0.0
