,0,1,2,3,4,5,6,7,8,9,10,11,12,13,14,15,16,17,18,19,20
0,0.0,-0.791461334034004,-1.0065687711483142,-1.0197522496549267,0.0,0.0,0.0,0.0,0.0,0.0,0.0,0.0,0.0,0.0,0.0,0.0,0.0,0.0,0.0,0.0,0.0
1,-0.791461334034004,0.0,-0.8915446568770126,-0.9038081588069716,0.0,0.0,0.0,0.0,0.0,0.0,0.0,0.0,0.0,0.0,0.0,0.0,0.0,0.0,0.0,0.0,0.0
2,-1.0065687711483142,-0.8915446568770126,0.0,-0.7035500566349266,-0.802593157287524,-0.8148114284081365,0.0,0.0,0.0,0.0,0.0,0.0,0.0,0.0,0.0,0.0,0.0,0.0,0.0,0.0,0.0
3,-1.0197522496549267,-0.9038081588069716,-0.7035500566349266,0.0,-0.7912239419187218,-0.8033294375762027,0.0,0.0,0.0,0.0,0.0,0.0,0.0,0.0,0.0,0.0,0.0,0.0,0.0,0.0,0.0
4,0.0,0.0,-0.802593157287524,-0.7912239419187218,0.0,-0.7042241019249389,0.0,0.0,0.0,0.0,0.0,0.0,0.0,0.0,0.0,0.0,0.0,0.0,0.0,0.0,0.0
5,0.0,0.0,-0.8148114284081365,-0.8033294375762027,-0.7042241019249389,0.0,0.0,0.0,0.0,0.0,0.0,0.0,0.0,0.0,0.0,0.0,0.0,0.0,0.0,0.0,0.0
6,0.0,0.0,0.0,0.0,0.0,0.0,0.0,-0.8985282220968506,-0.9072336726035484,-0.9173516656640633,0.0,0.0,0.0,0.0,0.0,0.0,0.0,0.0,0.0,0.0,0.0
7,0.0,0.0,0.0,0.0,0.0,0.0,-0.8985282220968506,0.0,-0.7004944385759931,-0.7090463569881466,-0.7689641222577469,0.0,0.0,0.0,0.0,0.0,0.0,0.0,0.0,0.0,0.0
8,0.0,0.0,0.0,0.0,0.0,0.0,-0.9072336726035484,-0.7004944385759931,0.0,-0.7016372140973927,-0.7611358224227387,0.0,0.0,0.0,0.0,0.0,0.0,0.0,0.0,0.0,0.0
9,0.0,0.0,0.0,0.0,0.0,0.0,-0.9173516656640633,-0.7090463569881466,-0.7016372140973927,0.0,-0.7521614302253522,0.0,0.0,0.0,0.0,0.0,0.0,0.0,0.0,0.0,0.0
10,0.0,0.0,0.0,0.0,0.0,0.0,0.0,-0.7689641222577469,-0.7611358224227387,-0.7521614302253522,0.0,0.0,0.0,0.0,0.0,0.0,0.0,0.0,0.0,0.0,0.0
11,0.0,0.0,0.0,0.0,0.0,0.0,0.0,0.0,0.0,0.0,0.0,0.0,-0.8280718529641681,-0.8504576853123178,-1.3599315573535218,0.0,0.0,0.0,0.0,0.0,0.0
12,0.0,0.0,0.0,0.0,0.0,0.0,0.0,0.0,0.0,0.0,0.0,-0.8280718529641681,0.0,-0.7130489634195721,-1.177675524116334,0.0,0.0,0.0,0.0,0.0,0.0
13,0.0,0.0,0.0,0.0,0.0,0.0,0.0,0.0,0.0,0.0,0.0,-0.8504576853123178,-0.7130489634195721,0.0,-1.1505663486092144,0.0,0.0,0.0,0.0,0.0,0.0
14,0.0,0.0,0.0,0.0,0.0,0.0,0.0,0.0,0.0,0.0,0.0,-1.3599315573535218,-1.177675524116334,-1.1505663486092144,0.0,-0.7537309272794955,-0.8037221662891454,0.0,-0.9812494213215034,0.0,0.0
15,0.0,0.0,0.0,0.0,0.0,0.0,0.0,0.0,0.0,0.0,0.0,0.0,0.0,0.0,-0.7537309272794955,0.0,-0.740427408032019,-0.8132583820563435,0.0,0.0,0.0
16,0.0,0.0,0.0,0.0,0.0,0.0,0.0,0.0,0.0,0.0,0.0,0.0,0.0,0.0,-0.8037221662891454,-0.740427408032019,0.0,-0.7628727509012196,-0.8551403854394901,0.0,-1.3972017111266244
17,0.0,0.0,0.0,0.0,0.0,0.0,0.0,0.0,0.0,0.0,0.0,0.0,0.0,0.0,0.0,-0.8132583820563435,-0.7628727509012196,0.0,-0.7798376868695699,-1.1822501757631927,0.0
18,0.0,0.0,0.0,0.0,0.0,0.0,0.0,0.0,0.0,0.0,0.0,0.0,0.0,0.0,-0.9812494213215034,0.0,-0.8551403854394901,-0.7798376868695699,0.0,-1.069830313691754,-1.17923144173897
19,0.0,0.0,0.0,0.0,0.0,0.0,0.0,0.0,0.0,0.0,0.0,0.0,0.0,0.0,0.0,0.0,0.0,-1.1822501757631927,-1.069830313691754,0.0,-0.7774809884152817
20,0.0,0.0,0.0,0.0,0.0,0.0,0.0,0.0,0.0,0.0,0.0,0.0,0.0,0.0,0.0,0.0,-1.3972017111266244,0.0,-1.17923144173897,-0.7774809884152817,0.0
