,0,1,2,3,4,5,6,7,8,9,10,11,12,13,14,15,16,17,18,19,20,21
0,0.0,-0.9201325642763147,-1.8517330313611,-1.9946487480462511,0.0,0.0,0.0,0.0,0.0,0.0,0.0,0.0,0.0,0.0,0.0,0.0,0.0,0.0,0.0,0.0,0.0,0.0
1,-0.9201325642763147,0.0,-1.5168275436108571,-1.6498304395219037,0.0,0.0,0.0,0.0,0.0,0.0,0.0,0.0,0.0,0.0,0.0,0.0,0.0,0.0,0.0,0.0,0.0,0.0
2,-1.8517330313611,-1.5168275436108571,0.0,-0.7803507034998358,-0.9400265710429007,0.0,-1.6158827527718114,0.0,0.0,0.0,0.0,0.0,0.0,0.0,0.0,0.0,0.0,0.0,0.0,0.0,0.0,0.0
3,-1.9946487480462511,-1.6498304395219037,-0.7803507034998358,0.0,-0.8413834169448572,-1.3494661345014605,0.0,0.0,0.0,0.0,0.0,0.0,0.0,0.0,0.0,0.0,0.0,0.0,0.0,0.0,0.0,0.0
4,0.0,0.0,-0.9400265710429007,-0.8413834169448572,0.0,-1.1517913632036656,-1.2766870331223745,0.0,0.0,0.0,0.0,0.0,0.0,0.0,0.0,0.0,0.0,0.0,0.0,0.0,0.0,0.0
5,0.0,0.0,0.0,-1.3494661345014605,-1.1517913632036656,0.0,-0.7859581381908163,-0.8407889997692068,-0.858140427581328,0.0,0.0,0.0,0.0,0.0,0.0,0.0,0.0,0.0,0.0,0.0,0.0,0.0
6,0.0,0.0,-1.6158827527718114,0.0,-1.2766870331223745,-0.7859581381908163,0.0,-0.7436245517091884,-0.7596435028755257,0.0,0.0,0.0,0.0,0.0,0.0,0.0,0.0,0.0,0.0,0.0,0.0,0.0
7,0.0,0.0,0.0,0.0,0.0,-0.8407889997692068,-0.7436245517091884,0.0,-0.7084203090914093,-0.7545258881167456,-0.8182605600419789,0.0,0.0,0.0,0.0,0.0,0.0,0.0,0.0,0.0,0.0,0.0
8,0.0,0.0,0.0,0.0,0.0,-0.858140427581328,-0.7596435028755257,-0.7084203090914093,0.0,0.0,-0.801433083553669,0.0,0.0,0.0,0.0,0.0,0.0,0.0,0.0,0.0,0.0,0.0
9,0.0,0.0,0.0,0.0,0.0,0.0,0.0,-0.7545258881167456,0.0,0.0,-0.7534064339068687,-1.021461669601512,0.0,0.0,0.0,0.0,0.0,0.0,0.0,0.0,0.0,0.0
10,0.0,0.0,0.0,0.0,0.0,0.0,0.0,-0.8182605600419789,-0.801433083553669,-0.7534064339068687,0.0,0.0,0.0,0.0,0.0,0.0,0.0,0.0,0.0,0.0,0.0,0.0
11,0.0,0.0,0.0,0.0,0.0,0.0,0.0,0.0,0.0,-1.021461669601512,0.0,0.0,-0.694621048322958,-0.7804921023000813,-0.9827532191686845,0.0,0.0,0.0,0.0,0.0,0.0,0.0
12,0.0,0.0,0.0,0.0,0.0,0.0,0.0,0.0,0.0,0.0,0.0,-0.694621048322958,0.0,-0.7788972139659429,-0.9809111332278848,0.0,0.0,0.0,0.0,0.0,0.0,0.0
13,0.0,0.0,0.0,0.0,0.0,0.0,0.0,0.0,0.0,0.0,0.0,-0.7804921023000813,-0.7788972139659429,0.0,-0.8811737497482626,-0.9393136072039105,0.0,0.0,0.0,0.0,0.0,0.0
14,0.0,0.0,0.0,0.0,0.0,0.0,0.0,0.0,0.0,0.0,0.0,-0.9827532191686845,-0.9809111332278848,-0.8811737497482626,0.0,-0.7429879091005245,0.0,-0.8653823157777787,0.0,0.0,0.0,0.0
15,0.0,0.0,0.0,0.0,0.0,0.0,0.0,0.0,0.0,0.0,0.0,0.0,0.0,-0.9393136072039105,-0.7429879091005245,0.0,0.0,-0.810186010492212,-0.8579353254848027,0.0,0.0,0.0
16,0.0,0.0,0.0,0.0,0.0,0.0,0.0,0.0,0.0,0.0,0.0,0.0,0.0,0.0,0.0,0.0,0.0,-0.7089711449570303,-0.7527340197754545,-0.7634987968959653,-0.9630281503922314,-1.0412405245427605
17,0.0,0.0,0.0,0.0,0.0,0.0,0.0,0.0,0.0,0.0,0.0,0.0,0.0,0.0,-0.8653823157777787,-0.810186010492212,-0.7089711449570303,0.0,-0.7362479917018814,0.0,0.0,0.0
18,0.0,0.0,0.0,0.0,0.0,0.0,0.0,0.0,0.0,0.0,0.0,0.0,0.0,0.0,0.0,-0.8579353254848027,-0.7527340197754545,-0.7362479917018814,0.0,0.0,0.0,0.0
19,0.0,0.0,0.0,0.0,0.0,0.0,0.0,0.0,0.0,0.0,0.0,0.0,0.0,0.0,0.0,0.0,-0.7634987968959653,0.0,0.0,0.0,-0.8811033470860062,-0.9553421649486774
20,0.0,0.0,0.0,0.0,0.0,0.0,0.0,0.0,0.0,0.0,0.0,0.0,0.0,0.0,0.0,0.0,-0.9630281503922314,0.0,0.0,-0.8811033470860062,0.0,-0.7568642482252573
21,0.0,0.0,0.0,0.0,0.0,0.0,0.0,0.0,0.0,0.0,0.0,0.0,0.0,0.0,0.0,0.0,-1.0412405245427605,0.0,0.0,-0.9553421649486774,-0.7568642482252573,0.0
