,0,1,2,3,4,5,6,7,8,9,10,11,12,13,14,15,16,17
0,0.0,-0.7665949875133901,-1.187819300183519,-1.2385177731353103,0.0,0.0,0.0,0.0,0.0,0.0,0.0,0.0,0.0,0.0,0.0,0.0,0.0,0.0
1,-0.7665949875133901,0.0,-1.0913756959248118,-1.1398764409913587,0.0,0.0,0.0,0.0,0.0,0.0,0.0,0.0,0.0,0.0,0.0,0.0,0.0,0.0
2,-1.187819300183519,-1.0913756959248118,0.0,-0.7298724359643946,-0.8842268752216059,-1.2001850669057583,0.0,0.0,0.0,0.0,0.0,0.0,0.0,0.0,0.0,0.0,0.0,0.0
3,-1.2385177731353103,-1.1398764409913587,-0.7298724359643946,0.0,-0.842511101125125,-1.1503155594384653,0.0,0.0,0.0,0.0,0.0,0.0,0.0,0.0,0.0,0.0,0.0,0.0
4,0.0,0.0,-0.8842268752216059,-0.842511101125125,0.0,-0.9681387873364827,0.0,0.0,0.0,0.0,0.0,0.0,0.0,0.0,0.0,0.0,0.0,0.0
5,0.0,0.0,-1.2001850669057583,-1.1503155594384653,-0.9681387873364827,0.0,-0.7713296302673496,-0.8025415434769936,-1.0373536808868504,0.0,0.0,0.0,0.0,0.0,0.0,0.0,0.0,0.0
6,0.0,0.0,0.0,0.0,0.0,-0.7713296302673496,0.0,-0.7222074054496023,-0.9426987820606411,0.0,0.0,0.0,0.0,0.0,0.0,0.0,0.0,0.0
7,0.0,0.0,0.0,0.0,0.0,-0.8025415434769936,-0.7222074054496023,0.0,-0.9081135770377811,-0.9721604611905865,0.0,0.0,0.0,0.0,0.0,0.0,0.0,0.0
8,0.0,0.0,0.0,0.0,0.0,-1.0373536808868504,-0.9426987820606411,-0.9081135770377811,0.0,-0.7470878870214844,0.0,0.0,0.0,0.0,0.0,0.0,0.0,0.0
9,0.0,0.0,0.0,0.0,0.0,0.0,0.0,-0.9721604611905865,-0.7470878870214844,0.0,-1.4427742516668578,0.0,0.0,0.0,0.0,0.0,0.0,0.0
10,0.0,0.0,0.0,0.0,0.0,0.0,0.0,0.0,0.0,-1.4427742516668578,0.0,-0.7854756836961754,-0.8782709750883301,-0.9246742555275524,0.0,0.0,0.0,0.0
11,0.0,0.0,0.0,0.0,0.0,0.0,0.0,0.0,0.0,0.0,-0.7854756836961754,0.0,-0.7787342112813791,-0.8217583254608636,-0.8597561310692013,0.0,0.0,0.0
12,0.0,0.0,0.0,0.0,0.0,0.0,0.0,0.0,0.0,0.0,-0.8782709750883301,-0.7787342112813791,0.0,-0.7329737654342431,-0.7682517204301064,-0.7920457340119862,0.0,0.0
13,0.0,0.0,0.0,0.0,0.0,0.0,0.0,0.0,0.0,0.0,-0.9246742555275524,-0.8217583254608636,-0.7329737654342431,0.0,-0.7271217646250209,-0.75006137805869,-0.9042380534837317,0.0
14,0.0,0.0,0.0,0.0,0.0,0.0,0.0,0.0,0.0,0.0,0.0,-0.8597561310692013,-0.7682517204301064,-0.7271217646250209,0.0,-0.7153534613540018,-0.8650028732093219,-1.1715661935142943
15,0.0,0.0,0.0,0.0,0.0,0.0,0.0,0.0,0.0,0.0,0.0,0.0,-0.7920457340119862,-0.75006137805869,-0.7153534613540018,0.0,0.0,-1.1414566758820441
16,0.0,0.0,0.0,0.0,0.0,0.0,0.0,0.0,0.0,0.0,0.0,0.0,0.0,-0.9042380534837317,-0.8650028732093219,0.0,0.0,-0.9630416085559582
17,0.0,0.0,0.0,0.0,0.0,0.0,0.0,0.0,0.0,0.0,0.0,0.0,0.0,0.0,-1.1715661935142943,-1.1414566758820441,-0.9630416085559582,0.0
