,0,1,2,3,4,5,6,7,8,9,10,11,12,13,14,15,16,17,18,19,20,21,22,23,24,25,26
0,0.0,-0.8895464952686458,-1.407309259899908,-1.5334690298840554,0.0,0.0,0.0,0.0,0.0,0.0,0.0,0.0,0.0,0.0,0.0,0.0,0.0,0.0,0.0,0.0,0.0,0.0,0.0,0.0,0.0,0.0,0.0
1,-0.8895464952686458,0.0,-1.1477995499063331,-1.262510181678486,0.0,0.0,0.0,0.0,0.0,0.0,0.0,0.0,0.0,0.0,0.0,0.0,0.0,0.0,0.0,0.0,0.0,0.0,0.0,0.0,0.0,0.0,0.0
2,-1.407309259899908,-1.1477995499063331,0.0,-0.7784301280733591,-0.916284007818526,-0.930980086497837,0.0,0.0,0.0,0.0,0.0,0.0,0.0,0.0,0.0,0.0,0.0,0.0,0.0,0.0,0.0,0.0,0.0,0.0,0.0,0.0,0.0
3,-1.5334690298840554,-1.262510181678486,-0.7784301280733591,0.0,-0.8212219593768052,-0.8349476361999137,0.0,0.0,0.0,0.0,0.0,0.0,0.0,0.0,0.0,0.0,0.0,0.0,0.0,0.0,0.0,0.0,0.0,0.0,0.0,0.0,0.0
4,0.0,0.0,-0.916284007818526,-0.8212219593768052,0.0,-0.7054089167321869,-0.9626658382029719,0.0,0.0,0.0,0.0,0.0,0.0,0.0,0.0,0.0,0.0,0.0,0.0,0.0,0.0,0.0,0.0,0.0,0.0,0.0,0.0
5,0.0,0.0,-0.930980086497837,-0.8349476361999137,-0.7054089167321869,0.0,-0.9476692963523946,0.0,0.0,0.0,0.0,0.0,0.0,0.0,0.0,0.0,0.0,0.0,0.0,0.0,0.0,0.0,0.0,0.0,0.0,0.0,0.0
6,0.0,0.0,0.0,0.0,-0.9626658382029719,-0.9476692963523946,0.0,-0.7817346221933278,-0.7991570483485618,-0.8688087342087133,0.0,0.0,0.0,0.0,0.0,0.0,0.0,0.0,0.0,0.0,0.0,0.0,0.0,0.0,0.0,0.0,0.0
7,0.0,0.0,0.0,0.0,0.0,0.0,-0.7817346221933278,0.0,-0.7092188990416436,-0.7736828460268379,0.0,0.0,0.0,0.0,0.0,0.0,0.0,0.0,0.0,0.0,0.0,0.0,0.0,0.0,0.0,0.0,0.0
8,0.0,0.0,0.0,0.0,0.0,0.0,-0.7991570483485618,-0.7092188990416436,0.0,-0.7566309283101718,0.0,0.0,0.0,0.0,0.0,0.0,0.0,0.0,0.0,0.0,0.0,0.0,0.0,0.0,0.0,0.0,0.0
9,0.0,0.0,0.0,0.0,0.0,0.0,-0.8688087342087133,-0.7736828460268379,-0.7566309283101718,0.0,0.0,0.0,0.0,0.0,0.0,0.0,0.0,0.0,0.0,0.0,0.0,0.0,0.0,0.0,0.0,0.0,0.0
10,0.0,0.0,0.0,0.0,0.0,0.0,0.0,0.0,0.0,0.0,0.0,-0.7723969581848491,-0.9311295046834316,-1.0736872139279736,0.0,0.0,0.0,0.0,0.0,0.0,0.0,0.0,0.0,0.0,0.0,0.0,0.0
11,0.0,0.0,0.0,0.0,0.0,0.0,0.0,0.0,0.0,0.0,-0.7723969581848491,0.0,-0.841434129762119,0.0,0.0,-1.0449303478526843,0.0,0.0,0.0,0.0,0.0,0.0,0.0,0.0,0.0,0.0,0.0
12,0.0,0.0,0.0,0.0,0.0,0.0,0.0,0.0,0.0,0.0,-0.9311295046834316,-0.841434129762119,0.0,-0.8122106726813796,-0.8297684644177988,-0.87408887071666,-0.9575177883657232,0.0,0.0,0.0,0.0,0.0,0.0,0.0,0.0,0.0,0.0
13,0.0,0.0,0.0,0.0,0.0,0.0,0.0,0.0,0.0,0.0,-1.0736872139279736,0.0,-0.8122106726813796,0.0,0.0,-0.7489514808989742,0.0,0.0,-0.8350570944754673,0.0,0.0,0.0,0.0,0.0,0.0,0.0,0.0
14,0.0,0.0,0.0,0.0,0.0,0.0,0.0,0.0,0.0,0.0,0.0,0.0,-0.8297684644177988,0.0,0.0,-0.7325462942770313,-0.8072231530238039,0.0,-0.8174270304476343,0.0,0.0,0.0,0.0,0.0,0.0,0.0,0.0
15,0.0,0.0,0.0,0.0,0.0,0.0,0.0,0.0,0.0,0.0,0.0,-1.0449303478526843,-0.87408887071666,-0.7489514808989742,-0.7325462942770313,0.0,-0.7651439460259664,0.0,-0.7749963788471139,0.0,0.0,0.0,0.0,0.0,0.0,0.0,0.0
16,0.0,0.0,0.0,0.0,0.0,0.0,0.0,0.0,0.0,0.0,0.0,0.0,-0.9575177883657232,0.0,-0.8072231530238039,-0.7651439460259664,0.0,-0.6956950119911058,-0.7023625978949174,-0.7114911138650153,0.0,0.0,0.0,0.0,0.0,0.0,0.0
17,0.0,0.0,0.0,0.0,0.0,0.0,0.0,0.0,0.0,0.0,0.0,0.0,0.0,0.0,0.0,0.0,-0.6956950119911058,0.0,-0.6997978994151784,-0.7089035040755215,-0.8103945957677507,0.0,0.0,0.0,0.0,0.0,0.0
18,0.0,0.0,0.0,0.0,0.0,0.0,0.0,0.0,0.0,0.0,0.0,0.0,0.0,-0.8350570944754673,-0.8174270304476343,-0.7749963788471139,-0.7023625978949174,-0.6997978994151784,0.0,-0.7021930951744599,0.0,0.0,0.0,0.0,0.0,0.0,0.0
19,0.0,0.0,0.0,0.0,0.0,0.0,0.0,0.0,0.0,0.0,0.0,0.0,0.0,0.0,0.0,0.0,-0.7114911138650153,-0.7089035040755215,-0.7021930951744599,0.0,-0.7931516529440465,0.0,0.0,0.0,0.0,0.0,0.0
20,0.0,0.0,0.0,0.0,0.0,0.0,0.0,0.0,0.0,0.0,0.0,0.0,0.0,0.0,0.0,0.0,0.0,-0.8103945957677507,0.0,-0.7931516529440465,0.0,-0.7785521251442787,-0.8496519740326862,-0.8681998633000387,0.0,0.0,0.0
21,0.0,0.0,0.0,0.0,0.0,0.0,0.0,0.0,0.0,0.0,0.0,0.0,0.0,0.0,0.0,0.0,0.0,0.0,0.0,0.0,-0.7785521251442787,0.0,-0.7590404828239341,-0.7762856928506587,0.0,0.0,0.0
22,0.0,0.0,0.0,0.0,0.0,0.0,0.0,0.0,0.0,0.0,0.0,0.0,0.0,0.0,0.0,0.0,0.0,0.0,0.0,0.0,-0.8496519740326862,-0.7590404828239341,0.0,-0.7093669378819383,-0.9022908233740307,-1.0762721464643006,-1.1516065257639432
23,0.0,0.0,0.0,0.0,0.0,0.0,0.0,0.0,0.0,0.0,0.0,0.0,0.0,0.0,0.0,0.0,0.0,0.0,0.0,0.0,-0.8681998633000387,-0.7762856928506587,-0.7093669378819383,0.0,-0.8832890110740602,-1.0551774614041753,-1.1297114931868386
24,0.0,0.0,0.0,0.0,0.0,0.0,0.0,0.0,0.0,0.0,0.0,0.0,0.0,0.0,0.0,0.0,0.0,0.0,0.0,0.0,0.0,0.0,-0.9022908233740307,-0.8832890110740602,0.0,0.0,-0.9068015759679453
25,0.0,0.0,0.0,0.0,0.0,0.0,0.0,0.0,0.0,0.0,0.0,0.0,0.0,0.0,0.0,0.0,0.0,0.0,0.0,0.0,0.0,0.0,-1.0762721464643006,-1.0551774614041753,0.0,0.0,-0.7508063968170772
26,0.0,0.0,0.0,0.0,0.0,0.0,0.0,0.0,0.0,0.0,0.0,0.0,0.0,0.0,0.0,0.0,0.0,0.0,0.0,0.0,0.0,0.0,-1.1516065257639432,-1.1297114931868386,-0.9068015759679453,-0.7508063968170772,0.0
