,0,1,2,3,4,5,6,7,8,9,10,11,12,13,14,15,16,17,18,19,20,21
0,0.0,-1.0007810196167475,-1.0509179584063322,-1.1586186460468622,0.0,0.0,0.0,0.0,0.0,0.0,0.0,0.0,0.0,0.0,0.0,0.0,0.0,0.0,0.0,0.0,0.0,0.0
1,-1.0007810196167475,0.0,-0.7329929374291692,-0.81993721102521,-0.9291789039733522,0.0,0.0,0.0,0.0,0.0,0.0,0.0,0.0,0.0,0.0,0.0,0.0,0.0,0.0,0.0,0.0,0.0
2,-1.0509179584063322,-0.7329929374291692,0.0,-0.7769560355637986,-0.8826136299696674,0.0,0.0,0.0,0.0,0.0,0.0,0.0,0.0,0.0,0.0,0.0,0.0,0.0,0.0,0.0,0.0,0.0
3,-1.1586186460468622,-0.81993721102521,-0.7769560355637986,0.0,-0.7913158232325885,-0.8334962897098663,-0.858050064438144,0.0,0.0,0.0,0.0,0.0,0.0,0.0,0.0,0.0,0.0,0.0,0.0,0.0,0.0,0.0
4,0.0,-0.9291789039733522,-0.8826136299696674,-0.7913158232325885,0.0,-0.7317896131262411,-0.7543460175440667,-0.7992935477444444,0.0,0.0,0.0,0.0,0.0,0.0,0.0,0.0,0.0,0.0,0.0,0.0,0.0,0.0
5,0.0,0.0,0.0,-0.8334962897098663,-0.7317896131262411,0.0,-0.7148886919666255,-0.7582643259705983,0.0,0.0,0.0,0.0,0.0,0.0,0.0,0.0,0.0,0.0,0.0,0.0,0.0,0.0
6,0.0,0.0,0.0,-0.858050064438144,-0.7543460175440667,-0.7148886919666255,0.0,-0.7356287044531369,0.0,0.0,0.0,0.0,0.0,0.0,0.0,0.0,0.0,0.0,0.0,0.0,0.0,0.0
7,0.0,0.0,0.0,0.0,-0.7992935477444444,-0.7582643259705983,-0.7356287044531369,0.0,0.0,0.0,0.0,0.0,0.0,0.0,0.0,0.0,0.0,0.0,0.0,0.0,0.0,0.0
8,0.0,0.0,0.0,0.0,0.0,0.0,0.0,0.0,0.0,-0.7479195778618563,-0.8512704889738295,-0.9099766313311279,0.0,0.0,0.0,0.0,0.0,0.0,0.0,0.0,0.0,0.0
9,0.0,0.0,0.0,0.0,0.0,0.0,0.0,0.0,-0.7479195778618563,0.0,-0.7915170875883464,-0.847604953668012,0.0,0.0,0.0,0.0,0.0,0.0,0.0,0.0,0.0,0.0
10,0.0,0.0,0.0,0.0,0.0,0.0,0.0,0.0,-0.8512704889738295,-0.7915170875883464,0.0,-0.7445518018895202,0.0,-0.7620434036528164,0.0,0.0,0.0,0.0,0.0,0.0,0.0,0.0
11,0.0,0.0,0.0,0.0,0.0,0.0,0.0,0.0,-0.9099766313311279,-0.847604953668012,-0.7445518018895202,0.0,-0.7068453334630426,-0.7098110857568098,-0.8035957937068545,0.0,0.0,0.0,0.0,0.0,0.0,0.0
12,0.0,0.0,0.0,0.0,0.0,0.0,0.0,0.0,0.0,0.0,0.0,-0.7068453334630426,0.0,-0.6960731842471968,-0.7886591166533883,0.0,0.0,0.0,0.0,0.0,0.0,0.0
13,0.0,0.0,0.0,0.0,0.0,0.0,0.0,0.0,0.0,0.0,-0.7620434036528164,-0.7098110857568098,-0.6960731842471968,0.0,-0.7854754666789109,0.0,0.0,0.0,0.0,0.0,0.0,0.0
14,0.0,0.0,0.0,0.0,0.0,0.0,0.0,0.0,0.0,0.0,0.0,-0.8035957937068545,-0.7886591166533883,-0.7854754666789109,0.0,-0.8509522992811065,0.0,0.0,0.0,0.0,0.0,0.0
15,0.0,0.0,0.0,0.0,0.0,0.0,0.0,0.0,0.0,0.0,0.0,0.0,0.0,0.0,-0.8509522992811065,0.0,-0.8144841624817731,-0.9031025060259447,0.0,0.0,0.0,0.0
16,0.0,0.0,0.0,0.0,0.0,0.0,0.0,0.0,0.0,0.0,0.0,0.0,0.0,0.0,0.0,-0.8144841624817731,0.0,-0.7730309634850802,-0.8433529739593513,0.0,0.0,0.0
17,0.0,0.0,0.0,0.0,0.0,0.0,0.0,0.0,0.0,0.0,0.0,0.0,0.0,0.0,0.0,-0.9031025060259447,-0.7730309634850802,0.0,-0.7586155674766999,-0.952800301439598,0.0,0.0
18,0.0,0.0,0.0,0.0,0.0,0.0,0.0,0.0,0.0,0.0,0.0,0.0,0.0,0.0,0.0,0.0,-0.8433529739593513,-0.7586155674766999,0.0,-0.8767580788722468,-0.9240474971998024,-1.0196170564265024
19,0.0,0.0,0.0,0.0,0.0,0.0,0.0,0.0,0.0,0.0,0.0,0.0,0.0,0.0,0.0,0.0,0.0,-0.952800301439598,-0.8767580788722468,0.0,-0.7337797021241264,-0.8166983638190297
20,0.0,0.0,0.0,0.0,0.0,0.0,0.0,0.0,0.0,0.0,0.0,0.0,0.0,0.0,0.0,0.0,0.0,0.0,-0.9240474971998024,-0.7337797021241264,0.0,-0.7730140378264997
21,0.0,0.0,0.0,0.0,0.0,0.0,0.0,0.0,0.0,0.0,0.0,0.0,0.0,0.0,0.0,0.0,0.0,0.0,-1.0196170564265024,-0.8166983638190297,-0.7730140378264997,0.0
