,0,1,2,3,4,5,6,7,8,9,10,11,12,13,14,15,16,17,18,19,20,21,22,23
0,0.0,-1.2552020290341472,-1.2874662504254122,-1.5388819784594983,0.0,0.0,0.0,0.0,0.0,0.0,0.0,0.0,0.0,0.0,0.0,0.0,0.0,0.0,0.0,0.0,0.0,0.0,0.0,0.0
1,-1.2552020290341472,0.0,-0.7158191222468013,-0.8996587563805031,-1.0065738310978065,0.0,0.0,0.0,0.0,0.0,0.0,0.0,0.0,0.0,0.0,0.0,0.0,0.0,0.0,0.0,0.0,0.0,0.0,0.0
2,-1.2874662504254122,-0.7158191222468013,0.0,-0.8732980759323292,-0.9783547417877074,0.0,0.0,0.0,0.0,0.0,0.0,0.0,0.0,0.0,0.0,0.0,0.0,0.0,0.0,0.0,0.0,0.0,0.0,0.0
3,-1.5388819784594983,-0.8996587563805031,-0.8732980759323292,0.0,-0.7839895425731755,0.0,0.0,0.0,0.0,0.0,0.0,0.0,0.0,0.0,0.0,0.0,0.0,0.0,0.0,0.0,0.0,0.0,0.0,0.0
4,0.0,-1.0065738310978065,-0.9783547417877074,-0.7839895425731755,0.0,-0.9671173841236221,-0.9977287738801305,0.0,0.0,0.0,0.0,0.0,0.0,0.0,0.0,0.0,0.0,0.0,0.0,0.0,0.0,0.0,0.0,0.0
5,0.0,0.0,0.0,0.0,-0.9671173841236221,0.0,-0.7179134576163649,-1.212570246591436,-1.3976025439213462,0.0,0.0,0.0,0.0,0.0,0.0,0.0,0.0,0.0,0.0,0.0,0.0,0.0,0.0,0.0
6,0.0,0.0,0.0,0.0,-0.9977287738801305,-0.7179134576163649,0.0,-1.1784426179652288,-1.3609891267243819,0.0,0.0,0.0,0.0,0.0,0.0,0.0,0.0,0.0,0.0,0.0,0.0,0.0,0.0,0.0
7,0.0,0.0,0.0,0.0,0.0,-1.212570246591436,-1.1784426179652288,0.0,-0.8282487848045053,-0.8658368688696951,-0.868692068438503,0.0,0.0,0.0,0.0,0.0,0.0,0.0,0.0,0.0,0.0,0.0,0.0,0.0
8,0.0,0.0,0.0,0.0,0.0,-1.3976025439213462,-1.3609891267243819,-0.8282487848045053,0.0,-0.7265877727882781,-0.7291335637670772,0.0,0.0,0.0,0.0,0.0,0.0,0.0,0.0,0.0,0.0,0.0,0.0,0.0
9,0.0,0.0,0.0,0.0,0.0,0.0,0.0,-0.8658368688696951,-0.7265877727882781,0.0,-0.6956120121513274,-0.8681019158473003,0.0,0.0,0.0,0.0,0.0,0.0,0.0,0.0,0.0,0.0,0.0,0.0
10,0.0,0.0,0.0,0.0,0.0,0.0,0.0,-0.868692068438503,-0.7291335637670772,-0.6956120121513274,0.0,-0.8652479360495675,0.0,0.0,0.0,0.0,0.0,0.0,0.0,0.0,0.0,0.0,0.0,0.0
11,0.0,0.0,0.0,0.0,0.0,0.0,0.0,0.0,0.0,-0.8681019158473003,-0.8652479360495675,0.0,-0.7247335145907725,-0.8273627979219206,-0.8931101225709515,0.0,0.0,0.0,0.0,0.0,0.0,0.0,0.0,0.0
12,0.0,0.0,0.0,0.0,0.0,0.0,0.0,0.0,0.0,0.0,0.0,-0.7247335145907725,0.0,-0.7928308462792953,-0.8568398679145538,0.0,0.0,0.0,0.0,0.0,0.0,0.0,0.0,0.0
13,0.0,0.0,0.0,0.0,0.0,0.0,0.0,0.0,0.0,0.0,0.0,-0.8273627979219206,-0.7928308462792953,0.0,-0.7517688175616458,0.0,0.0,0.0,0.0,0.0,0.0,0.0,0.0,0.0
14,0.0,0.0,0.0,0.0,0.0,0.0,0.0,0.0,0.0,0.0,0.0,-0.8931101225709515,-0.8568398679145538,-0.7517688175616458,0.0,-0.8615350391901203,0.0,0.0,0.0,0.0,0.0,0.0,0.0,0.0
15,0.0,0.0,0.0,0.0,0.0,0.0,0.0,0.0,0.0,0.0,0.0,0.0,0.0,0.0,-0.8615350391901203,0.0,-0.7322898863625504,0.0,-0.8313816637004489,-0.8621139010047634,0.0,0.0,0.0,0.0
16,0.0,0.0,0.0,0.0,0.0,0.0,0.0,0.0,0.0,0.0,0.0,0.0,0.0,0.0,0.0,-0.7322898863625504,0.0,-0.7798294377533568,-0.7887453353332957,-0.818460245145625,0.0,0.0,0.0,0.0
17,0.0,0.0,0.0,0.0,0.0,0.0,0.0,0.0,0.0,0.0,0.0,0.0,0.0,0.0,0.0,0.0,-0.7798294377533568,0.0,-0.7013823393603467,-0.7288685703112859,0.0,0.0,0.0,0.0
18,0.0,0.0,0.0,0.0,0.0,0.0,0.0,0.0,0.0,0.0,0.0,0.0,0.0,0.0,0.0,-0.8313816637004489,-0.7887453353332957,-0.7013823393603467,0.0,-0.7204128417917449,-1.0183872427653358,0.0,0.0,0.0
19,0.0,0.0,0.0,0.0,0.0,0.0,0.0,0.0,0.0,0.0,0.0,0.0,0.0,0.0,0.0,-0.8621139010047634,-0.818460245145625,-0.7288685703112859,-0.7204128417917449,0.0,0.0,0.0,0.0,0.0
20,0.0,0.0,0.0,0.0,0.0,0.0,0.0,0.0,0.0,0.0,0.0,0.0,0.0,0.0,0.0,0.0,0.0,0.0,-1.0183872427653358,0.0,0.0,-0.8609282571960146,-0.8635468791825874,-0.885382879275791
21,0.0,0.0,0.0,0.0,0.0,0.0,0.0,0.0,0.0,0.0,0.0,0.0,0.0,0.0,0.0,0.0,0.0,0.0,0.0,0.0,-0.8609282571960146,0.0,-0.695415841212883,-0.7143643449351944
22,0.0,0.0,0.0,0.0,0.0,0.0,0.0,0.0,0.0,0.0,0.0,0.0,0.0,0.0,0.0,0.0,0.0,0.0,0.0,0.0,-0.8635468791825874,-0.695415841212883,0.0,-0.7120532448094137
23,0.0,0.0,0.0,0.0,0.0,0.0,0.0,0.0,0.0,0.0,0.0,0.0,0.0,0.0,0.0,0.0,0.0,0.0,0.0,0.0,-0.885382879275791,-0.7143643449351944,-0.7120532448094137,0.0
