,0,1,2,3,4,5,6,7,8,9,10,11,12,13,14,15,16,17,18
0,0.0,-0.8790816799302141,-0.9793846496849457,-1.033761310817553,0.0,0.0,0.0,0.0,0.0,0.0,0.0,0.0,0.0,0.0,0.0,0.0,0.0,0.0,0.0
1,-0.8790816799302141,0.0,-0.7795094330997859,-0.8268191536257121,-0.8791611908383042,0.0,0.0,0.0,0.0,0.0,0.0,0.0,0.0,0.0,0.0,0.0,0.0,0.0,0.0
2,-0.9793846496849457,-0.7795094330997859,0.0,-0.7369196347623936,-0.7855247199806765,0.0,0.0,0.0,0.0,0.0,0.0,0.0,0.0,0.0,0.0,0.0,0.0,0.0,0.0
3,-1.033761310817553,-0.8268191536257121,-0.7369196347623936,0.0,-0.7398019221011671,0.0,0.0,0.0,0.0,0.0,0.0,0.0,0.0,0.0,0.0,0.0,0.0,0.0,0.0
4,0.0,-0.8791611908383042,-0.7855247199806765,-0.7398019221011671,0.0,-1.0200435819182612,0.0,0.0,0.0,0.0,0.0,0.0,0.0,0.0,0.0,0.0,0.0,0.0,0.0
5,0.0,0.0,0.0,0.0,-1.0200435819182612,0.0,-0.7643617256230989,-1.1798969357729812,0.0,0.0,0.0,0.0,0.0,0.0,0.0,0.0,0.0,0.0,0.0
6,0.0,0.0,0.0,0.0,0.0,-0.7643617256230989,0.0,-1.086571138447591,-1.6858690010278359,0.0,0.0,0.0,0.0,0.0,0.0,0.0,0.0,0.0,0.0
7,0.0,0.0,0.0,0.0,0.0,-1.1798969357729812,-1.086571138447591,0.0,-1.1751914530375849,-1.3245874332792587,0.0,-1.5319671793340568,0.0,0.0,0.0,0.0,0.0,0.0,0.0
8,0.0,0.0,0.0,0.0,0.0,0.0,-1.6858690010278359,-1.1751914530375849,0.0,-0.8033937394732826,-0.9233497113628447,-0.9632552203399349,0.0,0.0,0.0,0.0,0.0,0.0,0.0
9,0.0,0.0,0.0,0.0,0.0,0.0,0.0,-1.3245874332792587,-0.8033937394732826,0.0,-0.8023610646621646,-0.8389460222034273,0.0,0.0,0.0,0.0,0.0,0.0,0.0
10,0.0,0.0,0.0,0.0,0.0,0.0,0.0,0.0,-0.9233497113628447,-0.8023610646621646,0.0,-0.7263582091509964,0.0,-0.826057994800225,-0.8693732728469898,0.0,0.0,0.0,0.0
11,0.0,0.0,0.0,0.0,0.0,0.0,0.0,-1.5319671793340568,-0.9632552203399349,-0.8389460222034273,-0.7263582091509964,0.0,0.0,-0.7898408341835719,-0.8319380454193196,0.0,0.0,0.0,0.0
12,0.0,0.0,0.0,0.0,0.0,0.0,0.0,0.0,0.0,0.0,0.0,0.0,0.0,-0.724282257298923,-0.7640550745167463,-0.8206560650901256,0.0,0.0,0.0
13,0.0,0.0,0.0,0.0,0.0,0.0,0.0,0.0,0.0,0.0,-0.826057994800225,-0.7898408341835719,-0.724282257298923,0.0,-0.7317595556174706,-0.7867845418573532,-0.9134422032994489,0.0,0.0
14,0.0,0.0,0.0,0.0,0.0,0.0,0.0,0.0,0.0,0.0,-0.8693732728469898,-0.8319380454193196,-0.7640550745167463,-0.7317595556174706,0.0,-0.7462164133619281,-0.8687484519830436,0.0,0.0
15,0.0,0.0,0.0,0.0,0.0,0.0,0.0,0.0,0.0,0.0,0.0,0.0,-0.8206560650901256,-0.7867845418573532,-0.7462164133619281,0.0,-0.8099955155452423,-1.1142809799014894,-1.4578982501961935
16,0.0,0.0,0.0,0.0,0.0,0.0,0.0,0.0,0.0,0.0,0.0,0.0,0.0,-0.9134422032994489,-0.8687484519830436,-0.8099955155452423,0.0,-0.97102891259619,-1.2925269777280384
17,0.0,0.0,0.0,0.0,0.0,0.0,0.0,0.0,0.0,0.0,0.0,0.0,0.0,0.0,0.0,-1.1142809799014894,-0.97102891259619,0.0,-0.9594705799989796
18,0.0,0.0,0.0,0.0,0.0,0.0,0.0,0.0,0.0,0.0,0.0,0.0,0.0,0.0,0.0,-1.4578982501961935,-1.2925269777280384,-0.9594705799989796,0.0
