,0,1,2,3,4,5,6,7,8,9,10,11,12,13,14,15,16,17,18
0,0.0,-0.7471222553695498,-1.1167628754524404,-1.437285723602104,0.0,0.0,0.0,0.0,0.0,0.0,0.0,0.0,0.0,0.0,0.0,0.0,0.0,0.0,0.0
1,-0.7471222553695498,0.0,-1.0472410535316827,-1.3581097408142815,0.0,0.0,0.0,0.0,0.0,0.0,0.0,0.0,0.0,0.0,0.0,0.0,0.0,0.0,0.0
2,-1.1167628754524404,-1.0472410535316827,0.0,-0.9406789788028309,-0.9815909831139085,-1.0234249126507444,0.0,0.0,0.0,0.0,0.0,0.0,0.0,0.0,0.0,0.0,0.0,0.0,0.0
3,-1.437285723602104,-1.3581097408142815,-0.9406789788028309,0.0,-0.7268239256717297,-0.7615081356371758,-0.8556649256371203,0.0,0.0,0.0,0.0,0.0,0.0,0.0,0.0,0.0,0.0,0.0,0.0
4,0.0,0.0,-0.9815909831139085,-0.7268239256717297,0.0,-0.7267380684444943,-0.8181057070751678,0.0,0.0,0.0,0.0,0.0,0.0,0.0,0.0,0.0,0.0,0.0,0.0
5,0.0,0.0,-1.0234249126507444,-0.7615081356371758,-0.7267380684444943,0.0,-0.7817187766114814,0.0,0.0,0.0,0.0,0.0,0.0,0.0,0.0,0.0,0.0,0.0,0.0
6,0.0,0.0,0.0,-0.8556649256371203,-0.8181057070751678,-0.7817187766114814,0.0,-0.8071505331763696,-0.8431418566434652,0.0,0.0,0.0,0.0,0.0,0.0,0.0,0.0,0.0,0.0
7,0.0,0.0,0.0,0.0,0.0,0.0,-0.8071505331763696,0.0,-0.7256941243377406,-0.861903210069432,0.0,0.0,0.0,0.0,0.0,0.0,0.0,0.0,0.0
8,0.0,0.0,0.0,0.0,0.0,0.0,-0.8431418566434652,-0.7256941243377406,0.0,-0.8253971680447784,-0.8472375389009134,0.0,0.0,0.0,0.0,0.0,0.0,0.0,0.0
9,0.0,0.0,0.0,0.0,0.0,0.0,0.0,-0.861903210069432,-0.8253971680447784,0.0,-0.7126034823546713,-0.7704281372846076,-0.8523238008621266,0.0,0.0,0.0,0.0,0.0,0.0
10,0.0,0.0,0.0,0.0,0.0,0.0,0.0,0.0,-0.8472375389009134,-0.7126034823546713,0.0,-0.7499091577267202,-0.8303994005992662,-0.8907971929100381,0.0,0.0,0.0,0.0,0.0
11,0.0,0.0,0.0,0.0,0.0,0.0,0.0,0.0,0.0,-0.7704281372846076,-0.7499091577267202,0.0,-0.7695849045495152,-0.8271391799776395,0.0,0.0,0.0,0.0,0.0
12,0.0,0.0,0.0,0.0,0.0,0.0,0.0,0.0,0.0,-0.8523238008621266,-0.8303994005992662,-0.7695849045495152,0.0,-0.7468604003116852,0.0,0.0,0.0,0.0,0.0
13,0.0,0.0,0.0,0.0,0.0,0.0,0.0,0.0,0.0,0.0,-0.8907971929100381,-0.8271391799776395,-0.7468604003116852,0.0,0.0,0.0,0.0,0.0,0.0
14,0.0,0.0,0.0,0.0,0.0,0.0,0.0,0.0,0.0,0.0,0.0,0.0,0.0,0.0,0.0,-0.7628187565127181,-0.7649862016809862,-0.9301261432463196,0.0
15,0.0,0.0,0.0,0.0,0.0,0.0,0.0,0.0,0.0,0.0,0.0,0.0,0.0,0.0,-0.7628187565127181,0.0,-0.6951780934920723,-0.8506926021289082,-0.9703046495300232
16,0.0,0.0,0.0,0.0,0.0,0.0,0.0,0.0,0.0,0.0,0.0,0.0,0.0,0.0,-0.7649862016809862,-0.6951780934920723,0.0,-0.8483700322046279,-0.9677866184227014
17,0.0,0.0,0.0,0.0,0.0,0.0,0.0,0.0,0.0,0.0,0.0,0.0,0.0,0.0,-0.9301261432463196,-0.8506926021289082,-0.8483700322046279,0.0,-0.798313370109705
18,0.0,0.0,0.0,0.0,0.0,0.0,0.0,0.0,0.0,0.0,0.0,0.0,0.0,0.0,0.0,-0.9703046495300232,-0.9677866184227014,-0.798313370109705,0.0
