,0,1,2,3,4,5,6,7,8,9,10,11,12,13,14,15,16,17,18,19,20
0,0.0,-1.7044982846586783,-1.7473897750964529,-2.0244966105196607,0.0,0.0,0.0,0.0,0.0,0.0,0.0,0.0,0.0,0.0,0.0,0.0,0.0,0.0,0.0,0.0,0.0
1,-1.7044982846586783,0.0,-0.7195779904014098,-0.900550180252684,-1.01219590219093,0.0,0.0,0.0,0.0,0.0,0.0,0.0,0.0,0.0,0.0,0.0,0.0,0.0,0.0,0.0,0.0
2,-1.7473897750964529,-0.7195779904014098,0.0,-0.8699021847583154,-0.9792949645421566,0.0,0.0,0.0,0.0,0.0,0.0,0.0,0.0,0.0,0.0,0.0,0.0,0.0,0.0,0.0,0.0
3,-2.0244966105196607,-0.900550180252684,-0.8699021847583154,0.0,-0.7879870287987709,-0.940922234605792,0.0,0.0,0.0,0.0,0.0,0.0,0.0,0.0,0.0,0.0,0.0,0.0,0.0,0.0,0.0
4,0.0,-1.01219590219093,-0.9792949645421566,-0.7879870287987709,0.0,-0.8342457021552567,0.0,-0.9799263694844979,0.0,0.0,0.0,0.0,0.0,0.0,0.0,0.0,0.0,0.0,0.0,0.0,0.0
5,0.0,0.0,0.0,-0.940922234605792,-0.8342457021552567,0.0,-0.7678749517577543,-0.822936898026437,0.0,0.0,0.0,0.0,0.0,0.0,0.0,0.0,0.0,0.0,0.0,0.0,0.0
6,0.0,0.0,0.0,0.0,0.0,-0.7678749517577543,0.0,-0.7446042353226511,-0.8153236295743005,-0.8307273056967325,0.0,0.0,0.0,0.0,0.0,0.0,0.0,0.0,0.0,0.0,0.0
7,0.0,0.0,0.0,0.0,-0.9799263694844979,-0.822936898026437,-0.7446042353226511,0.0,-0.7606003429419484,-0.7753213614424053,0.0,0.0,0.0,0.0,0.0,0.0,0.0,0.0,0.0,0.0,0.0
8,0.0,0.0,0.0,0.0,0.0,0.0,-0.8153236295743005,-0.7606003429419484,0.0,-0.7069729700759971,-0.8044649491462581,0.0,0.0,0.0,0.0,0.0,0.0,0.0,0.0,0.0,0.0
9,0.0,0.0,0.0,0.0,0.0,0.0,-0.8307273056967325,-0.7753213614424053,-0.7069729700759971,0.0,-0.7893801974248325,0.0,0.0,0.0,0.0,0.0,0.0,0.0,0.0,0.0,0.0
10,0.0,0.0,0.0,0.0,0.0,0.0,0.0,0.0,-0.8044649491462581,-0.7893801974248325,0.0,-0.8063377166711121,-0.9181282978735834,0.0,0.0,0.0,0.0,0.0,0.0,0.0,0.0
11,0.0,0.0,0.0,0.0,0.0,0.0,0.0,0.0,0.0,0.0,-0.8063377166711121,0.0,-0.7946601118541019,-1.0304036687361944,0.0,0.0,0.0,0.0,0.0,0.0,0.0
12,0.0,0.0,0.0,0.0,0.0,0.0,0.0,0.0,0.0,0.0,-0.9181282978735834,-0.7946601118541019,0.0,-0.9102293560874771,0.0,0.0,0.0,0.0,0.0,0.0,0.0
13,0.0,0.0,0.0,0.0,0.0,0.0,0.0,0.0,0.0,0.0,0.0,-1.0304036687361944,-0.9102293560874771,0.0,-1.2396285274983252,0.0,0.0,-1.312172215025697,0.0,0.0,0.0
14,0.0,0.0,0.0,0.0,0.0,0.0,0.0,0.0,0.0,0.0,0.0,0.0,0.0,-1.2396285274983252,0.0,0.0,-0.7184977062826556,0.0,-0.7636119002413163,-0.7982953152742893,0.0
15,0.0,0.0,0.0,0.0,0.0,0.0,0.0,0.0,0.0,0.0,0.0,0.0,0.0,0.0,0.0,0.0,-0.7070311805224911,-0.7329902038728296,-0.7516613850458009,-0.7859871285207548,-2.051790442905595
16,0.0,0.0,0.0,0.0,0.0,0.0,0.0,0.0,0.0,0.0,0.0,0.0,0.0,0.0,-0.7184977062826556,-0.7070311805224911,0.0,-0.7187576296217659,-0.7371835599393858,-0.771070050954182,0.0
17,0.0,0.0,0.0,0.0,0.0,0.0,0.0,0.0,0.0,0.0,0.0,0.0,0.0,-1.312172215025697,0.0,-0.7329902038728296,-0.7187576296217659,0.0,0.0,-0.7442018614378806,0.0
18,0.0,0.0,0.0,0.0,0.0,0.0,0.0,0.0,0.0,0.0,0.0,0.0,0.0,0.0,-0.7636119002413163,-0.7516613850458009,-0.7371835599393858,0.0,0.0,-0.725656606847722,-1.9533661802306221
19,0.0,0.0,0.0,0.0,0.0,0.0,0.0,0.0,0.0,0.0,0.0,0.0,0.0,0.0,-0.7982953152742893,-0.7859871285207548,-0.771070050954182,-0.7442018614378806,-0.725656606847722,0.0,-1.8986982707397506
20,0.0,0.0,0.0,0.0,0.0,0.0,0.0,0.0,0.0,0.0,0.0,0.0,0.0,0.0,0.0,-2.051790442905595,0.0,0.0,-1.9533661802306221,-1.8986982707397506,0.0
