,0,1,2,3,4,5,6,7,8,9,10,11,12,13,14,15,16,17,18,19,20,21,22,23,24
0,0.0,-0.8716312191916126,-0.897662226211019,-0.9167560721422024,0.0,0.0,0.0,0.0,0.0,0.0,0.0,0.0,0.0,0.0,0.0,0.0,0.0,0.0,0.0,0.0,0.0,0.0,0.0,0.0,0.0
1,-0.8716312191916126,0.0,-0.7155615771991817,-0.732053765398713,-1.0596424451761859,0.0,0.0,0.0,0.0,0.0,0.0,0.0,0.0,0.0,0.0,0.0,0.0,0.0,0.0,0.0,0.0,0.0,0.0,0.0,0.0
2,-0.897662226211019,-0.7155615771991817,0.0,-0.7092846150950926,-1.0308950859850827,0.0,0.0,0.0,0.0,0.0,0.0,0.0,0.0,0.0,0.0,0.0,0.0,0.0,0.0,0.0,0.0,0.0,0.0,0.0,0.0
3,-0.9167560721422024,-0.732053765398713,-0.7092846150950926,0.0,-1.010415110006139,0.0,0.0,0.0,0.0,0.0,0.0,0.0,0.0,0.0,0.0,0.0,0.0,0.0,0.0,0.0,0.0,0.0,0.0,0.0,0.0
4,0.0,-1.0596424451761859,-1.0308950859850827,-1.010415110006139,0.0,-0.8350026467845691,-0.9138403562283589,-1.0726053484811187,0.0,0.0,0.0,0.0,0.0,0.0,0.0,0.0,0.0,0.0,0.0,0.0,0.0,0.0,0.0,0.0,0.0
5,0.0,0.0,0.0,0.0,-0.8350026467845691,0.0,-0.7630904200873383,-0.9057371662057365,0.0,0.0,0.0,0.0,0.0,0.0,0.0,0.0,0.0,0.0,0.0,0.0,0.0,0.0,0.0,0.0,0.0
6,0.0,0.0,0.0,0.0,-0.9138403562283589,-0.7630904200873383,0.0,-0.8273461089765156,-0.9867283098300506,0.0,0.0,0.0,0.0,0.0,0.0,0.0,0.0,0.0,0.0,0.0,0.0,0.0,0.0,0.0,0.0
7,0.0,0.0,0.0,0.0,-1.0726053484811187,-0.9057371662057365,-0.8273461089765156,0.0,-0.8359548897255525,-0.8662659665163671,0.0,0.0,0.0,0.0,0.0,0.0,0.0,0.0,0.0,0.0,0.0,0.0,0.0,0.0,0.0
8,0.0,0.0,0.0,0.0,0.0,0.0,-0.9867283098300506,-0.8359548897255525,0.0,-0.7199454960955948,-0.8104536805538374,0.0,0.0,0.0,0.0,0.0,0.0,0.0,0.0,0.0,0.0,0.0,0.0,0.0,0.0
9,0.0,0.0,0.0,0.0,0.0,0.0,0.0,-0.8662659665163671,-0.7199454960955948,0.0,-0.7814236758446977,0.0,0.0,0.0,0.0,0.0,0.0,0.0,0.0,0.0,0.0,0.0,0.0,0.0,0.0
10,0.0,0.0,0.0,0.0,0.0,0.0,0.0,0.0,-0.8104536805538374,-0.7814236758446977,0.0,-0.8762181143917767,0.0,0.0,0.0,0.0,0.0,0.0,0.0,0.0,0.0,0.0,0.0,0.0,0.0
11,0.0,0.0,0.0,0.0,0.0,0.0,0.0,0.0,0.0,0.0,-0.8762181143917767,0.0,-0.865280092600147,0.0,-1.0522922260632082,-1.074391612358629,0.0,0.0,0.0,0.0,0.0,0.0,0.0,0.0,0.0
12,0.0,0.0,0.0,0.0,0.0,0.0,0.0,0.0,0.0,0.0,0.0,-0.865280092600147,0.0,-0.8563402553157102,-0.8565945165792663,-0.8761563196384841,0.0,0.0,0.0,0.0,0.0,0.0,0.0,0.0,0.0
13,0.0,0.0,0.0,0.0,0.0,0.0,0.0,0.0,0.0,0.0,0.0,0.0,-0.8563402553157102,0.0,-0.6933681709108394,-0.7103921850476589,-0.8287385975783014,0.0,0.0,0.0,0.0,0.0,0.0,0.0,0.0
14,0.0,0.0,0.0,0.0,0.0,0.0,0.0,0.0,0.0,0.0,0.0,-1.0522922260632082,-0.8565945165792663,-0.6933681709108394,0.0,-0.7101674656255353,-0.8284896370331879,0.0,0.0,0.0,0.0,0.0,0.0,0.0,0.0
15,0.0,0.0,0.0,0.0,0.0,0.0,0.0,0.0,0.0,0.0,0.0,-1.074391612358629,-0.8761563196384841,-0.7103921850476589,-0.7101674656255353,0.0,-0.8096156640186954,0.0,0.0,0.0,0.0,0.0,0.0,0.0,0.0
16,0.0,0.0,0.0,0.0,0.0,0.0,0.0,0.0,0.0,0.0,0.0,0.0,0.0,-0.8287385975783014,-0.8284896370331879,-0.8096156640186954,0.0,-0.7580738746148827,-0.8345421503488298,0.0,-0.8897363997052774,0.0,0.0,0.0,0.0
17,0.0,0.0,0.0,0.0,0.0,0.0,0.0,0.0,0.0,0.0,0.0,0.0,0.0,0.0,0.0,0.0,-0.7580738746148827,0.0,-0.7652517779602088,-0.8011400202100764,-0.817486551360244,0.0,0.0,0.0,0.0
18,0.0,0.0,0.0,0.0,0.0,0.0,0.0,0.0,0.0,0.0,0.0,0.0,0.0,0.0,0.0,0.0,-0.8345421503488298,-0.7652517779602088,0.0,0.0,-0.7420662312331867,0.0,0.0,0.0,0.0
19,0.0,0.0,0.0,0.0,0.0,0.0,0.0,0.0,0.0,0.0,0.0,0.0,0.0,0.0,0.0,0.0,0.0,-0.8011400202100764,0.0,0.0,-0.707986973463441,-0.8356286301032251,-0.8669789712369487,-0.9388222409972177,-1.1420747675621792
20,0.0,0.0,0.0,0.0,0.0,0.0,0.0,0.0,0.0,0.0,0.0,0.0,0.0,0.0,0.0,0.0,-0.8897363997052774,-0.817486551360244,-0.7420662312331867,-0.707986973463441,0.0,-0.8190478042390645,-0.850003034416842,0.0,0.0
21,0.0,0.0,0.0,0.0,0.0,0.0,0.0,0.0,0.0,0.0,0.0,0.0,0.0,0.0,0.0,0.0,0.0,0.0,0.0,-0.8356286301032251,-0.8190478042390645,0.0,-0.7208728089285333,0.0,0.0
22,0.0,0.0,0.0,0.0,0.0,0.0,0.0,0.0,0.0,0.0,0.0,0.0,0.0,0.0,0.0,0.0,0.0,0.0,0.0,-0.8669789712369487,-0.850003034416842,-0.7208728089285333,0.0,-0.755405419458853,-0.9345888336608079
23,0.0,0.0,0.0,0.0,0.0,0.0,0.0,0.0,0.0,0.0,0.0,0.0,0.0,0.0,0.0,0.0,0.0,0.0,0.0,-0.9388222409972177,0.0,0.0,-0.755405419458853,0.0,-0.8629485030850756
24,0.0,0.0,0.0,0.0,0.0,0.0,0.0,0.0,0.0,0.0,0.0,0.0,0.0,0.0,0.0,0.0,0.0,0.0,0.0,-1.1420747675621792,0.0,0.0,-0.9345888336608079,-0.8629485030850756,0.0
