,0,1,2,3,4,5,6,7,8,9,10,11,12,13,14,15,16,17,18,19,20,21,22,23,24,25
0,0.0,1.9750403792785765,1.4383538326894876,1.4543416446750173,0.0,0.0,0.0,0.0,0.0,0.0,0.0,0.0,0.0,0.0,0.0,0.0,0.0,0.0,0.0,0.0,0.0,0.0,0.0,0.0,0.0,0.0
1,1.9750403792785765,0.0,0.13525873070192782,-0.3299037537882726,5.919905473674414,0.0,0.0,0.0,0.0,0.0,0.0,0.0,0.0,0.0,0.0,0.0,0.0,0.0,0.0,0.0,0.0,0.0,0.0,0.0,0.0,0.0
2,1.4383538326894876,0.13525873070192782,0.0,0.2266332855511738,5.711897019089895,0.0,0.0,0.0,0.0,0.0,0.0,0.0,0.0,0.0,0.0,0.0,0.0,0.0,0.0,0.0,0.0,0.0,0.0,0.0,0.0,0.0
3,1.4543416446750173,-0.3299037537882726,0.2266332855511738,0.0,5.650155519754598,0.0,0.0,0.0,0.0,0.0,0.0,0.0,0.0,0.0,0.0,0.0,0.0,0.0,0.0,0.0,0.0,0.0,0.0,0.0,0.0,0.0
4,0.0,5.919905473674414,5.711897019089895,5.650155519754598,0.0,5.170721771513503,4.960394771203421,0.983770474823223,0.0,0.0,0.0,0.0,0.0,0.0,0.0,0.0,0.0,0.0,0.0,0.0,0.0,0.0,0.0,0.0,0.0,0.0
5,0.0,0.0,0.0,0.0,5.170721771513503,0.0,0.026008646736021955,0.0,-0.842244094171091,0.0,0.0,0.0,0.0,0.0,0.0,0.0,0.0,0.0,0.0,0.0,0.0,0.0,0.0,0.0,0.0,0.0
6,0.0,0.0,0.0,0.0,4.960394771203421,0.026008646736021955,0.0,4.593863810497972,-0.45688660046444435,0.0,0.0,0.0,0.0,0.0,0.0,0.0,0.0,0.0,0.0,0.0,0.0,0.0,0.0,0.0,0.0,0.0
7,0.0,0.0,0.0,0.0,0.983770474823223,0.0,4.593863810497972,0.0,4.239357221823743,-0.7774564972015453,-0.5211753740894609,0.0,0.0,0.0,0.0,0.0,0.0,0.0,0.0,0.0,0.0,0.0,0.0,0.0,0.0,0.0
8,0.0,0.0,0.0,0.0,0.0,-0.842244094171091,-0.45688660046444435,4.239357221823743,0.0,4.009730997863845,0.0,-1.1349833812275918,0.0,0.0,0.0,0.0,0.0,0.0,0.0,0.0,0.0,0.0,0.0,0.0,0.0,0.0
9,0.0,0.0,0.0,0.0,0.0,0.0,0.0,-0.7774564972015453,4.009730997863845,0.0,-1.84942765625239,0.0,0.0,0.0,0.0,0.0,0.0,0.0,0.0,0.0,0.0,0.0,0.0,0.0,0.0,0.0
10,0.0,0.0,0.0,0.0,0.0,0.0,0.0,-0.5211753740894609,0.0,-1.84942765625239,0.0,3.18219217580368,-0.9824082675796506,-0.30770983409079866,0.0,0.0,0.0,0.0,0.0,0.0,0.0,0.0,0.0,0.0,0.0,0.0
11,0.0,0.0,0.0,0.0,0.0,0.0,0.0,0.0,-1.1349833812275918,0.0,3.18219217580368,0.0,2.783797414201811,2.9903477570805586,0.0,0.0,0.0,0.0,-0.3848973417698568,0.0,0.0,0.0,0.0,0.0,0.0,0.0
12,0.0,0.0,0.0,0.0,0.0,0.0,0.0,0.0,0.0,0.0,-0.9824082675796506,2.783797414201811,0.0,0.13807064747927014,2.5497179357246154,0.0,2.7800483854210607,0.0,0.0,0.0,0.0,0.0,0.0,0.0,0.0,0.0
13,0.0,0.0,0.0,0.0,0.0,0.0,0.0,0.0,0.0,0.0,-0.30770983409079866,2.9903477570805586,0.13807064747927014,0.0,2.741972064754243,0.0,0.0,0.0,0.0,0.0,0.0,0.0,0.0,0.0,0.0,0.0
14,0.0,0.0,0.0,0.0,0.0,0.0,0.0,0.0,0.0,0.0,0.0,0.0,2.5497179357246154,2.741972064754243,0.0,1.9613220698665519,0.0,0.0,0.0,0.0,0.0,0.0,0.0,0.0,0.0,0.0
15,0.0,0.0,0.0,0.0,0.0,0.0,0.0,0.0,0.0,0.0,0.0,0.0,0.0,0.0,1.9613220698665519,0.0,2.1546447341059127,2.3364432462408105,0.0,1.141414097540697,-2.8377362776054573,0.0,0.0,0.0,0.0,0.0
16,0.0,0.0,0.0,0.0,0.0,0.0,0.0,0.0,0.0,0.0,0.0,0.0,2.7800483854210607,0.0,0.0,2.1546447341059127,0.0,0.0,0.0,-0.2565968290327998,0.0,0.0,0.0,0.0,0.0,0.0
17,0.0,0.0,0.0,0.0,0.0,0.0,0.0,0.0,0.0,0.0,0.0,0.0,0.0,0.0,0.0,2.3364432462408105,0.0,0.0,1.422382753772661,1.5902751898783434,1.9125811034439124,1.42229739079863,0.0,0.0,0.0,0.0
18,0.0,0.0,0.0,0.0,0.0,0.0,0.0,0.0,0.0,0.0,0.0,-0.3848973417698568,0.0,0.0,0.0,0.0,0.0,1.422382753772661,0.0,0.0,0.0,-0.06889057613058701,0.0,0.0,0.0,0.0
19,0.0,0.0,0.0,0.0,0.0,0.0,0.0,0.0,0.0,0.0,0.0,0.0,0.0,0.0,0.0,1.141414097540697,-0.2565968290327998,1.5902751898783434,0.0,0.0,0.8416717947930237,0.3076144766264174,0.6590366123202399,0.0,0.0,0.0
20,0.0,0.0,0.0,0.0,0.0,0.0,0.0,0.0,0.0,0.0,0.0,0.0,0.0,0.0,0.0,-2.8377362776054573,0.0,1.9125811034439124,0.0,0.8416717947930237,0.0,-0.1840966889301446,-3.61946757917458,0.0,0.0,0.0
21,0.0,0.0,0.0,0.0,0.0,0.0,0.0,0.0,0.0,0.0,0.0,0.0,0.0,0.0,0.0,0.0,0.0,1.42229739079863,-0.06889057613058701,0.3076144766264174,-0.1840966889301446,0.0,-0.335042210902697,-0.45925833003451555,0.0,0.0
22,0.0,0.0,0.0,0.0,0.0,0.0,0.0,0.0,0.0,0.0,0.0,0.0,0.0,0.0,0.0,0.0,0.0,0.0,0.0,0.6590366123202399,-3.61946757917458,-0.335042210902697,0.0,-4.11590662605033,0.014118879352248918,-4.844598233187743
23,0.0,0.0,0.0,0.0,0.0,0.0,0.0,0.0,0.0,0.0,0.0,0.0,0.0,0.0,0.0,0.0,0.0,0.0,0.0,0.0,0.0,-0.45925833003451555,-4.11590662605033,0.0,-0.20530313128316866,-5.663005568842268
24,0.0,0.0,0.0,0.0,0.0,0.0,0.0,0.0,0.0,0.0,0.0,0.0,0.0,0.0,0.0,0.0,0.0,0.0,0.0,0.0,0.0,0.0,0.014118879352248918,-0.20530313128316866,0.0,-1.1896447180003664
25,0.0,0.0,0.0,0.0,0.0,0.0,0.0,0.0,0.0,0.0,0.0,0.0,0.0,0.0,0.0,0.0,0.0,0.0,0.0,0.0,0.0,0.0,-4.844598233187743,-5.663005568842268,-1.1896447180003664,0.0
