,0,1,2,3,4,5,6,7,8,9,10,11,12,13,14,15,16,17,18,19,20,21,22,23,24,25,26
0,0.0,3.450223415722733,2.3635658523095877,7.161067917494375,0.0,0.0,0.0,0.0,0.0,0.0,0.0,0.0,0.0,0.0,0.0,0.0,0.0,0.0,0.0,0.0,0.0,0.0,0.0,0.0,0.0,0.0,0.0
1,3.450223415722733,0.0,0.46037717263909805,6.393587410067254,6.341247023793808,0.0,0.0,0.0,0.0,0.0,0.0,0.0,0.0,0.0,0.0,0.0,0.0,0.0,0.0,0.0,0.0,0.0,0.0,0.0,0.0,0.0,0.0
2,2.3635658523095877,0.46037717263909805,0.0,5.706404855848892,5.645173825120581,5.637347250549271,0.0,0.0,0.0,0.0,0.0,0.0,0.0,0.0,0.0,0.0,0.0,0.0,0.0,0.0,0.0,0.0,0.0,0.0,0.0,0.0,0.0
3,7.161067917494375,6.393587410067254,5.706404855848892,0.0,1.681719043653863,1.645976394428899,4.37383231693178,0.0,0.0,0.0,0.0,0.0,0.0,0.0,0.0,0.0,0.0,0.0,0.0,0.0,0.0,0.0,0.0,0.0,0.0,0.0,0.0
4,0.0,6.341247023793808,5.645173825120581,1.681719043653863,0.0,-0.5996814385980413,4.350633198593213,0.0,0.0,0.0,0.0,0.0,0.0,0.0,0.0,0.0,0.0,0.0,0.0,0.0,0.0,0.0,0.0,0.0,0.0,0.0,0.0
5,0.0,0.0,5.637347250549271,1.645976394428899,-0.5996814385980413,0.0,4.334730427663528,0.0,0.0,0.0,1.6549238829662112,0.0,0.0,0.0,0.0,0.0,0.0,0.0,0.0,0.0,0.0,0.0,0.0,0.0,0.0,0.0,0.0
6,0.0,0.0,0.0,4.37383231693178,4.350633198593213,4.334730427663528,0.0,-1.9715845654345543,0.0,0.0,3.7278616359274737,3.737393383182199,0.0,0.0,0.0,0.0,0.0,0.0,0.0,0.0,0.0,0.0,0.0,0.0,0.0,0.0,0.0
7,0.0,0.0,0.0,0.0,0.0,0.0,-1.9715845654345543,0.0,-1.7742374166241621,-1.8239458331369052,3.518388925455897,3.5006886524399943,0.0,0.0,0.0,0.0,0.0,0.0,0.0,0.0,0.0,0.0,0.0,0.0,0.0,0.0,0.0
8,0.0,0.0,0.0,0.0,0.0,0.0,0.0,-1.7742374166241621,0.0,-2.9205833194123185,0.0,3.5095402630990553,0.0,0.0,0.0,0.0,0.0,0.0,0.0,0.0,0.0,0.0,0.0,0.0,0.0,0.0,0.0
9,0.0,0.0,0.0,0.0,0.0,0.0,0.0,-1.8239458331369052,-2.9205833194123185,0.0,0.0,0.0,2.690172322775677,0.0,0.0,0.0,0.0,0.0,0.0,0.0,0.0,0.0,0.0,0.0,0.0,0.0,0.0
10,0.0,0.0,0.0,0.0,0.0,1.6549238829662112,3.7278616359274737,3.518388925455897,0.0,0.0,0.0,0.6608679212187387,0.0,0.0,0.0,0.0,0.0,0.0,0.0,0.0,0.0,0.0,0.0,0.0,0.0,0.0,0.0
11,0.0,0.0,0.0,0.0,0.0,0.0,3.737393383182199,3.5006886524399943,3.5095402630990553,0.0,0.6608679212187387,0.0,0.0,0.0,0.0,0.0,0.0,0.0,0.0,0.0,0.0,0.0,0.0,0.0,0.0,0.0,0.0
12,0.0,0.0,0.0,0.0,0.0,0.0,0.0,0.0,0.0,2.690172322775677,0.0,0.0,0.0,-0.5220160902412715,0.0,0.0,0.5464631697855924,0.0,0.0,0.0,0.0,0.0,0.0,0.0,0.0,0.0,0.0
13,0.0,0.0,0.0,0.0,0.0,0.0,0.0,0.0,0.0,0.0,0.0,0.0,-0.5220160902412715,0.0,1.9098203321617258,0.0,-0.8976895723049059,0.0,0.0,0.0,0.0,0.0,0.0,0.0,0.0,0.0,0.0
14,0.0,0.0,0.0,0.0,0.0,0.0,0.0,0.0,0.0,0.0,0.0,0.0,0.0,1.9098203321617258,0.0,-0.6626373784554574,2.0179628103533918,1.1620569929808648,0.0,0.0,0.0,0.0,0.0,0.0,0.0,0.0,0.0
15,0.0,0.0,0.0,0.0,0.0,0.0,0.0,0.0,0.0,0.0,0.0,0.0,0.0,0.0,-0.6626373784554574,0.0,0.0,1.20562974844737,0.0,1.1067262672283575,0.0,0.0,0.0,0.0,0.0,0.0,0.0
16,0.0,0.0,0.0,0.0,0.0,0.0,0.0,0.0,0.0,0.0,0.0,0.0,0.5464631697855924,-0.8976895723049059,2.0179628103533918,0.0,0.0,-0.6611386756415604,0.0,0.0,0.0,0.0,0.0,0.0,0.0,0.0,0.0
17,0.0,0.0,0.0,0.0,0.0,0.0,0.0,0.0,0.0,0.0,0.0,0.0,0.0,0.0,1.1620569929808648,1.20562974844737,-0.6611386756415604,0.0,0.0,-2.38904016391182,0.0,0.0,0.0,0.0,0.0,0.0,0.0
18,0.0,0.0,0.0,0.0,0.0,0.0,0.0,0.0,0.0,0.0,0.0,0.0,0.0,0.0,0.0,0.0,0.0,0.0,0.0,0.0,1.343657895555457,0.9923476418733185,0.0,1.2280126269061038,0.0,0.0,0.0
19,0.0,0.0,0.0,0.0,0.0,0.0,0.0,0.0,0.0,0.0,0.0,0.0,0.0,0.0,0.0,1.1067262672283575,0.0,-2.38904016391182,0.0,0.0,-0.32754991893241003,0.0,0.0,0.0,0.0,0.0,0.0
20,0.0,0.0,0.0,0.0,0.0,0.0,0.0,0.0,0.0,0.0,0.0,0.0,0.0,0.0,0.0,0.0,0.0,0.0,1.343657895555457,-0.32754991893241003,0.0,-2.868783507105878,0.0,-1.1318241210350581,0.0,0.0,0.0
21,0.0,0.0,0.0,0.0,0.0,0.0,0.0,0.0,0.0,0.0,0.0,0.0,0.0,0.0,0.0,0.0,0.0,0.0,0.9923476418733185,0.0,-2.868783507105878,0.0,-3.3369780485638536,-0.7169921121186019,-1.4172706533507005,0.0,0.0
22,0.0,0.0,0.0,0.0,0.0,0.0,0.0,0.0,0.0,0.0,0.0,0.0,0.0,0.0,0.0,0.0,0.0,0.0,0.0,0.0,0.0,-3.3369780485638536,0.0,-0.551679852943715,-1.2629676262523786,-0.5945780629253468,-1.4727229072018093
23,0.0,0.0,0.0,0.0,0.0,0.0,0.0,0.0,0.0,0.0,0.0,0.0,0.0,0.0,0.0,0.0,0.0,0.0,1.2280126269061038,0.0,-1.1318241210350581,-0.7169921121186019,-0.551679852943715,0.0,0.0,0.0,0.0
24,0.0,0.0,0.0,0.0,0.0,0.0,0.0,0.0,0.0,0.0,0.0,0.0,0.0,0.0,0.0,0.0,0.0,0.0,0.0,0.0,0.0,-1.4172706533507005,-1.2629676262523786,0.0,0.0,-1.665361862832981,-8.294198496975573
25,0.0,0.0,0.0,0.0,0.0,0.0,0.0,0.0,0.0,0.0,0.0,0.0,0.0,0.0,0.0,0.0,0.0,0.0,0.0,0.0,0.0,0.0,-0.5945780629253468,0.0,-1.665361862832981,0.0,-1.9907661199519024
26,0.0,0.0,0.0,0.0,0.0,0.0,0.0,0.0,0.0,0.0,0.0,0.0,0.0,0.0,0.0,0.0,0.0,0.0,0.0,0.0,0.0,0.0,-1.4727229072018093,0.0,-8.294198496975573,-1.9907661199519024,0.0
