,0,1,2,3,4,5,6,7,8,9,10,11,12,13,14,15,16,17,18,19,20,21
0,0.0,-0.9810067421587183,-1.1381099407940427,-1.3167779682693832,0.0,0.0,0.0,0.0,0.0,0.0,0.0,0.0,0.0,0.0,0.0,0.0,0.0,0.0,0.0,0.0,0.0,0.0
1,-0.9810067421587183,0.0,-0.8207296881369373,-0.9701583880474183,-1.264955145666615,0.0,0.0,0.0,0.0,0.0,0.0,0.0,0.0,0.0,0.0,0.0,0.0,0.0,0.0,0.0,0.0,0.0
2,-1.1381099407940427,-0.8207296881369373,0.0,-0.8276175497593979,-1.0982504803878699,0.0,0.0,0.0,0.0,0.0,0.0,0.0,0.0,0.0,0.0,0.0,0.0,0.0,0.0,0.0,0.0,0.0
3,-1.3167779682693832,-0.9701583880474183,-0.8276175497593979,0.0,-0.9369241246719618,0.0,0.0,0.0,0.0,0.0,0.0,0.0,0.0,0.0,0.0,0.0,0.0,0.0,0.0,0.0,0.0,0.0
4,0.0,-1.264955145666615,-1.0982504803878699,-0.9369241246719618,0.0,-0.9535279686098856,-0.9682124954290872,-1.1003701840984956,0.0,0.0,0.0,0.0,0.0,0.0,0.0,0.0,0.0,0.0,0.0,0.0,0.0,0.0
5,0.0,0.0,0.0,0.0,-0.9535279686098856,0.0,-0.7051094894661795,-0.8141904757663349,-0.8334137884025701,0.0,0.0,0.0,0.0,0.0,0.0,0.0,0.0,0.0,0.0,0.0,0.0,0.0
6,0.0,0.0,0.0,0.0,-0.9682124954290872,-0.7051094894661795,0.0,-0.801013022657539,-0.8200354514660224,0.0,0.0,0.0,0.0,0.0,0.0,0.0,0.0,0.0,0.0,0.0,0.0,0.0
7,0.0,0.0,0.0,0.0,-1.1003701840984956,-0.8141904757663349,-0.801013022657539,0.0,-0.710420115210897,0.0,0.0,0.0,0.0,0.0,0.0,0.0,0.0,0.0,0.0,0.0,0.0,0.0
8,0.0,0.0,0.0,0.0,0.0,-0.8334137884025701,-0.8200354514660224,-0.710420115210897,0.0,0.0,-0.8630235790026349,0.0,0.0,0.0,0.0,0.0,0.0,0.0,0.0,0.0,0.0,0.0
9,0.0,0.0,0.0,0.0,0.0,0.0,0.0,0.0,0.0,0.0,-0.6951326056553074,-0.7374150452871869,0.0,-0.8039627529321084,0.0,0.0,0.0,-1.0927531055788269,0.0,0.0,0.0,0.0
10,0.0,0.0,0.0,0.0,0.0,0.0,0.0,0.0,-0.8630235790026349,-0.6951326056553074,0.0,-0.7353476623397145,0.0,-0.8017731833852311,0.0,0.0,0.0,0.0,0.0,0.0,0.0,0.0
11,0.0,0.0,0.0,0.0,0.0,0.0,0.0,0.0,0.0,-0.7374150452871869,-0.7353476623397145,0.0,-0.7309918074833248,-0.7570191433899169,-0.7760921338542438,0.0,0.0,0.0,0.0,0.0,0.0,0.0
12,0.0,0.0,0.0,0.0,0.0,0.0,0.0,0.0,0.0,0.0,0.0,-0.7309918074833248,0.0,-0.7182541389142719,-0.7366671974014142,-0.8020058641427278,0.0,0.0,0.0,0.0,0.0,0.0
13,0.0,0.0,0.0,0.0,0.0,0.0,0.0,0.0,0.0,-0.8039627529321084,-0.8017731833852311,-0.7570191433899169,-0.7182541389142719,0.0,-0.7111187230414775,0.0,0.0,0.0,0.0,0.0,0.0,0.0
14,0.0,0.0,0.0,0.0,0.0,0.0,0.0,0.0,0.0,0.0,0.0,-0.7760921338542438,-0.7366671974014142,-0.7111187230414775,0.0,-0.7558989334897603,0.0,0.0,0.0,0.0,0.0,0.0
15,0.0,0.0,0.0,0.0,0.0,0.0,0.0,0.0,0.0,0.0,0.0,0.0,-0.8020058641427278,0.0,-0.7558989334897603,0.0,-0.8593601604707959,0.0,0.0,0.0,0.0,0.0
16,0.0,0.0,0.0,0.0,0.0,0.0,0.0,0.0,0.0,0.0,0.0,0.0,0.0,0.0,0.0,-0.8593601604707959,0.0,-0.6969840154864966,-0.7407869357548729,-0.8263301550733948,0.0,0.0
17,0.0,0.0,0.0,0.0,0.0,0.0,0.0,0.0,0.0,-1.0927531055788269,0.0,0.0,0.0,0.0,0.0,0.0,-0.6969840154864966,0.0,-0.7367865917456128,0.0,0.0,0.0
18,0.0,0.0,0.0,0.0,0.0,0.0,0.0,0.0,0.0,0.0,0.0,0.0,0.0,0.0,0.0,0.0,-0.7407869357548729,-0.7367865917456128,0.0,-0.7750390603389987,-0.9535495468293735,-1.3624664725606823
19,0.0,0.0,0.0,0.0,0.0,0.0,0.0,0.0,0.0,0.0,0.0,0.0,0.0,0.0,0.0,0.0,-0.8263301550733948,0.0,-0.7750390603389987,0.0,-0.8596685920088104,-1.2476546578195729
20,0.0,0.0,0.0,0.0,0.0,0.0,0.0,0.0,0.0,0.0,0.0,0.0,0.0,0.0,0.0,0.0,0.0,0.0,-0.9535495468293735,-0.8596685920088104,0.0,-1.0374235927670143
21,0.0,0.0,0.0,0.0,0.0,0.0,0.0,0.0,0.0,0.0,0.0,0.0,0.0,0.0,0.0,0.0,0.0,0.0,-1.3624664725606823,-1.2476546578195729,-1.0374235927670143,0.0
