,0,1,2,3,4,5,6,7,8,9,10,11,12,13,14,15,16,17,18,19,20,21,22,23,24,25,26
0,0.0,-1.299744743667568,-1.891861092732792,-2.5274025160018736,0.0,0.0,0.0,0.0,0.0,0.0,0.0,0.0,0.0,0.0,0.0,0.0,0.0,0.0,0.0,0.0,0.0,0.0,0.0,0.0,0.0,0.0,0.0
1,-1.299744743667568,0.0,-1.134798576476357,-1.6710241190812891,-1.9010471203039663,0.0,0.0,0.0,0.0,0.0,0.0,0.0,0.0,0.0,0.0,0.0,0.0,0.0,0.0,0.0,0.0,0.0,0.0,0.0,0.0,0.0,0.0
2,-1.891861092732792,-1.134798576476357,0.0,-1.1137408710009062,-1.3076183010317854,-1.3883854831538207,0.0,0.0,0.0,0.0,0.0,0.0,0.0,0.0,0.0,0.0,0.0,0.0,0.0,0.0,0.0,0.0,0.0,0.0,0.0,0.0,0.0
3,-2.5274025160018736,-1.6710241190812891,-1.1137408710009062,0.0,-0.8409333218182349,-0.9044455105326112,-0.9464043467317882,0.0,0.0,0.0,0.0,0.0,0.0,0.0,0.0,0.0,0.0,0.0,0.0,0.0,0.0,0.0,0.0,0.0,0.0,0.0,0.0
4,0.0,-1.9010471203039663,-1.3076183010317854,-0.8409333218182349,0.0,-0.7491985263387436,-0.7864535228727181,-0.8191785577853464,0.0,0.0,0.0,0.0,0.0,0.0,0.0,0.0,0.0,0.0,0.0,0.0,0.0,0.0,0.0,0.0,0.0,0.0,0.0
5,0.0,0.0,-1.3883854831538207,-0.9044455105326112,-0.7491985263387436,0.0,-0.7285100440565386,-0.7596273769751246,0.0,0.0,0.0,0.0,0.0,0.0,0.0,0.0,0.0,0.0,0.0,0.0,0.0,0.0,0.0,0.0,0.0,0.0,0.0
6,0.0,0.0,0.0,-0.9464043467317882,-0.7864535228727181,-0.7285100440565386,0.0,-0.723235208327928,-0.916920110782698,0.0,0.0,0.0,0.0,0.0,0.0,0.0,0.0,0.0,0.0,0.0,0.0,0.0,0.0,0.0,0.0,0.0,0.0
7,0.0,0.0,0.0,0.0,-0.8191785577853464,-0.7596273769751246,-0.723235208327928,0.0,-0.8817503660138819,0.0,0.0,0.0,0.0,0.0,0.0,0.0,0.0,0.0,0.0,0.0,0.0,0.0,0.0,0.0,0.0,0.0,0.0
8,0.0,0.0,0.0,0.0,0.0,0.0,-0.916920110782698,-0.8817503660138819,0.0,-1.0977073302916236,0.0,0.0,0.0,0.0,0.0,0.0,0.0,0.0,0.0,0.0,0.0,0.0,0.0,0.0,0.0,0.0,0.0
9,0.0,0.0,0.0,0.0,0.0,0.0,0.0,0.0,-1.0977073302916236,0.0,-0.7449941203432913,-0.7517593306110376,-0.7601439388695247,-0.8587181867509355,0.0,0.0,0.0,0.0,0.0,0.0,0.0,0.0,0.0,0.0,0.0,0.0,0.0
10,0.0,0.0,0.0,0.0,0.0,0.0,0.0,0.0,0.0,-0.7449941203432913,0.0,-0.6995880585841704,-0.7075735873678876,-0.8016877453598953,0.0,0.0,0.0,0.0,0.0,0.0,0.0,0.0,0.0,0.0,0.0,0.0,0.0
11,0.0,0.0,0.0,0.0,0.0,0.0,0.0,0.0,0.0,-0.7517593306110376,-0.6995880585841704,0.0,-0.701081969434438,0.0,0.0,0.0,0.0,0.0,0.0,0.0,0.0,0.0,0.0,0.0,0.0,0.0,0.0
12,0.0,0.0,0.0,0.0,0.0,0.0,0.0,0.0,0.0,-0.7601439388695247,-0.7075735873678876,-0.701081969434438,0.0,-0.785992205250556,0.0,0.0,0.0,0.0,0.0,0.0,0.0,0.0,0.0,0.0,0.0,0.0,0.0
13,0.0,0.0,0.0,0.0,0.0,0.0,0.0,0.0,0.0,-0.8587181867509355,-0.8016877453598953,0.0,-0.785992205250556,0.0,0.0,0.0,0.0,-0.799369371502048,0.0,0.0,0.0,0.0,0.0,0.0,0.0,0.0,0.0
14,0.0,0.0,0.0,0.0,0.0,0.0,0.0,0.0,0.0,0.0,0.0,0.0,0.0,0.0,0.0,-0.7069611895166583,-0.7361759208140445,0.0,-0.843100216263513,0.0,0.0,-0.9482798150906947,0.0,0.0,0.0,0.0,0.0
15,0.0,0.0,0.0,0.0,0.0,0.0,0.0,0.0,0.0,0.0,0.0,0.0,0.0,0.0,-0.7069611895166583,0.0,-0.7219721817292928,0.0,-0.8275622124128159,0.0,0.0,0.0,0.0,0.0,0.0,0.0,0.0
16,0.0,0.0,0.0,0.0,0.0,0.0,0.0,0.0,0.0,0.0,0.0,0.0,0.0,0.0,-0.7361759208140445,-0.7219721817292928,0.0,-0.6959220098558329,-0.7959648152327957,-0.8294409020757987,0.0,0.0,0.0,0.0,0.0,0.0,0.0
17,0.0,0.0,0.0,0.0,0.0,0.0,0.0,0.0,0.0,0.0,0.0,0.0,0.0,-0.799369371502048,0.0,0.0,-0.6959220098558329,0.0,0.0,-0.826320627609843,0.0,0.0,0.0,-0.9916544897663219,0.0,0.0,0.0
18,0.0,0.0,0.0,0.0,0.0,0.0,0.0,0.0,0.0,0.0,0.0,0.0,0.0,0.0,-0.843100216263513,-0.8275622124128159,-0.7959648152327957,0.0,0.0,-0.7236885375132511,0.0,-0.7860485363813502,0.0,0.0,0.0,0.0,0.0
19,0.0,0.0,0.0,0.0,0.0,0.0,0.0,0.0,0.0,0.0,0.0,0.0,0.0,0.0,0.0,0.0,-0.8294409020757987,-0.826320627609843,-0.7236885375132511,0.0,-0.7225041876270496,0.0,0.0,-0.8414422852695809,0.0,0.0,0.0
20,0.0,0.0,0.0,0.0,0.0,0.0,0.0,0.0,0.0,0.0,0.0,0.0,0.0,0.0,0.0,0.0,0.0,0.0,0.0,-0.7225041876270496,0.0,-0.7235181763003122,-0.7542640715911586,-0.8089273514601973,-0.8230485753623195,0.0,0.0
21,0.0,0.0,0.0,0.0,0.0,0.0,0.0,0.0,0.0,0.0,0.0,0.0,0.0,0.0,-0.9482798150906947,0.0,0.0,0.0,-0.7860485363813502,0.0,-0.7235181763003122,0.0,0.0,0.0,0.0,0.0,0.0
22,0.0,0.0,0.0,0.0,0.0,0.0,0.0,0.0,0.0,0.0,0.0,0.0,0.0,0.0,0.0,0.0,0.0,0.0,0.0,0.0,-0.7542640715911586,0.0,0.0,0.0,-0.7582043965685034,-0.9308515145708501,-0.9735199120005754
23,0.0,0.0,0.0,0.0,0.0,0.0,0.0,0.0,0.0,0.0,0.0,0.0,0.0,0.0,0.0,0.0,0.0,-0.9916544897663219,0.0,-0.8414422852695809,-0.8089273514601973,0.0,0.0,0.0,0.0,0.0,0.0
24,0.0,0.0,0.0,0.0,0.0,0.0,0.0,0.0,0.0,0.0,0.0,0.0,0.0,0.0,0.0,0.0,0.0,0.0,0.0,0.0,-0.8230485753623195,0.0,-0.7582043965685034,0.0,0.0,-0.8563542450025133,-0.8969180480362077
25,0.0,0.0,0.0,0.0,0.0,0.0,0.0,0.0,0.0,0.0,0.0,0.0,0.0,0.0,0.0,0.0,0.0,0.0,0.0,0.0,0.0,0.0,-0.9308515145708501,0.0,-0.8563542450025133,0.0,-0.7284947791939955
26,0.0,0.0,0.0,0.0,0.0,0.0,0.0,0.0,0.0,0.0,0.0,0.0,0.0,0.0,0.0,0.0,0.0,0.0,0.0,0.0,0.0,0.0,-0.9735199120005754,0.0,-0.8969180480362077,-0.7284947791939955,0.0
