,0,1,2,3,4,5,6,7,8,9,10,11,12,13,14,15,16,17,18,19
0,0.0,-2.9102767153672993,-3.3962113084738315,-3.6169828554093217,0.0,0.0,0.0,0.0,0.0,0.0,0.0,0.0,0.0,0.0,0.0,0.0,0.0,0.0,0.0,0.0
1,-2.9102767153672993,0.0,-0.9789770471018534,-1.1270288890200684,-1.5442930719602275,0.0,0.0,0.0,0.0,0.0,0.0,0.0,0.0,0.0,0.0,0.0,0.0,0.0,0.0,0.0
2,-3.3962113084738315,-0.9789770471018534,0.0,-0.8134165155467916,-1.168561263945154,0.0,-1.2920903615223809,0.0,0.0,0.0,0.0,0.0,0.0,0.0,0.0,0.0,0.0,0.0,0.0,0.0
3,-3.6169828554093217,-1.1270288890200684,-0.8134165155467916,0.0,-1.0173932417110603,0.0,-1.1323332339111356,0.0,0.0,0.0,0.0,0.0,0.0,0.0,0.0,0.0,0.0,0.0,0.0,0.0
4,0.0,-1.5442930719602275,-1.168561263945154,-1.0173932417110603,0.0,-0.7594627964633935,-0.7842576342040222,0.0,-0.8266005600548153,0.0,0.0,0.0,0.0,0.0,0.0,0.0,0.0,0.0,0.0,0.0
5,0.0,0.0,0.0,0.0,-0.7594627964633935,0.0,-0.7164642870555435,-0.7234877491872698,-0.7563620411708383,0.0,0.0,0.0,0.0,0.0,0.0,0.0,0.0,0.0,0.0,0.0
6,0.0,0.0,-1.2920903615223809,-1.1323332339111356,-0.7842576342040222,-0.7164642870555435,0.0,-0.7000129590064379,-0.7321634181043627,0.0,0.0,0.0,0.0,0.0,0.0,0.0,0.0,0.0,0.0,0.0
7,0.0,0.0,0.0,0.0,0.0,-0.7234877491872698,-0.7000129590064379,0.0,-0.7250826044815694,0.0,0.0,0.0,0.0,0.0,0.0,0.0,0.0,0.0,0.0,0.0
8,0.0,0.0,0.0,0.0,-0.8266005600548153,-0.7563620411708383,-0.7321634181043627,-0.7250826044815694,0.0,-0.8347153850994141,0.0,0.0,0.0,0.0,0.0,0.0,0.0,0.0,0.0,0.0
9,0.0,0.0,0.0,0.0,0.0,0.0,0.0,0.0,-0.8347153850994141,0.0,-0.8173850857646248,-0.8835689574065829,0.0,0.0,0.0,0.0,0.0,0.0,0.0,0.0
10,0.0,0.0,0.0,0.0,0.0,0.0,0.0,0.0,0.0,-0.8173850857646248,0.0,-0.7526092321970828,-0.7816792996632012,-0.8985920344059845,0.0,0.0,0.0,0.0,0.0,0.0
11,0.0,0.0,0.0,0.0,0.0,0.0,0.0,0.0,0.0,-0.8835689574065829,-0.7526092321970828,0.0,-0.7206522774098153,0.0,-0.8456406070867748,0.0,0.0,0.0,0.0,0.0
12,0.0,0.0,0.0,0.0,0.0,0.0,0.0,0.0,0.0,0.0,-0.7816792996632012,-0.7206522774098153,0.0,0.0,-0.8150272691261807,-0.8298562639402977,0.0,0.0,0.0,0.0
13,0.0,0.0,0.0,0.0,0.0,0.0,0.0,0.0,0.0,0.0,-0.8985920344059845,0.0,0.0,0.0,-0.7055102633778663,-0.7189854352034755,0.0,0.0,0.0,0.0
14,0.0,0.0,0.0,0.0,0.0,0.0,0.0,0.0,0.0,0.0,0.0,-0.8456406070867748,-0.8150272691261807,-0.7055102633778663,0.0,-0.7064598768158683,0.0,0.0,0.0,0.0
15,0.0,0.0,0.0,0.0,0.0,0.0,0.0,0.0,0.0,0.0,0.0,0.0,-0.8298562639402977,-0.7189854352034755,-0.7064598768158683,0.0,-0.9573067420560272,0.0,0.0,0.0
16,0.0,0.0,0.0,0.0,0.0,0.0,0.0,0.0,0.0,0.0,0.0,0.0,0.0,0.0,0.0,-0.9573067420560272,0.0,-0.7231538663478596,-0.793785285508221,-0.7986111948984904
17,0.0,0.0,0.0,0.0,0.0,0.0,0.0,0.0,0.0,0.0,0.0,0.0,0.0,0.0,0.0,0.0,-0.7231538663478596,0.0,-0.7618186600516239,-0.7665155062434176
18,0.0,0.0,0.0,0.0,0.0,0.0,0.0,0.0,0.0,0.0,0.0,0.0,0.0,0.0,0.0,0.0,-0.793785285508221,-0.7618186600516239,0.0,-0.6975523555691908
19,0.0,0.0,0.0,0.0,0.0,0.0,0.0,0.0,0.0,0.0,0.0,0.0,0.0,0.0,0.0,0.0,-0.7986111948984904,-0.7665155062434176,-0.6975523555691908,0.0
