,0,1,2,3,4,5,6,7,8,9,10,11,12,13,14,15,16,17,18,19,20
0,0.0,-2.010269639884785,-2.063786892149119,-2.3011106949228917,0.0,0.0,0.0,0.0,0.0,0.0,0.0,0.0,0.0,0.0,0.0,0.0,0.0,0.0,0.0,0.0,0.0
1,-2.010269639884785,0.0,-0.7243930386702744,-0.8711935784091299,-1.0128268767647357,0.0,0.0,0.0,0.0,0.0,0.0,0.0,0.0,0.0,0.0,0.0,0.0,0.0,0.0,0.0,0.0
2,-2.063786892149119,-0.7243930386702744,0.0,-0.8358645921443486,-0.9740749356545335,0.0,0.0,0.0,0.0,0.0,0.0,0.0,0.0,0.0,0.0,0.0,0.0,0.0,0.0,0.0,0.0
3,-2.3011106949228917,-0.8711935784091299,-0.8358645921443486,0.0,-0.8160885428097807,0.0,0.0,0.0,0.0,0.0,0.0,0.0,0.0,0.0,0.0,0.0,0.0,0.0,0.0,0.0,0.0
4,0.0,-1.0128268767647357,-0.9740749356545335,-0.8160885428097807,0.0,-0.8791544182629187,-1.0190742514381106,0.0,0.0,0.0,0.0,0.0,0.0,0.0,0.0,0.0,0.0,0.0,0.0,0.0,0.0
5,0.0,0.0,0.0,0.0,-0.8791544182629187,0.0,-0.8139387489122545,-0.8508069045397073,0.0,0.0,0.0,0.0,0.0,0.0,0.0,0.0,0.0,0.0,0.0,0.0,0.0
6,0.0,0.0,0.0,0.0,-1.0190742514381106,-0.8139387489122545,0.0,-0.7263107004467121,-1.3312036700349745,0.0,0.0,0.0,0.0,0.0,0.0,0.0,0.0,0.0,0.0,0.0,0.0
7,0.0,0.0,0.0,0.0,0.0,-0.8508069045397073,-0.7263107004467121,0.0,-1.2835990737714238,0.0,0.0,0.0,0.0,0.0,0.0,0.0,0.0,0.0,0.0,0.0,0.0
8,0.0,0.0,0.0,0.0,0.0,0.0,-1.3312036700349745,-1.2835990737714238,0.0,-0.7181317979613341,-0.9405730863177242,0.0,-1.0659389699064101,0.0,0.0,0.0,0.0,0.0,0.0,0.0,0.0
9,0.0,0.0,0.0,0.0,0.0,0.0,0.0,0.0,-0.7181317979613341,0.0,-0.9107742553842693,0.0,-1.0338550915594809,0.0,0.0,0.0,0.0,0.0,0.0,0.0,0.0
10,0.0,0.0,0.0,0.0,0.0,0.0,0.0,0.0,-0.9405730863177242,-0.9107742553842693,0.0,-0.7500617662859805,-0.7971021914711803,0.0,0.0,0.0,-1.1145724408924589,0.0,0.0,0.0,0.0
11,0.0,0.0,0.0,0.0,0.0,0.0,0.0,0.0,0.0,0.0,-0.7500617662859805,0.0,-0.73777571721483,0.0,0.0,0.0,-1.0415143717200939,0.0,0.0,0.0,0.0
12,0.0,0.0,0.0,0.0,0.0,0.0,0.0,0.0,-1.0659389699064101,-1.0338550915594809,-0.7971021914711803,-0.73777571721483,0.0,-0.8459590361906358,-0.8947720939822673,-0.9713075404686079,0.0,0.0,0.0,0.0,0.0
13,0.0,0.0,0.0,0.0,0.0,0.0,0.0,0.0,0.0,0.0,0.0,0.0,-0.8459590361906358,0.0,-0.7360295075043013,-0.8037650777914622,0.0,0.0,0.0,0.0,0.0
14,0.0,0.0,0.0,0.0,0.0,0.0,0.0,0.0,0.0,0.0,0.0,0.0,-0.8947720939822673,-0.7360295075043013,0.0,0.0,-0.7707098849221659,-0.9225411038228758,-0.9857477164863654,0.0,0.0
15,0.0,0.0,0.0,0.0,0.0,0.0,0.0,0.0,0.0,0.0,0.0,0.0,-0.9713075404686079,-0.8037650777914622,0.0,0.0,0.0,0.0,-0.9085172997101268,-1.0222791117032302,0.0
16,0.0,0.0,0.0,0.0,0.0,0.0,0.0,0.0,0.0,0.0,-1.1145724408924589,-1.0415143717200939,0.0,0.0,-0.7707098849221659,0.0,0.0,-0.8351473162417737,-0.8946564786323481,0.0,0.0
17,0.0,0.0,0.0,0.0,0.0,0.0,0.0,0.0,0.0,0.0,0.0,0.0,0.0,0.0,-0.9225411038228758,0.0,-0.8351473162417737,0.0,-0.7458795645763037,0.0,-0.9368530264358834
18,0.0,0.0,0.0,0.0,0.0,0.0,0.0,0.0,0.0,0.0,0.0,0.0,0.0,0.0,-0.9857477164863654,-0.9085172997101268,-0.8946564786323481,-0.7458795645763037,0.0,-0.7893019333267373,-0.875590871599074
19,0.0,0.0,0.0,0.0,0.0,0.0,0.0,0.0,0.0,0.0,0.0,0.0,0.0,0.0,0.0,-1.0222791117032302,0.0,0.0,-0.7893019333267373,0.0,-0.7724693933170287
20,0.0,0.0,0.0,0.0,0.0,0.0,0.0,0.0,0.0,0.0,0.0,0.0,0.0,0.0,0.0,0.0,0.0,-0.9368530264358834,-0.875590871599074,-0.7724693933170287,0.0
