,0,1,2,3,4,5,6,7,8,9,10,11,12,13,14,15,16,17,18,19,20,21
0,0.0,-2.101769027809943,-2.154897491548081,-2.336287994629239,0.0,0.0,0.0,0.0,0.0,0.0,0.0,0.0,0.0,0.0,0.0,0.0,0.0,0.0,0.0,0.0,0.0,0.0
1,-2.101769027809943,0.0,-0.7237559370791512,-0.8333906921774347,-0.9139781254164199,0.0,0.0,0.0,0.0,0.0,0.0,0.0,0.0,0.0,0.0,0.0,0.0,0.0,0.0,0.0,0.0,0.0
2,-2.154897491548081,-0.7237559370791512,0.0,-0.799738688906111,-0.8782874205202361,0.0,0.0,0.0,0.0,0.0,0.0,0.0,0.0,0.0,0.0,0.0,0.0,0.0,0.0,0.0,0.0,0.0
3,-2.336287994629239,-0.8333906921774347,-0.799738688906111,0.0,-0.7647351412580862,-0.8128211994213869,-0.8227177813485403,0.0,0.0,0.0,0.0,0.0,0.0,0.0,0.0,0.0,0.0,0.0,0.0,0.0,0.0,0.0
4,0.0,-0.9139781254164199,-0.8782874205202361,-0.7647351412580862,0.0,-0.73819477537143,-0.7474828282632779,0.0,0.0,0.0,0.0,0.0,0.0,0.0,0.0,0.0,0.0,0.0,0.0,0.0,0.0,0.0
5,0.0,0.0,0.0,-0.8128211994213869,-0.73819477537143,0.0,-0.7020451118744591,-0.7816184729549737,0.0,0.0,0.0,0.0,0.0,0.0,0.0,0.0,0.0,0.0,0.0,0.0,0.0,0.0
6,0.0,0.0,0.0,-0.8227177813485403,-0.7474828282632779,-0.7020451118744591,0.0,-0.7720486842422546,0.0,0.0,0.0,0.0,0.0,0.0,0.0,0.0,0.0,0.0,0.0,0.0,0.0,0.0
7,0.0,0.0,0.0,0.0,0.0,-0.7816184729549737,-0.7720486842422546,0.0,-0.8063303240072953,0.0,0.0,0.0,0.0,0.0,0.0,0.0,0.0,0.0,0.0,0.0,0.0,0.0
8,0.0,0.0,0.0,0.0,0.0,0.0,0.0,-0.8063303240072953,0.0,-0.7732536374365631,-0.7817002970271673,-0.8031693663512415,0.0,0.0,0.0,0.0,0.0,0.0,0.0,0.0,0.0,0.0
9,0.0,0.0,0.0,0.0,0.0,0.0,0.0,0.0,-0.7732536374365631,0.0,-0.7009924406980693,-0.7209540003907774,0.0,0.0,0.0,0.0,0.0,0.0,0.0,0.0,0.0,0.0
10,0.0,0.0,0.0,0.0,0.0,0.0,0.0,0.0,-0.7817002970271673,-0.7009924406980693,0.0,-0.7129554817357089,-0.8563367185337379,0.0,0.0,0.0,0.0,0.0,0.0,0.0,0.0,0.0
11,0.0,0.0,0.0,0.0,0.0,0.0,0.0,0.0,-0.8031693663512415,-0.7209540003907774,-0.7129554817357089,0.0,-0.8339556206991228,-0.8640866876761927,0.0,0.0,0.0,0.0,0.0,0.0,0.0,0.0
12,0.0,0.0,0.0,0.0,0.0,0.0,0.0,0.0,0.0,0.0,-0.8563367185337379,-0.8339556206991228,0.0,-0.7198263820826837,0.0,0.0,0.0,0.0,0.0,0.0,0.0,0.0
13,0.0,0.0,0.0,0.0,0.0,0.0,0.0,0.0,0.0,0.0,0.0,-0.8640866876761927,-0.7198263820826837,0.0,0.0,-0.9711965138307428,0.0,0.0,0.0,0.0,0.0,0.0
14,0.0,0.0,0.0,0.0,0.0,0.0,0.0,0.0,0.0,0.0,0.0,0.0,0.0,0.0,0.0,-0.7019884475861732,-0.9127352010128842,-1.1562687218554173,0.0,0.0,0.0,0.0
15,0.0,0.0,0.0,0.0,0.0,0.0,0.0,0.0,0.0,0.0,0.0,0.0,0.0,-0.9711965138307428,-0.7019884475861732,0.0,-0.9022345323719764,0.0,-1.1524299204874777,0.0,0.0,0.0
16,0.0,0.0,0.0,0.0,0.0,0.0,0.0,0.0,0.0,0.0,0.0,0.0,0.0,0.0,-0.9127352010128842,-0.9022345323719764,0.0,-0.9004359911737634,-0.9075759273426726,-1.0831457429725977,0.0,0.0
17,0.0,0.0,0.0,0.0,0.0,0.0,0.0,0.0,0.0,0.0,0.0,0.0,0.0,0.0,-1.1562687218554173,0.0,-0.9004359911737634,0.0,-0.6991645812455122,-0.8491708913773222,0.0,0.0
18,0.0,0.0,0.0,0.0,0.0,0.0,0.0,0.0,0.0,0.0,0.0,0.0,0.0,0.0,0.0,-1.1524299204874777,-0.9075759273426726,-0.6991645812455122,0.0,-0.8423224374242658,-1.2990031649326799,-1.3001727259825697
19,0.0,0.0,0.0,0.0,0.0,0.0,0.0,0.0,0.0,0.0,0.0,0.0,0.0,0.0,0.0,0.0,-1.0831457429725977,-0.8491708913773222,-0.8423224374242658,0.0,-1.104179028249833,-1.105254265188859
20,0.0,0.0,0.0,0.0,0.0,0.0,0.0,0.0,0.0,0.0,0.0,0.0,0.0,0.0,0.0,0.0,0.0,0.0,-1.2990031649326799,-1.104179028249833,0.0,-0.6939514850750633
21,0.0,0.0,0.0,0.0,0.0,0.0,0.0,0.0,0.0,0.0,0.0,0.0,0.0,0.0,0.0,0.0,0.0,0.0,-1.3001727259825697,-1.105254265188859,-0.6939514850750633,0.0
