,0,1,2,3,4,5,6,7,8,9,10,11,12,13,14,15,16,17,18
0,0.0,-0.7051584451301797,-0.7177474906109265,-0.798337581539112,0.0,0.0,0.0,0.0,0.0,0.0,0.0,0.0,0.0,0.0,0.0,0.0,0.0,0.0,0.0
1,-0.7051584451301797,0.0,-0.705588613700628,-0.7852760520731019,0.0,0.0,0.0,0.0,0.0,0.0,0.0,0.0,0.0,0.0,0.0,0.0,0.0,0.0,0.0
2,-0.7177474906109265,-0.705588613700628,0.0,-0.7718986987354577,0.0,0.0,0.0,0.0,0.0,0.0,0.0,0.0,0.0,0.0,0.0,0.0,0.0,0.0,0.0
3,-0.798337581539112,-0.7852760520731019,-0.7718986987354577,0.0,0.0,0.0,0.0,0.0,0.0,0.0,0.0,0.0,0.0,0.0,0.0,0.0,0.0,0.0,0.0
4,0.0,0.0,0.0,0.0,0.0,-0.9392599269083454,-1.1279450904641517,-1.1380536241704424,0.0,0.0,0.0,0.0,0.0,0.0,0.0,0.0,0.0,0.0,0.0
5,0.0,0.0,0.0,0.0,-0.9392599269083454,0.0,-0.8505525097968482,-0.8591209411950418,-0.8948196095823147,0.0,0.0,0.0,0.0,0.0,0.0,0.0,0.0,0.0,0.0
6,0.0,0.0,0.0,0.0,-1.1279450904641517,-0.8505525097968482,0.0,-0.700630395980028,-0.7318942601872298,0.0,0.0,0.0,0.0,0.0,0.0,0.0,0.0,0.0,0.0
7,0.0,0.0,0.0,0.0,-1.1380536241704424,-0.8591209411950418,-0.700630395980028,0.0,-0.7241832417519373,-0.9320760618285998,0.0,0.0,0.0,0.0,0.0,0.0,0.0,0.0,0.0
8,0.0,0.0,0.0,0.0,0.0,-0.8948196095823147,-0.7318942601872298,-0.7241832417519373,0.0,-0.895458370931247,0.0,0.0,0.0,0.0,0.0,0.0,0.0,0.0,0.0
9,0.0,0.0,0.0,0.0,0.0,0.0,0.0,-0.9320760618285998,-0.895458370931247,0.0,-1.1780007433605255,0.0,0.0,0.0,0.0,0.0,0.0,0.0,0.0
10,0.0,0.0,0.0,0.0,0.0,0.0,0.0,0.0,0.0,-1.1780007433605255,0.0,-0.9339921920739876,-0.9474999200706303,-1.1040001588975064,0.0,0.0,0.0,0.0,0.0
11,0.0,0.0,0.0,0.0,0.0,0.0,0.0,0.0,0.0,0.0,-0.9339921920739876,0.0,-0.7042866844133173,-0.8352048259212089,-0.9345172110025391,0.0,0.0,0.0,0.0
12,0.0,0.0,0.0,0.0,0.0,0.0,0.0,0.0,0.0,0.0,-0.9474999200706303,-0.7042866844133173,0.0,-0.822719963073126,-0.9211220031021705,0.0,0.0,0.0,0.0
13,0.0,0.0,0.0,0.0,0.0,0.0,0.0,0.0,0.0,0.0,-1.1040001588975064,-0.8352048259212089,-0.822719963073126,0.0,-0.7813422552447193,-0.8382673248757242,0.0,0.0,0.0
14,0.0,0.0,0.0,0.0,0.0,0.0,0.0,0.0,0.0,0.0,0.0,-0.9345172110025391,-0.9211220031021705,-0.7813422552447193,0.0,-0.7457553172552679,-1.0024713112812376,0.0,0.0
15,0.0,0.0,0.0,0.0,0.0,0.0,0.0,0.0,0.0,0.0,0.0,0.0,0.0,-0.8382673248757242,-0.7457553172552679,0.0,-0.9387642340293489,-1.6663115335319945,-1.7741531903077934
16,0.0,0.0,0.0,0.0,0.0,0.0,0.0,0.0,0.0,0.0,0.0,0.0,0.0,0.0,-1.0024713112812376,-0.9387642340293489,0.0,-1.3236990426312556,-1.421761520230303
17,0.0,0.0,0.0,0.0,0.0,0.0,0.0,0.0,0.0,0.0,0.0,0.0,0.0,0.0,0.0,-1.6663115335319945,-1.3236990426312556,0.0,-0.7609921002721095
18,0.0,0.0,0.0,0.0,0.0,0.0,0.0,0.0,0.0,0.0,0.0,0.0,0.0,0.0,0.0,-1.7741531903077934,-1.421761520230303,-0.7609921002721095,0.0
