,0,1,2,3,4,5,6,7,8,9,10,11,12,13,14,15,16,17,18,19,20,21,22,23,24
0,0.0,-0.7828229339519706,-0.8775008545034041,-1.1945173394515414,0.0,0.0,0.0,0.0,0.0,0.0,0.0,0.0,0.0,0.0,0.0,0.0,0.0,0.0,0.0,0.0,0.0,0.0,0.0,0.0,0.0
1,-0.7828229339519706,0.0,-0.7806634203011066,-1.0778205100656493,0.0,0.0,0.0,0.0,0.0,0.0,0.0,0.0,0.0,0.0,0.0,0.0,0.0,0.0,0.0,0.0,0.0,0.0,0.0,0.0,0.0
2,-0.8775008545034041,-0.7806634203011066,0.0,-0.970227956942245,-1.019072059360109,0.0,0.0,0.0,0.0,0.0,0.0,0.0,0.0,0.0,0.0,0.0,0.0,0.0,0.0,0.0,0.0,0.0,0.0,0.0,0.0
3,-1.1945173394515414,-1.0778205100656493,-0.970227956942245,0.0,-0.7326592278624338,-0.818837820997689,-1.0040396888357352,0.0,0.0,0.0,0.0,0.0,0.0,0.0,0.0,0.0,0.0,0.0,0.0,0.0,0.0,0.0,0.0,0.0,0.0
4,0.0,0.0,-1.019072059360109,-0.7326592278624338,0.0,-0.7762414479732309,-0.9556236797856108,0.0,0.0,0.0,0.0,0.0,0.0,0.0,0.0,0.0,0.0,0.0,0.0,0.0,0.0,0.0,0.0,0.0,0.0
5,0.0,0.0,0.0,-0.818837820997689,-0.7762414479732309,0.0,-0.8603285432947487,0.0,0.0,0.0,0.0,0.0,0.0,0.0,0.0,0.0,0.0,0.0,0.0,0.0,0.0,0.0,0.0,0.0,0.0
6,0.0,0.0,0.0,-1.0040396888357352,-0.9556236797856108,-0.8603285432947487,0.0,-0.7274656776342787,-0.8351952731815533,-0.8463012075292519,0.0,0.0,0.0,0.0,0.0,0.0,0.0,0.0,0.0,0.0,0.0,0.0,0.0,0.0,0.0
7,0.0,0.0,0.0,0.0,0.0,0.0,-0.7274656776342787,0.0,-0.7975381772381885,-0.8083193479188691,-0.8693611670881263,0.0,0.0,0.0,0.0,0.0,0.0,0.0,0.0,0.0,0.0,0.0,0.0,0.0,0.0
8,0.0,0.0,0.0,0.0,0.0,0.0,-0.8351952731815533,-0.7975381772381885,0.0,-0.7029607840431662,-0.7587001987198593,0.0,0.0,0.0,0.0,0.0,0.0,0.0,0.0,0.0,0.0,0.0,0.0,0.0,0.0
9,0.0,0.0,0.0,0.0,0.0,0.0,-0.8463012075292519,-0.8083193479188691,-0.7029607840431662,0.0,-0.7483621410945953,0.0,0.0,0.0,0.0,0.0,0.0,0.0,0.0,0.0,0.0,0.0,0.0,0.0,0.0
10,0.0,0.0,0.0,0.0,0.0,0.0,0.0,-0.8693611670881263,-0.7587001987198593,-0.7483621410945953,0.0,0.0,0.0,0.0,0.0,0.0,0.0,0.0,0.0,0.0,0.0,0.0,0.0,0.0,0.0
11,0.0,0.0,0.0,0.0,0.0,0.0,0.0,0.0,0.0,0.0,0.0,0.0,-0.7238164376356546,-0.7618296047066068,-0.8003552308592055,-0.8281320652869638,0.0,0.0,0.0,0.0,0.0,0.0,0.0,0.0,0.0
12,0.0,0.0,0.0,0.0,0.0,0.0,0.0,0.0,0.0,0.0,0.0,-0.7238164376356546,0.0,-0.7300661878791219,-0.7675233829573952,0.0,0.0,0.0,0.0,0.0,0.0,0.0,0.0,0.0,0.0
13,0.0,0.0,0.0,0.0,0.0,0.0,0.0,0.0,0.0,0.0,0.0,-0.7618296047066068,-0.7300661878791219,0.0,-0.7293176044306015,-0.7554484766543158,0.0,0.0,0.0,0.0,0.0,0.0,0.0,0.0,0.0
14,0.0,0.0,0.0,0.0,0.0,0.0,0.0,0.0,0.0,0.0,0.0,-0.8003552308592055,-0.7675233829573952,-0.7293176044306015,0.0,-0.7183928414199096,-0.8642048123884256,0.0,0.0,0.0,0.0,0.0,0.0,0.0,0.0
15,0.0,0.0,0.0,0.0,0.0,0.0,0.0,0.0,0.0,0.0,0.0,-0.8281320652869638,0.0,-0.7554484766543158,-0.7183928414199096,0.0,-0.8356535158856611,0.0,0.0,0.0,0.0,0.0,0.0,0.0,0.0
16,0.0,0.0,0.0,0.0,0.0,0.0,0.0,0.0,0.0,0.0,0.0,0.0,0.0,0.0,-0.8642048123884256,-0.8356535158856611,0.0,-0.9671333756489775,0.0,0.0,0.0,0.0,0.0,0.0,0.0
17,0.0,0.0,0.0,0.0,0.0,0.0,0.0,0.0,0.0,0.0,0.0,0.0,0.0,0.0,0.0,0.0,-0.9671333756489775,0.0,-0.7070710458226848,-0.7312523746102064,-0.7586508027284444,0.0,0.0,0.0,0.0
18,0.0,0.0,0.0,0.0,0.0,0.0,0.0,0.0,0.0,0.0,0.0,0.0,0.0,0.0,0.0,0.0,0.0,-0.7070710458226848,0.0,-0.7170026078334117,-0.7440410517827811,-0.7907461090229766,0.0,0.0,0.0
19,0.0,0.0,0.0,0.0,0.0,0.0,0.0,0.0,0.0,0.0,0.0,0.0,0.0,0.0,0.0,0.0,0.0,-0.7312523746102064,-0.7170026078334117,0.0,-0.719571076920783,-0.7652521185542397,0.0,0.0,0.0
20,0.0,0.0,0.0,0.0,0.0,0.0,0.0,0.0,0.0,0.0,0.0,0.0,0.0,0.0,0.0,0.0,0.0,-0.7586508027284444,-0.7440410517827811,-0.719571076920783,0.0,-0.7376927092100992,0.0,-0.8749034235893508,0.0
21,0.0,0.0,0.0,0.0,0.0,0.0,0.0,0.0,0.0,0.0,0.0,0.0,0.0,0.0,0.0,0.0,0.0,0.0,-0.7907461090229766,-0.7652521185542397,-0.7376927092100992,0.0,-0.8070112404422238,-0.8249907289811708,-1.2077084386510921
22,0.0,0.0,0.0,0.0,0.0,0.0,0.0,0.0,0.0,0.0,0.0,0.0,0.0,0.0,0.0,0.0,0.0,0.0,0.0,0.0,0.0,-0.8070112404422238,0.0,-0.7093938225018572,-1.0612402119049915
23,0.0,0.0,0.0,0.0,0.0,0.0,0.0,0.0,0.0,0.0,0.0,0.0,0.0,0.0,0.0,0.0,0.0,0.0,0.0,0.0,-0.8749034235893508,-0.8249907289811708,-0.7093938225018572,0.0,-1.0402782687413543
24,0.0,0.0,0.0,0.0,0.0,0.0,0.0,0.0,0.0,0.0,0.0,0.0,0.0,0.0,0.0,0.0,0.0,0.0,0.0,0.0,0.0,-1.2077084386510921,-1.0612402119049915,-1.0402782687413543,0.0
