,0,1,2,3,4,5,6,7,8,9,10,11,12,13,14,15,16,17
0,0.0,-1.53575754655989,-1.624299292146156,-1.7886492704677273,0.0,0.0,0.0,0.0,0.0,0.0,0.0,0.0,0.0,0.0,0.0,0.0,0.0,0.0
1,-1.53575754655989,0.0,-0.7504628496042226,-0.8614920621946814,-0.9204132230186763,0.0,0.0,0.0,0.0,0.0,0.0,0.0,0.0,0.0,0.0,0.0,0.0,0.0
2,-1.624299292146156,-0.7504628496042226,0.0,-0.7986160428056537,-0.8548165683509461,0.0,0.0,0.0,0.0,0.0,0.0,0.0,0.0,0.0,0.0,0.0,0.0,0.0
3,-1.7886492704677273,-0.8614920621946814,-0.7986160428056537,0.0,-0.744362675184093,-0.8588225728980078,0.0,0.0,0.0,0.0,0.0,0.0,0.0,0.0,0.0,0.0,0.0,0.0
4,0.0,-0.9204132230186763,-0.8548165683509461,-0.744362675184093,0.0,-0.8024509500162013,0.0,0.0,0.0,0.0,0.0,0.0,0.0,0.0,0.0,0.0,0.0,0.0
5,0.0,0.0,0.0,-0.8588225728980078,-0.8024509500162013,0.0,-0.9836248510213638,0.0,0.0,0.0,0.0,0.0,0.0,0.0,0.0,0.0,0.0,0.0
6,0.0,0.0,0.0,0.0,0.0,-0.9836248510213638,0.0,-0.8145339724485356,-0.9237436481331858,-0.9301095183127389,0.0,0.0,0.0,0.0,0.0,0.0,0.0,0.0
7,0.0,0.0,0.0,0.0,0.0,0.0,-0.8145339724485356,0.0,-0.7916871888931395,-0.7974630174747822,-0.8683573182648058,0.0,0.0,0.0,0.0,0.0,0.0,0.0
8,0.0,0.0,0.0,0.0,0.0,0.0,-0.9237436481331858,-0.7916871888931395,0.0,-0.6984288070484906,-0.7634654782034482,-0.7766342556118403,0.0,0.0,0.0,0.0,0.0,0.0
9,0.0,0.0,0.0,0.0,0.0,0.0,-0.9301095183127389,-0.7974630174747822,-0.6984288070484906,0.0,-0.7578538444235842,-0.7709583618192415,0.0,0.0,0.0,0.0,0.0,0.0
10,0.0,0.0,0.0,0.0,0.0,0.0,0.0,-0.8683573182648058,-0.7634654782034482,-0.7578538444235842,0.0,-0.7054837605688196,0.0,0.0,0.0,0.0,0.0,0.0
11,0.0,0.0,0.0,0.0,0.0,0.0,0.0,0.0,-0.7766342556118403,-0.7709583618192415,-0.7054837605688196,0.0,0.0,0.0,0.0,0.0,0.0,0.0
12,0.0,0.0,0.0,0.0,0.0,0.0,0.0,0.0,0.0,0.0,0.0,0.0,0.0,-0.704421182639978,-0.7416320841131161,-0.7923406016235948,0.0,0.0
13,0.0,0.0,0.0,0.0,0.0,0.0,0.0,0.0,0.0,0.0,0.0,0.0,-0.704421182639978,0.0,-0.7299530460636081,-0.7801330732505402,0.0,0.0
14,0.0,0.0,0.0,0.0,0.0,0.0,0.0,0.0,0.0,0.0,0.0,0.0,-0.7416320841131161,-0.7299530460636081,0.0,-0.7416188332056757,-0.9185227626245298,-1.3136045734650503
15,0.0,0.0,0.0,0.0,0.0,0.0,0.0,0.0,0.0,0.0,0.0,0.0,-0.7923406016235948,-0.7801330732505402,-0.7416188332056757,0.0,-0.8626989963941155,-1.24525731564481
16,0.0,0.0,0.0,0.0,0.0,0.0,0.0,0.0,0.0,0.0,0.0,0.0,0.0,0.0,-0.9185227626245298,-0.8626989963941155,0.0,-1.0318707816136325
17,0.0,0.0,0.0,0.0,0.0,0.0,0.0,0.0,0.0,0.0,0.0,0.0,0.0,0.0,-1.3136045734650503,-1.24525731564481,-1.0318707816136325,0.0
