,0,1,2,3,4,5,6,7,8,9,10,11,12,13,14
0,0.0,-0.9252347782040996,-1.9093068850518762,-2.188428626469277,0.0,0.0,0.0,0.0,0.0,0.0,0.0,0.0,0.0,0.0,0.0
1,-0.9252347782040996,0.0,-1.5635482599909647,-1.8250142051404123,0.0,0.0,0.0,0.0,0.0,0.0,0.0,0.0,0.0,0.0,0.0
2,-1.9093068850518762,-1.5635482599909647,0.0,-0.8662506497370128,-1.0838243376742709,-1.2831833218261295,0.0,0.0,0.0,0.0,0.0,0.0,0.0,0.0,0.0
3,-2.188428626469277,-1.8250142051404123,-0.8662506497370128,0.0,-0.8835376445583326,-1.0621922803224981,0.0,0.0,0.0,0.0,0.0,0.0,0.0,0.0,0.0
4,0.0,0.0,-1.0838243376742709,-0.8835376445583326,0.0,-0.8473322925955049,-0.9531000348687791,0.0,0.0,0.0,0.0,0.0,0.0,0.0,0.0
5,0.0,0.0,-1.2831833218261295,-1.0621922803224981,-0.8473322925955049,0.0,-0.7862874594785969,-0.9398427077541619,0.0,0.0,0.0,0.0,0.0,0.0,0.0
6,0.0,0.0,0.0,0.0,-0.9531000348687791,-0.7862874594785969,0.0,-0.83500873799579,-0.9580654177175675,0.0,0.0,0.0,0.0,0.0,0.0
7,0.0,0.0,0.0,0.0,0.0,-0.9398427077541619,-0.83500873799579,0.0,-0.802586601051454,-0.8863061857339278,0.0,0.0,0.0,0.0,0.0
8,0.0,0.0,0.0,0.0,0.0,0.0,-0.9580654177175675,-0.802586601051454,0.0,-0.7692948293059474,-0.8463878575123686,0.0,0.0,0.0,0.0
9,0.0,0.0,0.0,0.0,0.0,0.0,0.0,-0.8863061857339278,-0.7692948293059474,0.0,-0.7651588279649735,0.0,0.0,0.0,0.0
10,0.0,0.0,0.0,0.0,0.0,0.0,0.0,0.0,-0.8463878575123686,-0.7651588279649735,0.0,-0.9523066773268002,-0.9937024881523036,0.0,0.0
11,0.0,0.0,0.0,0.0,0.0,0.0,0.0,0.0,0.0,0.0,-0.9523066773268002,0.0,-0.7269774189793321,-0.8049090829110227,-1.6950480209405216
12,0.0,0.0,0.0,0.0,0.0,0.0,0.0,0.0,0.0,0.0,-0.9937024881523036,-0.7269774189793321,0.0,-0.7686623044314244,-1.6410498505668945
13,0.0,0.0,0.0,0.0,0.0,0.0,0.0,0.0,0.0,0.0,0.0,-0.8049090829110227,-0.7686623044314244,0.0,-1.5252704931397172
14,0.0,0.0,0.0,0.0,0.0,0.0,0.0,0.0,0.0,0.0,0.0,-1.6950480209405216,-1.6410498505668945,-1.5252704931397172,0.0
