,0,1,2,3,4,5,6,7,8,9,10,11,12,13,14,15,16,17,18,19,20,21,22
0,0.0,-1.6550044182552563,-2.5024956328960593,-2.7146475570516078,0.0,0.0,0.0,0.0,0.0,0.0,0.0,0.0,0.0,0.0,0.0,0.0,0.0,0.0,0.0,0.0,0.0,0.0,0.0
1,-1.6550044182552563,0.0,-1.2944172265967333,-1.4657341660469267,-2.1755549873755538,0.0,0.0,0.0,0.0,0.0,0.0,0.0,0.0,0.0,0.0,0.0,0.0,0.0,0.0,0.0,0.0,0.0,0.0
2,-2.5024956328960593,-1.2944172265967333,0.0,-0.8142193609594286,-1.3730375677885396,-1.396333515035856,0.0,0.0,0.0,0.0,0.0,0.0,0.0,0.0,0.0,0.0,0.0,0.0,0.0,0.0,0.0,0.0,0.0
3,-2.7146475570516078,-1.4657341660469267,-0.8142193609594286,0.0,-1.2071551510558793,-1.229040415992365,0.0,0.0,0.0,0.0,0.0,0.0,0.0,0.0,0.0,0.0,0.0,0.0,0.0,0.0,0.0,0.0,0.0
4,0.0,-2.1755549873755538,-1.3730375677885396,-1.2071551510558793,0.0,-0.7088070757032816,-0.8689200737964985,-1.0208174497859002,0.0,0.0,0.0,0.0,0.0,0.0,0.0,0.0,0.0,0.0,0.0,0.0,0.0,0.0,0.0
5,0.0,0.0,-1.396333515035856,-1.229040415992365,-0.7088070757032816,0.0,-0.8509939122593851,-1.001048275106399,0.0,0.0,0.0,0.0,0.0,0.0,0.0,0.0,0.0,0.0,0.0,0.0,0.0,0.0,0.0
6,0.0,0.0,0.0,0.0,-0.8689200737964985,-0.8509939122593851,0.0,-0.8252882867754041,-0.8619936026628001,0.0,0.0,0.0,0.0,0.0,0.0,0.0,0.0,0.0,0.0,0.0,0.0,0.0,0.0
7,0.0,0.0,0.0,0.0,-1.0208174497859002,-1.001048275106399,-0.8252882867754041,0.0,-0.7258748718267485,-0.8937161202066553,0.0,0.0,0.0,0.0,0.0,0.0,0.0,0.0,0.0,0.0,0.0,0.0,0.0
8,0.0,0.0,0.0,0.0,0.0,0.0,-0.8619936026628001,-0.7258748718267485,0.0,-0.8561569973960331,-0.8679766426916105,0.0,0.0,0.0,0.0,0.0,0.0,0.0,0.0,0.0,0.0,0.0,0.0
9,0.0,0.0,0.0,0.0,0.0,0.0,0.0,-0.8937161202066553,-0.8561569973960331,0.0,-0.7034293220364379,-0.8627810420045146,-0.8898840599966861,0.0,0.0,0.0,0.0,0.0,0.0,0.0,0.0,0.0,0.0
10,0.0,0.0,0.0,0.0,0.0,0.0,0.0,0.0,-0.8679766426916105,-0.7034293220364379,0.0,-0.8510062085915632,-0.8778779821813728,0.0,0.0,0.0,0.0,0.0,0.0,0.0,0.0,0.0,0.0
11,0.0,0.0,0.0,0.0,0.0,0.0,0.0,0.0,0.0,-0.8627810420045146,-0.8510062085915632,0.0,-0.7166347651292897,0.0,0.0,-0.7479142523368887,-0.772082341234697,0.0,0.0,0.0,0.0,0.0,0.0
12,0.0,0.0,0.0,0.0,0.0,0.0,0.0,0.0,0.0,-0.8898840599966861,-0.8778779821813728,-0.7166347651292897,0.0,-0.7068201523252339,-0.7099202561439102,-0.7237277622380632,-0.7473702943709842,0.0,0.0,0.0,0.0,0.0,0.0
13,0.0,0.0,0.0,0.0,0.0,0.0,0.0,0.0,0.0,0.0,0.0,0.0,-0.7068201523252339,0.0,-0.6962058127117268,-0.7098301417335731,0.0,0.0,0.0,0.0,0.0,0.0,0.0
14,0.0,0.0,0.0,0.0,0.0,0.0,0.0,0.0,0.0,0.0,0.0,0.0,-0.7099202561439102,-0.6962058127117268,0.0,-0.7067303085689949,0.0,-0.7785169211751283,0.0,0.0,0.0,0.0,0.0
15,0.0,0.0,0.0,0.0,0.0,0.0,0.0,0.0,0.0,0.0,0.0,-0.7479142523368887,-0.7237277622380632,-0.7098301417335731,-0.7067303085689949,0.0,-0.7161063458703922,0.0,0.0,0.0,0.0,0.0,0.0
16,0.0,0.0,0.0,0.0,0.0,0.0,0.0,0.0,0.0,0.0,0.0,-0.772082341234697,-0.7473702943709842,0.0,0.0,-0.7161063458703922,0.0,0.0,0.0,0.0,0.0,0.0,0.0
17,0.0,0.0,0.0,0.0,0.0,0.0,0.0,0.0,0.0,0.0,0.0,0.0,0.0,0.0,-0.7785169211751283,0.0,0.0,0.0,-0.8124548688043285,-0.8862182324198906,0.0,0.0,0.0
18,0.0,0.0,0.0,0.0,0.0,0.0,0.0,0.0,0.0,0.0,0.0,0.0,0.0,0.0,0.0,0.0,0.0,-0.8124548688043285,0.0,-0.7596958233459018,-1.0243297731488017,-1.1515641244080552,0.0
19,0.0,0.0,0.0,0.0,0.0,0.0,0.0,0.0,0.0,0.0,0.0,0.0,0.0,0.0,0.0,0.0,0.0,-0.8862182324198906,-0.7596958233459018,0.0,0.0,0.0,-1.151202822783307
20,0.0,0.0,0.0,0.0,0.0,0.0,0.0,0.0,0.0,0.0,0.0,0.0,0.0,0.0,0.0,0.0,0.0,0.0,-1.0243297731488017,0.0,0.0,-0.793755294276752,-0.8661410694779406
21,0.0,0.0,0.0,0.0,0.0,0.0,0.0,0.0,0.0,0.0,0.0,0.0,0.0,0.0,0.0,0.0,0.0,0.0,-1.1515641244080552,0.0,-0.793755294276752,0.0,-0.7594146628600588
22,0.0,0.0,0.0,0.0,0.0,0.0,0.0,0.0,0.0,0.0,0.0,0.0,0.0,0.0,0.0,0.0,0.0,0.0,0.0,-1.151202822783307,-0.8661410694779406,-0.7594146628600588,0.0
