,0,1,2,3,4,5,6,7,8,9,10,11,12,13,14,15,16,17,18,19
0,0.0,-0.7533455061674411,-0.8620190024633391,-1.1800620055792423,0.0,0.0,0.0,0.0,0.0,0.0,0.0,0.0,0.0,0.0,0.0,0.0,0.0,0.0,0.0,0.0
1,-0.7533455061674411,0.0,-0.7961204056175228,-1.100504576450255,0.0,0.0,0.0,0.0,0.0,0.0,0.0,0.0,0.0,0.0,0.0,0.0,0.0,0.0,0.0,0.0
2,-0.8620190024633391,-0.7961204056175228,0.0,-0.9738643359098822,0.0,0.0,0.0,0.0,0.0,0.0,0.0,0.0,0.0,0.0,0.0,0.0,0.0,0.0,0.0,0.0
3,-1.1800620055792423,-1.100504576450255,-0.9738643359098822,0.0,-0.7813657851837855,-1.0452299615997949,-1.106627870337887,0.0,0.0,0.0,0.0,0.0,0.0,0.0,0.0,0.0,0.0,0.0,0.0,0.0
4,0.0,0.0,0.0,-0.7813657851837855,0.0,-0.9387878174467262,-0.9965521258815564,0.0,0.0,0.0,0.0,0.0,0.0,0.0,0.0,0.0,0.0,0.0,0.0,0.0
5,0.0,0.0,0.0,-1.0452299615997949,-0.9387878174467262,0.0,-0.7408226294769982,-1.1272222807162624,-1.1469041800318989,0.0,0.0,0.0,0.0,0.0,0.0,0.0,0.0,0.0,0.0,0.0
6,0.0,0.0,0.0,-1.106627870337887,-0.9965521258815564,-0.7408226294769982,0.0,-1.065186495731421,-1.0842705676010884,0.0,0.0,0.0,0.0,0.0,0.0,0.0,0.0,0.0,0.0,0.0
7,0.0,0.0,0.0,0.0,0.0,-1.1272222807162624,-1.065186495731421,0.0,-0.7077405179895686,-0.7099741319235979,-0.7285308630155584,0.0,0.0,0.0,0.0,0.0,0.0,0.0,0.0,0.0
8,0.0,0.0,0.0,0.0,0.0,-1.1469041800318989,-1.0842705676010884,-0.7077405179895686,0.0,-0.6953489324944805,-0.7136436512268632,0.0,0.0,0.0,0.0,0.0,0.0,0.0,0.0,0.0
9,0.0,0.0,0.0,0.0,0.0,0.0,0.0,-0.7099741319235979,-0.6953489324944805,0.0,-0.7114021156953603,0.0,0.0,0.0,0.0,0.0,0.0,0.0,0.0,0.0
10,0.0,0.0,0.0,0.0,0.0,0.0,0.0,-0.7285308630155584,-0.7136436512268632,-0.7114021156953603,0.0,0.0,0.0,0.0,0.0,0.0,0.0,0.0,0.0,0.0
11,0.0,0.0,0.0,0.0,0.0,0.0,0.0,0.0,0.0,0.0,0.0,0.0,-0.7073901372398107,-0.7265929491060035,-0.8680700478209473,0.0,0.0,0.0,0.0,0.0
12,0.0,0.0,0.0,0.0,0.0,0.0,0.0,0.0,0.0,0.0,0.0,-0.7073901372398107,0.0,-0.7120847325910172,-0.8517550442942673,0.0,0.0,0.0,0.0,0.0
13,0.0,0.0,0.0,0.0,0.0,0.0,0.0,0.0,0.0,0.0,0.0,-0.7265929491060035,-0.7120847325910172,0.0,-0.8304142571701447,0.0,0.0,0.0,0.0,0.0
14,0.0,0.0,0.0,0.0,0.0,0.0,0.0,0.0,0.0,0.0,0.0,-0.8680700478209473,-0.8517550442942673,-0.8304142571701447,0.0,-0.7379479932433888,-0.7740632029741261,0.0,0.0,0.0
15,0.0,0.0,0.0,0.0,0.0,0.0,0.0,0.0,0.0,0.0,0.0,0.0,0.0,0.0,-0.7379479932433888,0.0,-0.7277724583143168,-0.8396504661525989,-0.9679910733050338,-1.1892952491789752
16,0.0,0.0,0.0,0.0,0.0,0.0,0.0,0.0,0.0,0.0,0.0,0.0,0.0,0.0,-0.7740632029741261,-0.7277724583143168,0.0,-0.8015354193845438,0.0,0.0
17,0.0,0.0,0.0,0.0,0.0,0.0,0.0,0.0,0.0,0.0,0.0,0.0,0.0,0.0,0.0,-0.8396504661525989,-0.8015354193845438,0.0,-0.8069369571368109,-1.006763034363215
18,0.0,0.0,0.0,0.0,0.0,0.0,0.0,0.0,0.0,0.0,0.0,0.0,0.0,0.0,0.0,-0.9679910733050338,0.0,-0.8069369571368109,0.0,-0.8752275287772512
19,0.0,0.0,0.0,0.0,0.0,0.0,0.0,0.0,0.0,0.0,0.0,0.0,0.0,0.0,0.0,-1.1892952491789752,0.0,-1.006763034363215,-0.8752275287772512,0.0
