,0,1,2,3,4,5,6,7,8,9,10,11,12,13,14,15,16,17,18,19,20,21,22,23,24
0,0.0,-1.4322427114704623,-2.287726428287295,-2.4046768236431237,0.0,0.0,0.0,0.0,0.0,0.0,0.0,0.0,0.0,0.0,0.0,0.0,0.0,0.0,0.0,0.0,0.0,0.0,0.0,0.0,0.0
1,-1.4322427114704623,0.0,-1.3288644315813094,-1.4255537984322544,0.0,-1.649655466723857,0.0,0.0,0.0,0.0,0.0,0.0,0.0,0.0,0.0,0.0,0.0,0.0,0.0,0.0,0.0,0.0,0.0,0.0,0.0
2,-2.287726428287295,-1.3288644315813094,0.0,-0.7599073814683909,-0.9150470574960067,-0.9220446105791533,0.0,0.0,0.0,0.0,0.0,0.0,0.0,0.0,0.0,0.0,0.0,0.0,0.0,0.0,0.0,0.0,0.0,0.0,0.0
3,-2.4046768236431237,-1.4255537984322544,-0.7599073814683909,0.0,-0.8395311127626446,-0.8461631920946348,0.0,0.0,0.0,0.0,0.0,0.0,0.0,0.0,0.0,0.0,0.0,0.0,0.0,0.0,0.0,0.0,0.0,0.0,0.0
4,0.0,0.0,-0.9150470574960067,-0.8395311127626446,0.0,-0.6989867004565566,0.0,0.0,0.0,0.0,0.0,0.0,0.0,0.0,0.0,0.0,0.0,0.0,0.0,0.0,0.0,0.0,0.0,0.0,0.0
5,0.0,-1.649655466723857,-0.9220446105791533,-0.8461631920946348,-0.6989867004565566,0.0,0.0,0.0,0.0,0.0,0.0,0.0,0.0,0.0,0.0,0.0,0.0,0.0,0.0,0.0,0.0,0.0,0.0,0.0,0.0
6,0.0,0.0,0.0,0.0,0.0,0.0,0.0,-0.9230336119689241,-1.0236159121211288,0.0,-1.0464739135075536,0.0,0.0,0.0,0.0,0.0,0.0,0.0,0.0,0.0,0.0,0.0,0.0,0.0,0.0
7,0.0,0.0,0.0,0.0,0.0,0.0,-0.9230336119689241,0.0,-0.7772912335075703,-0.7964851621370971,-0.7966032403442787,0.0,0.0,0.0,0.0,0.0,0.0,0.0,0.0,0.0,0.0,0.0,0.0,0.0,0.0
8,0.0,0.0,0.0,0.0,0.0,0.0,-1.0236159121211288,-0.7772912335075703,0.0,-0.7109204648967322,-0.7110298814382343,-0.7392501949022129,0.0,0.0,0.0,0.0,0.0,0.0,0.0,0.0,0.0,0.0,0.0,0.0,0.0
9,0.0,0.0,0.0,0.0,0.0,0.0,0.0,-0.7964851621370971,-0.7109204648967322,0.0,-0.6932547030595654,-0.7209932505339223,-0.7410386440605753,0.0,0.0,0.0,0.0,0.0,0.0,0.0,0.0,0.0,0.0,0.0,0.0
10,0.0,0.0,0.0,0.0,0.0,0.0,-1.0464739135075536,-0.7966032403442787,-0.7110298814382343,-0.6932547030595654,0.0,0.0,-0.7409261053298893,0.0,0.0,0.0,0.0,0.0,0.0,0.0,0.0,0.0,0.0,0.0,0.0
11,0.0,0.0,0.0,0.0,0.0,0.0,0.0,0.0,-0.7392501949022129,-0.7209932505339223,0.0,0.0,-0.7126619954438783,0.0,0.0,0.0,0.0,0.0,0.0,0.0,0.0,0.0,0.0,0.0,0.0
12,0.0,0.0,0.0,0.0,0.0,0.0,0.0,0.0,0.0,-0.7410386440605753,-0.7409261053298893,-0.7126619954438783,0.0,0.0,0.0,-0.9856368534461203,0.0,0.0,0.0,0.0,0.0,0.0,0.0,0.0,0.0
13,0.0,0.0,0.0,0.0,0.0,0.0,0.0,0.0,0.0,0.0,0.0,0.0,0.0,0.0,-0.7278721295377905,-0.754117349456125,0.0,-0.9237147779103595,0.0,0.0,0.0,0.0,0.0,0.0,0.0
14,0.0,0.0,0.0,0.0,0.0,0.0,0.0,0.0,0.0,0.0,0.0,0.0,0.0,-0.7278721295377905,0.0,0.0,-0.8082977648182487,-0.8831027419324313,0.0,0.0,-1.0353124216440541,0.0,0.0,0.0,0.0
15,0.0,0.0,0.0,0.0,0.0,0.0,0.0,0.0,0.0,0.0,0.0,0.0,-0.9856368534461203,-0.754117349456125,0.0,0.0,0.0,-0.8539947944066549,0.0,0.0,0.0,0.0,0.0,0.0,0.0
16,0.0,0.0,0.0,0.0,0.0,0.0,0.0,0.0,0.0,0.0,0.0,0.0,0.0,0.0,-0.8082977648182487,0.0,0.0,-0.7608565654459549,0.0,0.0,-0.9000378649202323,0.0,0.0,0.0,0.0
17,0.0,0.0,0.0,0.0,0.0,0.0,0.0,0.0,0.0,0.0,0.0,0.0,0.0,-0.9237147779103595,-0.8831027419324313,-0.8539947944066549,-0.7608565654459549,0.0,0.0,0.0,0.0,0.0,0.0,0.0,0.0
18,0.0,0.0,0.0,0.0,0.0,0.0,0.0,0.0,0.0,0.0,0.0,0.0,0.0,0.0,0.0,0.0,0.0,0.0,0.0,-0.7830731756004484,-0.7887671144256987,-1.0033706938142257,-1.0105492677297399,-1.0735612036743032,-1.141867952155419
19,0.0,0.0,0.0,0.0,0.0,0.0,0.0,0.0,0.0,0.0,0.0,0.0,0.0,0.0,0.0,0.0,0.0,0.0,-0.7830731756004484,0.0,-0.6983913926442,0.0,-0.9043800420976817,-0.9634691417223429,0.0
20,0.0,0.0,0.0,0.0,0.0,0.0,0.0,0.0,0.0,0.0,0.0,0.0,0.0,0.0,-1.0353124216440541,0.0,-0.9000378649202323,0.0,-0.7887671144256987,-0.6983913926442,0.0,-0.8914785035710852,0.0,0.0,0.0
21,0.0,0.0,0.0,0.0,0.0,0.0,0.0,0.0,0.0,0.0,0.0,0.0,0.0,0.0,0.0,0.0,0.0,0.0,-1.0033706938142257,0.0,-0.8914785035710852,0.0,0.0,0.0,-0.8040344256150022
22,0.0,0.0,0.0,0.0,0.0,0.0,0.0,0.0,0.0,0.0,0.0,0.0,0.0,0.0,0.0,0.0,0.0,0.0,-1.0105492677297399,-0.9043800420976817,0.0,0.0,0.0,-0.7430160473157663,-0.7978013033949539
23,0.0,0.0,0.0,0.0,0.0,0.0,0.0,0.0,0.0,0.0,0.0,0.0,0.0,0.0,0.0,0.0,0.0,0.0,-1.0735612036743032,-0.9634691417223429,0.0,0.0,-0.7430160473157663,0.0,0.0
24,0.0,0.0,0.0,0.0,0.0,0.0,0.0,0.0,0.0,0.0,0.0,0.0,0.0,0.0,0.0,0.0,0.0,0.0,-1.141867952155419,0.0,0.0,-0.8040344256150022,-0.7978013033949539,0.0,0.0
