,0,1,2,3,4,5,6,7,8,9,10,11,12,13
0,0.0,-1.0374264666205577,-1.2057387650108549,-1.5615630130200255,0.0,0.0,0.0,0.0,0.0,0.0,0.0,0.0,0.0,0.0
1,-1.0374264666205577,0.0,-0.8258915999348699,-1.1207543305656893,0.0,0.0,0.0,0.0,0.0,0.0,0.0,0.0,0.0,0.0
2,-1.2057387650108549,-0.8258915999348699,0.0,-0.9593686964231027,-1.0731238851186766,0.0,0.0,0.0,0.0,0.0,0.0,0.0,0.0,0.0
3,-1.5615630130200255,-1.1207543305656893,-0.9593686964231027,0.0,-0.7863216574165991,-0.7972827276461485,-0.8537981979010565,0.0,0.0,0.0,0.0,0.0,0.0,0.0
4,0.0,0.0,-1.0731238851186766,-0.7863216574165991,0.0,-0.7032172547145195,-0.7552786885101708,-0.784650617655837,0.0,0.0,0.0,0.0,0.0,0.0
5,0.0,0.0,0.0,-0.7972827276461485,-0.7032172547145195,0.0,-0.7447052441425451,-0.7738044288330486,0.0,0.0,0.0,0.0,0.0,0.0
6,0.0,0.0,0.0,-0.8537981979010565,-0.7552786885101708,-0.7447052441425451,0.0,-0.7208731735025291,-1.0206916368587688,0.0,0.0,0.0,0.0,0.0
7,0.0,0.0,0.0,0.0,-0.784650617655837,-0.7738044288330486,-0.7208731735025291,0.0,-0.9860466230915206,0.0,0.0,0.0,0.0,0.0
8,0.0,0.0,0.0,0.0,0.0,0.0,-1.0206916368587688,-0.9860466230915206,0.0,-2.1131210923943318,0.0,0.0,0.0,0.0
9,0.0,0.0,0.0,0.0,0.0,0.0,0.0,0.0,-2.1131210923943318,0.0,-0.8507347574297004,-0.8883469552295684,0.0,-0.9655663373082011
10,0.0,0.0,0.0,0.0,0.0,0.0,0.0,0.0,0.0,-0.8507347574297004,0.0,-0.7260512055745585,-0.7577078210650914,-0.7940784987787387
11,0.0,0.0,0.0,0.0,0.0,0.0,0.0,0.0,0.0,-0.8883469552295684,-0.7260512055745585,0.0,-0.7238263123319352,-0.7591103679812945
12,0.0,0.0,0.0,0.0,0.0,0.0,0.0,0.0,0.0,0.0,-0.7577078210650914,-0.7238263123319352,0.0,-0.727413978192294
13,0.0,0.0,0.0,0.0,0.0,0.0,0.0,0.0,0.0,-0.9655663373082011,-0.7940784987787387,-0.7591103679812945,-0.727413978192294,0.0
