,0,1,2,3,4,5,6,7,8,9,10,11,12,13,14,15,16,17,18,19,20,21
0,0.0,-2.4196030519576874,-2.6636261320177796,-2.9361550865212007,0.0,0.0,0.0,0.0,0.0,0.0,0.0,0.0,0.0,0.0,0.0,0.0,0.0,0.0,0.0,0.0,0.0,0.0
1,-2.4196030519576874,0.0,-0.834368812436577,-1.0087852911282171,-1.327315498606359,0.0,0.0,0.0,0.0,0.0,0.0,0.0,0.0,0.0,0.0,0.0,0.0,0.0,0.0,0.0,0.0,0.0
2,-2.6636261320177796,-0.834368812436577,0.0,-0.8487616677280655,-1.1397453915967732,0.0,0.0,0.0,0.0,0.0,0.0,0.0,0.0,0.0,0.0,0.0,0.0,0.0,0.0,0.0,0.0,0.0
3,-2.9361550865212007,-1.0087852911282171,-0.8487616677280655,0.0,-0.9518131594899183,-1.0576014878378572,0.0,0.0,0.0,0.0,0.0,0.0,0.0,0.0,0.0,0.0,0.0,0.0,0.0,0.0,0.0,0.0
4,0.0,-1.327315498606359,-1.1397453915967732,-0.9518131594899183,0.0,-0.7801268661631832,-0.977079797600335,-1.040142557068852,0.0,0.0,0.0,0.0,0.0,0.0,0.0,0.0,0.0,0.0,0.0,0.0,0.0,0.0
5,0.0,0.0,0.0,-1.0576014878378572,-0.7801268661631832,0.0,-0.8762575766125685,-0.9353993507759591,0.0,0.0,0.0,0.0,0.0,0.0,0.0,0.0,0.0,0.0,0.0,0.0,0.0,0.0
6,0.0,0.0,0.0,0.0,-0.977079797600335,-0.8762575766125685,0.0,-0.7440233409849294,-0.7860065152943553,-0.7987477204550708,0.0,0.0,0.0,0.0,0.0,0.0,0.0,0.0,0.0,0.0,0.0,0.0
7,0.0,0.0,0.0,0.0,-1.040142557068852,-0.9353993507759591,-0.7440233409849294,0.0,-0.73318543765356,-0.7453516380953273,0.0,0.0,0.0,0.0,0.0,0.0,0.0,0.0,0.0,0.0,0.0,0.0
8,0.0,0.0,0.0,0.0,0.0,0.0,-0.7860065152943553,-0.73318543765356,0.0,-0.7048566020997105,0.0,0.0,0.0,0.0,0.0,0.0,0.0,0.0,0.0,0.0,0.0,0.0
9,0.0,0.0,0.0,0.0,0.0,0.0,-0.7987477204550708,-0.7453516380953273,-0.7048566020997105,0.0,-0.7526950517870278,-0.753956409380336,-0.7758377311902976,0.0,0.0,0.0,0.0,0.0,0.0,0.0,0.0,0.0
10,0.0,0.0,0.0,0.0,0.0,0.0,0.0,0.0,0.0,-0.7526950517870278,0.0,-0.6943396457126216,-0.7150388469020036,0.0,0.0,0.0,0.0,0.0,0.0,0.0,0.0,0.0
11,0.0,0.0,0.0,0.0,0.0,0.0,0.0,0.0,0.0,-0.753956409380336,-0.6943396457126216,0.0,-0.7138219957039621,0.0,0.0,0.0,0.0,0.0,0.0,0.0,0.0,0.0
12,0.0,0.0,0.0,0.0,0.0,0.0,0.0,0.0,0.0,-0.7758377311902976,-0.7150388469020036,-0.7138219957039621,0.0,0.0,0.0,0.0,0.0,0.0,0.0,0.0,0.0,0.0
13,0.0,0.0,0.0,0.0,0.0,0.0,0.0,0.0,0.0,0.0,0.0,0.0,0.0,0.0,-0.7029313371575804,-0.7572570568511068,-0.7830194582070971,0.0,0.0,0.0,0.0,0.0
14,0.0,0.0,0.0,0.0,0.0,0.0,0.0,0.0,0.0,0.0,0.0,0.0,0.0,-0.7029313371575804,0.0,-0.7469629058112105,-0.7724928862527973,0.0,0.0,0.0,0.0,0.0
15,0.0,0.0,0.0,0.0,0.0,0.0,0.0,0.0,0.0,0.0,0.0,0.0,0.0,-0.7572570568511068,-0.7469629058112105,0.0,-0.7174214527341511,0.0,0.0,0.0,0.0,0.0
16,0.0,0.0,0.0,0.0,0.0,0.0,0.0,0.0,0.0,0.0,0.0,0.0,0.0,-0.7830194582070971,-0.7724928862527973,-0.7174214527341511,0.0,-0.722225404873782,-0.7493544387070694,-0.779200818815288,0.0,0.0
17,0.0,0.0,0.0,0.0,0.0,0.0,0.0,0.0,0.0,0.0,0.0,0.0,0.0,0.0,0.0,0.0,-0.722225404873782,0.0,-0.7195302537750471,-0.7485783831869883,0.0,0.0
18,0.0,0.0,0.0,0.0,0.0,0.0,0.0,0.0,0.0,0.0,0.0,0.0,0.0,0.0,0.0,0.0,-0.7493544387070694,-0.7195302537750471,0.0,-0.7214684863662164,-1.3310998287792497,-1.4261755910509573
19,0.0,0.0,0.0,0.0,0.0,0.0,0.0,0.0,0.0,0.0,0.0,0.0,0.0,0.0,0.0,0.0,-0.779200818815288,-0.7485783831869883,-0.7214684863662164,0.0,-1.290301370068449,-1.3840201985088671
20,0.0,0.0,0.0,0.0,0.0,0.0,0.0,0.0,0.0,0.0,0.0,0.0,0.0,0.0,0.0,0.0,0.0,0.0,-1.3310998287792497,-1.290301370068449,0.0,-0.7587259153970655
21,0.0,0.0,0.0,0.0,0.0,0.0,0.0,0.0,0.0,0.0,0.0,0.0,0.0,0.0,0.0,0.0,0.0,0.0,-1.4261755910509573,-1.3840201985088671,-0.7587259153970655,0.0
