,0,1,2,3,4,5,6,7,8,9,10,11,12,13,14,15,16
0,0.0,-4.281283378125714,-4.4988007349855215,-4.763625575936836,0.0,0.0,0.0,0.0,0.0,0.0,0.0,0.0,0.0,0.0,0.0,0.0,0.0
1,-4.281283378125714,0.0,-0.8093259831722956,-0.9664337715629123,-0.9922748677351275,0.0,0.0,0.0,0.0,0.0,0.0,0.0,0.0,0.0,0.0,0.0,0.0
2,-4.4988007349855215,-0.8093259831722956,0.0,-0.835780187674834,-0.8594325848480425,0.0,0.0,0.0,0.0,0.0,0.0,0.0,0.0,0.0,0.0,0.0,0.0
3,-4.763625575936836,-0.9664337715629123,-0.835780187674834,0.0,-0.7140532080910795,-0.8702395368102559,0.0,0.0,0.0,0.0,0.0,0.0,0.0,0.0,0.0,0.0,0.0
4,0.0,-0.9922748677351275,-0.8594325848480425,-0.7140532080910795,0.0,-0.8463982095028515,-0.8906482946130175,0.0,0.0,0.0,0.0,0.0,0.0,0.0,0.0,0.0,0.0
5,0.0,0.0,0.0,-0.8702395368102559,-0.8463982095028515,0.0,-0.7319976315334177,-0.7616268022586439,-0.8472536229100301,0.0,0.0,0.0,0.0,0.0,0.0,0.0,0.0
6,0.0,0.0,0.0,0.0,-0.8906482946130175,-0.7319976315334177,0.0,-0.7217041410880355,-0.8043991989101695,0.0,0.0,0.0,0.0,0.0,0.0,0.0,0.0
7,0.0,0.0,0.0,0.0,0.0,-0.7616268022586439,-0.7217041410880355,0.0,-0.7736666008737839,0.0,0.0,0.0,0.0,0.0,0.0,0.0,0.0
8,0.0,0.0,0.0,0.0,0.0,-0.8472536229100301,-0.8043991989101695,-0.7736666008737839,0.0,0.0,0.0,0.0,0.0,0.0,0.0,0.0,0.0
9,0.0,0.0,0.0,0.0,0.0,0.0,0.0,0.0,0.0,0.0,-0.71603728431638,-0.7484061964893562,-0.7942796119464786,-0.8003857828213948,-0.8711747620692638,0.0,-1.014008720295234
10,0.0,0.0,0.0,0.0,0.0,0.0,0.0,0.0,0.0,-0.71603728431638,0.0,0.0,-0.7697226737309331,0.0,0.0,-0.9083568854335183,0.0
11,0.0,0.0,0.0,0.0,0.0,0.0,0.0,0.0,0.0,-0.7484061964893562,0.0,0.0,0.0,-0.7425393072514519,-0.8100041952120715,0.0,0.0
12,0.0,0.0,0.0,0.0,0.0,0.0,0.0,0.0,0.0,-0.7942796119464786,-0.7697226737309331,0.0,0.0,0.0,0.0,-0.822853906575606,0.0
13,0.0,0.0,0.0,0.0,0.0,0.0,0.0,0.0,0.0,-0.8003857828213948,0.0,-0.7425393072514519,0.0,0.0,-0.7576080812555482,-0.8166367710403765,-0.8888564887501907
14,0.0,0.0,0.0,0.0,0.0,0.0,0.0,0.0,0.0,-0.8711747620692638,0.0,-0.8100041952120715,0.0,-0.7576080812555482,0.0,0.0,-0.8171419731522379
15,0.0,0.0,0.0,0.0,0.0,0.0,0.0,0.0,0.0,0.0,-0.9083568854335183,0.0,-0.822853906575606,-0.8166367710403765,0.0,0.0,-0.7580889644641775
16,0.0,0.0,0.0,0.0,0.0,0.0,0.0,0.0,0.0,-1.014008720295234,0.0,0.0,0.0,-0.8888564887501907,-0.8171419731522379,-0.7580889644641775,0.0
