,0,1,2,3,4,5,6,7,8,9,10,11,12,13,14,15,16,17
0,0.0,-0.9975080848475184,-1.326606501367769,-1.379786474454398,0.0,0.0,0.0,0.0,0.0,0.0,0.0,0.0,0.0,0.0,0.0,0.0,0.0,0.0
1,-0.9975080848475184,0.0,-0.9621875587655994,-1.0071076290940715,-1.4023364116394141,0.0,0.0,0.0,0.0,0.0,0.0,0.0,0.0,0.0,0.0,0.0,0.0,0.0
2,-1.326606501367769,-0.9621875587655994,0.0,-0.7296479554432946,-1.0629172813121377,-1.2428375540645487,0.0,0.0,0.0,0.0,0.0,0.0,0.0,0.0,0.0,0.0,0.0,0.0
3,-1.379786474454398,-1.0071076290940715,-0.7296479554432946,0.0,-1.0165609868876624,-1.1923494246725663,0.0,0.0,0.0,0.0,0.0,0.0,0.0,0.0,0.0,0.0,0.0,0.0
4,0.0,-1.4023364116394141,-1.0629172813121377,-1.0165609868876624,0.0,-0.833411090537018,-0.8704697830090863,-0.8715371566582724,0.0,0.0,0.0,0.0,0.0,0.0,0.0,0.0,0.0,0.0
5,0.0,0.0,-1.2428375540645487,-1.1923494246725663,-0.833411090537018,0.0,-0.7259868254260622,-0.726934723417519,-0.8334166144061738,0.0,0.0,0.0,0.0,0.0,0.0,0.0,0.0,0.0
6,0.0,0.0,0.0,0.0,-0.8704697830090863,-0.7259868254260622,0.0,-0.6940654274667695,-0.7973841310071815,0.0,0.0,0.0,0.0,0.0,0.0,0.0,0.0,0.0
7,0.0,0.0,0.0,0.0,-0.8715371566582724,-0.726934723417519,-0.6940654274667695,0.0,-0.7963758684667436,0.0,0.0,0.0,0.0,0.0,0.0,0.0,0.0,0.0
8,0.0,0.0,0.0,0.0,0.0,-0.8334166144061738,-0.7973841310071815,-0.7963758684667436,0.0,0.0,0.0,0.0,0.0,0.0,0.0,0.0,0.0,0.0
9,0.0,0.0,0.0,0.0,0.0,0.0,0.0,0.0,0.0,0.0,-0.886662362439559,-1.2167774703547083,-1.3238780049479533,0.0,0.0,0.0,0.0,0.0
10,0.0,0.0,0.0,0.0,0.0,0.0,0.0,0.0,0.0,-0.886662362439559,0.0,-0.9802853015313694,-1.0759171637385567,0.0,0.0,0.0,0.0,0.0
11,0.0,0.0,0.0,0.0,0.0,0.0,0.0,0.0,0.0,-1.2167774703547083,-0.9802853015313694,0.0,-0.7703946101387591,-0.7861044192978675,-0.8573564429758292,0.0,0.0,0.0
12,0.0,0.0,0.0,0.0,0.0,0.0,0.0,0.0,0.0,-1.3238780049479533,-1.0759171637385567,-0.7703946101387591,0.0,-0.7077778569973027,-0.7743292111266183,0.0,0.0,0.0
13,0.0,0.0,0.0,0.0,0.0,0.0,0.0,0.0,0.0,0.0,0.0,-0.7861044192978675,-0.7077778569973027,0.0,-0.7587763568074937,-0.8583788943868015,0.0,0.0
14,0.0,0.0,0.0,0.0,0.0,0.0,0.0,0.0,0.0,0.0,0.0,-0.8573564429758292,-0.7743292111266183,-0.7587763568074937,0.0,-0.7870712496587493,-0.8938435876866675,-1.4633856949631372
15,0.0,0.0,0.0,0.0,0.0,0.0,0.0,0.0,0.0,0.0,0.0,0.0,0.0,-0.8583788943868015,-0.7870712496587493,0.0,-0.7915528969443717,-1.3281833057291181
16,0.0,0.0,0.0,0.0,0.0,0.0,0.0,0.0,0.0,0.0,0.0,0.0,0.0,0.0,-0.8938435876866675,-0.7915528969443717,0.0,-1.1935439770382967
17,0.0,0.0,0.0,0.0,0.0,0.0,0.0,0.0,0.0,0.0,0.0,0.0,0.0,0.0,-1.4633856949631372,-1.3281833057291181,-1.1935439770382967,0.0
