,0,1,2,3,4,5,6,7,8,9,10,11,12,13,14
0,0.0,-3.124980691604673,-3.4273936698495224,-3.683034596708322,0.0,0.0,0.0,0.0,0.0,0.0,0.0,0.0,0.0,0.0,0.0
1,-3.124980691604673,0.0,-0.8626149232040503,-1.0230302909282116,-1.0697956423779065,0.0,0.0,0.0,0.0,0.0,0.0,0.0,0.0,0.0,0.0
2,-3.4273936698495224,-0.8626149232040503,0.0,-0.8333720584248813,-0.8747674924073519,0.0,0.0,0.0,0.0,0.0,0.0,0.0,0.0,0.0,0.0
3,-3.683034596708322,-1.0230302909282116,-0.8333720584248813,0.0,-0.7298399218654296,0.0,-0.8824159503220815,0.0,-0.9142146161270656,0.0,0.0,0.0,0.0,0.0,0.0
4,0.0,-1.0697956423779065,-0.8747674924073519,-0.7298399218654296,0.0,-0.8333952397999679,-0.8407901968771865,0.0,0.0,0.0,0.0,0.0,0.0,0.0,0.0
5,0.0,0.0,0.0,0.0,-0.8333952397999679,0.0,-0.6996892212435796,-0.7224872964785698,-0.7270489093535625,0.0,0.0,0.0,0.0,0.0,0.0
6,0.0,0.0,0.0,-0.8824159503220815,-0.8407901968771865,-0.6996892212435796,0.0,-0.715799219945011,-0.7203320079347403,0.0,0.0,0.0,0.0,0.0,0.0
7,0.0,0.0,0.0,0.0,0.0,-0.7224872964785698,-0.715799219945011,0.0,-0.6975808896817282,0.0,0.0,0.0,0.0,0.0,0.0
8,0.0,0.0,0.0,-0.9142146161270656,0.0,-0.7270489093535625,-0.7203320079347403,-0.6975808896817282,0.0,0.0,0.0,0.0,0.0,0.0,0.0
9,0.0,0.0,0.0,0.0,0.0,0.0,0.0,0.0,0.0,0.0,-0.6998057930982283,-0.7298284079188598,-0.7364755190493935,0.0,0.0
10,0.0,0.0,0.0,0.0,0.0,0.0,0.0,0.0,0.0,-0.6998057930982283,0.0,-0.7229747867563341,-0.7295795031879803,0.0,0.0
11,0.0,0.0,0.0,0.0,0.0,0.0,0.0,0.0,0.0,-0.7298284079188598,-0.7229747867563341,0.0,-0.6995639478462287,-1.3217846491150491,-1.4569131772909898
12,0.0,0.0,0.0,0.0,0.0,0.0,0.0,0.0,0.0,-0.7364755190493935,-0.7295795031879803,-0.6995639478462287,0.0,-1.312419327622866,-1.4471153053871337
13,0.0,0.0,0.0,0.0,0.0,0.0,0.0,0.0,0.0,0.0,0.0,-1.3217846491150491,-1.312419327622866,0.0,-0.7872266757085263
14,0.0,0.0,0.0,0.0,0.0,0.0,0.0,0.0,0.0,0.0,0.0,-1.4569131772909898,-1.4471153053871337,-0.7872266757085263,0.0
