,0,1,2,3,4,5,6,7
0,0.0,-2.2895640598198788,-2.998482926536589,-5.194428500750932,0.0,0.0,0.0,0.0
1,-2.2895640598198788,0.0,-1.1468019774336289,-3.054417406665363,-3.1149745426601307,0.0,0.0,0.0
2,-2.998482926536589,-1.1468019774336289,0.0,-2.342548605291545,-2.400083641281779,-2.440466495932761,0.0,0.0
3,-5.194428500750932,-3.054417406665363,-2.342548605291545,0.0,-0.7253807804226714,-0.7484906293477942,-0.785552280837521,-1.34050661909286
4,0.0,-3.1149745426601307,-2.400083641281779,-0.7253807804226714,0.0,-0.715554430419343,-0.7515216857883581,0.0
5,0.0,0.0,-2.440466495932761,-0.7484906293477942,-0.715554430419343,0.0,-0.7283483089146342,-1.2620725104396076
6,0.0,0.0,0.0,-0.785552280837521,-0.7515216857883581,-0.7283483089146342,0.0,-1.21294782857031
7,0.0,0.0,0.0,-1.34050661909286,0.0,-1.2620725104396076,-1.21294782857031,0.0
