,0,1,2,3,4,5,6,7,8,9,10,11
0,0.0,-4.090371099989287,-4.308695926186271,-4.531981818394259,0.0,0.0,0.0,0.0,0.0,0.0,0.0,0.0
1,-4.090371099989287,0.0,-0.8101046621530714,-0.9418253914010137,-1.1197916640474403,0.0,0.0,0.0,0.0,0.0,0.0,0.0
2,-4.308695926186271,-0.8101046621530714,0.0,-0.8125240495376105,-0.9760035675749118,0.0,0.0,0.0,0.0,0.0,0.0,0.0
3,-4.531981818394259,-0.9418253914010137,-0.8125240495376105,0.0,-0.8412548310427242,-0.9628877934846582,0.0,0.0,0.0,0.0,0.0,0.0
4,0.0,-1.1197916640474403,-0.9760035675749118,-0.8412548310427242,0.0,-0.8008250239080589,-0.9170430664673959,0.0,-0.9327068034181974,0.0,0.0,0.0
5,0.0,0.0,0.0,-0.9628877934846582,-0.8008250239080589,0.0,-0.7991502413378955,0.0,-0.8135183420996717,0.0,0.0,0.0
6,0.0,0.0,0.0,0.0,-0.9170430664673959,-0.7991502413378955,0.0,-0.702390499766595,-0.7062107667706704,-0.8097538359906464,0.0,0.0
7,0.0,0.0,0.0,0.0,0.0,0.0,-0.702390499766595,0.0,-0.6969326846039767,-0.7995819838670688,0.0,0.0
8,0.0,0.0,0.0,0.0,-0.9327068034181974,-0.8135183420996717,-0.7062107667706704,-0.6969326846039767,0.0,-0.7954291970812423,-1.0713718776854797,-1.0936322367282714
9,0.0,0.0,0.0,0.0,0.0,0.0,-0.8097538359906464,-0.7995819838670688,-0.7954291970812423,0.0,-0.9474905414674901,-0.9682371346844263
10,0.0,0.0,0.0,0.0,0.0,0.0,0.0,0.0,-1.0713718776854797,-0.9474905414674901,0.0,-0.7101211482963005
11,0.0,0.0,0.0,0.0,0.0,0.0,0.0,0.0,-1.0936322367282714,-0.9682371346844263,-0.7101211482963005,0.0
