,0,1,2,3,4,5,6,7,8,9,10,11,12,13,14,15,16,17,18,19,20,21,22,23
0,0.0,-0.9572857587739949,-1.1019846039174719,-1.2227598014298093,0.0,0.0,0.0,0.0,0.0,0.0,0.0,0.0,0.0,0.0,0.0,0.0,0.0,0.0,0.0,0.0,0.0,0.0,0.0,0.0
1,-0.9572857587739949,0.0,-0.8121377735932496,-0.9137005064091125,-0.9644836413704132,0.0,0.0,0.0,0.0,0.0,0.0,0.0,0.0,0.0,0.0,0.0,0.0,0.0,0.0,0.0,0.0,0.0,0.0,0.0
2,-1.1019846039174719,-0.8121377735932496,0.0,-0.7849207708933698,-0.8311369473591246,0.0,0.0,0.0,0.0,0.0,0.0,0.0,0.0,0.0,0.0,0.0,0.0,0.0,0.0,0.0,0.0,0.0,0.0,0.0
3,-1.2227598014298093,-0.9137005064091125,-0.7849207708933698,0.0,-0.7357155984946327,-0.8615822153884012,0.0,0.0,0.0,0.0,0.0,0.0,0.0,0.0,0.0,0.0,0.0,0.0,0.0,0.0,0.0,0.0,0.0,0.0
4,0.0,-0.9644836413704132,-0.8311369473591246,-0.7357155984946327,0.0,-0.8142709462312657,0.0,0.0,0.0,0.0,0.0,0.0,0.0,0.0,0.0,0.0,0.0,0.0,0.0,0.0,0.0,0.0,0.0,0.0
5,0.0,0.0,0.0,-0.8615822153884012,-0.8142709462312657,0.0,-1.2333987243411144,0.0,0.0,0.0,0.0,0.0,0.0,0.0,0.0,0.0,0.0,0.0,0.0,0.0,0.0,0.0,0.0,0.0
6,0.0,0.0,0.0,0.0,0.0,-1.2333987243411144,0.0,-0.9727927263610949,-0.9976147044976479,-1.0274805218607315,0.0,0.0,0.0,0.0,0.0,0.0,0.0,0.0,0.0,0.0,0.0,0.0,0.0,0.0
7,0.0,0.0,0.0,0.0,0.0,0.0,-0.9727927263610949,0.0,-0.7131496904638724,-0.7373433947301483,-0.9265924432255938,0.0,0.0,0.0,0.0,0.0,0.0,0.0,0.0,0.0,0.0,0.0,0.0,0.0
8,0.0,0.0,0.0,0.0,0.0,0.0,-0.9976147044976479,-0.7131496904638724,0.0,-0.7168765921817047,-0.9028505467838556,0.0,0.0,0.0,0.0,0.0,0.0,0.0,0.0,0.0,0.0,0.0,0.0,0.0
9,0.0,0.0,0.0,0.0,0.0,0.0,-1.0274805218607315,-0.7373433947301483,-0.7168765921817047,0.0,-0.875225147969828,-0.9139468292214125,0.0,0.0,0.0,0.0,0.0,0.0,0.0,0.0,0.0,0.0,0.0,0.0
10,0.0,0.0,0.0,0.0,0.0,0.0,0.0,-0.9265924432255938,-0.9028505467838556,-0.875225147969828,0.0,-0.726433844889477,-0.8661669178730048,0.0,0.0,0.0,0.0,0.0,0.0,0.0,0.0,0.0,0.0,0.0
11,0.0,0.0,0.0,0.0,0.0,0.0,0.0,0.0,0.0,-0.9139468292214125,-0.726433844889477,0.0,-0.8287375789004193,0.0,0.0,0.0,0.0,0.0,0.0,0.0,0.0,0.0,0.0,0.0
12,0.0,0.0,0.0,0.0,0.0,0.0,0.0,0.0,0.0,0.0,-0.8661669178730048,-0.8287375789004193,0.0,-1.0389069378085571,0.0,0.0,0.0,0.0,0.0,0.0,0.0,0.0,0.0,0.0
13,0.0,0.0,0.0,0.0,0.0,0.0,0.0,0.0,0.0,0.0,0.0,0.0,-1.0389069378085571,0.0,-0.6998587992047082,0.0,-0.8368382696315101,-0.8727419641440929,0.0,0.0,0.0,0.0,0.0,0.0
14,0.0,0.0,0.0,0.0,0.0,0.0,0.0,0.0,0.0,0.0,0.0,0.0,0.0,-0.6998587992047082,0.0,0.0,-0.8292756887011948,-0.8649748490201519,0.0,0.0,0.0,0.0,0.0,0.0
15,0.0,0.0,0.0,0.0,0.0,0.0,0.0,0.0,0.0,0.0,0.0,0.0,0.0,0.0,0.0,0.0,0.0,0.0,-0.8337419970027533,-0.9280785582624193,0.0,-1.0275133967372505,0.0,0.0
16,0.0,0.0,0.0,0.0,0.0,0.0,0.0,0.0,0.0,0.0,0.0,0.0,0.0,-0.8368382696315101,-0.8292756887011948,0.0,0.0,-0.7248791148856143,0.0,0.0,0.0,0.0,0.0,0.0
17,0.0,0.0,0.0,0.0,0.0,0.0,0.0,0.0,0.0,0.0,0.0,0.0,0.0,-0.8727419641440929,-0.8649748490201519,0.0,-0.7248791148856143,0.0,0.0,-0.846527577348194,0.0,0.0,0.0,0.0
18,0.0,0.0,0.0,0.0,0.0,0.0,0.0,0.0,0.0,0.0,0.0,0.0,0.0,0.0,0.0,-0.8337419970027533,0.0,0.0,0.0,-0.7769905808818135,-0.866189342310824,-0.8662819356687744,-0.9051850847625151,-1.2771318237968956
19,0.0,0.0,0.0,0.0,0.0,0.0,0.0,0.0,0.0,0.0,0.0,0.0,0.0,0.0,0.0,-0.9280785582624193,0.0,-0.846527577348194,-0.7769905808818135,0.0,0.0,-0.7760596628670366,-0.8123451142321273,0.0
20,0.0,0.0,0.0,0.0,0.0,0.0,0.0,0.0,0.0,0.0,0.0,0.0,0.0,0.0,0.0,0.0,0.0,0.0,-0.866189342310824,0.0,0.0,0.0,-0.7268852819414997,-1.0567852123730643
21,0.0,0.0,0.0,0.0,0.0,0.0,0.0,0.0,0.0,0.0,0.0,0.0,0.0,0.0,0.0,-1.0275133967372505,0.0,0.0,-0.8662819356687744,-0.7760596628670366,0.0,0.0,-0.7268027394953873,0.0
22,0.0,0.0,0.0,0.0,0.0,0.0,0.0,0.0,0.0,0.0,0.0,0.0,0.0,0.0,0.0,0.0,0.0,0.0,-0.9051850847625151,-0.8123451142321273,-0.7268852819414997,-0.7268027394953873,0.0,-1.0139830918214903
23,0.0,0.0,0.0,0.0,0.0,0.0,0.0,0.0,0.0,0.0,0.0,0.0,0.0,0.0,0.0,0.0,0.0,0.0,-1.2771318237968956,0.0,-1.0567852123730643,0.0,-1.0139830918214903,0.0
