,0,1,2,3,4,5,6,7,8,9,10,11,12,13,14,15,16,17,18,19,20,21,22,23
0,0.0,-2.4057395005651787,-2.627292285630416,-3.002744591726227,0.0,0.0,0.0,0.0,0.0,0.0,0.0,0.0,0.0,0.0,0.0,0.0,0.0,0.0,0.0,0.0,0.0,0.0,0.0,0.0
1,-2.4057395005651787,0.0,-0.8209251827947519,-1.063895060078619,-1.09615805250071,0.0,0.0,0.0,0.0,0.0,0.0,0.0,0.0,0.0,0.0,0.0,0.0,0.0,0.0,0.0,0.0,0.0,0.0,0.0
2,-2.627292285630416,-0.8209251827947519,0.0,-0.912743148098834,-0.9422724612696994,0.0,0.0,0.0,0.0,0.0,0.0,0.0,0.0,0.0,0.0,0.0,0.0,0.0,0.0,0.0,0.0,0.0,0.0,0.0
3,-3.002744591726227,-1.063895060078619,-0.912743148098834,0.0,-0.7178729641864493,-0.7385006485642227,-0.9572317307309469,0.0,0.0,0.0,0.0,0.0,0.0,0.0,0.0,0.0,0.0,0.0,0.0,0.0,0.0,0.0,0.0,0.0
4,0.0,-1.09615805250071,-0.9422724612696994,-0.7178729641864493,0.0,-0.713288012346882,-0.9274181866467914,0.0,0.0,0.0,0.0,0.0,0.0,0.0,0.0,0.0,0.0,0.0,0.0,0.0,0.0,0.0,0.0,0.0
5,0.0,0.0,0.0,-0.7385006485642227,-0.713288012346882,0.0,-0.9035019292086198,0.0,0.0,0.0,0.0,0.0,0.0,0.0,0.0,0.0,0.0,0.0,0.0,0.0,0.0,0.0,0.0,0.0
6,0.0,0.0,0.0,-0.9572317307309469,-0.9274181866467914,-0.9035019292086198,0.0,-0.916109319986279,-0.9378248484593834,-0.9873894006813648,0.0,0.0,0.0,0.0,0.0,0.0,0.0,0.0,0.0,0.0,0.0,0.0,0.0,0.0
7,0.0,0.0,0.0,0.0,0.0,0.0,-0.916109319986279,0.0,-0.711278217218666,-0.752901537237139,-1.011459143670446,0.0,0.0,0.0,0.0,0.0,0.0,0.0,0.0,0.0,0.0,0.0,0.0,0.0
8,0.0,0.0,0.0,0.0,0.0,0.0,-0.9378248484593834,-0.711278217218666,0.0,-0.7340506481344199,-0.9887405415293489,0.0,0.0,0.0,0.0,0.0,0.0,0.0,0.0,0.0,0.0,0.0,0.0,0.0
9,0.0,0.0,0.0,0.0,0.0,0.0,-0.9873894006813648,-0.752901537237139,-0.7340506481344199,0.0,-0.9391352516290977,0.0,0.0,0.0,0.0,0.0,0.0,0.0,0.0,0.0,0.0,0.0,0.0,0.0
10,0.0,0.0,0.0,0.0,0.0,0.0,0.0,-1.011459143670446,-0.9887405415293489,-0.9391352516290977,0.0,-0.7120833664522952,-0.7624560113380894,-0.7689880308728904,0.0,0.0,0.0,0.0,0.0,0.0,0.0,0.0,0.0,0.0
11,0.0,0.0,0.0,0.0,0.0,0.0,0.0,0.0,0.0,0.0,-0.7120833664522952,0.0,-0.7426148956426403,-0.7490328148023084,0.0,0.0,0.0,0.0,0.0,0.0,0.0,0.0,0.0,0.0
12,0.0,0.0,0.0,0.0,0.0,0.0,0.0,0.0,0.0,0.0,-0.7624560113380894,-0.7426148956426403,0.0,-0.6992705090714219,0.0,0.0,0.0,0.0,0.0,0.0,0.0,0.0,0.0,0.0
13,0.0,0.0,0.0,0.0,0.0,0.0,0.0,0.0,0.0,0.0,-0.7689880308728904,-0.7490328148023084,-0.6992705090714219,0.0,0.0,0.0,0.0,0.0,0.0,0.0,0.0,0.0,0.0,0.0
14,0.0,0.0,0.0,0.0,0.0,0.0,0.0,0.0,0.0,0.0,0.0,0.0,0.0,0.0,0.0,-0.7816833449590423,-0.801488921522973,-0.8038367956676409,0.0,0.0,0.0,0.0,0.0,0.0
15,0.0,0.0,0.0,0.0,0.0,0.0,0.0,0.0,0.0,0.0,0.0,0.0,0.0,0.0,-0.7816833449590423,0.0,-0.7114197569157745,-0.713587750609561,-0.718535070713059,0.0,0.0,0.0,0.0,0.0
16,0.0,0.0,0.0,0.0,0.0,0.0,0.0,0.0,0.0,0.0,0.0,0.0,0.0,0.0,-0.801488921522973,-0.7114197569157745,0.0,-0.6952766583222842,-0.700136392349452,0.0,0.0,0.0,0.0,0.0
17,0.0,0.0,0.0,0.0,0.0,0.0,0.0,0.0,0.0,0.0,0.0,0.0,0.0,0.0,-0.8038367956676409,-0.713587750609561,-0.6952766583222842,0.0,-0.6979966238185545,0.0,0.0,0.0,0.0,0.0
18,0.0,0.0,0.0,0.0,0.0,0.0,0.0,0.0,0.0,0.0,0.0,0.0,0.0,0.0,0.0,-0.718535070713059,-0.700136392349452,-0.6979966238185545,0.0,0.0,0.0,0.0,0.0,0.0
19,0.0,0.0,0.0,0.0,0.0,0.0,0.0,0.0,0.0,0.0,0.0,0.0,0.0,0.0,0.0,0.0,0.0,0.0,0.0,0.0,-0.9389858665918281,-0.9399015535239547,-1.0338742511604029,0.0
20,0.0,0.0,0.0,0.0,0.0,0.0,0.0,0.0,0.0,0.0,0.0,0.0,0.0,0.0,0.0,0.0,0.0,0.0,0.0,-0.9389858665918281,0.0,-0.6938990675133113,-0.7717034305230087,-0.7894116470659968
21,0.0,0.0,0.0,0.0,0.0,0.0,0.0,0.0,0.0,0.0,0.0,0.0,0.0,0.0,0.0,0.0,0.0,0.0,0.0,-0.9399015535239547,-0.6938990675133113,0.0,-0.7708953232012059,-0.7885913432430366
22,0.0,0.0,0.0,0.0,0.0,0.0,0.0,0.0,0.0,0.0,0.0,0.0,0.0,0.0,0.0,0.0,0.0,0.0,0.0,-1.0338742511604029,-0.7717034305230087,-0.7708953232012059,0.0,-0.7096217054498486
23,0.0,0.0,0.0,0.0,0.0,0.0,0.0,0.0,0.0,0.0,0.0,0.0,0.0,0.0,0.0,0.0,0.0,0.0,0.0,0.0,-0.7894116470659968,-0.7885913432430366,-0.7096217054498486,0.0
