,0,1,2,3,4,5,6,7,8,9,10,11,12,13,14,15,16,17,18,19,20
0,0.0,-1.023651516617412,-1.561520428582137,-2.326857686474744,0.0,0.0,0.0,0.0,0.0,0.0,0.0,0.0,0.0,0.0,0.0,0.0,0.0,0.0,0.0,0.0,0.0
1,-1.023651516617412,0.0,-1.1352023354265766,-1.82204356292479,-2.1110516012659404,0.0,0.0,0.0,0.0,0.0,0.0,0.0,0.0,0.0,0.0,0.0,0.0,0.0,0.0,0.0,0.0
2,-1.561520428582137,-1.1352023354265766,0.0,-1.2398234575710108,-1.4898346454618494,-1.555728375141715,0.0,0.0,0.0,0.0,0.0,0.0,0.0,0.0,0.0,0.0,0.0,0.0,0.0,0.0,0.0
3,-2.326857686474744,-1.82204356292479,-1.2398234575710108,0.0,-0.8753596085181979,-0.9253786696598465,-1.023963757661038,0.0,0.0,0.0,0.0,0.0,0.0,0.0,0.0,0.0,0.0,0.0,0.0,0.0,0.0
4,0.0,-2.1110516012659404,-1.4898346454618494,-0.8753596085181979,0.0,-0.7361753068784384,-0.8218364567203655,0.0,0.0,0.0,0.0,0.0,0.0,0.0,0.0,0.0,0.0,0.0,0.0,0.0,0.0
5,0.0,0.0,-1.555728375141715,-0.9253786696598465,-0.7361753068784384,0.0,-0.7754850755429911,0.0,0.0,0.0,0.0,0.0,0.0,0.0,0.0,0.0,0.0,0.0,0.0,0.0,0.0
6,0.0,0.0,0.0,-1.023963757661038,-0.8218364567203655,-0.7754850755429911,0.0,0.0,-1.2047464560372634,0.0,0.0,0.0,0.0,0.0,0.0,0.0,0.0,0.0,0.0,0.0,0.0
7,0.0,0.0,0.0,0.0,0.0,0.0,0.0,0.0,-0.7560650500809893,-0.7674635854763517,-0.8704297354280587,0.0,0.0,0.0,0.0,0.0,0.0,0.0,0.0,0.0,0.0
8,0.0,0.0,0.0,0.0,0.0,0.0,-1.2047464560372634,-0.7560650500809893,0.0,-0.703894096599268,-0.801281363140419,0.0,0.0,0.0,0.0,0.0,0.0,0.0,0.0,0.0,0.0
9,0.0,0.0,0.0,0.0,0.0,0.0,0.0,-0.7674635854763517,-0.703894096599268,0.0,-0.7895525314194063,0.0,0.0,0.0,0.0,0.0,0.0,0.0,0.0,0.0,0.0
10,0.0,0.0,0.0,0.0,0.0,0.0,0.0,-0.8704297354280587,-0.801281363140419,-0.7895525314194063,0.0,0.0,-0.8639397650813104,0.0,0.0,0.0,0.0,0.0,0.0,0.0,0.0
11,0.0,0.0,0.0,0.0,0.0,0.0,0.0,0.0,0.0,0.0,0.0,0.0,-0.7660317663469864,-0.9352524993127947,-0.9613525799906196,0.0,0.0,0.0,0.0,0.0,0.0
12,0.0,0.0,0.0,0.0,0.0,0.0,0.0,0.0,0.0,0.0,-0.8639397650813104,-0.7660317663469864,0.0,-0.8520911022796912,0.0,0.0,0.0,0.0,0.0,0.0,0.0
13,0.0,0.0,0.0,0.0,0.0,0.0,0.0,0.0,0.0,0.0,0.0,-0.9352524993127947,-0.8520911022796912,0.0,0.0,-0.7552917252671809,-0.9129695114413707,0.0,0.0,0.0,0.0
14,0.0,0.0,0.0,0.0,0.0,0.0,0.0,0.0,0.0,0.0,0.0,-0.9613525799906196,0.0,0.0,0.0,-0.7329308894126079,-0.8876806772651394,-0.9580944508129721,0.0,0.0,0.0
15,0.0,0.0,0.0,0.0,0.0,0.0,0.0,0.0,0.0,0.0,0.0,0.0,0.0,-0.7552917252671809,-0.7329308894126079,0.0,-0.84250050261011,-0.9107136314633882,-1.0402320633602238,0.0,0.0
16,0.0,0.0,0.0,0.0,0.0,0.0,0.0,0.0,0.0,0.0,0.0,0.0,0.0,-0.9129695114413707,-0.8876806772651394,-0.84250050261011,0.0,-0.7532943835371451,-0.8687783153939979,0.0,0.0
17,0.0,0.0,0.0,0.0,0.0,0.0,0.0,0.0,0.0,0.0,0.0,0.0,0.0,0.0,-0.9580944508129721,-0.9107136314633882,-0.7532943835371451,0.0,-0.8025975157963496,-0.9686797574495117,-1.0924400306011868
18,0.0,0.0,0.0,0.0,0.0,0.0,0.0,0.0,0.0,0.0,0.0,0.0,0.0,0.0,0.0,-1.0402320633602238,-0.8687783153939979,-0.8025975157963496,0.0,-0.8447508890461641,-0.9590701518564962
19,0.0,0.0,0.0,0.0,0.0,0.0,0.0,0.0,0.0,0.0,0.0,0.0,0.0,0.0,0.0,0.0,0.0,-0.9686797574495117,-0.8447508890461641,0.0,-0.7940546866500805
20,0.0,0.0,0.0,0.0,0.0,0.0,0.0,0.0,0.0,0.0,0.0,0.0,0.0,0.0,0.0,0.0,0.0,-1.0924400306011868,-0.9590701518564962,-0.7940546866500805,0.0
