,0,1,2,3,4,5,6,7,8,9,10,11,12,13,14,15,16,17,18,19,20
0,0.0,-1.0417118853439458,-1.2491242478517532,-1.884935525488949,0.0,0.0,0.0,0.0,0.0,0.0,0.0,0.0,0.0,0.0,0.0,0.0,0.0,0.0,0.0,0.0,0.0
1,-1.0417118853439458,0.0,-0.8570338151757564,-1.3976437647095237,-1.6154320962350792,0.0,0.0,0.0,0.0,0.0,0.0,0.0,0.0,0.0,0.0,0.0,0.0,0.0,0.0,0.0,0.0
2,-1.2491242478517532,-0.8570338151757564,0.0,-1.177359284699769,0.0,0.0,0.0,0.0,0.0,0.0,0.0,0.0,0.0,0.0,0.0,0.0,0.0,0.0,0.0,0.0,0.0
3,-1.884935525488949,-1.3976437647095237,-1.177359284699769,0.0,-0.8429524181529612,-0.9994412666462018,-1.111630833700176,0.0,0.0,0.0,0.0,0.0,0.0,0.0,0.0,0.0,0.0,0.0,0.0,0.0,0.0
4,0.0,-1.6154320962350792,0.0,-0.8429524181529612,0.0,-0.831785635432806,-0.9326276427805813,0.0,0.0,0.0,0.0,0.0,0.0,0.0,0.0,0.0,0.0,0.0,0.0,0.0,0.0
5,0.0,0.0,0.0,-0.9994412666462018,-0.831785635432806,0.0,-0.7829335680541918,-0.840384664912544,0.0,0.0,0.0,0.0,0.0,0.0,0.0,0.0,0.0,0.0,0.0,0.0,0.0
6,0.0,0.0,0.0,-1.111630833700176,-0.9326276427805813,-0.7829335680541918,0.0,-0.7461731733593003,-0.7777345343840867,0.0,0.0,0.0,0.0,0.0,0.0,0.0,0.0,0.0,0.0,0.0,0.0
7,0.0,0.0,0.0,0.0,0.0,-0.840384664912544,-0.7461731733593003,0.0,-0.7231816505975726,-0.9378862618309366,0.0,0.0,0.0,0.0,0.0,0.0,0.0,0.0,0.0,0.0,0.0
8,0.0,0.0,0.0,0.0,0.0,0.0,-0.7777345343840867,-0.7231816505975726,0.0,-0.9022836252291503,0.0,0.0,0.0,0.0,0.0,0.0,0.0,0.0,0.0,0.0,0.0
9,0.0,0.0,0.0,0.0,0.0,0.0,0.0,-0.9378862618309366,-0.9022836252291503,0.0,-1.121768362943047,0.0,0.0,0.0,0.0,0.0,0.0,0.0,0.0,0.0,0.0
10,0.0,0.0,0.0,0.0,0.0,0.0,0.0,0.0,0.0,-1.121768362943047,0.0,-0.9518646230784966,-0.956680415635347,0.0,0.0,-1.2347644329375536,0.0,0.0,0.0,0.0,0.0
11,0.0,0.0,0.0,0.0,0.0,0.0,0.0,0.0,0.0,0.0,-0.9518646230784966,0.0,-0.697070718398496,-0.7580661925118871,0.0,-0.9292250665816644,0.0,0.0,0.0,0.0,0.0
12,0.0,0.0,0.0,0.0,0.0,0.0,0.0,0.0,0.0,0.0,-0.956680415635347,-0.697070718398496,0.0,-0.7539118211475351,0.0,-0.9244930951585906,0.0,0.0,0.0,0.0,0.0
13,0.0,0.0,0.0,0.0,0.0,0.0,0.0,0.0,0.0,0.0,0.0,-0.7580661925118871,-0.7539118211475351,0.0,-0.7043594215645113,-0.8549591612307212,0.0,0.0,0.0,0.0,0.0
14,0.0,0.0,0.0,0.0,0.0,0.0,0.0,0.0,0.0,0.0,0.0,0.0,0.0,-0.7043594215645113,0.0,0.0,-0.8687995716394182,-0.9576281101038894,0.0,0.0,0.0
15,0.0,0.0,0.0,0.0,0.0,0.0,0.0,0.0,0.0,0.0,-1.2347644329375536,-0.9292250665816644,-0.9244930951585906,-0.8549591612307212,0.0,0.0,0.0,0.0,0.0,0.0,0.0
16,0.0,0.0,0.0,0.0,0.0,0.0,0.0,0.0,0.0,0.0,0.0,0.0,0.0,0.0,-0.8687995716394182,0.0,0.0,-0.7701130181921141,0.0,-0.9303524157013513,0.0
17,0.0,0.0,0.0,0.0,0.0,0.0,0.0,0.0,0.0,0.0,0.0,0.0,0.0,0.0,-0.9576281101038894,0.0,-0.7701130181921141,0.0,-0.7681549025916578,-0.843122464398225,-1.2513882720656793
18,0.0,0.0,0.0,0.0,0.0,0.0,0.0,0.0,0.0,0.0,0.0,0.0,0.0,0.0,0.0,0.0,0.0,-0.7681549025916578,0.0,-0.763235260787455,-1.1502150304007746
19,0.0,0.0,0.0,0.0,0.0,0.0,0.0,0.0,0.0,0.0,0.0,0.0,0.0,0.0,0.0,0.0,-0.9303524157013513,-0.843122464398225,-0.763235260787455,0.0,-1.0595733538369068
20,0.0,0.0,0.0,0.0,0.0,0.0,0.0,0.0,0.0,0.0,0.0,0.0,0.0,0.0,0.0,0.0,0.0,-1.2513882720656793,-1.1502150304007746,-1.0595733538369068,0.0
