,0,1,2,3,4,5,6,7,8,9,10,11,12,13,14,15
0,0.0,-3.593541809434533,-3.8903496552496044,-4.45361803543919,0.0,0.0,0.0,0.0,0.0,0.0,0.0,0.0,0.0,0.0,0.0,0.0
1,-3.593541809434533,0.0,-0.8566802179560984,-1.2243323289113914,-1.2713893143647281,0.0,0.0,0.0,0.0,0.0,0.0,0.0,0.0,0.0,0.0,0.0
2,-3.8903496552496044,-0.8566802179560984,0.0,-1.0196361105693352,-1.0623364253855034,0.0,0.0,0.0,0.0,0.0,0.0,0.0,0.0,0.0,0.0,0.0
3,-4.45361803543919,-1.2243323289113914,-1.0196361105693352,0.0,-0.7266987933617088,-0.8032029958363618,0.0,-1.0323021856760572,0.0,0.0,0.0,0.0,0.0,0.0,0.0,0.0
4,0.0,-1.2713893143647281,-1.0623364253855034,-0.7266987933617088,0.0,-0.7672961180637947,0.0,-0.9903042310129013,0.0,0.0,0.0,0.0,0.0,0.0,0.0,0.0
5,0.0,0.0,0.0,-0.8032029958363618,-0.7672961180637947,0.0,0.0,-0.9027328818389796,0.0,0.0,0.0,0.0,0.0,0.0,0.0,0.0
6,0.0,0.0,0.0,0.0,0.0,0.0,0.0,0.0,-0.8138867513289936,-0.8538353219751592,-0.8647082441583148,0.0,0.0,0.0,0.0,0.0
7,0.0,0.0,0.0,-1.0323021856760572,-0.9903042310129013,-0.9027328818389796,0.0,0.0,-0.7355498048198817,-0.7729557801952524,-0.7831529948802827,-0.8717839721782515,0.0,0.0,0.0,0.0
8,0.0,0.0,0.0,0.0,0.0,0.0,-0.8138867513289936,-0.7355498048198817,0.0,0.0,-0.7388955817263164,-0.8242916108750262,0.0,0.0,0.0,0.0
9,0.0,0.0,0.0,0.0,0.0,0.0,-0.8538353219751592,-0.7729557801952524,0.0,0.0,-0.7026213535321624,-0.785248791877369,0.0,0.0,0.0,0.0
10,0.0,0.0,0.0,0.0,0.0,0.0,-0.8647082441583148,-0.7831529948802827,-0.7388955817263164,-0.7026213535321624,0.0,-0.7750335201189903,0.0,0.0,0.0,0.0
11,0.0,0.0,0.0,0.0,0.0,0.0,0.0,-0.8717839721782515,-0.8242916108750262,-0.785248791877369,-0.7750335201189903,0.0,-0.907383646507987,0.0,0.0,0.0
12,0.0,0.0,0.0,0.0,0.0,0.0,0.0,0.0,0.0,0.0,0.0,-0.907383646507987,0.0,-0.8946119460446682,-0.8986199677882645,-0.9744020498429845
13,0.0,0.0,0.0,0.0,0.0,0.0,0.0,0.0,0.0,0.0,0.0,0.0,-0.8946119460446682,0.0,-0.6965377681606761,-0.761032622245379
14,0.0,0.0,0.0,0.0,0.0,0.0,0.0,0.0,0.0,0.0,0.0,0.0,-0.8986199677882645,-0.6965377681606761,0.0,-0.7574313113281816
15,0.0,0.0,0.0,0.0,0.0,0.0,0.0,0.0,0.0,0.0,0.0,0.0,-0.9744020498429845,-0.761032622245379,-0.7574313113281816,0.0
