,0,1,2,3,4,5,6,7,8,9,10,11,12,13,14,15,16,17
0,0.0,-1.2325468549074494,-1.3012175853036216,-1.4353840567313783,0.0,0.0,0.0,0.0,0.0,0.0,0.0,0.0,0.0,0.0,0.0,0.0,0.0,0.0
1,-1.2325468549074494,0.0,-0.7420975645614099,-0.8404524023855677,-0.9522255442236547,0.0,0.0,0.0,0.0,0.0,0.0,0.0,0.0,0.0,0.0,0.0,0.0,0.0
2,-1.3012175853036216,-0.7420975645614099,0.0,-0.7872219990349645,-0.8945967457510844,0.0,0.0,0.0,0.0,0.0,0.0,0.0,0.0,0.0,0.0,0.0,0.0,0.0
3,-1.4353840567313783,-0.8404524023855677,-0.7872219990349645,0.0,-0.7920985366686742,0.0,0.0,0.0,0.0,0.0,0.0,0.0,0.0,0.0,0.0,0.0,0.0,0.0
4,0.0,-0.9522255442236547,-0.8945967457510844,-0.7920985366686742,0.0,-1.0391230545265442,0.0,0.0,0.0,0.0,0.0,0.0,0.0,0.0,0.0,0.0,0.0,0.0
5,0.0,0.0,0.0,0.0,-1.0391230545265442,0.0,-0.7530304048262547,-1.3871489851667553,-1.505142056860719,0.0,0.0,0.0,0.0,0.0,0.0,0.0,0.0,0.0
6,0.0,0.0,0.0,0.0,0.0,-0.7530304048262547,0.0,-1.3011310535388134,-1.4157898938735012,0.0,0.0,0.0,0.0,0.0,0.0,0.0,0.0,0.0
7,0.0,0.0,0.0,0.0,0.0,-1.3871489851667553,-1.3011310535388134,0.0,-0.7733133662071515,-0.8102651239424674,-0.8378400166531149,0.0,0.0,0.0,0.0,0.0,0.0,0.0
8,0.0,0.0,0.0,0.0,0.0,-1.505142056860719,-1.4157898938735012,-0.7733133662071515,0.0,-0.7275007602955098,-0.7531941812669563,0.0,0.0,0.0,0.0,0.0,0.0,0.0
9,0.0,0.0,0.0,0.0,0.0,0.0,0.0,-0.8102651239424674,-0.7275007602955098,0.0,-0.7180116212820054,0.0,0.0,0.0,0.0,0.0,0.0,0.0
10,0.0,0.0,0.0,0.0,0.0,0.0,0.0,-0.8378400166531149,-0.7531941812669563,-0.7180116212820054,0.0,0.0,0.0,0.0,0.0,0.0,0.0,0.0
11,0.0,0.0,0.0,0.0,0.0,0.0,0.0,0.0,0.0,0.0,0.0,0.0,-0.7175985873574826,-0.7404247835242614,0.0,-0.9680108990743104,0.0,0.0
12,0.0,0.0,0.0,0.0,0.0,0.0,0.0,0.0,0.0,0.0,0.0,-0.7175985873574826,0.0,-0.7154409726120257,0.0,-0.9383211978356921,0.0,0.0
13,0.0,0.0,0.0,0.0,0.0,0.0,0.0,0.0,0.0,0.0,0.0,-0.7404247835242614,-0.7154409726120257,0.0,-0.9000354529810635,0.0,0.0,0.0
14,0.0,0.0,0.0,0.0,0.0,0.0,0.0,0.0,0.0,0.0,0.0,0.0,0.0,-0.9000354529810635,0.0,-0.7029910425488547,-0.7351191735986479,-0.97272236498453
15,0.0,0.0,0.0,0.0,0.0,0.0,0.0,0.0,0.0,0.0,0.0,-0.9680108990743104,-0.9383211978356921,0.0,-0.7029910425488547,0.0,-0.7249685574530208,-0.960582510672882
16,0.0,0.0,0.0,0.0,0.0,0.0,0.0,0.0,0.0,0.0,0.0,0.0,0.0,0.0,-0.7351191735986479,-0.7249685574530208,0.0,-0.9223657895180072
17,0.0,0.0,0.0,0.0,0.0,0.0,0.0,0.0,0.0,0.0,0.0,0.0,0.0,0.0,-0.97272236498453,-0.960582510672882,-0.9223657895180072,0.0
