,0,1,2,3,4,5,6,7,8,9,10,11,12,13,14,15,16,17,18
0,0.0,-1.2672218065842686,-1.9589548544868154,-1.995112082090214,0.0,0.0,0.0,0.0,0.0,0.0,0.0,0.0,0.0,0.0,0.0,0.0,0.0,0.0,0.0
1,-1.2672218065842686,0.0,-1.220261328081176,-1.2500256178380507,-1.291348568855699,0.0,0.0,0.0,0.0,0.0,0.0,0.0,0.0,0.0,0.0,0.0,0.0,0.0,0.0
2,-1.9589548544868154,-1.220261328081176,0.0,-0.7143521289434168,-0.7440903007827281,-0.8553362966255523,0.0,0.0,0.0,0.0,0.0,0.0,0.0,0.0,0.0,0.0,0.0,0.0,0.0
3,-1.995112082090214,-1.2500256178380507,-0.7143521289434168,0.0,-0.7222830337732598,-0.8314253599947782,0.0,0.0,0.0,0.0,0.0,0.0,0.0,0.0,0.0,0.0,0.0,0.0,0.0
4,0.0,-1.291348568855699,-0.7440903007827281,-0.7222830337732598,0.0,-0.7993991109316988,0.0,0.0,0.0,0.0,0.0,0.0,0.0,0.0,0.0,0.0,0.0,0.0,0.0
5,0.0,0.0,-0.8553362966255523,-0.8314253599947782,-0.7993991109316988,0.0,-0.7146687187977784,-0.7356886855957896,-0.8383855605210154,0.0,0.0,0.0,0.0,0.0,0.0,0.0,0.0,0.0,0.0
6,0.0,0.0,0.0,0.0,0.0,-0.7146687187977784,0.0,-0.713733408469775,-0.8144350256251789,0.0,0.0,0.0,0.0,0.0,0.0,0.0,0.0,0.0,0.0
7,0.0,0.0,0.0,0.0,0.0,-0.7356886855957896,-0.713733408469775,0.0,-0.7919340011327919,0.0,0.0,0.0,0.0,0.0,0.0,0.0,0.0,0.0,0.0
8,0.0,0.0,0.0,0.0,0.0,-0.8383855605210154,-0.8144350256251789,-0.7919340011327919,0.0,0.0,0.0,0.0,0.0,0.0,0.0,0.0,0.0,0.0,0.0
9,0.0,0.0,0.0,0.0,0.0,0.0,0.0,0.0,0.0,0.0,-0.7583866508735211,-0.7755888007522663,-0.8694736269955567,0.0,0.0,0.0,0.0,0.0,0.0
10,0.0,0.0,0.0,0.0,0.0,0.0,0.0,0.0,0.0,-0.7583866508735211,0.0,-0.7093356611604624,-0.7979687754481158,0.0,0.0,0.0,0.0,0.0,0.0
11,0.0,0.0,0.0,0.0,0.0,0.0,0.0,0.0,0.0,-0.7755888007522663,-0.7093356611604624,0.0,-0.7804388897488922,-0.8208599348269033,-0.894007971853444,0.0,0.0,0.0,0.0
12,0.0,0.0,0.0,0.0,0.0,0.0,0.0,0.0,0.0,-0.8694736269955567,-0.7979687754481158,-0.7804388897488922,0.0,-0.7305075672925,-0.7984000134201886,0.0,0.0,0.0,0.0
13,0.0,0.0,0.0,0.0,0.0,0.0,0.0,0.0,0.0,0.0,0.0,-0.8208599348269033,-0.7305075672925,0.0,-0.7587150182230824,0.0,0.0,0.0,0.0
14,0.0,0.0,0.0,0.0,0.0,0.0,0.0,0.0,0.0,0.0,0.0,-0.894007971853444,-0.7984000134201886,-0.7587150182230824,0.0,0.0,0.0,0.0,0.0
15,0.0,0.0,0.0,0.0,0.0,0.0,0.0,0.0,0.0,0.0,0.0,0.0,0.0,0.0,0.0,0.0,-0.7350326873816957,-1.2187460357869004,-1.5073248475127388
16,0.0,0.0,0.0,0.0,0.0,0.0,0.0,0.0,0.0,0.0,0.0,0.0,0.0,0.0,0.0,-0.7350326873816957,0.0,-1.1616333269972767,-1.4440101308135682
17,0.0,0.0,0.0,0.0,0.0,0.0,0.0,0.0,0.0,0.0,0.0,0.0,0.0,0.0,0.0,-1.2187460357869004,-1.1616333269972767,0.0,-0.9062058709182823
18,0.0,0.0,0.0,0.0,0.0,0.0,0.0,0.0,0.0,0.0,0.0,0.0,0.0,0.0,0.0,-1.5073248475127388,-1.4440101308135682,-0.9062058709182823,0.0
