,0,1,2,3,4,5,6,7,8,9,10,11,12,13,14,15,16
0,0.0,-0.8323629686424684,-0.9696246997894286,-1.5728235992644661,0.0,0.0,0.0,0.0,0.0,0.0,0.0,0.0,0.0,0.0,0.0,0.0,0.0
1,-0.8323629686424684,0.0,-0.8155477326321083,-1.3715581171032178,0.0,0.0,0.0,0.0,0.0,0.0,0.0,0.0,0.0,0.0,0.0,0.0,0.0
2,-0.9696246997894286,-0.8155477326321083,0.0,-1.204097167507075,0.0,0.0,0.0,0.0,0.0,0.0,0.0,0.0,0.0,0.0,0.0,0.0,0.0
3,-1.5728235992644661,-1.3715581171032178,-1.204097167507075,0.0,-0.7362414230249322,-0.8673378184759415,-0.9524336739856183,0.0,0.0,0.0,0.0,0.0,0.0,0.0,0.0,0.0,0.0
4,0.0,0.0,0.0,-0.7362414230249322,0.0,-0.8192585283749714,-0.90143979585727,0.0,0.0,0.0,0.0,0.0,0.0,0.0,0.0,0.0,0.0
5,0.0,0.0,0.0,-0.8673378184759415,-0.8192585283749714,0.0,-0.7669358108003843,-0.8125773536786015,-0.8243770655792577,0.0,0.0,0.0,0.0,0.0,0.0,0.0,0.0
6,0.0,0.0,0.0,-0.9524336739856183,-0.90143979585727,-0.7669358108003843,0.0,-0.7358214796558886,-0.746874463348093,0.0,0.0,0.0,0.0,0.0,0.0,0.0,0.0
7,0.0,0.0,0.0,0.0,0.0,-0.8125773536786015,-0.7358214796558886,0.0,-0.7037592689104909,-0.8735869320839659,-0.8845851305877724,0.0,0.0,0.0,0.0,0.0,0.0
8,0.0,0.0,0.0,0.0,0.0,-0.8243770655792577,-0.746874463348093,-0.7037592689104909,0.0,-0.8613419976225546,-0.872243624724297,0.0,0.0,0.0,0.0,0.0,0.0
9,0.0,0.0,0.0,0.0,0.0,0.0,0.0,-0.8735869320839659,-0.8613419976225546,0.0,-0.7025942446391259,0.0,0.0,0.0,0.0,0.0,0.0
10,0.0,0.0,0.0,0.0,0.0,0.0,0.0,-0.8845851305877724,-0.872243624724297,-0.7025942446391259,0.0,0.0,0.0,0.0,0.0,0.0,0.0
11,0.0,0.0,0.0,0.0,0.0,0.0,0.0,0.0,0.0,0.0,0.0,0.0,-0.6936800330242432,-0.7028024450564748,-0.9314003530404783,0.0,0.0
12,0.0,0.0,0.0,0.0,0.0,0.0,0.0,0.0,0.0,0.0,0.0,-0.6936800330242432,0.0,-0.7022647576496278,-0.9307548450344003,0.0,0.0
13,0.0,0.0,0.0,0.0,0.0,0.0,0.0,0.0,0.0,0.0,0.0,-0.7028024450564748,-0.7022647576496278,0.0,-0.9197983086758779,-1.5980752235336138,-1.7171148500143745
14,0.0,0.0,0.0,0.0,0.0,0.0,0.0,0.0,0.0,0.0,0.0,-0.9314003530404783,-0.9307548450344003,-0.9197983086758779,0.0,-1.2847319006512044,-1.3932437304347252
15,0.0,0.0,0.0,0.0,0.0,0.0,0.0,0.0,0.0,0.0,0.0,0.0,0.0,-1.5980752235336138,-1.2847319006512044,0.0,-0.7694000648827691
16,0.0,0.0,0.0,0.0,0.0,0.0,0.0,0.0,0.0,0.0,0.0,0.0,0.0,-1.7171148500143745,-1.3932437304347252,-0.7694000648827691,0.0
