,0,1,2,3,4,5,6,7,8,9,10,11,12,13,14,15,16,17,18,19,20,21
0,0.0,-1.1016270207739505,-1.8469535362456788,-2.298987497804204,0.0,0.0,0.0,0.0,0.0,0.0,0.0,0.0,0.0,0.0,0.0,0.0,0.0,0.0,0.0,0.0,0.0,0.0
1,-1.1016270207739505,0.0,-1.2969707452303882,-1.6977851860033968,-1.815143350537632,0.0,0.0,0.0,0.0,0.0,0.0,0.0,0.0,0.0,0.0,0.0,0.0,0.0,0.0,0.0,0.0,0.0
2,-1.8469535362456788,-1.2969707452303882,0.0,-0.9852641367641767,-1.076495037775719,-1.1137923129102303,0.0,0.0,0.0,0.0,0.0,0.0,0.0,0.0,0.0,0.0,0.0,0.0,0.0,0.0,0.0,0.0
3,-2.298987497804204,-1.6977851860033968,-0.9852641367641767,0.0,-0.7665976151225359,-0.7969955536565487,-0.9479478385432594,0.0,0.0,0.0,0.0,0.0,0.0,0.0,0.0,0.0,0.0,0.0,0.0,0.0,0.0,0.0
4,0.0,-1.815143350537632,-1.076495037775719,-0.7665976151225359,0.0,-0.7215630572442057,-0.8634679753237959,0.0,0.0,0.0,0.0,0.0,0.0,0.0,0.0,0.0,0.0,0.0,0.0,0.0,0.0,0.0
5,0.0,0.0,-1.1137923129102303,-0.7969955536565487,-0.7215630572442057,0.0,-0.8314401880751714,0.0,0.0,0.0,0.0,0.0,0.0,0.0,0.0,0.0,0.0,0.0,0.0,0.0,0.0,0.0
6,0.0,0.0,0.0,-0.9479478385432594,-0.8634679753237959,-0.8314401880751714,0.0,-0.9854836976469833,0.0,0.0,0.0,0.0,0.0,0.0,0.0,0.0,0.0,0.0,0.0,0.0,0.0,0.0
7,0.0,0.0,0.0,0.0,0.0,0.0,-0.9854836976469833,0.0,-0.7909745416639741,-0.8690997471343175,-0.8933409626273592,0.0,0.0,0.0,0.0,0.0,0.0,0.0,0.0,0.0,0.0,0.0
8,0.0,0.0,0.0,0.0,0.0,0.0,0.0,-0.7909745416639741,0.0,-0.7648451395869313,-0.7871840980883745,0.0,0.0,0.0,0.0,0.0,0.0,0.0,0.0,0.0,0.0,0.0
9,0.0,0.0,0.0,0.0,0.0,0.0,0.0,-0.8690997471343175,-0.7648451395869313,0.0,-0.7140555712947976,-0.7856643880158629,0.0,0.0,0.0,0.0,0.0,0.0,0.0,0.0,0.0,0.0
10,0.0,0.0,0.0,0.0,0.0,0.0,0.0,-0.8933409626273592,-0.7871840980883745,-0.7140555712947976,0.0,-0.7633541267735909,-0.8098443327996669,0.0,0.0,0.0,0.0,0.0,0.0,0.0,0.0,0.0
11,0.0,0.0,0.0,0.0,0.0,0.0,0.0,0.0,0.0,-0.7856643880158629,-0.7633541267735909,0.0,-0.7367489229582502,0.0,0.0,0.0,0.0,0.0,0.0,0.0,0.0,0.0
12,0.0,0.0,0.0,0.0,0.0,0.0,0.0,0.0,0.0,0.0,-0.8098443327996669,-0.7367489229582502,0.0,-0.8782095959167663,0.0,0.0,0.0,0.0,0.0,0.0,0.0,0.0
13,0.0,0.0,0.0,0.0,0.0,0.0,0.0,0.0,0.0,0.0,0.0,0.0,-0.8782095959167663,0.0,-0.7763023152325719,-0.9333595476285913,-0.9793533080188095,0.0,0.0,0.0,0.0,0.0
14,0.0,0.0,0.0,0.0,0.0,0.0,0.0,0.0,0.0,0.0,0.0,0.0,0.0,-0.7763023152325719,0.0,-0.8394060049609886,0.0,-0.9026153566232391,0.0,0.0,0.0,0.0
15,0.0,0.0,0.0,0.0,0.0,0.0,0.0,0.0,0.0,0.0,0.0,0.0,0.0,-0.9333595476285913,-0.8394060049609886,0.0,-0.7311995449931848,-0.7489932457058925,-0.878663960117016,0.0,0.0,0.0
16,0.0,0.0,0.0,0.0,0.0,0.0,0.0,0.0,0.0,0.0,0.0,0.0,0.0,-0.9793533080188095,0.0,-0.7311995449931848,0.0,-0.7103058854678855,-0.8356644145149746,0.0,0.0,0.0
17,0.0,0.0,0.0,0.0,0.0,0.0,0.0,0.0,0.0,0.0,0.0,0.0,0.0,0.0,-0.9026153566232391,-0.7489932457058925,-0.7103058854678855,0.0,-0.8165329102148974,0.0,0.0,0.0
18,0.0,0.0,0.0,0.0,0.0,0.0,0.0,0.0,0.0,0.0,0.0,0.0,0.0,0.0,0.0,-0.878663960117016,-0.8356644145149746,-0.8165329102148974,0.0,-0.7636595704977208,-0.8230034269297207,-0.8423183236394524
19,0.0,0.0,0.0,0.0,0.0,0.0,0.0,0.0,0.0,0.0,0.0,0.0,0.0,0.0,0.0,0.0,0.0,0.0,-0.7636595704977208,0.0,-0.7488115236014572,-0.7669723844101894
20,0.0,0.0,0.0,0.0,0.0,0.0,0.0,0.0,0.0,0.0,0.0,0.0,0.0,0.0,0.0,0.0,0.0,0.0,-0.8230034269297207,-0.7488115236014572,0.0,-0.7103832458683214
21,0.0,0.0,0.0,0.0,0.0,0.0,0.0,0.0,0.0,0.0,0.0,0.0,0.0,0.0,0.0,0.0,0.0,0.0,-0.8423183236394524,-0.7669723844101894,-0.7103832458683214,0.0
