,0,1,2,3,4,5,6,7,8,9,10,11,12,13,14,15,16,17,18,19,20,21,22,23,24,25,26
0,0.0,-2.0159838345122134,-2.7266627557519247,-2.7388644527202715,0.0,0.0,0.0,0.0,0.0,0.0,0.0,0.0,0.0,0.0,0.0,0.0,0.0,0.0,0.0,0.0,0.0,0.0,0.0,0.0,0.0,0.0,0.0
1,-2.0159838345122134,0.0,-1.1614187607388207,-1.1704021913784877,-1.3240694360537955,0.0,0.0,0.0,0.0,0.0,0.0,0.0,0.0,0.0,0.0,0.0,0.0,0.0,0.0,0.0,0.0,0.0,0.0,0.0,0.0,0.0,0.0
2,-2.7266627557519247,-1.1614187607388207,0.0,-0.6996937189523176,-0.8140863650271222,-0.9422761044431096,0.0,0.0,0.0,0.0,0.0,0.0,0.0,0.0,0.0,0.0,0.0,0.0,0.0,0.0,0.0,0.0,0.0,0.0,0.0,0.0,0.0
3,-2.7388644527202715,-1.1704021913784877,-0.6996937189523176,0.0,-0.8068388341956673,-0.9343321774227442,0.0,0.0,0.0,0.0,0.0,0.0,0.0,0.0,0.0,0.0,0.0,0.0,0.0,0.0,0.0,0.0,0.0,0.0,0.0,0.0,0.0
4,0.0,-1.3240694360537955,-0.8140863650271222,-0.8068388341956673,0.0,-0.8089569624119703,-0.8887391855162554,0.0,0.0,0.0,0.0,0.0,0.0,0.0,0.0,0.0,0.0,0.0,0.0,0.0,0.0,0.0,0.0,0.0,0.0,0.0,0.0
5,0.0,0.0,-0.9422761044431096,-0.9343321774227442,-0.8089569624119703,0.0,-0.7653416559472387,0.0,0.0,0.0,0.0,0.0,0.0,0.0,0.0,0.0,0.0,0.0,0.0,0.0,0.0,0.0,0.0,0.0,0.0,0.0,0.0
6,0.0,0.0,0.0,0.0,-0.8887391855162554,-0.7653416559472387,0.0,-1.0025749073784715,0.0,0.0,0.0,0.0,0.0,0.0,0.0,0.0,0.0,0.0,0.0,0.0,0.0,0.0,0.0,0.0,0.0,0.0,0.0
7,0.0,0.0,0.0,0.0,0.0,0.0,-1.0025749073784715,0.0,-0.7156298560021549,-0.7350628599865004,0.0,0.0,0.0,-0.8269001218940536,0.0,0.0,0.0,0.0,0.0,0.0,0.0,0.0,0.0,0.0,0.0,0.0,0.0
8,0.0,0.0,0.0,0.0,0.0,0.0,0.0,-0.7156298560021549,0.0,-0.7121615418237923,0.0,0.0,0.0,-0.8021246548485785,0.0,0.0,0.0,0.0,0.0,0.0,0.0,0.0,0.0,0.0,0.0,0.0,0.0
9,0.0,0.0,0.0,0.0,0.0,0.0,0.0,-0.7350628599865004,-0.7121615418237923,0.0,0.0,0.0,-0.7598962479122758,-0.7815185360851428,0.0,0.0,0.0,0.0,0.0,0.0,0.0,0.0,0.0,0.0,0.0,0.0,0.0
10,0.0,0.0,0.0,0.0,0.0,0.0,0.0,0.0,0.0,0.0,0.0,-0.6945781762137421,-0.6973166045753421,-0.7177243619682789,-0.8047099500317046,-0.8371049893853748,-0.9171250048591232,0.0,0.0,0.0,0.0,0.0,0.0,0.0,0.0,0.0,0.0
11,0.0,0.0,0.0,0.0,0.0,0.0,0.0,0.0,0.0,0.0,-0.6945781762137421,0.0,-0.6958817039780398,-0.7162606942089977,0.0,0.0,0.0,0.0,0.0,0.0,0.0,0.0,0.0,0.0,0.0,0.0,0.0
12,0.0,0.0,0.0,0.0,0.0,0.0,0.0,0.0,0.0,-0.7598962479122758,-0.6973166045753421,-0.6958817039780398,0.0,-0.7134712318221884,0.0,0.0,0.0,0.0,0.0,0.0,0.0,0.0,0.0,0.0,0.0,0.0,0.0
13,0.0,0.0,0.0,0.0,0.0,0.0,0.0,-0.8269001218940536,-0.8021246548485785,-0.7815185360851428,-0.7177243619682789,-0.7162606942089977,-0.7134712318221884,0.0,0.0,0.0,0.0,0.0,0.0,0.0,0.0,0.0,0.0,0.0,0.0,0.0,0.0
14,0.0,0.0,0.0,0.0,0.0,0.0,0.0,0.0,0.0,0.0,-0.8047099500317046,0.0,0.0,0.0,0.0,-0.7224939071339306,-0.7953577465172021,0.0,0.0,0.0,0.0,0.0,0.0,0.0,0.0,0.0,0.0
15,0.0,0.0,0.0,0.0,0.0,0.0,0.0,0.0,0.0,0.0,-0.8371049893853748,0.0,0.0,0.0,-0.7224939071339306,0.0,-0.7640338857232851,0.0,0.0,0.0,0.0,0.0,0.0,0.0,0.0,0.0,0.0
16,0.0,0.0,0.0,0.0,0.0,0.0,0.0,0.0,0.0,0.0,-0.9171250048591232,0.0,0.0,0.0,-0.7953577465172021,-0.7640338857232851,0.0,0.0,0.0,0.0,0.0,0.0,0.0,0.0,0.0,0.0,0.0
17,0.0,0.0,0.0,0.0,0.0,0.0,0.0,0.0,0.0,0.0,0.0,0.0,0.0,0.0,0.0,0.0,0.0,0.0,-0.7945492560488095,-0.8016585203032347,0.0,-0.9200556122714759,0.0,0.0,0.0,0.0,0.0
18,0.0,0.0,0.0,0.0,0.0,0.0,0.0,0.0,0.0,0.0,0.0,0.0,0.0,0.0,0.0,0.0,0.0,-0.7945492560488095,0.0,-0.6996332127224865,-0.7561308867647323,0.0,-0.823067302294472,-0.8346617796965299,0.0,0.0,0.0
19,0.0,0.0,0.0,0.0,0.0,0.0,0.0,0.0,0.0,0.0,0.0,0.0,0.0,0.0,0.0,0.0,0.0,-0.8016585203032347,-0.6996332127224865,0.0,-0.7492919401968514,0.0,-0.8158350925873437,-0.8273640701580433,0.0,0.0,0.0
20,0.0,0.0,0.0,0.0,0.0,0.0,0.0,0.0,0.0,0.0,0.0,0.0,0.0,0.0,0.0,0.0,0.0,0.0,-0.7561308867647323,-0.7492919401968514,0.0,0.0,0.0,0.0,0.0,0.0,-1.0242562878504613
21,0.0,0.0,0.0,0.0,0.0,0.0,0.0,0.0,0.0,0.0,0.0,0.0,0.0,0.0,0.0,0.0,0.0,-0.9200556122714759,0.0,0.0,0.0,0.0,-0.7065432865638619,-0.71702195511292,-0.7950382578039885,0.0,-0.9637739494782273
22,0.0,0.0,0.0,0.0,0.0,0.0,0.0,0.0,0.0,0.0,0.0,0.0,0.0,0.0,0.0,0.0,0.0,0.0,-0.823067302294472,-0.8158350925873437,0.0,-0.7065432865638619,0.0,-0.703488951976672,-0.7805293510116478,-0.7898871474212432,-0.9473949206860619
23,0.0,0.0,0.0,0.0,0.0,0.0,0.0,0.0,0.0,0.0,0.0,0.0,0.0,0.0,0.0,0.0,0.0,0.0,-0.8346617796965299,-0.8273640701580433,0.0,-0.71702195511292,-0.703488951976672,0.0,-0.7694321976320517,-0.778702104365898,0.0
24,0.0,0.0,0.0,0.0,0.0,0.0,0.0,0.0,0.0,0.0,0.0,0.0,0.0,0.0,0.0,0.0,0.0,0.0,0.0,0.0,0.0,-0.7950382578039885,-0.7805293510116478,-0.7694321976320517,0.0,-0.7017855491223391,-0.848075245170891
25,0.0,0.0,0.0,0.0,0.0,0.0,0.0,0.0,0.0,0.0,0.0,0.0,0.0,0.0,0.0,0.0,0.0,0.0,0.0,0.0,0.0,0.0,-0.7898871474212432,-0.778702104365898,-0.7017855491223391,0.0,0.0
26,0.0,0.0,0.0,0.0,0.0,0.0,0.0,0.0,0.0,0.0,0.0,0.0,0.0,0.0,0.0,0.0,0.0,0.0,0.0,0.0,-1.0242562878504613,-0.9637739494782273,-0.9473949206860619,0.0,-0.848075245170891,0.0,0.0
