,0,1,2,3,4,5,6,7,8,9,10,11,12,13,14,15,16,17,18,19,20
0,0.0,-2.1400808034941967,-2.249437895923683,-2.3282319189490224,0.0,0.0,0.0,0.0,0.0,0.0,0.0,0.0,0.0,0.0,0.0,0.0,0.0,0.0,0.0,0.0,0.0
1,-2.1400808034941967,0.0,-0.7565765556498905,-0.8040701004033349,-0.8194715145523082,0.0,0.0,0.0,0.0,0.0,0.0,0.0,0.0,0.0,0.0,0.0,0.0,0.0,0.0,0.0,0.0
2,-2.249437895923683,-0.7565765556498905,0.0,-0.7379514677748205,-0.7525063714842509,0.0,0.0,0.0,0.0,0.0,0.0,0.0,0.0,0.0,0.0,0.0,0.0,0.0,0.0,0.0,0.0
3,-2.3282319189490224,-0.8040701004033349,-0.7379514677748205,0.0,-0.707095365508682,-0.801560256851236,0.0,0.0,0.0,0.0,0.0,0.0,0.0,0.0,0.0,0.0,0.0,0.0,0.0,0.0,0.0
4,0.0,-0.8194715145523082,-0.7525063714842509,-0.707095365508682,0.0,-0.7863798050083036,0.0,0.0,0.0,0.0,0.0,0.0,0.0,0.0,0.0,0.0,0.0,0.0,0.0,0.0,0.0
5,0.0,0.0,0.0,-0.801560256851236,-0.7863798050083036,0.0,-0.7617006164504249,-0.7672812719317422,0.0,0.0,0.0,0.0,0.0,0.0,0.0,0.0,0.0,0.0,0.0,0.0,0.0
6,0.0,0.0,0.0,0.0,0.0,-0.7617006164504249,0.0,-0.6983819639940912,-0.7980626585856191,0.0,0.0,0.0,0.0,0.0,0.0,0.0,0.0,0.0,0.0,0.0,0.0
7,0.0,0.0,0.0,0.0,0.0,-0.7672812719317422,-0.6983819639940912,0.0,-0.7923349813243363,-0.9260990661950244,0.0,0.0,0.0,0.0,0.0,0.0,0.0,0.0,0.0,0.0,0.0
8,0.0,0.0,0.0,0.0,0.0,0.0,-0.7980626585856191,-0.7923349813243363,0.0,-0.8160499080685563,0.0,0.0,0.0,0.0,0.0,0.0,0.0,0.0,0.0,0.0,0.0
9,0.0,0.0,0.0,0.0,0.0,0.0,0.0,-0.9260990661950244,-0.8160499080685563,0.0,-0.9478434932165276,0.0,0.0,0.0,0.0,0.0,0.0,0.0,0.0,0.0,0.0
10,0.0,0.0,0.0,0.0,0.0,0.0,0.0,0.0,0.0,-0.9478434932165276,0.0,-0.8327760731549764,-0.8930640093697629,0.0,0.0,0.0,0.0,0.0,0.0,0.0,0.0
11,0.0,0.0,0.0,0.0,0.0,0.0,0.0,0.0,0.0,0.0,-0.8327760731549764,0.0,-0.7466668001867608,-1.179369082083491,0.0,0.0,0.0,0.0,0.0,0.0,0.0
12,0.0,0.0,0.0,0.0,0.0,0.0,0.0,0.0,0.0,0.0,-0.8930640093697629,-0.7466668001867608,0.0,-1.108298603184529,0.0,0.0,0.0,0.0,0.0,0.0,0.0
13,0.0,0.0,0.0,0.0,0.0,0.0,0.0,0.0,0.0,0.0,0.0,-1.179369082083491,-1.108298603184529,0.0,-0.73329529809832,-0.7452451486529755,-0.750702671930675,-0.8593156061627426,0.0,0.0,0.0
14,0.0,0.0,0.0,0.0,0.0,0.0,0.0,0.0,0.0,0.0,0.0,0.0,0.0,-0.73329529809832,0.0,-0.704647167208442,-0.7099009514743366,0.0,0.0,0.0,0.0
15,0.0,0.0,0.0,0.0,0.0,0.0,0.0,0.0,0.0,0.0,0.0,0.0,0.0,-0.7452451486529755,-0.704647167208442,0.0,-0.6983417255562729,0.0,0.0,0.0,0.0
16,0.0,0.0,0.0,0.0,0.0,0.0,0.0,0.0,0.0,0.0,0.0,0.0,0.0,-0.750702671930675,-0.7099009514743366,-0.6983417255562729,0.0,-0.7962936085216342,-0.9087902992809355,0.0,0.0
17,0.0,0.0,0.0,0.0,0.0,0.0,0.0,0.0,0.0,0.0,0.0,0.0,0.0,-0.8593156061627426,0.0,0.0,-0.7962936085216342,0.0,-0.7961015243062235,-0.8765107904343877,-1.007543172385928
18,0.0,0.0,0.0,0.0,0.0,0.0,0.0,0.0,0.0,0.0,0.0,0.0,0.0,0.0,0.0,0.0,-0.9087902992809355,-0.7961015243062235,0.0,-0.7666475896217669,-0.8874593567889749
19,0.0,0.0,0.0,0.0,0.0,0.0,0.0,0.0,0.0,0.0,0.0,0.0,0.0,0.0,0.0,0.0,0.0,-0.8765107904343877,-0.7666475896217669,0.0,-0.8063998062328399
20,0.0,0.0,0.0,0.0,0.0,0.0,0.0,0.0,0.0,0.0,0.0,0.0,0.0,0.0,0.0,0.0,0.0,-1.007543172385928,-0.8874593567889749,-0.8063998062328399,0.0
