,0,1,2,3,4,5,6,7,8,9,10,11,12,13,14,15,16,17,18,19,20,21
0,0.0,-1.2814983521207965,-1.6053086592503216,-2.2077332903154216,0.0,0.0,0.0,0.0,0.0,0.0,0.0,0.0,0.0,0.0,0.0,0.0,0.0,0.0,0.0,0.0,0.0,0.0
1,-1.2814983521207965,0.0,-0.927958925394375,-1.4136806181722108,-2.006788489971026,0.0,0.0,0.0,0.0,0.0,0.0,0.0,0.0,0.0,0.0,0.0,0.0,0.0,0.0,0.0,0.0,0.0
2,-1.6053086592503216,-0.927958925394375,0.0,-1.1099634639610174,-1.6506878175090112,0.0,0.0,0.0,0.0,0.0,0.0,0.0,0.0,0.0,0.0,0.0,0.0,0.0,0.0,0.0,0.0,0.0
3,-2.2077332903154216,-1.4136806181722108,-1.1099634639610174,0.0,-1.1216247379589719,-1.1904902042988734,-1.228475373843649,0.0,0.0,0.0,0.0,0.0,0.0,0.0,0.0,0.0,0.0,0.0,0.0,0.0,0.0,0.0
4,0.0,-2.006788489971026,-1.6506878175090112,-1.1216247379589719,0.0,-0.7446647594073249,-0.7734589046066109,-0.7934890902416298,0.0,0.0,0.0,0.0,0.0,0.0,0.0,0.0,0.0,0.0,0.0,0.0,0.0,0.0
5,0.0,0.0,0.0,-1.1904902042988734,-0.7446647594073249,0.0,-0.720583323043638,-0.7396905825825243,0.0,0.0,0.0,0.0,0.0,0.0,0.0,0.0,0.0,0.0,0.0,0.0,0.0,0.0
6,0.0,0.0,0.0,-1.228475373843649,-0.7734589046066109,-0.720583323043638,0.0,-0.7117556175722538,0.0,0.0,0.0,0.0,0.0,0.0,0.0,0.0,0.0,0.0,0.0,0.0,0.0,0.0
7,0.0,0.0,0.0,0.0,-0.7934890902416298,-0.7396905825825243,-0.7117556175722538,0.0,0.0,0.0,0.0,0.0,0.0,0.0,0.0,0.0,0.0,0.0,0.0,0.0,0.0,0.0
8,0.0,0.0,0.0,0.0,0.0,0.0,0.0,0.0,0.0,-0.706838961284566,-0.837000176448661,-0.9137636558638043,0.0,0.0,0.0,0.0,0.0,0.0,0.0,0.0,0.0,0.0
9,0.0,0.0,0.0,0.0,0.0,0.0,0.0,0.0,-0.706838961284566,0.0,-0.8216696785008457,-0.8975610116920293,0.0,0.0,0.0,0.0,0.0,0.0,0.0,0.0,0.0,0.0
10,0.0,0.0,0.0,0.0,0.0,0.0,0.0,0.0,-0.837000176448661,-0.8216696785008457,0.0,-0.7611417869332375,-0.9384609992587877,0.0,0.0,0.0,0.0,0.0,0.0,0.0,0.0,0.0
11,0.0,0.0,0.0,0.0,0.0,0.0,0.0,0.0,-0.9137636558638043,-0.8975610116920293,-0.7611417869332375,0.0,-0.86039359929954,-0.8610278984703081,0.0,0.0,0.0,0.0,0.0,0.0,0.0,0.0
12,0.0,0.0,0.0,0.0,0.0,0.0,0.0,0.0,0.0,0.0,-0.9384609992587877,-0.86039359929954,0.0,-0.69369685225071,-0.8435069191850112,0.0,0.0,0.0,0.0,0.0,0.0,0.0
13,0.0,0.0,0.0,0.0,0.0,0.0,0.0,0.0,0.0,0.0,0.0,-0.8610278984703081,-0.69369685225071,0.0,-0.842880832563955,-0.9722557818767882,0.0,0.0,0.0,0.0,0.0,0.0
14,0.0,0.0,0.0,0.0,0.0,0.0,0.0,0.0,0.0,0.0,0.0,0.0,-0.8435069191850112,-0.842880832563955,0.0,-0.8075955605830003,0.0,0.0,0.0,0.0,0.0,0.0
15,0.0,0.0,0.0,0.0,0.0,0.0,0.0,0.0,0.0,0.0,0.0,0.0,0.0,-0.9722557818767882,-0.8075955605830003,0.0,-0.7370832213535596,0.0,-0.9587780468734054,0.0,0.0,0.0
16,0.0,0.0,0.0,0.0,0.0,0.0,0.0,0.0,0.0,0.0,0.0,0.0,0.0,0.0,0.0,-0.7370832213535596,0.0,0.0,-0.9066133860385341,-0.9613504298208493,0.0,0.0
17,0.0,0.0,0.0,0.0,0.0,0.0,0.0,0.0,0.0,0.0,0.0,0.0,0.0,0.0,0.0,0.0,0.0,0.0,-0.900832714920411,-0.95536050877293,-1.0054378532341626,0.0
18,0.0,0.0,0.0,0.0,0.0,0.0,0.0,0.0,0.0,0.0,0.0,0.0,0.0,0.0,0.0,-0.9587780468734054,-0.9066133860385341,-0.900832714920411,0.0,-0.7392591206673818,-0.7819432799520498,-0.8708423787033005
19,0.0,0.0,0.0,0.0,0.0,0.0,0.0,0.0,0.0,0.0,0.0,0.0,0.0,0.0,0.0,0.0,-0.9613504298208493,-0.95536050877293,-0.7392591206673818,0.0,-0.7340278320083288,-0.8193996246040939
20,0.0,0.0,0.0,0.0,0.0,0.0,0.0,0.0,0.0,0.0,0.0,0.0,0.0,0.0,0.0,0.0,0.0,-1.0054378532341626,-0.7819432799520498,-0.7340278320083288,0.0,-0.7753624618177928
21,0.0,0.0,0.0,0.0,0.0,0.0,0.0,0.0,0.0,0.0,0.0,0.0,0.0,0.0,0.0,0.0,0.0,0.0,-0.8708423787033005,-0.8193996246040939,-0.7753624618177928,0.0
