,0,1,2,3,4,5,6,7,8,9,10,11,12,13,14,15
0,0.0,-0.9986205536617508,-1.0522981779606828,-1.829249101326106,0.0,0.0,0.0,0.0,0.0,0.0,0.0,0.0,0.0,0.0,0.0,0.0
1,-0.9986205536617508,0.0,-0.7358748556912899,-1.3986991091563077,-2.0213067624807013,0.0,0.0,0.0,0.0,0.0,0.0,0.0,0.0,0.0,0.0,0.0
2,-1.0522981779606828,-0.7358748556912899,0.0,-1.3363235048721098,-1.9491027833976853,0.0,0.0,0.0,0.0,0.0,0.0,0.0,0.0,0.0,0.0,0.0
3,-1.829249101326106,-1.3986991091563077,-1.3363235048721098,0.0,-1.1464482329191927,-1.199768676566781,-1.5528280572864364,0.0,0.0,0.0,0.0,0.0,0.0,0.0,0.0,0.0
4,0.0,-2.0213067624807013,-1.9491027833976853,-1.1464482329191927,0.0,-0.7325008297180483,-1.0060932732258836,-1.0465787253595984,0.0,0.0,0.0,0.0,0.0,0.0,0.0,0.0
5,0.0,0.0,0.0,-1.199768676566781,-0.7325008297180483,0.0,-0.9578063648309317,-0.9971597639742107,0.0,0.0,0.0,0.0,0.0,0.0,0.0,0.0
6,0.0,0.0,0.0,-1.5528280572864364,-1.0060932732258836,-0.9578063648309317,0.0,-0.7251936347571494,-0.8780728872517064,-0.9066207585548133,0.0,0.0,0.0,0.0,0.0,0.0
7,0.0,0.0,0.0,0.0,-1.0465787253595984,-0.9971597639742107,-0.7251936347571494,0.0,-0.8416826176293021,-0.8694885011721054,0.0,0.0,0.0,0.0,0.0,0.0
8,0.0,0.0,0.0,0.0,0.0,0.0,-0.8780728872517064,-0.8416826176293021,0.0,-0.7176214304429023,-0.7251078312772421,-0.858806889095681,0.0,0.0,0.0,0.0
9,0.0,0.0,0.0,0.0,0.0,0.0,-0.9066207585548133,-0.8694885011721054,-0.7176214304429023,0.0,-0.7004574984501891,-0.8312194964757763,0.0,0.0,0.0,0.0
10,0.0,0.0,0.0,0.0,0.0,0.0,0.0,0.0,-0.7251078312772421,-0.7004574984501891,0.0,-0.82302245784426,0.0,0.0,0.0,0.0
11,0.0,0.0,0.0,0.0,0.0,0.0,0.0,0.0,-0.858806889095681,-0.8312194964757763,-0.82302245784426,0.0,-0.7661656273332138,0.0,0.0,0.0
12,0.0,0.0,0.0,0.0,0.0,0.0,0.0,0.0,0.0,0.0,0.0,-0.7661656273332138,0.0,-0.8632138766332268,-0.9149855447583725,-0.9706612793699754
13,0.0,0.0,0.0,0.0,0.0,0.0,0.0,0.0,0.0,0.0,0.0,0.0,-0.8632138766332268,0.0,-0.7380719696884522,-0.7867209509493731
14,0.0,0.0,0.0,0.0,0.0,0.0,0.0,0.0,0.0,0.0,0.0,0.0,-0.9149855447583725,-0.7380719696884522,0.0,-0.7397959200178622
15,0.0,0.0,0.0,0.0,0.0,0.0,0.0,0.0,0.0,0.0,0.0,0.0,-0.9706612793699754,-0.7867209509493731,-0.7397959200178622,0.0
