,0,1,2,3,4,5,6,7,8,9,10,11,12
0,0.0,-1.354558094586882,-2.1425463968014653,-2.1932768090619335,0.0,0.0,0.0,0.0,0.0,0.0,0.0,0.0,0.0
1,-1.354558094586882,0.0,-1.2853667233467208,-1.3271355853749418,-1.6725960415969807,0.0,0.0,0.0,0.0,0.0,0.0,0.0,0.0
2,-2.1425463968014653,-1.2853667233467208,0.0,-0.7222001898756863,-0.9759415538308028,-1.1561178289319203,0.0,0.0,0.0,0.0,0.0,0.0,0.0
3,-2.1932768090619335,-1.3271355853749418,-0.7222001898756863,0.0,-0.9406303213986187,-1.1172165904350018,0.0,0.0,0.0,0.0,0.0,0.0,0.0
4,0.0,-1.6725960415969807,-0.9759415538308028,-0.9406303213986187,0.0,-0.8401941968830534,-0.8696674062254088,0.0,0.0,0.0,0.0,0.0,0.0
5,0.0,0.0,-1.1561178289319203,-1.1172165904350018,-0.8401941968830534,0.0,-0.7191204886063982,-1.077176296293097,0.0,0.0,0.0,0.0,0.0
6,0.0,0.0,0.0,0.0,-0.8696674062254088,-0.7191204886063982,0.0,-1.043651002474416,0.0,0.0,0.0,0.0,0.0
7,0.0,0.0,0.0,0.0,0.0,-1.077176296293097,-1.043651002474416,0.0,-0.7159451796663705,-1.37897177732079,-1.5688288720927164,0.0,0.0
8,0.0,0.0,0.0,0.0,0.0,0.0,0.0,-0.7159451796663705,0.0,-1.3454316998864848,-1.5333014410819052,0.0,0.0
9,0.0,0.0,0.0,0.0,0.0,0.0,0.0,-1.37897177732079,-1.3454316998864848,0.0,-0.8239358003885873,-1.4754429679994878,-1.4940956841461297
10,0.0,0.0,0.0,0.0,0.0,0.0,0.0,-1.5688288720927164,-1.5333014410819052,-0.8239358003885873,0.0,-1.2909556532581299,-1.3084977391795494
11,0.0,0.0,0.0,0.0,0.0,0.0,0.0,0.0,0.0,-1.4754429679994878,-1.2909556532581299,0.0,-0.7052781593579449
12,0.0,0.0,0.0,0.0,0.0,0.0,0.0,0.0,0.0,-1.4940956841461297,-1.3084977391795494,-0.7052781593579449,0.0
