,0,1,2,3,4,5,6,7,8,9,10,11,12,13,14,15,16,17,18
0,0.0,-1.8106275610988691,-2.186366975541457,-2.1989235517214056,0.0,0.0,0.0,0.0,0.0,0.0,0.0,0.0,0.0,0.0,0.0,0.0,0.0,0.0,0.0
1,-1.8106275610988691,0.0,-0.9342261014785173,-0.9428309641184258,-0.9934148858623251,0.0,0.0,0.0,0.0,0.0,0.0,0.0,0.0,0.0,0.0,0.0,0.0,0.0,0.0
2,-2.186366975541457,-0.9342261014785173,0.0,-0.7002392885597418,-0.7421447837211606,0.0,0.0,0.0,0.0,0.0,0.0,0.0,0.0,0.0,0.0,0.0,0.0,0.0,0.0
3,-2.1989235517214056,-0.9428309641184258,-0.7002392885597418,0.0,-0.7347646419034917,0.0,0.0,0.0,0.0,0.0,0.0,0.0,0.0,0.0,0.0,0.0,0.0,0.0,0.0
4,0.0,-0.9934148858623251,-0.7421447837211606,-0.7347646419034917,0.0,-1.1708563430865913,0.0,0.0,0.0,0.0,0.0,0.0,0.0,0.0,0.0,0.0,0.0,0.0,0.0
5,0.0,0.0,0.0,0.0,-1.1708563430865913,0.0,-0.7657591991525995,-0.8451558639239557,-0.9737620851349268,0.0,0.0,0.0,0.0,0.0,0.0,0.0,0.0,0.0,0.0
6,0.0,0.0,0.0,0.0,0.0,-0.7657591991525995,0.0,-0.7675354372729389,-0.8887819173187081,0.0,0.0,0.0,0.0,0.0,0.0,0.0,0.0,0.0,0.0
7,0.0,0.0,0.0,0.0,0.0,-0.8451558639239557,-0.7675354372729389,0.0,-0.8067261689629561,-0.8455155262766405,0.0,0.0,0.0,0.0,0.0,0.0,0.0,0.0,0.0
8,0.0,0.0,0.0,0.0,0.0,-0.9737620851349268,-0.8887819173187081,-0.8067261689629561,0.0,-0.728240845560921,-0.7353768464749343,-0.7853976918507951,0.0,0.0,0.0,0.0,0.0,0.0,0.0
9,0.0,0.0,0.0,0.0,0.0,0.0,0.0,-0.8455155262766405,-0.728240845560921,0.0,-0.700046118327721,-0.7484503898773199,0.0,0.0,0.0,0.0,0.0,0.0,0.0
10,0.0,0.0,0.0,0.0,0.0,0.0,0.0,0.0,-0.7353768464749343,-0.700046118327721,0.0,-0.7412287553058187,0.0,0.0,0.0,0.0,0.0,0.0,0.0
11,0.0,0.0,0.0,0.0,0.0,0.0,0.0,0.0,-0.7853976918507951,-0.7484503898773199,-0.7412287553058187,0.0,-0.9655705063299658,0.0,0.0,0.0,0.0,0.0,0.0
12,0.0,0.0,0.0,0.0,0.0,0.0,0.0,0.0,0.0,0.0,0.0,-0.9655705063299658,0.0,-0.8837093963136892,-1.2072384044793294,0.0,0.0,0.0,0.0
13,0.0,0.0,0.0,0.0,0.0,0.0,0.0,0.0,0.0,0.0,0.0,0.0,-0.8837093963136892,0.0,-0.9749498820245911,-1.0873944373066233,0.0,0.0,0.0
14,0.0,0.0,0.0,0.0,0.0,0.0,0.0,0.0,0.0,0.0,0.0,0.0,-1.2072384044793294,-0.9749498820245911,0.0,-0.7844002444237639,-0.8147767042033512,-0.857897603983406,0.0
15,0.0,0.0,0.0,0.0,0.0,0.0,0.0,0.0,0.0,0.0,0.0,0.0,0.0,-1.0873944373066233,-0.7844002444237639,0.0,-0.7211206755909699,-0.7609440130005846,-1.190220096031289
16,0.0,0.0,0.0,0.0,0.0,0.0,0.0,0.0,0.0,0.0,0.0,0.0,0.0,0.0,-0.8147767042033512,-0.7211206755909699,0.0,-0.731921905759117,-1.152143927575147
17,0.0,0.0,0.0,0.0,0.0,0.0,0.0,0.0,0.0,0.0,0.0,0.0,0.0,0.0,-0.857897603983406,-0.7609440130005846,-0.731921905759117,0.0,-1.1007186714731003
18,0.0,0.0,0.0,0.0,0.0,0.0,0.0,0.0,0.0,0.0,0.0,0.0,0.0,0.0,0.0,-1.190220096031289,-1.152143927575147,-1.1007186714731003,0.0
