,0,1,2,3,4,5,6,7,8,9,10,11,12,13,14,15,16,17,18,19,20,21,22,23,24,25,26,27,28
0,0.0,-3.084575698147389,-3.266929954656465,-3.9481726601437908,0.0,0.0,0.0,0.0,0.0,0.0,0.0,0.0,0.0,0.0,0.0,0.0,0.0,0.0,0.0,0.0,0.0,0.0,0.0,0.0,0.0,0.0,0.0,0.0,0.0
1,-3.084575698147389,0.0,-0.7928249363766672,-1.234726482618267,-1.2348423702361853,0.0,0.0,0.0,0.0,0.0,0.0,0.0,0.0,0.0,0.0,0.0,0.0,0.0,0.0,0.0,0.0,0.0,0.0,0.0,0.0,0.0,0.0,0.0,0.0
2,-3.266929954656465,-0.7928249363766672,0.0,-1.1036092585095545,-1.1037184853910882,0.0,0.0,0.0,0.0,0.0,0.0,0.0,0.0,0.0,0.0,0.0,0.0,0.0,0.0,0.0,0.0,0.0,0.0,0.0,0.0,0.0,0.0,0.0,0.0
3,-3.9481726601437908,-1.234726482618267,-1.1036092585095545,0.0,-0.6932288981869115,-0.9335616976419464,-0.9877985165220498,0.0,0.0,0.0,0.0,0.0,0.0,0.0,0.0,0.0,0.0,0.0,0.0,0.0,0.0,0.0,0.0,0.0,0.0,0.0,0.0,0.0,0.0
4,0.0,-1.2348423702361853,-1.1037184853910882,-0.6932288981869115,0.0,-0.9334625243481782,-0.9876959511514001,-1.115508508727992,0.0,0.0,0.0,0.0,0.0,0.0,0.0,0.0,0.0,0.0,0.0,0.0,0.0,0.0,0.0,0.0,0.0,0.0,0.0,0.0,0.0
5,0.0,0.0,0.0,-0.9335616976419464,-0.9334625243481782,0.0,-0.7380452995972296,-0.8454593992899364,-0.8924820506233151,0.0,0.0,0.0,0.0,0.0,0.0,0.0,0.0,0.0,0.0,0.0,0.0,0.0,0.0,0.0,0.0,0.0,0.0,0.0,0.0
6,0.0,0.0,0.0,-0.9877985165220498,-0.9876959511514001,-0.7380452995972296,0.0,-0.7962685727984432,0.0,-0.8804631062521748,0.0,0.0,0.0,0.0,0.0,0.0,0.0,0.0,0.0,0.0,0.0,0.0,0.0,0.0,0.0,0.0,0.0,0.0,0.0
7,0.0,0.0,0.0,0.0,-1.115508508727992,-0.8454593992899364,-0.7962685727984432,0.0,-0.7344673738601767,-0.7701098173049199,0.0,-0.8411615117044651,0.0,0.0,0.0,0.0,0.0,0.0,0.0,0.0,0.0,0.0,0.0,0.0,0.0,0.0,0.0,0.0,0.0
8,0.0,0.0,0.0,0.0,0.0,-0.8924820506233151,0.0,-0.7344673738601767,0.0,-0.7274265028053658,-0.7688927752357673,0.0,0.0,0.0,0.0,0.0,0.0,0.0,0.0,0.0,0.0,0.0,0.0,0.0,0.0,0.0,0.0,0.0,0.0
9,0.0,0.0,0.0,0.0,0.0,0.0,-0.8804631062521748,-0.7701098173049199,-0.7274265028053658,0.0,-0.7332884236755529,-0.7594574776859401,0.0,0.0,0.0,0.0,0.0,0.0,0.0,0.0,0.0,0.0,0.0,0.0,0.0,0.0,0.0,0.0,0.0
10,0.0,0.0,0.0,0.0,0.0,0.0,0.0,0.0,-0.7688927752357673,-0.7332884236755529,0.0,-0.7183379314125554,-0.7208333675478709,-0.7662778755275294,0.0,0.0,0.0,0.0,0.0,0.0,0.0,0.0,0.0,0.0,0.0,0.0,0.0,0.0,0.0
11,0.0,0.0,0.0,0.0,0.0,0.0,0.0,-0.8411615117044651,0.0,-0.7594574776859401,-0.7183379314125554,0.0,-0.6955821203755969,-0.739950316891574,-0.7429545048659559,0.0,0.0,0.0,0.0,0.0,0.0,0.0,0.0,0.0,0.0,0.0,0.0,0.0,0.0
12,0.0,0.0,0.0,0.0,0.0,0.0,0.0,0.0,0.0,0.0,-0.7208333675478709,-0.6955821203755969,0.0,-0.737410083829691,0.0,0.0,0.0,0.0,0.0,-0.8845300855345875,0.0,0.0,0.0,0.0,0.0,0.0,0.0,0.0,0.0
13,0.0,0.0,0.0,0.0,0.0,0.0,0.0,0.0,0.0,0.0,-0.7662778755275294,-0.739950316891574,-0.737410083829691,0.0,-0.6960201976546699,-0.7134178981190231,0.0,-0.7532753632064157,-0.8096185506705612,0.0,0.0,0.0,0.0,0.0,0.0,0.0,0.0,0.0,0.0
14,0.0,0.0,0.0,0.0,0.0,0.0,0.0,0.0,0.0,0.0,0.0,-0.7429545048659559,0.0,-0.6960201976546699,0.0,0.0,-0.7367491884405837,-0.7502431450013224,-0.8064382955244136,0.0,0.0,0.0,0.0,0.0,0.0,0.0,0.0,0.0,0.0
15,0.0,0.0,0.0,0.0,0.0,0.0,0.0,0.0,0.0,0.0,0.0,0.0,0.0,-0.7134178981190231,0.0,0.0,-0.7189626130842456,-0.7322356980822482,0.0,0.0,0.0,0.0,0.0,0.0,0.0,0.0,0.0,0.0,0.0
16,0.0,0.0,0.0,0.0,0.0,0.0,0.0,0.0,0.0,0.0,0.0,0.0,0.0,0.0,-0.7367491884405837,-0.7189626130842456,0.0,-0.7060925323941367,0.0,0.0,0.0,0.0,0.0,0.0,0.0,0.0,0.0,0.0,0.0
17,0.0,0.0,0.0,0.0,0.0,0.0,0.0,0.0,0.0,0.0,0.0,0.0,0.0,-0.7532753632064157,-0.7502431450013224,-0.7322356980822482,-0.7060925323941367,0.0,-0.7464650164526748,-0.7701305580155353,0.0,0.0,0.0,0.0,0.0,0.0,0.0,0.0,0.0
18,0.0,0.0,0.0,0.0,0.0,0.0,0.0,0.0,0.0,0.0,0.0,0.0,0.0,-0.8096185506705612,-0.8064382955244136,0.0,0.0,-0.7464650164526748,0.0,-0.7156576706908556,0.0,0.0,0.0,0.0,0.0,0.0,0.0,0.0,0.0
19,0.0,0.0,0.0,0.0,0.0,0.0,0.0,0.0,0.0,0.0,0.0,0.0,-0.8845300855345875,0.0,0.0,0.0,0.0,-0.7701305580155353,-0.7156576706908556,0.0,0.0,0.0,0.0,0.0,0.0,0.0,0.0,0.0,0.0
20,0.0,0.0,0.0,0.0,0.0,0.0,0.0,0.0,0.0,0.0,0.0,0.0,0.0,0.0,0.0,0.0,0.0,0.0,0.0,0.0,0.0,-0.7268729138099362,-0.7410179235549775,-0.7993836517983488,0.0,0.0,0.0,0.0,0.0
21,0.0,0.0,0.0,0.0,0.0,0.0,0.0,0.0,0.0,0.0,0.0,0.0,0.0,0.0,0.0,0.0,0.0,0.0,0.0,0.0,-0.7268729138099362,0.0,-0.7068412461354976,0.0,-0.8728633547922356,0.0,0.0,0.0,0.0
22,0.0,0.0,0.0,0.0,0.0,0.0,0.0,0.0,0.0,0.0,0.0,0.0,0.0,0.0,0.0,0.0,0.0,0.0,0.0,0.0,-0.7410179235549775,-0.7068412461354976,0.0,0.0,-0.8571145595090789,0.0,0.0,0.0,0.0
23,0.0,0.0,0.0,0.0,0.0,0.0,0.0,0.0,0.0,0.0,0.0,0.0,0.0,0.0,0.0,0.0,0.0,0.0,0.0,0.0,-0.7993836517983488,0.0,0.0,0.0,-0.795990901334214,-0.799646417153869,0.0,0.0,0.0
24,0.0,0.0,0.0,0.0,0.0,0.0,0.0,0.0,0.0,0.0,0.0,0.0,0.0,0.0,0.0,0.0,0.0,0.0,0.0,0.0,0.0,-0.8728633547922356,-0.8571145595090789,-0.795990901334214,0.0,0.0,-0.7449264778094957,-0.8170707403793314,-0.9138614338152157
25,0.0,0.0,0.0,0.0,0.0,0.0,0.0,0.0,0.0,0.0,0.0,0.0,0.0,0.0,0.0,0.0,0.0,0.0,0.0,0.0,0.0,0.0,0.0,-0.799646417153869,0.0,0.0,0.0,-0.8133635730810845,-0.9098831268380879
26,0.0,0.0,0.0,0.0,0.0,0.0,0.0,0.0,0.0,0.0,0.0,0.0,0.0,0.0,0.0,0.0,0.0,0.0,0.0,0.0,0.0,0.0,0.0,0.0,-0.7449264778094957,0.0,0.0,-0.7619422679043094,-0.8545873497307939
27,0.0,0.0,0.0,0.0,0.0,0.0,0.0,0.0,0.0,0.0,0.0,0.0,0.0,0.0,0.0,0.0,0.0,0.0,0.0,0.0,0.0,0.0,0.0,0.0,-0.8170707403793314,-0.8133635730810845,-0.7619422679043094,0.0,-0.7802611636438335
28,0.0,0.0,0.0,0.0,0.0,0.0,0.0,0.0,0.0,0.0,0.0,0.0,0.0,0.0,0.0,0.0,0.0,0.0,0.0,0.0,0.0,0.0,0.0,0.0,-0.9138614338152157,-0.9098831268380879,-0.8545873497307939,-0.7802611636438335,0.0
