,0,1,2,3,4,5,6,7,8,9,10,11,12,13
0,0.0,-1.5730554933504144,-2.4852692225257127,-2.685012015674795,0.0,0.0,0.0,0.0,0.0,0.0,0.0,0.0,0.0,0.0
1,-1.5730554933504144,0.0,-1.3557570851846146,-1.520436518071899,-1.8695573969572772,0.0,0.0,0.0,0.0,0.0,0.0,0.0,0.0,0.0
2,-2.4852692225257127,-1.3557570851846146,0.0,-0.807002363423313,-1.0663858497036511,-1.3099211775080972,0.0,0.0,0.0,0.0,0.0,0.0,0.0,0.0
3,-2.685012015674795,-1.520436518071899,-0.807002363423313,0.0,-0.930082745736376,-1.1569090467803171,0.0,0.0,0.0,0.0,0.0,0.0,0.0,0.0
4,0.0,-1.8695573969572772,-1.0663858497036511,-0.930082745736376,0.0,-0.8839796106557328,-0.9658793054586167,0.0,0.0,0.0,0.0,0.0,0.0,0.0
5,0.0,0.0,-1.3099211775080972,-1.1569090467803171,-0.8839796106557328,0.0,-0.7633393922673749,-1.4046876067411171,0.0,0.0,0.0,0.0,0.0,0.0
6,0.0,0.0,0.0,0.0,-0.9658793054586167,-0.7633393922673749,0.0,-1.3039809048332445,0.0,0.0,0.0,0.0,0.0,0.0
7,0.0,0.0,0.0,0.0,0.0,-1.4046876067411171,-1.3039809048332445,0.0,-0.7262100502680596,-0.7980200409178551,-1.0171087238737535,0.0,0.0,0.0
8,0.0,0.0,0.0,0.0,0.0,0.0,0.0,-0.7262100502680596,0.0,-0.7627722257740972,-0.9760637455253481,0.0,0.0,0.0
9,0.0,0.0,0.0,0.0,0.0,0.0,0.0,-0.7980200409178551,-0.7627722257740972,0.0,-0.8942603585177789,0.0,0.0,0.0
10,0.0,0.0,0.0,0.0,0.0,0.0,0.0,-1.0171087238737535,-0.9760637455253481,-0.8942603585177789,0.0,-0.8066855170183066,-1.1599984252010496,-1.234030027239369
11,0.0,0.0,0.0,0.0,0.0,0.0,0.0,0.0,0.0,0.0,-0.8066855170183066,0.0,-1.0171861939681692,-1.0862030973896406
12,0.0,0.0,0.0,0.0,0.0,0.0,0.0,0.0,0.0,0.0,-1.1599984252010496,-1.0171861939681692,0.0,-0.747601806701976
13,0.0,0.0,0.0,0.0,0.0,0.0,0.0,0.0,0.0,0.0,-1.234030027239369,-1.0862030973896406,-0.747601806701976,0.0
