,0,1,2,3,4,5,6,7,8,9,10,11,12,13,14,15,16,17,18,19,20,21,22
0,0.0,-3.0669572415069495,-3.1881376543192834,-3.3670755438165294,0.0,0.0,0.0,0.0,0.0,0.0,0.0,0.0,0.0,0.0,0.0,0.0,0.0,0.0,0.0,0.0,0.0,0.0,0.0
1,-3.0669572415069495,0.0,-0.7585228954595641,-0.8616707372487361,-0.9461150181920502,0.0,0.0,0.0,0.0,0.0,0.0,0.0,0.0,0.0,0.0,0.0,0.0,0.0,0.0,0.0,0.0,0.0,0.0
2,-3.1881376543192834,-0.7585228954595641,0.0,-0.7904448015205919,-0.8705067430904503,0.0,0.0,0.0,0.0,0.0,0.0,0.0,0.0,0.0,0.0,0.0,0.0,0.0,0.0,0.0,0.0,0.0,0.0
3,-3.3670755438165294,-0.8616707372487361,-0.7904448015205919,0.0,-0.7666594824673809,-0.8243974057197759,0.0,0.0,0.0,0.0,0.0,0.0,0.0,0.0,0.0,0.0,0.0,0.0,0.0,0.0,0.0,0.0,0.0
4,0.0,-0.9461150181920502,-0.8705067430904503,-0.7666594824673809,0.0,-0.7471650663334983,-0.7776474670222308,0.0,0.0,0.0,0.0,0.0,0.0,0.0,0.0,0.0,0.0,0.0,0.0,0.0,0.0,0.0,0.0
5,0.0,0.0,0.0,-0.8243974057197759,-0.7471650663334983,0.0,-0.7221285969697592,0.0,0.0,0.0,0.0,0.0,0.0,0.0,0.0,0.0,0.0,0.0,0.0,0.0,0.0,0.0,0.0
6,0.0,0.0,0.0,0.0,-0.7776474670222308,-0.7221285969697592,0.0,-0.9501307480488443,0.0,0.0,0.0,0.0,0.0,0.0,0.0,0.0,0.0,0.0,0.0,0.0,0.0,0.0,0.0
7,0.0,0.0,0.0,0.0,0.0,0.0,-0.9501307480488443,0.0,-0.7026539169027928,-0.8723574358152104,0.0,-0.9085233210050127,0.0,0.0,0.0,0.0,0.0,0.0,0.0,0.0,0.0,0.0,0.0
8,0.0,0.0,0.0,0.0,0.0,0.0,0.0,-0.7026539169027928,0.0,-0.861386642520949,-0.8688521558236066,0.0,0.0,0.0,0.0,0.0,0.0,0.0,0.0,0.0,0.0,0.0,0.0
9,0.0,0.0,0.0,0.0,0.0,0.0,0.0,-0.8723574358152104,-0.861386642520949,0.0,-0.6996149056329094,-0.7242941647008697,-0.7409139226214139,0.0,0.0,0.0,0.0,0.0,0.0,0.0,0.0,0.0,0.0
10,0.0,0.0,0.0,0.0,0.0,0.0,0.0,0.0,-0.8688521558236066,-0.6996149056329094,0.0,-0.7176702777484126,-0.7341870089437315,0.0,0.0,0.0,0.0,0.0,0.0,0.0,0.0,0.0,0.0
11,0.0,0.0,0.0,0.0,0.0,0.0,0.0,-0.9085233210050127,0.0,-0.7242941647008697,-0.7176702777484126,0.0,-0.7092763932992098,0.0,0.0,0.0,0.0,0.0,0.0,0.0,0.0,0.0,0.0
12,0.0,0.0,0.0,0.0,0.0,0.0,0.0,0.0,0.0,-0.7409139226214139,-0.7341870089437315,-0.7092763932992098,0.0,0.0,0.0,0.0,0.0,0.0,0.0,0.0,0.0,0.0,0.0
13,0.0,0.0,0.0,0.0,0.0,0.0,0.0,0.0,0.0,0.0,0.0,0.0,0.0,0.0,-0.7537952227284016,-0.8123051895477392,-0.8645807261025802,0.0,0.0,0.0,0.0,0.0,0.0
14,0.0,0.0,0.0,0.0,0.0,0.0,0.0,0.0,0.0,0.0,0.0,0.0,0.0,-0.7537952227284016,0.0,-0.7484937450739877,-0.7980875017617932,0.0,0.0,0.0,0.0,0.0,0.0
15,0.0,0.0,0.0,0.0,0.0,0.0,0.0,0.0,0.0,0.0,0.0,0.0,0.0,-0.8123051895477392,-0.7484937450739877,0.0,-0.7402658436851771,0.0,-0.8887557274553691,0.0,0.0,0.0,0.0
16,0.0,0.0,0.0,0.0,0.0,0.0,0.0,0.0,0.0,0.0,0.0,0.0,0.0,-0.8645807261025802,-0.7980875017617932,-0.7402658436851771,0.0,0.0,-0.8355468515334384,0.0,0.0,0.0,0.0
17,0.0,0.0,0.0,0.0,0.0,0.0,0.0,0.0,0.0,0.0,0.0,0.0,0.0,0.0,0.0,0.0,0.0,0.0,0.0,-0.8938550091956716,-0.9639611275540314,-1.0213067508294682,0.0
18,0.0,0.0,0.0,0.0,0.0,0.0,0.0,0.0,0.0,0.0,0.0,0.0,0.0,0.0,0.0,-0.8887557274553691,-0.8355468515334384,0.0,0.0,-0.853817012521552,-0.9220066479679399,-0.9778790085682222,0.0
19,0.0,0.0,0.0,0.0,0.0,0.0,0.0,0.0,0.0,0.0,0.0,0.0,0.0,0.0,0.0,0.0,0.0,-0.8938550091956716,-0.853817012521552,0.0,-0.7527810105800252,-0.8020148382046448,-0.9619236452030636
20,0.0,0.0,0.0,0.0,0.0,0.0,0.0,0.0,0.0,0.0,0.0,0.0,0.0,0.0,0.0,0.0,0.0,-0.9639611275540314,-0.9220066479679399,-0.7527810105800252,0.0,-0.7397485895247263,-0.89190883660955
21,0.0,0.0,0.0,0.0,0.0,0.0,0.0,0.0,0.0,0.0,0.0,0.0,0.0,0.0,0.0,0.0,0.0,-1.0213067508294682,-0.9778790085682222,-0.8020148382046448,-0.7397485895247263,0.0,-0.8391414962827461
22,0.0,0.0,0.0,0.0,0.0,0.0,0.0,0.0,0.0,0.0,0.0,0.0,0.0,0.0,0.0,0.0,0.0,0.0,0.0,-0.9619236452030636,-0.89190883660955,-0.8391414962827461,0.0
