,0,1,2,3,4,5,6,7,8,9,10,11
0,0.0,-3.9687598148203436,-4.593830690723904,-4.957167999879708,0.0,0.0,0.0,0.0,0.0,0.0,0.0,0.0
1,-3.9687598148203436,0.0,-1.0595609679713855,-1.3135747470707264,-1.5693854766883655,0.0,0.0,0.0,0.0,0.0,0.0,0.0
2,-4.593830690723904,-1.0595609679713855,0.0,-0.8930619468709686,-1.1045161948129283,-1.223029293891706,0.0,0.0,0.0,0.0,0.0,0.0
3,-4.957167999879708,-1.3135747470707264,-0.8930619468709686,0.0,-0.8749278602336303,-0.979043173969811,0.0,0.0,0.0,0.0,0.0,0.0
4,0.0,-1.5693854766883655,-1.1045161948129283,-0.8749278602336303,0.0,-0.7830694964479252,0.0,0.0,-1.0396921150743994,0.0,0.0,0.0
5,0.0,0.0,-1.223029293891706,-0.979043173969811,-0.7830694964479252,0.0,-0.8565544120928572,-0.8682207188474126,0.0,0.0,0.0,0.0
6,0.0,0.0,0.0,0.0,0.0,-0.8565544120928572,0.0,-0.7032928667409896,-0.7587496932657508,0.0,0.0,0.0
7,0.0,0.0,0.0,0.0,0.0,-0.8682207188474126,-0.7032928667409896,0.0,0.0,0.0,-0.7955747267345917,-0.8086624802078785
8,0.0,0.0,0.0,0.0,-1.0396921150743994,0.0,-0.7587496932657508,0.0,0.0,-0.7323553996569457,-0.738300746506069,-0.7507578544209339
9,0.0,0.0,0.0,0.0,0.0,0.0,0.0,0.0,-0.7323553996569457,0.0,-0.6988730246066444,-0.7108742710621009
10,0.0,0.0,0.0,0.0,0.0,0.0,0.0,-0.7955747267345917,-0.738300746506069,-0.6988730246066444,0.0,-0.7050807000149077
11,0.0,0.0,0.0,0.0,0.0,0.0,0.0,-0.8086624802078785,-0.7507578544209339,-0.7108742710621009,-0.7050807000149077,0.0
