,0,1,2,3,4,5,6,7,8,9,10,11,12,13,14,15,16,17,18
0,0.0,-0.9775398637765988,-1.088759496004801,-1.3262201045014625,0.0,0.0,0.0,0.0,0.0,0.0,0.0,0.0,0.0,0.0,0.0,0.0,0.0,0.0,0.0
1,-0.9775398637765988,0.0,-0.7832608795563027,-0.9816423249616113,0.0,0.0,0.0,0.0,0.0,0.0,0.0,0.0,0.0,0.0,0.0,0.0,0.0,0.0,0.0
2,-1.088759496004801,-0.7832608795563027,0.0,-0.8771497645716806,-1.6044114622203185,0.0,0.0,0.0,0.0,0.0,0.0,0.0,0.0,0.0,0.0,0.0,0.0,0.0,0.0
3,-1.3262201045014625,-0.9816423249616113,-0.8771497645716806,0.0,-1.343144387943215,0.0,0.0,0.0,0.0,0.0,0.0,0.0,0.0,0.0,0.0,0.0,0.0,0.0,0.0
4,0.0,0.0,-1.6044114622203185,-1.343144387943215,0.0,-1.1074547825741812,0.0,-1.590579627423956,-1.5923483882106093,0.0,0.0,0.0,0.0,0.0,0.0,0.0,0.0,0.0,0.0
5,0.0,0.0,0.0,0.0,-1.1074547825741812,0.0,0.0,-1.074188196242479,-1.0756511270063287,-1.2878522086076203,0.0,0.0,0.0,0.0,0.0,0.0,0.0,0.0,0.0
6,0.0,0.0,0.0,0.0,0.0,0.0,0.0,-0.8230000446237447,-0.8242463956003876,0.0,-1.035066378592651,0.0,0.0,0.0,0.0,0.0,0.0,0.0,0.0
7,0.0,0.0,0.0,0.0,-1.590579627423956,-1.074188196242479,-0.8230000446237447,0.0,-0.6942583078928788,-0.8594165640469333,-0.884251499833377,0.0,0.0,0.0,0.0,0.0,0.0,0.0,0.0
8,0.0,0.0,0.0,0.0,-1.5923483882106093,-1.0756511270063287,-0.8242463956003876,-0.6942583078928788,0.0,-0.8581365453888669,-0.8829484098279523,0.0,0.0,0.0,0.0,0.0,0.0,0.0,0.0
9,0.0,0.0,0.0,0.0,0.0,-1.2878522086076203,0.0,-0.8594165640469333,-0.8581365453888669,0.0,-0.7147184967645019,0.0,0.0,0.0,0.0,0.0,0.0,0.0,0.0
10,0.0,0.0,0.0,0.0,0.0,0.0,-1.035066378592651,-0.884251499833377,-0.8829484098279523,-0.7147184967645019,0.0,0.0,0.0,0.0,0.0,0.0,0.0,0.0,0.0
11,0.0,0.0,0.0,0.0,0.0,0.0,0.0,0.0,0.0,0.0,0.0,0.0,-0.7248524368884989,-0.7281384250631682,-0.7728612535872504,0.0,0.0,0.0,0.0
12,0.0,0.0,0.0,0.0,0.0,0.0,0.0,0.0,0.0,0.0,0.0,-0.7248524368884989,0.0,-0.6963338816587907,-0.7397364022514205,0.0,0.0,0.0,0.0
13,0.0,0.0,0.0,0.0,0.0,0.0,0.0,0.0,0.0,0.0,0.0,-0.7281384250631682,-0.6963338816587907,0.0,-0.7364149838076139,-0.8413406839825965,0.0,0.0,0.0
14,0.0,0.0,0.0,0.0,0.0,0.0,0.0,0.0,0.0,0.0,0.0,-0.7728612535872504,-0.7397364022514205,-0.7364149838076139,0.0,-0.7940180881012385,0.0,0.0,0.0
15,0.0,0.0,0.0,0.0,0.0,0.0,0.0,0.0,0.0,0.0,0.0,0.0,0.0,-0.8413406839825965,-0.7940180881012385,0.0,-1.0050544431926647,-1.3025546709734626,-1.3182811622057546
16,0.0,0.0,0.0,0.0,0.0,0.0,0.0,0.0,0.0,0.0,0.0,0.0,0.0,0.0,0.0,-1.0050544431926647,0.0,-0.9347329891813454,-0.947866392097831
17,0.0,0.0,0.0,0.0,0.0,0.0,0.0,0.0,0.0,0.0,0.0,0.0,0.0,0.0,0.0,-1.3025546709734626,-0.9347329891813454,0.0,-0.7039724706883483
18,0.0,0.0,0.0,0.0,0.0,0.0,0.0,0.0,0.0,0.0,0.0,0.0,0.0,0.0,0.0,-1.3182811622057546,-0.947866392097831,-0.7039724706883483,0.0
