,0,1,2,3,4,5,6,7,8,9,10,11,12,13,14,15,16,17,18,19,20,21,22,23,24
0,0.0,-1.34077286158961,-2.195557964701117,-2.73073753591856,0.0,0.0,0.0,0.0,0.0,0.0,0.0,0.0,0.0,0.0,0.0,0.0,0.0,0.0,0.0,0.0,0.0,0.0,0.0,0.0,0.0
1,-1.34077286158961,0.0,-1.3427504047444494,-1.8054975798067145,0.0,0.0,0.0,-2.3843929302332256,0.0,0.0,0.0,0.0,0.0,0.0,0.0,0.0,0.0,0.0,0.0,0.0,0.0,0.0,0.0,0.0,0.0
2,-2.195557964701117,-1.3427504047444494,0.0,-1.0283294018017464,-1.4046995906147566,0.0,0.0,-1.5000644861237007,0.0,0.0,0.0,0.0,0.0,0.0,0.0,0.0,0.0,0.0,0.0,0.0,0.0,0.0,0.0,0.0,0.0
3,-2.73073753591856,-1.8054975798067145,-1.0283294018017464,0.0,-0.997456948445364,0.0,0.0,-1.077837774948446,0.0,-1.0948485544590558,0.0,0.0,0.0,0.0,0.0,0.0,0.0,0.0,0.0,0.0,0.0,0.0,0.0,0.0,0.0
4,0.0,0.0,-1.4046995906147566,-0.997456948445364,0.0,0.0,0.0,-0.7573453950761234,0.0,-0.7710631573974377,-0.778937896135463,-0.7858010116302503,0.0,0.0,0.0,0.0,0.0,0.0,0.0,0.0,0.0,0.0,0.0,0.0,0.0
5,0.0,0.0,0.0,0.0,0.0,0.0,-0.7032102634318936,0.0,-0.71125415605108,0.0,-0.7305873825219311,-0.7371631121768522,0.0,0.0,0.0,0.0,0.0,0.0,0.0,0.0,0.0,0.0,0.0,0.0,0.0
6,0.0,0.0,0.0,0.0,0.0,-0.7032102634318936,0.0,0.0,-0.7011116478754524,0.0,0.0,-0.7267690376116992,0.0,0.0,0.0,0.0,0.0,0.0,0.0,0.0,0.0,0.0,0.0,0.0,0.0
7,0.0,-2.3843929302332256,-1.5000644861237007,-1.077837774948446,-0.7573453950761234,0.0,0.0,0.0,0.0,-0.7060670589445739,-0.7134884062747094,0.0,0.0,0.0,0.0,0.0,0.0,0.0,0.0,0.0,0.0,0.0,0.0,0.0,0.0
8,0.0,0.0,0.0,0.0,0.0,-0.71125415605108,-0.7011116478754524,0.0,0.0,0.0,0.0,-0.7186051850246181,0.0,0.0,0.0,0.0,0.0,0.0,0.0,0.0,0.0,0.0,0.0,0.0,0.0
9,0.0,0.0,0.0,-1.0948485544590558,-0.7710631573974377,0.0,0.0,-0.7060670589445739,0.0,0.0,-0.700474812903449,0.0,0.0,0.0,0.0,0.0,0.0,0.0,0.0,0.0,0.0,0.0,0.0,0.0,0.0
10,0.0,0.0,0.0,0.0,-0.778937896135463,-0.7305873825219311,0.0,-0.7134884062747094,0.0,-0.700474812903449,0.0,-0.6994905682837138,0.0,0.0,0.0,0.0,0.0,0.0,0.0,0.0,0.0,0.0,0.0,0.0,0.0
11,0.0,0.0,0.0,0.0,-0.7858010116302503,-0.7371631121768522,-0.7267690376116992,0.0,-0.7186051850246181,0.0,-0.6994905682837138,0.0,0.0,0.0,0.0,0.0,0.0,0.0,0.0,0.0,0.0,0.0,0.0,0.0,0.0
12,0.0,0.0,0.0,0.0,0.0,0.0,0.0,0.0,0.0,0.0,0.0,0.0,0.0,-0.7453011225606762,-0.7950150860648012,0.0,0.0,0.0,0.0,-1.1772501869619414,0.0,0.0,0.0,0.0,0.0
13,0.0,0.0,0.0,0.0,0.0,0.0,0.0,0.0,0.0,0.0,0.0,0.0,-0.7453011225606762,0.0,-0.7405130162851024,0.0,0.0,0.0,0.0,-1.107988184317303,0.0,0.0,0.0,0.0,0.0
14,0.0,0.0,0.0,0.0,0.0,0.0,0.0,0.0,0.0,0.0,0.0,0.0,-0.7950150860648012,-0.7405130162851024,0.0,0.0,0.0,0.0,0.0,-1.0469317550964987,0.0,0.0,0.0,0.0,0.0
15,0.0,0.0,0.0,0.0,0.0,0.0,0.0,0.0,0.0,0.0,0.0,0.0,0.0,0.0,0.0,0.0,-0.7475372117789821,0.0,-0.7674830954370735,0.0,0.0,-0.7831129955358116,0.0,0.0,0.0
16,0.0,0.0,0.0,0.0,0.0,0.0,0.0,0.0,0.0,0.0,0.0,0.0,0.0,0.0,0.0,-0.7475372117789821,0.0,-0.7092499793724087,-0.712099708866692,0.0,0.0,-0.726964256473762,0.0,-0.9391419875683402,0.0
17,0.0,0.0,0.0,0.0,0.0,0.0,0.0,0.0,0.0,0.0,0.0,0.0,0.0,0.0,0.0,0.0,-0.7092499793724087,0.0,0.0,0.0,0.0,0.0,-0.852082062415683,-0.9198048284822616,-1.1246717797400267
18,0.0,0.0,0.0,0.0,0.0,0.0,0.0,0.0,0.0,0.0,0.0,0.0,0.0,0.0,0.0,-0.7674830954370735,-0.712099708866692,0.0,0.0,-0.6956609212546832,0.0,-0.7077397918353129,0.0,0.0,0.0
19,0.0,0.0,0.0,0.0,0.0,0.0,0.0,0.0,0.0,0.0,0.0,0.0,-1.1772501869619414,-1.107988184317303,-1.0469317550964987,0.0,0.0,0.0,-0.6956609212546832,0.0,0.0,0.0,0.0,0.0,0.0
20,0.0,0.0,0.0,0.0,0.0,0.0,0.0,0.0,0.0,0.0,0.0,0.0,0.0,0.0,0.0,0.0,0.0,0.0,0.0,0.0,0.0,-0.6957113903871862,-0.8352962997325941,-0.9021943319944421,0.0
21,0.0,0.0,0.0,0.0,0.0,0.0,0.0,0.0,0.0,0.0,0.0,0.0,0.0,0.0,0.0,-0.7831129955358116,-0.726964256473762,0.0,-0.7077397918353129,0.0,-0.6957113903871862,0.0,0.0,0.0,0.0
22,0.0,0.0,0.0,0.0,0.0,0.0,0.0,0.0,0.0,0.0,0.0,0.0,0.0,0.0,0.0,0.0,0.0,-0.852082062415683,0.0,0.0,-0.8352962997325941,0.0,0.0,-0.7524451349999238,-0.9346909138207852
23,0.0,0.0,0.0,0.0,0.0,0.0,0.0,0.0,0.0,0.0,0.0,0.0,0.0,0.0,0.0,0.0,-0.9391419875683402,-0.9198048284822616,0.0,0.0,-0.9021943319944421,0.0,-0.7524451349999238,0.0,-0.8662817233699291
24,0.0,0.0,0.0,0.0,0.0,0.0,0.0,0.0,0.0,0.0,0.0,0.0,0.0,0.0,0.0,0.0,0.0,-1.1246717797400267,0.0,0.0,0.0,0.0,-0.9346909138207852,-0.8662817233699291,0.0
