,0,1,2,3,4,5,6,7,8,9,10,11,12,13,14,15,16,17,18,19,20,21,22,23
0,0.0,-1.0415205595960682,-2.617732756125347,-3.1787361423014704,0.0,0.0,0.0,0.0,0.0,0.0,0.0,0.0,0.0,0.0,0.0,0.0,0.0,0.0,0.0,0.0,0.0,0.0,0.0,0.0
1,-1.0415205595960682,0.0,-2.0705366057671983,-2.6066150034087605,0.0,0.0,0.0,0.0,0.0,0.0,0.0,0.0,0.0,0.0,0.0,0.0,0.0,0.0,0.0,0.0,0.0,0.0,0.0,0.0
2,-2.617732756125347,-2.0705366057671983,0.0,-1.0337732454634916,-1.1582749493756728,-1.2607710131022498,0.0,0.0,0.0,0.0,0.0,0.0,0.0,0.0,0.0,0.0,0.0,0.0,0.0,0.0,0.0,0.0,0.0,0.0
3,-3.1787361423014704,-2.6066150034087605,-1.0337732454634916,0.0,-0.7910756743483476,-0.8735865062680762,0.0,-0.945011672121112,0.0,0.0,0.0,0.0,0.0,0.0,0.0,0.0,0.0,0.0,0.0,0.0,0.0,0.0,0.0,0.0
4,0.0,0.0,-1.1582749493756728,-0.7910756743483476,0.0,-0.7688773436996531,0.0,-0.8348346772368995,0.0,0.0,0.0,0.0,0.0,0.0,0.0,0.0,0.0,0.0,0.0,0.0,0.0,0.0,0.0,0.0
5,0.0,0.0,-1.2607710131022498,-0.8735865062680762,-0.7688773436996531,0.0,-0.7117379745430876,-0.7547562248051755,0.0,0.0,0.0,0.0,0.0,0.0,0.0,0.0,0.0,0.0,0.0,0.0,0.0,0.0,0.0,0.0
6,0.0,0.0,0.0,0.0,0.0,-0.7117379745430876,0.0,-0.7354036130707208,-0.8129615672243923,0.0,0.0,0.0,0.0,0.0,0.0,0.0,0.0,0.0,0.0,0.0,0.0,0.0,0.0,0.0
7,0.0,0.0,0.0,-0.945011672121112,-0.8348346772368995,-0.7547562248051755,-0.7354036130707208,0.0,-0.7677356573132234,-0.7882809552445308,-0.8286011892856863,0.0,0.0,0.0,0.0,0.0,0.0,0.0,0.0,0.0,0.0,0.0,0.0,0.0
8,0.0,0.0,0.0,0.0,0.0,0.0,-0.8129615672243923,-0.7677356573132234,0.0,-0.7123279370610954,-0.7500452334674215,0.0,0.0,0.0,0.0,0.0,0.0,0.0,0.0,0.0,0.0,0.0,0.0,0.0
9,0.0,0.0,0.0,0.0,0.0,0.0,0.0,-0.7882809552445308,-0.7123279370610954,0.0,-0.7301741417867968,0.0,0.0,0.0,0.0,0.0,0.0,0.0,0.0,0.0,0.0,0.0,0.0,0.0
10,0.0,0.0,0.0,0.0,0.0,0.0,0.0,-0.8286011892856863,-0.7500452334674215,-0.7301741417867968,0.0,0.0,0.0,0.0,0.0,0.0,0.0,0.0,0.0,0.0,0.0,0.0,0.0,0.0
11,0.0,0.0,0.0,0.0,0.0,0.0,0.0,0.0,0.0,0.0,0.0,0.0,-0.9406692432554888,-0.9515908624187301,-0.954376828546889,0.0,0.0,0.0,0.0,0.0,0.0,0.0,0.0,0.0
12,0.0,0.0,0.0,0.0,0.0,0.0,0.0,0.0,0.0,0.0,0.0,-0.9406692432554888,0.0,-0.7021134854439823,-0.7044034773007418,-0.7544703317546445,0.0,0.0,0.0,0.0,0.0,0.0,0.0,0.0
13,0.0,0.0,0.0,0.0,0.0,0.0,0.0,0.0,0.0,0.0,0.0,-0.9515908624187301,-0.7021134854439823,0.0,-0.6954169352504898,-0.7450526279764307,0.0,0.0,0.0,0.0,0.0,0.0,0.0,0.0
14,0.0,0.0,0.0,0.0,0.0,0.0,0.0,0.0,0.0,0.0,0.0,-0.954376828546889,-0.7044034773007418,-0.6954169352504898,0.0,-0.7426733297294367,0.0,0.0,0.0,0.0,0.0,0.0,0.0,0.0
15,0.0,0.0,0.0,0.0,0.0,0.0,0.0,0.0,0.0,0.0,0.0,0.0,-0.7544703317546445,-0.7450526279764307,-0.7426733297294367,0.0,-0.744569682573459,-0.7963004702864418,0.0,0.0,0.0,0.0,0.0,0.0
16,0.0,0.0,0.0,0.0,0.0,0.0,0.0,0.0,0.0,0.0,0.0,0.0,0.0,0.0,0.0,-0.744569682573459,0.0,-0.7424687169264554,-0.8061265150240818,0.0,0.0,0.0,0.0,0.0
17,0.0,0.0,0.0,0.0,0.0,0.0,0.0,0.0,0.0,0.0,0.0,0.0,0.0,0.0,0.0,-0.7963004702864418,-0.7424687169264554,0.0,-0.7539691827548046,0.0,0.0,0.0,0.0,-1.3139636378948036
18,0.0,0.0,0.0,0.0,0.0,0.0,0.0,0.0,0.0,0.0,0.0,0.0,0.0,0.0,0.0,0.0,-0.8061265150240818,-0.7539691827548046,0.0,-0.7544017108923847,-0.7777712831912293,-0.8600913838519566,0.0,-1.2289590044379093
19,0.0,0.0,0.0,0.0,0.0,0.0,0.0,0.0,0.0,0.0,0.0,0.0,0.0,0.0,0.0,0.0,0.0,0.0,-0.7544017108923847,0.0,-0.7152204522818404,0.0,-0.8716108768368742,-1.1462860089738671
20,0.0,0.0,0.0,0.0,0.0,0.0,0.0,0.0,0.0,0.0,0.0,0.0,0.0,0.0,0.0,0.0,0.0,0.0,-0.7777712831912293,-0.7152204522818404,0.0,-0.7695187620474429,-0.8464396969118763,0.0
21,0.0,0.0,0.0,0.0,0.0,0.0,0.0,0.0,0.0,0.0,0.0,0.0,0.0,0.0,0.0,0.0,0.0,0.0,-0.8600913838519566,0.0,-0.7695187620474429,0.0,-0.7649842745987133,0.0
22,0.0,0.0,0.0,0.0,0.0,0.0,0.0,0.0,0.0,0.0,0.0,0.0,0.0,0.0,0.0,0.0,0.0,0.0,0.0,-0.8716108768368742,-0.8464396969118763,-0.7649842745987133,0.0,0.0
23,0.0,0.0,0.0,0.0,0.0,0.0,0.0,0.0,0.0,0.0,0.0,0.0,0.0,0.0,0.0,0.0,0.0,-1.3139636378948036,-1.2289590044379093,-1.1462860089738671,0.0,0.0,0.0,0.0
