,0,1,2,3,4,5,6,7,8,9,10,11,12,13,14,15,16,17,18,19
0,0.0,-0.9282268232544707,-1.9614555740548032,-2.2100615079746837,0.0,0.0,0.0,0.0,0.0,0.0,0.0,0.0,0.0,0.0,0.0,0.0,0.0,0.0,0.0,0.0
1,-0.9282268232544707,0.0,-1.6080764903389368,-1.8412938493277387,0.0,0.0,0.0,0.0,0.0,0.0,0.0,0.0,0.0,0.0,0.0,0.0,0.0,0.0,0.0,0.0
2,-1.9614555740548032,-1.6080764903389368,0.0,-0.8451949652399899,-0.8619976653558352,-0.927409453017971,0.0,0.0,0.0,0.0,0.0,0.0,0.0,0.0,0.0,0.0,0.0,0.0,0.0,0.0
3,-2.2100615079746837,-1.8412938493277387,-0.8451949652399899,0.0,-0.7078880212565769,-0.7655572655099911,0.0,0.0,0.0,0.0,0.0,0.0,0.0,0.0,0.0,0.0,0.0,0.0,0.0,0.0
4,0.0,0.0,-0.8619976653558352,-0.7078880212565769,0.0,-0.7500079366659852,0.0,0.0,0.0,0.0,0.0,0.0,0.0,0.0,0.0,0.0,0.0,0.0,0.0,0.0
5,0.0,0.0,-0.927409453017971,-0.7655572655099911,-0.7500079366659852,0.0,-1.022557952428291,0.0,0.0,0.0,0.0,0.0,0.0,0.0,0.0,0.0,0.0,0.0,0.0,0.0
6,0.0,0.0,0.0,0.0,0.0,-1.022557952428291,0.0,-0.8937009903309158,-0.8948783629951813,-1.3285526460781896,0.0,0.0,0.0,0.0,0.0,0.0,0.0,0.0,0.0,0.0
7,0.0,0.0,0.0,0.0,0.0,0.0,-0.8937009903309158,0.0,-0.6941435897649584,-1.0722450274488913,0.0,0.0,0.0,0.0,0.0,0.0,0.0,0.0,0.0,0.0
8,0.0,0.0,0.0,0.0,0.0,0.0,-0.8948783629951813,-0.6941435897649584,0.0,-1.0709353288913745,0.0,0.0,0.0,0.0,0.0,0.0,0.0,0.0,0.0,0.0
9,0.0,0.0,0.0,0.0,0.0,0.0,-1.3285526460781896,-1.0722450274488913,-1.0709353288913745,0.0,-0.7294835342544362,-0.8692209640047909,-1.0676349663464937,0.0,0.0,0.0,0.0,0.0,0.0,0.0
10,0.0,0.0,0.0,0.0,0.0,0.0,0.0,0.0,0.0,-0.7294835342544362,0.0,-0.82838113720351,-1.0213639560552745,0.0,0.0,0.0,0.0,0.0,0.0,0.0
11,0.0,0.0,0.0,0.0,0.0,0.0,0.0,0.0,0.0,-0.8692209640047909,-0.82838113720351,0.0,-0.8662266730629419,0.0,0.0,0.0,0.0,0.0,0.0,0.0
12,0.0,0.0,0.0,0.0,0.0,0.0,0.0,0.0,0.0,-1.0676349663464937,-1.0213639560552745,-0.8662266730629419,0.0,-0.7168229463208697,-0.7681034465910803,-0.9435120897429463,0.0,0.0,0.0,0.0
13,0.0,0.0,0.0,0.0,0.0,0.0,0.0,0.0,0.0,0.0,0.0,0.0,-0.7168229463208697,0.0,-0.7432841672597917,-0.9151882520591748,0.0,0.0,0.0,0.0
14,0.0,0.0,0.0,0.0,0.0,0.0,0.0,0.0,0.0,0.0,0.0,0.0,-0.7681034465910803,-0.7432841672597917,0.0,-0.8576606887078417,0.0,0.0,0.0,0.0
15,0.0,0.0,0.0,0.0,0.0,0.0,0.0,0.0,0.0,0.0,0.0,0.0,-0.9435120897429463,-0.9151882520591748,-0.8576606887078417,0.0,-0.7457615460343653,-0.7613732648448666,0.0,0.0
16,0.0,0.0,0.0,0.0,0.0,0.0,0.0,0.0,0.0,0.0,0.0,0.0,0.0,0.0,0.0,-0.7457615460343653,0.0,-0.7080033710196852,-0.8657778337447073,-0.8807833669538546
17,0.0,0.0,0.0,0.0,0.0,0.0,0.0,0.0,0.0,0.0,0.0,0.0,0.0,0.0,0.0,-0.7613732648448666,-0.7080033710196852,0.0,-0.8487983219229079,-0.8636186014486865
18,0.0,0.0,0.0,0.0,0.0,0.0,0.0,0.0,0.0,0.0,0.0,0.0,0.0,0.0,0.0,0.0,-0.8657778337447073,-0.8487983219229079,0.0,-0.7061124071003189
19,0.0,0.0,0.0,0.0,0.0,0.0,0.0,0.0,0.0,0.0,0.0,0.0,0.0,0.0,0.0,0.0,-0.8807833669538546,-0.8636186014486865,-0.7061124071003189,0.0
