,0,1,2,3,4,5,6,7,8,9,10,11,12,13,14,15,16,17,18,19
0,0.0,-2.9564072342244523,-3.6913339194578327,-3.6914768124367936,0.0,0.0,0.0,0.0,0.0,0.0,0.0,0.0,0.0,0.0,0.0,0.0,0.0,0.0,0.0,0.0
1,-2.9564072342244523,0.0,-1.1457720683831254,-1.1458720192305225,-1.5066472595883864,0.0,0.0,0.0,0.0,0.0,0.0,0.0,0.0,0.0,0.0,0.0,0.0,0.0,0.0,0.0
2,-3.6913339194578327,-1.1457720683831254,0.0,-0.693220456955487,-0.9697178526275089,-1.078104756116258,0.0,0.0,0.0,0.0,0.0,0.0,0.0,0.0,0.0,0.0,0.0,0.0,0.0,0.0
3,-3.6914768124367936,-1.1458720192305225,-0.693220456955487,0.0,-0.969626877051789,-1.0780080723632701,0.0,0.0,0.0,0.0,0.0,0.0,0.0,0.0,0.0,0.0,0.0,0.0,0.0,0.0
4,0.0,-1.5066472595883864,-0.9697178526275089,-0.969626877051789,0.0,-0.7813422942188653,-1.0076319414858557,0.0,0.0,0.0,0.0,0.0,0.0,0.0,0.0,0.0,0.0,0.0,0.0,0.0
5,0.0,0.0,-1.078104756116258,-1.0780080723632701,-0.7813422942188653,0.0,-0.903546383192719,-1.013254912129225,0.0,0.0,0.0,0.0,0.0,0.0,0.0,0.0,0.0,0.0,0.0,0.0
6,0.0,0.0,0.0,0.0,-1.0076319414858557,-0.903546383192719,0.0,-0.786146185440515,0.0,-0.8965423574714773,-0.896591998283448,0.0,0.0,0.0,0.0,0.0,0.0,0.0,0.0,0.0
7,0.0,0.0,0.0,0.0,0.0,-1.013254912129225,-0.786146185440515,0.0,0.0,-0.7949818486540675,-0.7950278327382486,0.0,0.0,0.0,-0.8685614530174611,0.0,0.0,0.0,0.0,0.0
8,0.0,0.0,0.0,0.0,0.0,0.0,0.0,0.0,0.0,0.0,0.0,-0.7397792413295596,0.0,-0.7686940398852806,-0.7765362901613622,0.0,0.0,0.0,0.0,0.0
9,0.0,0.0,0.0,0.0,0.0,0.0,-0.8965423574714773,-0.7949818486540675,0.0,0.0,-0.6931891055156048,0.0,-0.7451686768164311,0.0,-0.7604451093360004,0.0,0.0,0.0,0.0,0.0
10,0.0,0.0,0.0,0.0,0.0,0.0,-0.896591998283448,-0.7950278327382486,0.0,-0.6931891055156048,0.0,0.0,-0.7451246284201263,0.0,-0.7604004575736772,0.0,0.0,0.0,0.0,0.0
11,0.0,0.0,0.0,0.0,0.0,0.0,0.0,0.0,-0.7397792413295596,0.0,0.0,0.0,0.0,-0.7208192550410432,-0.7283303426877058,0.0,0.0,0.0,0.0,0.0
12,0.0,0.0,0.0,0.0,0.0,0.0,0.0,0.0,0.0,-0.7451686768164311,-0.7451246284201263,0.0,0.0,0.0,-0.7076919214979096,0.0,0.0,0.0,0.0,0.0
13,0.0,0.0,0.0,0.0,0.0,0.0,0.0,0.0,-0.7686940398852806,0.0,0.0,-0.7208192550410432,0.0,0.0,-0.7004594443627948,0.0,0.0,0.0,-1.1168460906536475,0.0
14,0.0,0.0,0.0,0.0,0.0,0.0,0.0,-0.8685614530174611,-0.7765362901613622,-0.7604451093360004,-0.7604004575736772,-0.7283303426877058,-0.7076919214979096,-0.7004594443627948,0.0,0.0,0.0,0.0,-1.1070674453555838,0.0
15,0.0,0.0,0.0,0.0,0.0,0.0,0.0,0.0,0.0,0.0,0.0,0.0,0.0,0.0,0.0,0.0,-0.8197525678423928,-0.8315782392646652,0.0,-1.0506206411141237
16,0.0,0.0,0.0,0.0,0.0,0.0,0.0,0.0,0.0,0.0,0.0,0.0,0.0,0.0,0.0,-0.8197525678423928,0.0,-0.7037226403591997,0.0,-0.9018614145880504
17,0.0,0.0,0.0,0.0,0.0,0.0,0.0,0.0,0.0,0.0,0.0,0.0,0.0,0.0,0.0,-0.8315782392646652,-0.7037226403591997,0.0,-0.7578430741969239,-0.889413026908746
18,0.0,0.0,0.0,0.0,0.0,0.0,0.0,0.0,0.0,0.0,0.0,0.0,0.0,-1.1168460906536475,-1.1070674453555838,0.0,0.0,-0.7578430741969239,0.0,0.0
19,0.0,0.0,0.0,0.0,0.0,0.0,0.0,0.0,0.0,0.0,0.0,0.0,0.0,0.0,0.0,-1.0506206411141237,-0.9018614145880504,-0.889413026908746,0.0,0.0
