,0,1,2,3,4,5,6,7,8,9,10,11,12,13,14,15,16,17,18
0,0.0,-1.5527332184312794,-2.9490878908238938,-3.1452522108524286,0.0,0.0,0.0,0.0,0.0,0.0,0.0,0.0,0.0,0.0,0.0,0.0,0.0,0.0,0.0
1,-1.5527332184312794,0.0,-1.767605107394858,-1.941271227819271,-1.9557276881970076,0.0,0.0,0.0,0.0,0.0,0.0,0.0,0.0,0.0,0.0,0.0,0.0,0.0,0.0
2,-2.9490878908238938,-1.767605107394858,0.0,-0.801422165809908,-0.810751626172209,-1.0846452405277263,0.0,0.0,0.0,0.0,0.0,0.0,0.0,0.0,0.0,0.0,0.0,0.0,0.0
3,-3.1452522108524286,-1.941271227819271,-0.801422165809908,0.0,-0.7016120253423782,-0.9531474761157519,0.0,0.0,0.0,0.0,0.0,0.0,0.0,0.0,0.0,0.0,0.0,0.0,0.0
4,0.0,-1.9557276881970076,-0.810751626172209,-0.7016120253423782,0.0,-0.9428219840539537,-0.9659576943647775,0.0,0.0,0.0,0.0,0.0,0.0,0.0,0.0,0.0,0.0,0.0,0.0
5,0.0,0.0,-1.0846452405277263,-0.9531474761157519,-0.9428219840539537,0.0,-0.7121356576083018,0.0,0.0,0.0,0.0,0.0,0.0,0.0,0.0,0.0,0.0,0.0,0.0
6,0.0,0.0,0.0,0.0,-0.9659576943647775,-0.7121356576083018,0.0,-1.3090323124860674,0.0,0.0,0.0,0.0,0.0,0.0,0.0,0.0,0.0,0.0,0.0
7,0.0,0.0,0.0,0.0,0.0,0.0,-1.3090323124860674,0.0,-0.7952698585324139,0.0,-0.8450257885928167,0.0,-0.8675110946929603,0.0,0.0,0.0,0.0,0.0,0.0
8,0.0,0.0,0.0,0.0,0.0,0.0,0.0,-0.7952698585324139,0.0,-0.720515134518248,-0.7385986761325728,-0.7486778134370722,0.0,0.0,0.0,0.0,0.0,0.0,0.0
9,0.0,0.0,0.0,0.0,0.0,0.0,0.0,0.0,-0.720515134518248,0.0,0.0,-0.7205796031479934,-0.7308361036206814,0.0,0.0,0.0,0.0,0.0,0.0
10,0.0,0.0,0.0,0.0,0.0,0.0,0.0,-0.8450257885928167,-0.7385986761325728,0.0,0.0,-0.7027995771531699,-0.7128826568174275,-0.7539937962577739,-0.8397187339743238,0.0,0.0,0.0,0.0
11,0.0,0.0,0.0,0.0,0.0,0.0,0.0,0.0,-0.7486778134370722,-0.7205796031479934,-0.7027995771531699,0.0,-0.703134801593664,0.0,0.0,-0.8975006550958772,0.0,0.0,0.0
12,0.0,0.0,0.0,0.0,0.0,0.0,0.0,-0.8675110946929603,0.0,-0.7308361036206814,-0.7128826568174275,-0.703134801593664,0.0,-0.7334860046742268,-0.8176973848279943,0.0,0.0,0.0,0.0
13,0.0,0.0,0.0,0.0,0.0,0.0,0.0,0.0,0.0,0.0,-0.7539937962577739,0.0,-0.7334860046742268,0.0,-0.7742822206258,0.0,-0.97544301214543,0.0,0.0
14,0.0,0.0,0.0,0.0,0.0,0.0,0.0,0.0,0.0,0.0,-0.8397187339743238,0.0,-0.8176973848279943,-0.7742822206258,0.0,-0.7543003153373852,-0.8810465913486349,-1.0735723237962584,0.0
15,0.0,0.0,0.0,0.0,0.0,0.0,0.0,0.0,0.0,0.0,0.0,-0.8975006550958772,0.0,0.0,-0.7543003153373852,0.0,-0.8132048675109084,-0.9969951023597463,-1.756356094176574
16,0.0,0.0,0.0,0.0,0.0,0.0,0.0,0.0,0.0,0.0,0.0,0.0,0.0,-0.97544301214543,-0.8810465913486349,-0.8132048675109084,0.0,-0.8597270459652627,-1.5722321147859903
17,0.0,0.0,0.0,0.0,0.0,0.0,0.0,0.0,0.0,0.0,0.0,0.0,0.0,0.0,-1.0735723237962584,-0.9969951023597463,-0.8597270459652627,0.0,-1.3354538946208367
18,0.0,0.0,0.0,0.0,0.0,0.0,0.0,0.0,0.0,0.0,0.0,0.0,0.0,0.0,0.0,-1.756356094176574,-1.5722321147859903,-1.3354538946208367,0.0
