,0,1,2,3,4,5,6,7,8,9,10,11,12
0,0.0,-1.3773492897814497,-1.533660451930615,-2.7575888609316395,0.0,0.0,0.0,0.0,0.0,0.0,0.0,0.0,0.0
1,-1.3773492897814497,0.0,-0.8003249708729672,-1.788374561865778,-1.9882354304616647,0.0,0.0,0.0,0.0,0.0,0.0,0.0,0.0
2,-1.533660451930615,-0.8003249708729672,0.0,-1.621542442520753,-1.8147766575850512,0.0,0.0,0.0,0.0,0.0,0.0,0.0,0.0
3,-2.7575888609316395,-1.788374561865778,-1.621542442520753,0.0,-0.8178659098010476,-0.9304446629849958,-1.9739520390809546,0.0,0.0,0.0,0.0,0.0,0.0
4,0.0,-1.9882354304616647,-1.8147766575850512,-0.8178659098010476,0.0,-0.7944887894430485,-1.7745960111497725,0.0,0.0,0.0,0.0,0.0,0.0
5,0.0,0.0,0.0,-0.9304446629849958,-0.7944887894430485,0.0,-1.616772797068056,0.0,0.0,0.0,0.0,0.0,0.0
6,0.0,0.0,0.0,-1.9739520390809546,-1.7745960111497725,-1.616772797068056,0.0,-0.9732936142439662,-1.0359810441532422,-1.3079277933855797,0.0,0.0,0.0
7,0.0,0.0,0.0,0.0,0.0,0.0,-0.9732936142439662,0.0,-0.7438318884290019,-0.9703188253728435,-1.036666715478271,0.0,0.0
8,0.0,0.0,0.0,0.0,0.0,0.0,-1.0359810441532422,-0.7438318884290019,0.0,-0.9100436843999745,0.0,0.0,0.0
9,0.0,0.0,0.0,0.0,0.0,0.0,-1.3079277933855797,-0.9703188253728435,-0.9100436843999745,0.0,-0.7469048433092698,-0.8195506376381663,-1.11045574955587
10,0.0,0.0,0.0,0.0,0.0,0.0,0.0,-1.036666715478271,0.0,-0.7469048433092698,0.0,-0.7623019498607695,-1.0414228857813543
11,0.0,0.0,0.0,0.0,0.0,0.0,0.0,0.0,0.0,-0.8195506376381663,-0.7623019498607695,0.0,-0.9568962604475237
12,0.0,0.0,0.0,0.0,0.0,0.0,0.0,0.0,0.0,-1.11045574955587,-1.0414228857813543,-0.9568962604475237,0.0
