,0,1,2,3,4,5,6,7,8,9,10,11,12,13,14,15,16,17,18,19,20,21,22,23,24,25
0,0.0,-0.7104122910398513,-0.9759187798984995,-1.113737303376869,0.0,0.0,0.0,0.0,0.0,0.0,0.0,0.0,0.0,0.0,0.0,0.0,0.0,0.0,0.0,0.0,0.0,0.0,0.0,0.0,0.0,0.0
1,-0.7104122910398513,0.0,-0.9547217523859473,-1.0908709497639153,0.0,0.0,0.0,0.0,0.0,0.0,0.0,0.0,0.0,0.0,0.0,0.0,0.0,0.0,0.0,0.0,0.0,0.0,0.0,0.0,0.0,0.0
2,-0.9759187798984995,-0.9547217523859473,0.0,-0.8051928762689531,-0.9295136788884513,0.0,0.0,0.0,0.0,0.0,0.0,0.0,0.0,0.0,0.0,0.0,0.0,0.0,0.0,0.0,0.0,0.0,0.0,0.0,0.0,0.0
3,-1.113737303376869,-1.0908709497639153,-0.8051928762689531,0.0,-0.8062009398048768,-1.8429372155589883,0.0,0.0,0.0,0.0,0.0,0.0,0.0,0.0,0.0,0.0,0.0,0.0,0.0,0.0,0.0,0.0,0.0,0.0,0.0,0.0
4,0.0,0.0,-0.9295136788884513,-0.8062009398048768,0.0,-1.6655286072598239,0.0,0.0,0.0,0.0,0.0,0.0,0.0,0.0,0.0,0.0,0.0,0.0,0.0,0.0,0.0,0.0,0.0,0.0,0.0,0.0
5,0.0,0.0,0.0,-1.8429372155589883,-1.6655286072598239,0.0,-0.6984847680674519,-0.7304906977440201,-0.8012228190958748,0.0,0.0,0.0,0.0,0.0,0.0,0.0,0.0,0.0,0.0,0.0,0.0,0.0,0.0,0.0,0.0,0.0
6,0.0,0.0,0.0,0.0,0.0,-0.6984847680674519,0.0,-0.7249863026076133,-0.795368094106161,-0.8948834176006766,0.0,0.0,0.0,0.0,0.0,0.0,0.0,0.0,0.0,0.0,0.0,0.0,0.0,0.0,0.0,0.0
7,0.0,0.0,0.0,0.0,0.0,-0.7304906977440201,-0.7249863026076133,0.0,-0.7614617822820006,-0.858285321811876,0.0,0.0,0.0,0.0,0.0,0.0,0.0,0.0,0.0,0.0,0.0,0.0,0.0,0.0,0.0,0.0
8,0.0,0.0,0.0,0.0,0.0,-0.8012228190958748,-0.795368094106161,-0.7614617822820006,0.0,-0.7842379737793956,0.0,0.0,0.0,0.0,0.0,0.0,0.0,0.0,0.0,0.0,0.0,0.0,0.0,0.0,0.0,0.0
9,0.0,0.0,0.0,0.0,0.0,0.0,-0.8948834176006766,-0.858285321811876,-0.7842379737793956,0.0,0.0,0.0,0.0,0.0,0.0,0.0,0.0,0.0,0.0,0.0,0.0,0.0,0.0,0.0,0.0,0.0
10,0.0,0.0,0.0,0.0,0.0,0.0,0.0,0.0,0.0,0.0,0.0,-0.7049398306813505,-0.7920451510290994,-0.8617018912718759,0.0,0.0,0.0,0.0,0.0,0.0,0.0,0.0,0.0,0.0,0.0,0.0
11,0.0,0.0,0.0,0.0,0.0,0.0,0.0,0.0,0.0,0.0,-0.7049398306813505,0.0,-0.7792854069401881,-0.8482265599300525,0.0,0.0,0.0,0.0,0.0,0.0,0.0,0.0,0.0,0.0,0.0,0.0
12,0.0,0.0,0.0,0.0,0.0,0.0,0.0,0.0,0.0,0.0,-0.7920451510290994,-0.7792854069401881,0.0,-0.7569963860229657,-0.8275090031548368,0.0,0.0,0.0,0.0,0.0,0.0,0.0,0.0,0.0,0.0,0.0
13,0.0,0.0,0.0,0.0,0.0,0.0,0.0,0.0,0.0,0.0,-0.8617018912718759,-0.8482265599300525,-0.7569963860229657,0.0,-0.7596859815878592,0.0,0.0,0.0,0.0,0.0,0.0,0.0,0.0,0.0,0.0,0.0
14,0.0,0.0,0.0,0.0,0.0,0.0,0.0,0.0,0.0,0.0,0.0,0.0,-0.8275090031548368,-0.7596859815878592,0.0,-0.8570280369003439,0.0,0.0,0.0,-0.9768375770192634,0.0,0.0,0.0,0.0,0.0,0.0
15,0.0,0.0,0.0,0.0,0.0,0.0,0.0,0.0,0.0,0.0,0.0,0.0,0.0,0.0,-0.8570280369003439,0.0,-0.7532474531250821,0.0,-0.7897026611991346,-0.7980195734192083,-0.8274691078303518,0.0,-0.8476154107492393,0.0,0.0,0.0
16,0.0,0.0,0.0,0.0,0.0,0.0,0.0,0.0,0.0,0.0,0.0,0.0,0.0,0.0,0.0,-0.7532474531250821,0.0,-0.7241323579803881,0.0,0.0,0.0,-0.7814996294891641,-0.7825395541555158,-0.9501744662568724,0.0,0.0
17,0.0,0.0,0.0,0.0,0.0,0.0,0.0,0.0,0.0,0.0,0.0,0.0,0.0,0.0,0.0,0.0,-0.7241323579803881,0.0,0.0,0.0,0.0,-0.7488624291657978,-0.7498732482454767,0.0,0.0,-1.3999457139363003
18,0.0,0.0,0.0,0.0,0.0,0.0,0.0,0.0,0.0,0.0,0.0,0.0,0.0,0.0,0.0,-0.7897026611991346,0.0,0.0,0.0,0.0,-0.7277850247927696,0.0,-0.7463062357921293,-0.9091321197763857,-0.9708097132607627,0.0
19,0.0,0.0,0.0,0.0,0.0,0.0,0.0,0.0,0.0,0.0,0.0,0.0,0.0,0.0,-0.9768375770192634,-0.7980195734192083,0.0,0.0,0.0,0.0,-0.7199656067018884,0.0,0.0,0.0,0.0,0.0
20,0.0,0.0,0.0,0.0,0.0,0.0,0.0,0.0,0.0,0.0,0.0,0.0,0.0,0.0,0.0,-0.8274691078303518,0.0,0.0,-0.7277850247927696,-0.7199656067018884,0.0,0.0,0.0,0.0,0.0,0.0
21,0.0,0.0,0.0,0.0,0.0,0.0,0.0,0.0,0.0,0.0,0.0,0.0,0.0,0.0,0.0,0.0,-0.7814996294891641,-0.7488624291657978,0.0,0.0,0.0,0.0,-0.6941060625610028,-0.8496461741483943,-0.908847262957484,0.0
22,0.0,0.0,0.0,0.0,0.0,0.0,0.0,0.0,0.0,0.0,0.0,0.0,0.0,0.0,0.0,-0.8476154107492393,-0.7825395541555158,-0.7498732482454767,-0.7463062357921293,0.0,0.0,-0.6941060625610028,0.0,0.0,-0.9077033262377432,-1.317920096548047
23,0.0,0.0,0.0,0.0,0.0,0.0,0.0,0.0,0.0,0.0,0.0,0.0,0.0,0.0,0.0,0.0,-0.9501744662568724,0.0,-0.9091321197763857,0.0,0.0,-0.8496461741483943,0.0,0.0,0.0,-1.1142382701788238
24,0.0,0.0,0.0,0.0,0.0,0.0,0.0,0.0,0.0,0.0,0.0,0.0,0.0,0.0,0.0,0.0,0.0,0.0,-0.9708097132607627,0.0,0.0,-0.908847262957484,-0.9077033262377432,0.0,0.0,0.0
25,0.0,0.0,0.0,0.0,0.0,0.0,0.0,0.0,0.0,0.0,0.0,0.0,0.0,0.0,0.0,0.0,0.0,-1.3999457139363003,0.0,0.0,0.0,0.0,-1.317920096548047,-1.1142382701788238,0.0,0.0
