,0,1,2,3,4,5,6,7,8,9,10,11,12,13,14,15
0,0.0,-0.8970173203861503,-1.3619472787990716,-1.4508668111075642,0.0,0.0,0.0,0.0,0.0,0.0,0.0,0.0,0.0,0.0,0.0,0.0
1,-0.8970173203861503,0.0,-1.0984359988164787,-1.1784825855511256,0.0,0.0,0.0,0.0,0.0,0.0,0.0,0.0,0.0,0.0,0.0,0.0
2,-1.3619472787990716,-1.0984359988164787,0.0,-0.7537799548611117,-0.922457401763876,-1.234117900709192,0.0,0.0,0.0,0.0,0.0,0.0,0.0,0.0,0.0,0.0
3,-1.4508668111075642,-1.1784825855511256,-0.7537799548611117,0.0,-0.8531629019387388,-1.1520644056958596,0.0,0.0,0.0,0.0,0.0,0.0,0.0,0.0,0.0,0.0
4,0.0,0.0,-0.922457401763876,-0.8531629019387388,0.0,-0.9581990528535457,0.0,0.0,0.0,0.0,0.0,0.0,0.0,0.0,0.0,0.0
5,0.0,0.0,-1.234117900709192,-1.1520644056958596,-0.9581990528535457,0.0,-0.8224096715462001,-0.8820950867253017,-0.9321280268698396,0.0,0.0,0.0,0.0,0.0,0.0,0.0
6,0.0,0.0,0.0,0.0,0.0,-0.8224096715462001,0.0,-0.7465471353767518,-0.791564335936657,-0.7990384493815517,0.0,0.0,0.0,0.0,0.0,0.0
7,0.0,0.0,0.0,0.0,0.0,-0.8820950867253017,-0.7465471353767518,0.0,-0.7359861993807146,-0.7431076245971122,-0.754401565672893,0.0,0.0,0.0,0.0,0.0
8,0.0,0.0,0.0,0.0,0.0,-0.9321280268698396,-0.791564335936657,-0.7359861993807146,0.0,-0.6999829694512287,-0.7108279025002839,0.0,0.0,0.0,0.0,0.0
9,0.0,0.0,0.0,0.0,0.0,0.0,-0.7990384493815517,-0.7431076245971122,-0.6999829694512287,0.0,-0.7039191264548126,0.0,0.0,0.0,0.0,0.0
10,0.0,0.0,0.0,0.0,0.0,0.0,0.0,-0.754401565672893,-0.7108279025002839,-0.7039191264548126,0.0,0.0,0.0,0.0,0.0,0.0
11,0.0,0.0,0.0,0.0,0.0,0.0,0.0,0.0,0.0,0.0,0.0,0.0,-0.7853617625992645,-1.0686227619296989,-1.708497801580974,0.0
12,0.0,0.0,0.0,0.0,0.0,0.0,0.0,0.0,0.0,0.0,0.0,-0.7853617625992645,0.0,-0.9562353981798173,-1.5662562562983267,-1.8197650676127375
13,0.0,0.0,0.0,0.0,0.0,0.0,0.0,0.0,0.0,0.0,0.0,-1.0686227619296989,-0.9562353981798173,0.0,-1.2134713318548203,-1.4416597374308582
14,0.0,0.0,0.0,0.0,0.0,0.0,0.0,0.0,0.0,0.0,0.0,-1.708497801580974,-1.5662562562983267,-1.2134713318548203,0.0,-0.860649772492604
15,0.0,0.0,0.0,0.0,0.0,0.0,0.0,0.0,0.0,0.0,0.0,0.0,-1.8197650676127375,-1.4416597374308582,-0.860649772492604,0.0
