,0,1,2,3,4,5,6,7,8,9,10,11,12,13,14,15,16,17,18,19,20,21,22,23,24
0,0.0,-0.9158113911048992,-0.9547913620511571,-1.0579400705429138,0.0,0.0,0.0,0.0,0.0,0.0,0.0,0.0,0.0,0.0,0.0,0.0,0.0,0.0,0.0,0.0,0.0,0.0,0.0,0.0,0.0
1,-0.9158113911048992,0.0,-0.7257453461213312,-0.8129827772877669,-1.0972734478220478,0.0,0.0,0.0,0.0,0.0,0.0,0.0,0.0,0.0,0.0,0.0,0.0,0.0,0.0,0.0,0.0,0.0,0.0,0.0,0.0
2,-0.9547913620511571,-0.7257453461213312,0.0,-0.7777851399626263,-1.054985001446099,0.0,0.0,0.0,0.0,0.0,0.0,0.0,0.0,0.0,0.0,0.0,0.0,0.0,0.0,0.0,0.0,0.0,0.0,0.0,0.0
3,-1.0579400705429138,-0.8129827772877669,-0.7777851399626263,0.0,-0.9520072825270471,0.0,0.0,0.0,0.0,0.0,0.0,0.0,0.0,0.0,0.0,0.0,0.0,0.0,0.0,0.0,0.0,0.0,0.0,0.0,0.0
4,0.0,-1.0972734478220478,-1.054985001446099,-0.9520072825270471,0.0,-0.71378789943676,-0.8189182649686693,-0.826116014027963,0.0,0.0,0.0,0.0,0.0,0.0,0.0,0.0,0.0,0.0,0.0,0.0,0.0,0.0,0.0,0.0,0.0
5,0.0,0.0,0.0,0.0,-0.71378789943676,0.0,-0.7962776788167115,-0.8033459065208157,-0.8098440162657327,0.0,0.0,0.0,0.0,0.0,0.0,0.0,0.0,0.0,0.0,0.0,0.0,0.0,0.0,0.0,0.0
6,0.0,0.0,0.0,0.0,-0.8189182649686693,-0.7962776788167115,0.0,-0.6995866271335941,-0.705510235244823,0.0,0.0,0.0,0.0,0.0,0.0,0.0,0.0,0.0,0.0,0.0,0.0,0.0,0.0,0.0,0.0
7,0.0,0.0,0.0,0.0,-0.826116014027963,-0.8033459065208157,-0.6995866271335941,0.0,-0.6990331199303877,0.0,0.0,0.0,0.0,0.0,0.0,0.0,0.0,0.0,0.0,0.0,0.0,0.0,0.0,0.0,0.0
8,0.0,0.0,0.0,0.0,0.0,-0.8098440162657327,-0.705510235244823,-0.6990331199303877,0.0,0.0,0.0,0.0,0.0,0.0,0.0,0.0,0.0,0.0,0.0,0.0,0.0,0.0,0.0,0.0,0.0
9,0.0,0.0,0.0,0.0,0.0,0.0,0.0,0.0,0.0,0.0,-0.7085748067739873,-0.715483681671146,-0.8482338787279488,0.0,0.0,0.0,0.0,0.0,0.0,0.0,0.0,0.0,0.0,0.0,0.0
10,0.0,0.0,0.0,0.0,0.0,0.0,0.0,0.0,0.0,-0.7085748067739873,0.0,-0.699952234385333,-0.8308389207422023,0.0,0.0,0.0,0.0,0.0,0.0,0.0,0.0,0.0,0.0,0.0,0.0
11,0.0,0.0,0.0,0.0,0.0,0.0,0.0,0.0,0.0,-0.715483681671146,-0.699952234385333,0.0,-0.8232071010327648,0.0,0.0,0.0,0.0,0.0,0.0,0.0,0.0,0.0,0.0,0.0,0.0
12,0.0,0.0,0.0,0.0,0.0,0.0,0.0,0.0,0.0,-0.8482338787279488,-0.8308389207422023,-0.8232071010327648,0.0,-1.0073419478321763,-1.1826516275048378,0.0,0.0,0.0,0.0,0.0,0.0,0.0,0.0,0.0,0.0
13,0.0,0.0,0.0,0.0,0.0,0.0,0.0,0.0,0.0,0.0,0.0,0.0,-1.0073419478321763,0.0,-0.8337112936127998,-1.0315919098762116,-1.1330701049552583,0.0,0.0,0.0,0.0,0.0,0.0,0.0,0.0
14,0.0,0.0,0.0,0.0,0.0,0.0,0.0,0.0,0.0,0.0,0.0,0.0,-1.1826516275048378,-0.8337112936127998,0.0,-0.8699949970018935,-0.9620551998127804,0.0,0.0,0.0,0.0,0.0,0.0,0.0,0.0
15,0.0,0.0,0.0,0.0,0.0,0.0,0.0,0.0,0.0,0.0,0.0,0.0,0.0,-1.0315919098762116,-0.8699949970018935,0.0,-0.7728639793784734,0.0,0.0,0.0,-1.0169023934278778,0.0,0.0,0.0,0.0
16,0.0,0.0,0.0,0.0,0.0,0.0,0.0,0.0,0.0,0.0,0.0,0.0,0.0,-1.1330701049552583,-0.9620551998127804,-0.7728639793784734,0.0,-0.7008742037264911,-0.7157586260797199,0.0,-0.9216544854726305,0.0,-0.989183167419663,0.0,0.0
17,0.0,0.0,0.0,0.0,0.0,0.0,0.0,0.0,0.0,0.0,0.0,0.0,0.0,0.0,0.0,0.0,-0.7008742037264911,0.0,-0.7079187445595779,-0.8350481027957063,0.0,0.0,0.0,0.0,0.0
18,0.0,0.0,0.0,0.0,0.0,0.0,0.0,0.0,0.0,0.0,0.0,0.0,0.0,0.0,0.0,0.0,-0.7157586260797199,-0.7079187445595779,0.0,-0.8185498726573331,-0.8949653462904995,0.0,-0.9613263133133779,0.0,0.0
19,0.0,0.0,0.0,0.0,0.0,0.0,0.0,0.0,0.0,0.0,0.0,0.0,0.0,0.0,0.0,0.0,0.0,-0.8350481027957063,-0.8185498726573331,0.0,0.0,-0.7832045141241791,0.0,-0.8553597437549226,-0.9599121006731546
20,0.0,0.0,0.0,0.0,0.0,0.0,0.0,0.0,0.0,0.0,0.0,0.0,0.0,0.0,0.0,-1.0169023934278778,-0.9216544854726305,0.0,-0.8949653462904995,0.0,0.0,0.0,-0.7495375074140955,0.0,0.0
21,0.0,0.0,0.0,0.0,0.0,0.0,0.0,0.0,0.0,0.0,0.0,0.0,0.0,0.0,0.0,0.0,0.0,0.0,0.0,-0.7832045141241791,0.0,0.0,0.0,-0.7597672915741205,-0.8569281668409834
22,0.0,0.0,0.0,0.0,0.0,0.0,0.0,0.0,0.0,0.0,0.0,0.0,0.0,0.0,0.0,0.0,-0.989183167419663,0.0,-0.9613263133133779,0.0,-0.7495375074140955,0.0,0.0,0.0,0.0
23,0.0,0.0,0.0,0.0,0.0,0.0,0.0,0.0,0.0,0.0,0.0,0.0,0.0,0.0,0.0,0.0,0.0,0.0,0.0,-0.8553597437549226,0.0,-0.7597672915741205,0.0,0.0,-0.7846862161932817
24,0.0,0.0,0.0,0.0,0.0,0.0,0.0,0.0,0.0,0.0,0.0,0.0,0.0,0.0,0.0,0.0,0.0,0.0,0.0,-0.9599121006731546,0.0,-0.8569281668409834,0.0,-0.7846862161932817,0.0
