,0,1,2,3,4,5,6,7,8,9,10,11,12,13,14,15,16,17,18
0,0.0,-0.9436421773096837,-1.1719896674420607,-1.7279151342552674,0.0,0.0,0.0,0.0,0.0,0.0,0.0,0.0,0.0,0.0,0.0,0.0,0.0,0.0,0.0
1,-0.9436421773096837,0.0,-0.8837601707681969,-1.373619635857047,0.0,0.0,0.0,0.0,0.0,0.0,0.0,0.0,0.0,0.0,0.0,0.0,0.0,0.0,0.0
2,-1.1719896674420607,-0.8837601707681969,0.0,-1.1240278937191086,-1.5372473292931814,0.0,0.0,0.0,0.0,0.0,0.0,0.0,0.0,0.0,0.0,0.0,0.0,0.0,0.0
3,-1.7279151342552674,-1.373619635857047,-1.1240278937191086,0.0,-1.0145071834658153,-1.112784165791733,-1.4692280942363922,0.0,0.0,0.0,0.0,0.0,0.0,0.0,0.0,0.0,0.0,0.0,0.0
4,0.0,0.0,-1.5372473292931814,-1.0145071834658153,0.0,-0.7710384084486112,-1.0658226419466463,-1.0915967552165389,0.0,0.0,0.0,0.0,0.0,0.0,0.0,0.0,0.0,0.0,0.0
5,0.0,0.0,0.0,-1.112784165791733,-0.7710384084486112,0.0,-0.9699733303838931,-0.994401678177707,0.0,0.0,0.0,0.0,0.0,0.0,0.0,0.0,0.0,0.0,0.0
6,0.0,0.0,0.0,-1.4692280942363922,-1.0658226419466463,-0.9699733303838931,0.0,-0.7128652428775873,-0.7979406671248263,-1.07929557814748,0.0,0.0,0.0,0.0,0.0,0.0,0.0,0.0,0.0
7,0.0,0.0,0.0,0.0,-1.0915967552165389,-0.994401678177707,-0.7128652428775873,0.0,-0.7766594849713085,-1.053684742218613,0.0,0.0,0.0,0.0,0.0,0.0,0.0,0.0,0.0
8,0.0,0.0,0.0,0.0,0.0,0.0,-0.7979406671248263,-0.7766594849713085,0.0,-0.9520611682720795,0.0,0.0,0.0,0.0,0.0,0.0,0.0,0.0,0.0
9,0.0,0.0,0.0,0.0,0.0,0.0,-1.07929557814748,-1.053684742218613,-0.9520611682720795,0.0,-0.7073723924277924,-0.7878489902596066,-0.8815855507568565,0.0,0.0,0.0,0.0,0.0,0.0
10,0.0,0.0,0.0,0.0,0.0,0.0,0.0,0.0,0.0,-0.7073723924277924,0.0,-0.7725462526673607,-0.865131050428097,0.0,0.0,0.0,0.0,0.0,0.0
11,0.0,0.0,0.0,0.0,0.0,0.0,0.0,0.0,0.0,-0.7878489902596066,-0.7725462526673607,0.0,-0.7794412807192326,-0.8681072026843671,0.0,0.0,0.0,0.0,0.0
12,0.0,0.0,0.0,0.0,0.0,0.0,0.0,0.0,0.0,-0.8815855507568565,-0.865131050428097,-0.7794412807192326,0.0,-0.7753127761186156,0.0,0.0,0.0,0.0,0.0
13,0.0,0.0,0.0,0.0,0.0,0.0,0.0,0.0,0.0,0.0,0.0,-0.8681072026843671,-0.7753127761186156,0.0,-0.953041100310944,0.0,0.0,0.0,0.0
14,0.0,0.0,0.0,0.0,0.0,0.0,0.0,0.0,0.0,0.0,0.0,0.0,0.0,-0.953041100310944,0.0,-0.8041800368394255,-0.8560703383615724,0.0,-1.040535347712439
15,0.0,0.0,0.0,0.0,0.0,0.0,0.0,0.0,0.0,0.0,0.0,0.0,0.0,0.0,-0.8041800368394255,0.0,-0.7402171208871989,-0.8310795344375413,-0.9092815394258781
16,0.0,0.0,0.0,0.0,0.0,0.0,0.0,0.0,0.0,0.0,0.0,0.0,0.0,0.0,-0.8560703383615724,-0.7402171208871989,0.0,-0.7801842274771209,-0.8553506221130015
17,0.0,0.0,0.0,0.0,0.0,0.0,0.0,0.0,0.0,0.0,0.0,0.0,0.0,0.0,0.0,-0.8310795344375413,-0.7801842274771209,0.0,-0.762726477507766
18,0.0,0.0,0.0,0.0,0.0,0.0,0.0,0.0,0.0,0.0,0.0,0.0,0.0,0.0,-1.040535347712439,-0.9092815394258781,-0.8553506221130015,-0.762726477507766,0.0
