,0,1,2,3,4,5,6,7,8,9,10,11,12,13,14,15,16,17,18,19,20
0,0.0,-0.8736400653945574,-1.0698495444421257,-1.166986703172861,0.0,0.0,0.0,0.0,0.0,0.0,0.0,0.0,0.0,0.0,0.0,0.0,0.0,0.0,0.0,0.0,0.0
1,-0.8736400653945574,0.0,-0.8637808600010735,-0.9497943432059363,0.0,0.0,0.0,0.0,0.0,0.0,0.0,0.0,0.0,0.0,0.0,0.0,0.0,0.0,0.0,0.0,0.0
2,-1.0698495444421257,-0.8637808600010735,0.0,-0.7679219807562152,-1.1360113291609224,0.0,0.0,0.0,0.0,0.0,0.0,0.0,0.0,0.0,0.0,0.0,0.0,0.0,0.0,0.0,0.0
3,-1.166986703172861,-0.9497943432059363,-0.7679219807562152,0.0,-1.0403237791817175,0.0,0.0,0.0,0.0,0.0,0.0,0.0,0.0,0.0,0.0,0.0,0.0,0.0,0.0,0.0,0.0
4,0.0,0.0,-1.1360113291609224,-1.0403237791817175,0.0,-0.8676100730582214,-0.9332998300749455,-1.2903634714932128,0.0,0.0,0.0,0.0,0.0,0.0,0.0,0.0,0.0,0.0,0.0,0.0,0.0
5,0.0,0.0,0.0,0.0,-0.8676100730582214,0.0,-0.7500244046954748,-1.0671549410056345,0.0,0.0,0.0,0.0,0.0,0.0,0.0,0.0,0.0,0.0,0.0,0.0,0.0
6,0.0,0.0,0.0,0.0,-0.9332998300749455,-0.7500244046954748,0.0,-0.9959367909531556,-1.12556694413901,0.0,0.0,0.0,0.0,0.0,0.0,0.0,0.0,0.0,0.0,0.0,0.0
7,0.0,0.0,0.0,0.0,-1.2903634714932128,-1.0671549410056345,-0.9959367909531556,0.0,-0.7972716400886249,-1.239306493228675,-1.340700906831658,0.0,0.0,0.0,0.0,0.0,0.0,0.0,0.0,0.0,0.0
8,0.0,0.0,0.0,0.0,0.0,0.0,-1.12556694413901,-0.7972716400886249,0.0,-1.1025035234311928,-1.1981190899681802,0.0,0.0,0.0,0.0,0.0,0.0,0.0,0.0,0.0,0.0
9,0.0,0.0,0.0,0.0,0.0,0.0,0.0,-1.239306493228675,-1.1025035234311928,0.0,-0.7655665709030325,-0.8991040689917389,0.0,-0.95834792233505,0.0,0.0,0.0,0.0,0.0,0.0,0.0
10,0.0,0.0,0.0,0.0,0.0,0.0,0.0,-1.340700906831658,-1.1981190899681802,-0.7655665709030325,0.0,-0.8184886297053984,0.0,-0.8744133470506634,0.0,0.0,0.0,0.0,0.0,0.0,0.0
11,0.0,0.0,0.0,0.0,0.0,0.0,0.0,0.0,0.0,-0.8991040689917389,-0.8184886297053984,0.0,-0.7080477985286705,-0.743323328329795,-0.8757299835252584,-0.9600917595305576,0.0,0.0,0.0,0.0,0.0
12,0.0,0.0,0.0,0.0,0.0,0.0,0.0,0.0,0.0,0.0,0.0,-0.7080477985286705,0.0,-0.7279174185943433,-0.8585768419865187,0.0,0.0,0.0,0.0,0.0,0.0
13,0.0,0.0,0.0,0.0,0.0,0.0,0.0,0.0,0.0,-0.95834792233505,-0.8744133470506634,-0.743323328329795,-0.7279174185943433,0.0,-0.8197511092467974,-0.9007817465459549,0.0,0.0,0.0,0.0,0.0
14,0.0,0.0,0.0,0.0,0.0,0.0,0.0,0.0,0.0,0.0,0.0,-0.8757299835252584,-0.8585768419865187,-0.8197511092467974,0.0,-0.7658712341447775,0.0,0.0,0.0,0.0,0.0
15,0.0,0.0,0.0,0.0,0.0,0.0,0.0,0.0,0.0,0.0,0.0,-0.9600917595305576,0.0,-0.9007817465459549,-0.7658712341447775,0.0,0.0,0.0,0.0,0.0,0.0
16,0.0,0.0,0.0,0.0,0.0,0.0,0.0,0.0,0.0,0.0,0.0,0.0,0.0,0.0,0.0,0.0,0.0,-0.8143905041437173,0.0,-0.8318941164445411,-0.8845233265754273
17,0.0,0.0,0.0,0.0,0.0,0.0,0.0,0.0,0.0,0.0,0.0,0.0,0.0,0.0,0.0,0.0,-0.8143905041437173,0.0,-0.6970226851864121,-0.7088710430914713,-0.7563148135951276
18,0.0,0.0,0.0,0.0,0.0,0.0,0.0,0.0,0.0,0.0,0.0,0.0,0.0,0.0,0.0,0.0,0.0,-0.6970226851864121,0.0,-0.7049501539095897,-0.752217466817457
19,0.0,0.0,0.0,0.0,0.0,0.0,0.0,0.0,0.0,0.0,0.0,0.0,0.0,0.0,0.0,0.0,-0.8318941164445411,-0.7088710430914713,-0.7049501539095897,0.0,-0.7398789207284461
20,0.0,0.0,0.0,0.0,0.0,0.0,0.0,0.0,0.0,0.0,0.0,0.0,0.0,0.0,0.0,0.0,-0.8845233265754273,-0.7563148135951276,-0.752217466817457,-0.7398789207284461,0.0
