,0,1,2,3,4,5,6,7,8,9,10,11,12,13,14,15,16
0,0.0,-0.79581031045806,-0.9229973731628759,-2.206715057619602,0.0,0.0,0.0,0.0,0.0,0.0,0.0,0.0,0.0,0.0,0.0,0.0,0.0
1,-0.79581031045806,0.0,-0.8096605842217337,-2.034474628467618,0.0,0.0,0.0,0.0,0.0,0.0,0.0,0.0,0.0,0.0,0.0,0.0,0.0
2,-0.9229973731628759,-0.8096605842217337,0.0,-1.8454204790429594,0.0,0.0,0.0,0.0,0.0,0.0,0.0,0.0,0.0,0.0,0.0,0.0,0.0
3,-2.206715057619602,-2.034474628467618,-1.8454204790429594,0.0,-1.6506476546318496,-1.6829776515405925,-1.7288094863620638,0.0,0.0,0.0,0.0,0.0,0.0,0.0,0.0,0.0,0.0
4,0.0,0.0,0.0,-1.6506476546318496,0.0,-0.7132744872829097,-0.7422261669447174,-0.7594962035261009,0.0,0.0,0.0,0.0,0.0,0.0,0.0,0.0,0.0
5,0.0,0.0,0.0,-1.6829776515405925,-0.7132744872829097,0.0,-0.721541190654909,-0.7384860340302661,0.0,0.0,0.0,0.0,0.0,0.0,0.0,0.0,0.0
6,0.0,0.0,0.0,-1.7288094863620638,-0.7422261669447174,-0.721541190654909,0.0,-0.7096343592786679,0.0,0.0,0.0,0.0,0.0,0.0,0.0,0.0,0.0
7,0.0,0.0,0.0,0.0,-0.7594962035261009,-0.7384860340302661,-0.7096343592786679,0.0,-0.8036471051193357,0.0,0.0,0.0,0.0,0.0,0.0,0.0,0.0
8,0.0,0.0,0.0,0.0,0.0,0.0,0.0,-0.8036471051193357,0.0,-0.7723265625241793,-0.7769094246729709,-0.8417796807928055,0.0,0.0,0.0,0.0,0.0
9,0.0,0.0,0.0,0.0,0.0,0.0,0.0,0.0,-0.7723265625241793,0.0,-0.697406537573113,-0.757842576272808,-0.8495786165505113,0.0,0.0,0.0,0.0
10,0.0,0.0,0.0,0.0,0.0,0.0,0.0,0.0,-0.7769094246729709,-0.697406537573113,0.0,-0.7533349802889034,0.0,0.0,0.0,0.0,0.0
11,0.0,0.0,0.0,0.0,0.0,0.0,0.0,0.0,-0.8417796807928055,-0.757842576272808,-0.7533349802889034,0.0,-0.7797022849961437,0.0,0.0,0.0,0.0
12,0.0,0.0,0.0,0.0,0.0,0.0,0.0,0.0,0.0,-0.8495786165505113,0.0,-0.7797022849961437,0.0,-0.7811401369904022,0.0,-0.945365867734031,0.0
13,0.0,0.0,0.0,0.0,0.0,0.0,0.0,0.0,0.0,0.0,0.0,0.0,-0.7811401369904022,0.0,-0.7264672943300118,-0.8455372204182375,-0.9023081090875366
14,0.0,0.0,0.0,0.0,0.0,0.0,0.0,0.0,0.0,0.0,0.0,0.0,0.0,-0.7264672943300118,0.0,-0.8086487797343295,-0.8638582446193512
15,0.0,0.0,0.0,0.0,0.0,0.0,0.0,0.0,0.0,0.0,0.0,0.0,-0.945365867734031,-0.8455372204182375,-0.8086487797343295,0.0,-0.7430598267455508
16,0.0,0.0,0.0,0.0,0.0,0.0,0.0,0.0,0.0,0.0,0.0,0.0,0.0,-0.9023081090875366,-0.8638582446193512,-0.7430598267455508,0.0
