,0,1,2,3,4,5,6,7,8,9,10,11,12,13,14,15,16,17,18
0,0.0,-0.889905888362293,-1.0128483018540615,-1.4705009685503088,0.0,0.0,0.0,0.0,0.0,0.0,0.0,0.0,0.0,0.0,0.0,0.0,0.0,0.0,0.0
1,-0.889905888362293,0.0,-0.7984026939383999,-1.2046653048364833,0.0,0.0,0.0,0.0,0.0,0.0,0.0,0.0,0.0,0.0,0.0,0.0,0.0,0.0,0.0
2,-1.0128483018540615,-0.7984026939383999,0.0,-1.0686152021744655,-1.1288655511508698,0.0,0.0,0.0,0.0,0.0,0.0,0.0,0.0,0.0,0.0,0.0,0.0,0.0,0.0
3,-1.4705009685503088,-1.2046653048364833,-1.0686152021744655,0.0,-0.7393596818470918,-0.7787657681248948,-0.826839223903322,0.0,0.0,0.0,0.0,0.0,0.0,0.0,0.0,0.0,0.0,0.0,0.0
4,0.0,0.0,-1.1288655511508698,-0.7393596818470918,0.0,-0.7308822635461298,-0.7770008197183296,-0.818336235707914,0.0,0.0,0.0,0.0,0.0,0.0,0.0,0.0,0.0,0.0,0.0
5,0.0,0.0,0.0,-0.7787657681248948,-0.7308822635461298,0.0,-0.7376549640511632,-0.7776063891731334,0.0,0.0,0.0,0.0,0.0,0.0,0.0,0.0,0.0,0.0,0.0
6,0.0,0.0,0.0,-0.826839223903322,-0.7770008197183296,-0.7376549640511632,0.0,-0.7314635137062071,0.0,0.0,0.0,0.0,0.0,0.0,0.0,0.0,0.0,0.0,0.0
7,0.0,0.0,0.0,0.0,-0.818336235707914,-0.7776063891731334,-0.7314635137062071,0.0,0.0,0.0,0.0,0.0,0.0,0.0,0.0,0.0,0.0,0.0,0.0
8,0.0,0.0,0.0,0.0,0.0,0.0,0.0,0.0,0.0,-0.6952901104930751,-0.7879451832353909,-1.1128886196999757,0.0,0.0,0.0,0.0,0.0,0.0,0.0
9,0.0,0.0,0.0,0.0,0.0,0.0,0.0,0.0,-0.6952901104930751,0.0,-0.7856132106304041,-1.1100162287143693,0.0,0.0,0.0,0.0,0.0,0.0,0.0
10,0.0,0.0,0.0,0.0,0.0,0.0,0.0,0.0,-0.7879451832353909,-0.7856132106304041,0.0,-0.9948110418715117,0.0,0.0,0.0,0.0,0.0,0.0,0.0
11,0.0,0.0,0.0,0.0,0.0,0.0,0.0,0.0,-1.1128886196999757,-1.1100162287143693,-0.9948110418715117,0.0,-1.0546232458286002,-1.1753962779731022,-1.3678444275367696,0.0,0.0,0.0,0.0
12,0.0,0.0,0.0,0.0,0.0,0.0,0.0,0.0,0.0,0.0,0.0,-1.0546232458286002,0.0,-0.7870847862548047,-0.9417352410957648,-1.078694591480364,0.0,0.0,0.0
13,0.0,0.0,0.0,0.0,0.0,0.0,0.0,0.0,0.0,0.0,0.0,-1.1753962779731022,-0.7870847862548047,0.0,-0.8359376410174525,0.0,0.0,0.0,-1.117215381562786
14,0.0,0.0,0.0,0.0,0.0,0.0,0.0,0.0,0.0,0.0,0.0,-1.3678444275367696,-0.9417352410957648,-0.8359376410174525,0.0,-0.8067463524956058,-0.8507373411406792,0.0,-0.9452087601033893
15,0.0,0.0,0.0,0.0,0.0,0.0,0.0,0.0,0.0,0.0,0.0,0.0,-1.078694591480364,0.0,-0.8067463524956058,0.0,-0.7329560483614268,-0.7476200909466669,-0.8189915554508878
16,0.0,0.0,0.0,0.0,0.0,0.0,0.0,0.0,0.0,0.0,0.0,0.0,0.0,0.0,-0.8507373411406792,-0.7329560483614268,0.0,-0.7072642960624194,-0.7760814155727875
17,0.0,0.0,0.0,0.0,0.0,0.0,0.0,0.0,0.0,0.0,0.0,0.0,0.0,0.0,0.0,-0.7476200909466669,-0.7072642960624194,0.0,-0.7610445350472088
18,0.0,0.0,0.0,0.0,0.0,0.0,0.0,0.0,0.0,0.0,0.0,0.0,0.0,-1.117215381562786,-0.9452087601033893,-0.8189915554508878,-0.7760814155727875,-0.7610445350472088,0.0
