,0,1,2,3,4,5,6,7,8,9,10,11,12,13,14,15,16,17,18,19,20,21,22,23
0,0.0,-1.5037946307227588,-1.6940728748512726,-1.995798070425959,0.0,0.0,0.0,0.0,0.0,0.0,0.0,0.0,0.0,0.0,0.0,0.0,0.0,0.0,0.0,0.0,0.0,0.0,0.0,0.0
1,-1.5037946307227588,0.0,-0.8195549746376155,-1.035762243694042,-1.2135637779714579,0.0,0.0,0.0,0.0,0.0,0.0,0.0,0.0,0.0,0.0,0.0,0.0,0.0,0.0,0.0,0.0,0.0,0.0,0.0
2,-1.6940728748512726,-0.8195549746376155,0.0,-0.8885013668090588,-1.051979487103756,0.0,0.0,0.0,0.0,0.0,0.0,0.0,0.0,0.0,0.0,0.0,0.0,0.0,0.0,0.0,0.0,0.0,0.0,0.0
3,-1.995798070425959,-1.035762243694042,-0.8885013668090588,0.0,-0.8336333995812938,-0.8849265829247671,-0.9170904428375034,0.0,0.0,0.0,0.0,0.0,0.0,0.0,0.0,0.0,0.0,0.0,0.0,0.0,0.0,0.0,0.0,0.0
4,0.0,-1.2135637779714579,-1.051979487103756,-0.8336333995812938,0.0,-0.7386296760478329,-0.767282710582947,-0.8395678304771016,0.0,0.0,0.0,0.0,0.0,0.0,0.0,0.0,0.0,0.0,0.0,0.0,0.0,0.0,0.0,0.0
5,0.0,0.0,0.0,-0.8849265829247671,-0.7386296760478329,0.0,-0.7205970179918789,-0.7899896900009067,0.0,0.0,0.0,0.0,0.0,0.0,0.0,0.0,0.0,0.0,0.0,0.0,0.0,0.0,0.0,0.0
6,0.0,0.0,0.0,-0.9170904428375034,-0.767282710582947,-0.7205970179918789,0.0,-0.7607709401508349,-0.8453126206883853,0.0,0.0,0.0,0.0,0.0,0.0,0.0,0.0,0.0,0.0,0.0,0.0,0.0,0.0,0.0
7,0.0,0.0,0.0,0.0,-0.8395678304771016,-0.7899896900009067,-0.7607709401508349,0.0,-0.7727009945308535,0.0,0.0,0.0,0.0,0.0,0.0,0.0,0.0,0.0,0.0,0.0,0.0,0.0,0.0,0.0
8,0.0,0.0,0.0,0.0,0.0,0.0,-0.8453126206883853,-0.7727009945308535,0.0,-0.8199659994898766,0.0,0.0,0.0,0.0,0.0,0.0,0.0,0.0,0.0,0.0,0.0,0.0,0.0,0.0
9,0.0,0.0,0.0,0.0,0.0,0.0,0.0,0.0,-0.8199659994898766,0.0,-0.7795743137526976,-0.9333994281367995,0.0,0.0,0.0,0.0,0.0,0.0,0.0,0.0,0.0,0.0,0.0,0.0
10,0.0,0.0,0.0,0.0,0.0,0.0,0.0,0.0,0.0,-0.7795743137526976,0.0,-0.8360100005067637,-0.9229318388122197,0.0,0.0,0.0,0.0,0.0,0.0,0.0,0.0,0.0,0.0,0.0
11,0.0,0.0,0.0,0.0,0.0,0.0,0.0,0.0,0.0,-0.9333994281367995,-0.8360100005067637,0.0,-0.770239981276205,-0.931296181277338,0.0,0.0,0.0,0.0,0.0,0.0,0.0,0.0,0.0,0.0
12,0.0,0.0,0.0,0.0,0.0,0.0,0.0,0.0,0.0,0.0,-0.9229318388122197,-0.770239981276205,0.0,-0.8438754838883122,0.0,-0.9691439596044499,0.0,0.0,0.0,0.0,0.0,0.0,0.0,0.0
13,0.0,0.0,0.0,0.0,0.0,0.0,0.0,0.0,0.0,0.0,0.0,-0.931296181277338,-0.8438754838883122,0.0,-0.7529065487268353,-0.8038582828599763,0.0,0.0,0.0,0.0,0.0,0.0,0.0,0.0
14,0.0,0.0,0.0,0.0,0.0,0.0,0.0,0.0,0.0,0.0,0.0,0.0,0.0,-0.7529065487268353,0.0,-0.7413715779439148,0.0,-0.9851914637434996,0.0,0.0,0.0,0.0,0.0,0.0
15,0.0,0.0,0.0,0.0,0.0,0.0,0.0,0.0,0.0,0.0,0.0,0.0,-0.9691439596044499,-0.8038582828599763,-0.7413715779439148,0.0,-0.7563067667972794,-0.9271906899899384,0.0,0.0,0.0,0.0,0.0,0.0
16,0.0,0.0,0.0,0.0,0.0,0.0,0.0,0.0,0.0,0.0,0.0,0.0,0.0,0.0,0.0,-0.7563067667972794,0.0,-0.8549300016247747,-0.9275174387190125,0.0,0.0,0.0,0.0,0.0
17,0.0,0.0,0.0,0.0,0.0,0.0,0.0,0.0,0.0,0.0,0.0,0.0,0.0,0.0,-0.9851914637434996,-0.9271906899899384,-0.8549300016247747,0.0,-0.7565936556827667,-0.7878594881670831,-0.8922489003368863,0.0,0.0,0.0
18,0.0,0.0,0.0,0.0,0.0,0.0,0.0,0.0,0.0,0.0,0.0,0.0,0.0,0.0,0.0,0.0,-0.9275174387190125,-0.7565936556827667,0.0,-0.7226286678217927,0.0,0.0,0.0,0.0
19,0.0,0.0,0.0,0.0,0.0,0.0,0.0,0.0,0.0,0.0,0.0,0.0,0.0,0.0,0.0,0.0,0.0,-0.7878594881670831,-0.7226286678217927,0.0,-0.7892875047248957,-1.02965024752428,-1.196617126653771,0.0
20,0.0,0.0,0.0,0.0,0.0,0.0,0.0,0.0,0.0,0.0,0.0,0.0,0.0,0.0,0.0,0.0,0.0,-0.8922489003368863,0.0,-0.7892875047248957,0.0,-0.9154069239919826,0.0,-1.352727028377512
21,0.0,0.0,0.0,0.0,0.0,0.0,0.0,0.0,0.0,0.0,0.0,0.0,0.0,0.0,0.0,0.0,0.0,0.0,0.0,-1.02965024752428,-0.9154069239919826,0.0,-0.8253428013401438,-1.0697984845224733
22,0.0,0.0,0.0,0.0,0.0,0.0,0.0,0.0,0.0,0.0,0.0,0.0,0.0,0.0,0.0,0.0,0.0,0.0,0.0,-1.196617126653771,0.0,-0.8253428013401438,0.0,-0.9134167544693179
23,0.0,0.0,0.0,0.0,0.0,0.0,0.0,0.0,0.0,0.0,0.0,0.0,0.0,0.0,0.0,0.0,0.0,0.0,0.0,0.0,-1.352727028377512,-1.0697984845224733,-0.9134167544693179,0.0
