,0,1,2,3,4,5,6,7,8,9,10,11,12,13,14,15,16,17
0,0.0,-1.7272603486508105,-3.189817803794959,-3.593655409210832,0.0,0.0,0.0,0.0,0.0,0.0,0.0,0.0,0.0,0.0,0.0,0.0,0.0,0.0
1,-1.7272603486508105,0.0,-1.797432961008135,-2.1571549014340867,-2.5099733394932437,0.0,0.0,0.0,0.0,0.0,0.0,0.0,0.0,0.0,0.0,0.0,0.0,0.0
2,-3.189817803794959,-1.797432961008135,0.0,-0.9238341847771463,-1.1772967070715714,-1.2955801718578401,0.0,0.0,0.0,0.0,0.0,0.0,0.0,0.0,0.0,0.0,0.0,0.0
3,-3.593655409210832,-2.1571549014340867,-0.9238341847771463,0.0,-0.9076138631990645,-1.0104001589364253,-1.0753211785497245,0.0,0.0,0.0,0.0,0.0,0.0,0.0,0.0,0.0,0.0,0.0
4,0.0,-2.5099733394932437,-1.1772967070715714,-0.9076138631990645,0.0,-0.780002897616834,-0.8355559339441484,-0.8961205198588875,0.0,0.0,0.0,0.0,0.0,0.0,0.0,0.0,0.0,0.0
5,0.0,0.0,-1.2955801718578401,-1.0104001589364253,-0.780002897616834,0.0,-0.7445413716149308,-0.8008094491964786,0.0,0.0,0.0,0.0,0.0,0.0,0.0,0.0,0.0,0.0
6,0.0,0.0,0.0,-1.0753211785497245,-0.8355559339441484,-0.7445413716149308,0.0,-0.7468016461823488,-0.8164795353558508,0.0,0.0,0.0,0.0,0.0,0.0,0.0,0.0,0.0
7,0.0,0.0,0.0,0.0,-0.8961205198588875,-0.8008094491964786,-0.7468016461823488,0.0,-0.7594779508552002,-0.7924589988552546,0.0,0.0,0.0,0.0,0.0,0.0,0.0,0.0
8,0.0,0.0,0.0,0.0,0.0,0.0,-0.8164795353558508,-0.7594779508552002,0.0,-0.7241697260065564,-0.8233403817423413,0.0,0.0,0.0,0.0,0.0,0.0,0.0
9,0.0,0.0,0.0,0.0,0.0,0.0,0.0,-0.7924589988552546,-0.7241697260065564,0.0,-0.7895154643867026,0.0,0.0,0.0,0.0,0.0,0.0,0.0
10,0.0,0.0,0.0,0.0,0.0,0.0,0.0,0.0,-0.8233403817423413,-0.7895154643867026,0.0,-0.8916659690289577,0.0,0.0,0.0,0.0,0.0,0.0
11,0.0,0.0,0.0,0.0,0.0,0.0,0.0,0.0,0.0,0.0,-0.8916659690289577,0.0,-0.8286682842843579,-0.9271392482793293,-1.093770844070563,0.0,0.0,0.0
12,0.0,0.0,0.0,0.0,0.0,0.0,0.0,0.0,0.0,0.0,0.0,-0.8286682842843579,0.0,-0.7810136640092592,-0.9317062833876381,0.0,0.0,0.0
13,0.0,0.0,0.0,0.0,0.0,0.0,0.0,0.0,0.0,0.0,0.0,-0.9271392482793293,-0.7810136640092592,0.0,-0.8329265310627878,-1.0368627012958078,0.0,0.0
14,0.0,0.0,0.0,0.0,0.0,0.0,0.0,0.0,0.0,0.0,0.0,-1.093770844070563,-0.9317062833876381,-0.8329265310627878,0.0,-0.8755644893577851,-0.9263480920475864,-1.1326484001474728
15,0.0,0.0,0.0,0.0,0.0,0.0,0.0,0.0,0.0,0.0,0.0,0.0,0.0,-1.0368627012958078,-0.8755644893577851,0.0,-0.7368290560547721,-0.9172961125127721
16,0.0,0.0,0.0,0.0,0.0,0.0,0.0,0.0,0.0,0.0,0.0,0.0,0.0,0.0,-0.9263480920475864,-0.7368290560547721,0.0,-0.866823033069277
17,0.0,0.0,0.0,0.0,0.0,0.0,0.0,0.0,0.0,0.0,0.0,0.0,0.0,0.0,-1.1326484001474728,-0.9172961125127721,-0.866823033069277,0.0
