,0,1,2,3,4,5,6,7,8,9,10,11,12,13,14,15,16,17
0,0.0,-1.9066707665821943,-2.187924594313263,-2.285311675422831,0.0,0.0,0.0,0.0,0.0,0.0,0.0,0.0,0.0,0.0,0.0,0.0,0.0,0.0
1,-1.9066707665821943,0.0,-0.8677161837173631,-0.9324084908492833,-1.6451742108273835,0.0,0.0,0.0,0.0,0.0,0.0,0.0,0.0,0.0,0.0,0.0,0.0,0.0
2,-2.187924594313263,-0.8677161837173631,0.0,-0.7491528640740532,-1.3930604312885722,0.0,0.0,0.0,0.0,0.0,0.0,0.0,0.0,0.0,0.0,0.0,0.0,0.0
3,-2.285311675422831,-0.9324084908492833,-0.7491528640740532,0.0,-1.312226116309903,0.0,0.0,0.0,0.0,0.0,0.0,0.0,0.0,0.0,0.0,0.0,0.0,0.0
4,0.0,-1.6451742108273835,-1.3930604312885722,-1.312226116309903,0.0,-1.2968878320538737,-1.3691937632455555,-1.5448365679883795,0.0,0.0,0.0,0.0,0.0,0.0,0.0,0.0,0.0,0.0
5,0.0,0.0,0.0,0.0,-1.2968878320538737,0.0,-0.7434581052689914,-0.8701484987295285,-1.1063916669971048,0.0,0.0,0.0,0.0,0.0,0.0,0.0,0.0,0.0
6,0.0,0.0,0.0,0.0,-1.3691937632455555,-0.7434581052689914,0.0,-0.814256532479272,-1.0417427583247685,0.0,0.0,0.0,0.0,0.0,0.0,0.0,0.0,0.0
7,0.0,0.0,0.0,0.0,-1.5448365679883795,-0.8701484987295285,-0.814256532479272,0.0,-0.8995815079548444,0.0,0.0,0.0,0.0,0.0,0.0,0.0,0.0,0.0
8,0.0,0.0,0.0,0.0,0.0,-1.1063916669971048,-1.0417427583247685,-0.8995815079548444,0.0,-1.0851873396514204,0.0,0.0,0.0,0.0,0.0,0.0,0.0,0.0
9,0.0,0.0,0.0,0.0,0.0,0.0,0.0,0.0,-1.0851873396514204,0.0,-1.0173288790831598,-1.1702086270383776,-1.2252684091013017,0.0,0.0,0.0,0.0,0.0
10,0.0,0.0,0.0,0.0,0.0,0.0,0.0,0.0,0.0,-1.0173288790831598,0.0,-0.8148034875201922,-0.8595241225645606,-0.9374973295366974,-0.996991848258769,-1.1189843368689592,-1.124294009385615,0.0
11,0.0,0.0,0.0,0.0,0.0,0.0,0.0,0.0,0.0,-1.1702086270383776,-0.8148034875201922,0.0,-0.733362786170306,0.0,0.0,0.0,0.0,-1.2134068706807526
12,0.0,0.0,0.0,0.0,0.0,0.0,0.0,0.0,0.0,-1.2252684091013017,-0.8595241225645606,-0.733362786170306,0.0,0.0,0.0,0.0,0.0,-1.1586278738137081
13,0.0,0.0,0.0,0.0,0.0,0.0,0.0,0.0,0.0,0.0,-0.9374973295366974,0.0,0.0,0.0,0.0,-0.8446182667883949,-0.8491167420874615,-1.0702452482961382
14,0.0,0.0,0.0,0.0,0.0,0.0,0.0,0.0,0.0,0.0,-0.996991848258769,0.0,0.0,0.0,0.0,-0.791006403756623,0.0,-1.0082155850794177
15,0.0,0.0,0.0,0.0,0.0,0.0,0.0,0.0,0.0,0.0,-1.1189843368689592,0.0,0.0,-0.8446182667883949,-0.791006403756623,0.0,-0.6970923755368948,-0.8935674705306977
16,0.0,0.0,0.0,0.0,0.0,0.0,0.0,0.0,0.0,0.0,-1.124294009385615,0.0,0.0,-0.8491167420874615,0.0,-0.6970923755368948,0.0,0.0
17,0.0,0.0,0.0,0.0,0.0,0.0,0.0,0.0,0.0,0.0,0.0,-1.2134068706807526,-1.1586278738137081,-1.0702452482961382,-1.0082155850794177,-0.8935674705306977,0.0,0.0
