,0,1,2,3,4,5,6,7,8,9,10,11,12,13,14,15,16
0,0.0,-1.2741576888687642,-2.555089391324235,-2.9912108710833634,0.0,0.0,0.0,0.0,0.0,0.0,0.0,0.0,0.0,0.0,0.0,0.0,0.0
1,-1.2741576888687642,0.0,-1.7244487899375498,-2.1212598317398337,-2.7244118096170027,0.0,0.0,0.0,0.0,0.0,0.0,0.0,0.0,0.0,0.0,0.0,0.0
2,-2.555089391324235,-1.7244487899375498,0.0,-0.9527168427752681,-1.4087735462261466,0.0,0.0,-1.6162525754033776,0.0,0.0,0.0,0.0,0.0,0.0,0.0,0.0,0.0
3,-2.9912108710833634,-2.1212598317398337,-0.9527168427752681,0.0,-1.0786255202152977,0.0,0.0,-1.2621062592053882,0.0,0.0,0.0,0.0,0.0,0.0,0.0,0.0,0.0
4,0.0,-2.7244118096170027,-1.4087735462261466,-1.0786255202152977,0.0,-0.7552829851159691,-0.83383534772804,-0.835153593588488,0.0,0.0,0.0,0.0,0.0,0.0,0.0,0.0,0.0
5,0.0,0.0,0.0,0.0,-0.7552829851159691,0.0,-0.7673976430022696,-0.7686463877494244,0.0,0.0,0.0,0.0,0.0,0.0,0.0,0.0,0.0
6,0.0,0.0,0.0,0.0,-0.83383534772804,-0.7673976430022696,0.0,-0.694312580330344,-0.9139741438085931,0.0,0.0,0.0,0.0,0.0,0.0,0.0,0.0
7,0.0,0.0,-1.6162525754033776,-1.2621062592053882,-0.835153593588488,-0.7686463877494244,-0.694312580330344,0.0,0.0,0.0,0.0,0.0,0.0,0.0,0.0,0.0,0.0
8,0.0,0.0,0.0,0.0,0.0,0.0,-0.9139741438085931,0.0,0.0,-0.7072063503287854,-0.7272610467550659,0.0,0.0,0.0,0.0,0.0,0.0
9,0.0,0.0,0.0,0.0,0.0,0.0,0.0,0.0,-0.7072063503287854,0.0,-0.7129284652872441,-0.8163162247973752,0.0,0.0,0.0,0.0,0.0
10,0.0,0.0,0.0,0.0,0.0,0.0,0.0,0.0,-0.7272610467550659,-0.7129284652872441,0.0,-0.7946462352201574,0.0,0.0,0.0,0.0,0.0
11,0.0,0.0,0.0,0.0,0.0,0.0,0.0,0.0,0.0,-0.8163162247973752,-0.7946462352201574,0.0,-0.8365544611573063,0.0,0.0,0.0,0.0
12,0.0,0.0,0.0,0.0,0.0,0.0,0.0,0.0,0.0,0.0,0.0,-0.8365544611573063,0.0,-0.7637769449675254,-0.916112166122966,-0.9823744990778407,0.0
13,0.0,0.0,0.0,0.0,0.0,0.0,0.0,0.0,0.0,0.0,0.0,0.0,-0.7637769449675254,0.0,-0.8364209381137983,-0.8991302568159221,-1.2904892135265187
14,0.0,0.0,0.0,0.0,0.0,0.0,0.0,0.0,0.0,0.0,0.0,0.0,-0.916112166122966,-0.8364209381137983,0.0,-0.7486726607096001,-1.1032853909894949
15,0.0,0.0,0.0,0.0,0.0,0.0,0.0,0.0,0.0,0.0,0.0,0.0,-0.9823744990778407,-0.8991302568159221,-0.7486726607096001,0.0,-1.0323424387676925
16,0.0,0.0,0.0,0.0,0.0,0.0,0.0,0.0,0.0,0.0,0.0,0.0,0.0,-1.2904892135265187,-1.1032853909894949,-1.0323424387676925,0.0
