,0,1,2,3,4,5,6,7,8,9,10,11,12,13,14,15,16,17,18,19,20,21,22,23
0,0.0,-1.8571112659146058,-2.2601591884688013,-2.3180804585278953,0.0,0.0,0.0,0.0,0.0,0.0,0.0,0.0,0.0,0.0,0.0,0.0,0.0,0.0,0.0,0.0,0.0,0.0,0.0,0.0
1,-1.8571112659146058,0.0,-0.9509672939356068,-0.9910091964153303,-1.069642764192387,0.0,0.0,0.0,0.0,0.0,0.0,0.0,0.0,0.0,0.0,0.0,0.0,0.0,0.0,0.0,0.0,0.0,0.0,0.0
2,-2.2601591884688013,-0.9509672939356068,0.0,-0.725894049751259,-0.7908824752006168,-1.1209526400025651,0.0,0.0,0.0,0.0,0.0,0.0,0.0,0.0,0.0,0.0,0.0,0.0,0.0,0.0,0.0,0.0,0.0,0.0
3,-2.3180804585278953,-0.9910091964153303,-0.725894049751259,0.0,-0.7561698270714234,-1.0779675385811216,0.0,0.0,0.0,0.0,0.0,0.0,0.0,0.0,0.0,0.0,0.0,0.0,0.0,0.0,0.0,0.0,0.0,0.0
4,0.0,-1.069642764192387,-0.7908824752006168,-0.7561698270714234,0.0,-0.9989796315833444,0.0,0.0,0.0,0.0,0.0,0.0,0.0,0.0,0.0,0.0,0.0,0.0,0.0,0.0,0.0,0.0,0.0,0.0
5,0.0,0.0,-1.1209526400025651,-1.0779675385811216,-0.9989796315833444,0.0,-1.127343625355585,-1.3601581091655306,0.0,0.0,0.0,0.0,0.0,0.0,0.0,0.0,0.0,0.0,0.0,0.0,0.0,0.0,0.0,0.0
6,0.0,0.0,0.0,0.0,0.0,-1.127343625355585,0.0,-0.8703432140874546,-1.015353946526588,-1.034897161057315,0.0,0.0,0.0,0.0,0.0,0.0,0.0,0.0,0.0,0.0,0.0,0.0,0.0,0.0
7,0.0,0.0,0.0,0.0,0.0,-1.3601581091655306,-0.8703432140874546,0.0,-0.8191202365140794,-0.8362769453273956,-0.8658285117318849,0.0,0.0,0.0,0.0,0.0,0.0,0.0,0.0,0.0,0.0,0.0,0.0,0.0
8,0.0,0.0,0.0,0.0,0.0,0.0,-1.015353946526588,-0.8191202365140794,0.0,-0.7085019801195384,-0.7350140718501564,0.0,0.0,0.0,0.0,0.0,0.0,0.0,0.0,0.0,0.0,0.0,0.0,0.0
9,0.0,0.0,0.0,0.0,0.0,0.0,-1.034897161057315,-0.8362769453273956,-0.7085019801195384,0.0,-0.7192665084681273,-0.8292834650988151,0.0,0.0,0.0,0.0,0.0,0.0,0.0,0.0,0.0,0.0,0.0,0.0
10,0.0,0.0,0.0,0.0,0.0,0.0,0.0,-0.8658285117318849,-0.7350140718501564,-0.7192665084681273,0.0,-0.8005422993227082,0.0,0.0,0.0,0.0,0.0,0.0,0.0,0.0,0.0,0.0,0.0,0.0
11,0.0,0.0,0.0,0.0,0.0,0.0,0.0,0.0,0.0,-0.8292834650988151,-0.8005422993227082,0.0,-0.6967107341767852,-0.7076020861573046,-0.7178812427384214,0.0,-0.744786041008216,0.0,0.0,0.0,0.0,0.0,0.0,0.0
12,0.0,0.0,0.0,0.0,0.0,0.0,0.0,0.0,0.0,0.0,0.0,-0.6967107341767852,0.0,-0.7040001357586398,-0.7142434340736005,-0.7361868322284603,0.0,0.0,0.0,0.0,0.0,0.0,0.0,0.0
13,0.0,0.0,0.0,0.0,0.0,0.0,0.0,0.0,0.0,0.0,0.0,-0.7076020861573046,-0.7040001357586398,0.0,0.0,-0.7249955707665644,-0.7298145878306918,0.0,0.0,0.0,0.0,0.0,0.0,0.0
14,0.0,0.0,0.0,0.0,0.0,0.0,0.0,0.0,0.0,0.0,0.0,-0.7178812427384214,-0.7142434340736005,0.0,0.0,0.0,-0.7194187057152839,0.0,-0.7668830752962965,0.0,0.0,0.0,0.0,0.0
15,0.0,0.0,0.0,0.0,0.0,0.0,0.0,0.0,0.0,0.0,0.0,0.0,-0.7361868322284603,-0.7249955707665644,0.0,0.0,-0.697820070916373,0.0,0.0,0.0,0.0,0.0,0.0,0.0
16,0.0,0.0,0.0,0.0,0.0,0.0,0.0,0.0,0.0,0.0,0.0,-0.744786041008216,0.0,-0.7298145878306918,-0.7194187057152839,-0.697820070916373,0.0,0.0,-0.739439269059206,-0.7837865730423509,-0.7992941481834906,0.0,0.0,0.0
17,0.0,0.0,0.0,0.0,0.0,0.0,0.0,0.0,0.0,0.0,0.0,0.0,0.0,0.0,0.0,0.0,0.0,0.0,-0.7007297364075457,-0.7435119324782429,-0.7584878307695258,0.0,0.0,0.0
18,0.0,0.0,0.0,0.0,0.0,0.0,0.0,0.0,0.0,0.0,0.0,0.0,0.0,0.0,-0.7668830752962965,0.0,-0.739439269059206,-0.7007297364075457,0.0,-0.7356153429750528,-0.7504844277241091,0.0,0.0,0.0
19,0.0,0.0,0.0,0.0,0.0,0.0,0.0,0.0,0.0,0.0,0.0,0.0,0.0,0.0,0.0,0.0,-0.7837865730423509,-0.7435119324782429,-0.7356153429750528,0.0,-0.7074269205005738,-0.9552480535693315,-1.272280195330334,-1.7308413088944508
20,0.0,0.0,0.0,0.0,0.0,0.0,0.0,0.0,0.0,0.0,0.0,0.0,0.0,0.0,0.0,0.0,-0.7992941481834906,-0.7584878307695258,-0.7504844277241091,-0.7074269205005738,0.0,-0.9378949671667919,-1.2519489992140698,-1.7075651210102376
21,0.0,0.0,0.0,0.0,0.0,0.0,0.0,0.0,0.0,0.0,0.0,0.0,0.0,0.0,0.0,0.0,0.0,0.0,0.0,-0.9552480535693315,-0.9378949671667919,0.0,-0.9579318654130282,0.0
22,0.0,0.0,0.0,0.0,0.0,0.0,0.0,0.0,0.0,0.0,0.0,0.0,0.0,0.0,0.0,0.0,0.0,0.0,0.0,-1.272280195330334,-1.2519489992140698,-0.9579318654130282,0.0,-1.0325672054852362
23,0.0,0.0,0.0,0.0,0.0,0.0,0.0,0.0,0.0,0.0,0.0,0.0,0.0,0.0,0.0,0.0,0.0,0.0,0.0,-1.7308413088944508,-1.7075651210102376,0.0,-1.0325672054852362,0.0
