,0,1,2,3,4,5,6,7,8,9,10,11,12,13,14,15,16,17,18
0,0.0,-1.3511277241537425,-1.47796683738928,-1.4792080344521967,0.0,0.0,0.0,0.0,0.0,0.0,0.0,0.0,0.0,0.0,0.0,0.0,0.0,0.0,0.0
1,-1.3511277241537425,0.0,-0.7804662987796852,-0.7813376750695852,-0.9126986296450048,0.0,0.0,0.0,0.0,0.0,0.0,0.0,0.0,0.0,0.0,0.0,0.0,0.0,0.0
2,-1.47796683738928,-0.7804662987796852,0.0,-0.6939513455698276,-0.8157758929859639,0.0,0.0,0.0,0.0,0.0,0.0,0.0,0.0,0.0,0.0,0.0,0.0,0.0,0.0
3,-1.4792080344521967,-0.7813376750695852,-0.6939513455698276,0.0,-0.8148796000969754,-0.8377435176814103,0.0,0.0,0.0,0.0,0.0,0.0,0.0,0.0,0.0,0.0,0.0,0.0,0.0
4,0.0,-0.9126986296450048,-0.8157758929859639,-0.8148796000969754,0.0,-0.7136839918225059,-0.8376908335538522,0.0,0.0,0.0,0.0,0.0,0.0,0.0,0.0,0.0,0.0,0.0,0.0
5,0.0,0.0,0.0,-0.8377435176814103,-0.7136839918225059,0.0,-0.8148278452886164,-0.9266850445228364,0.0,0.0,0.0,0.0,0.0,0.0,0.0,0.0,0.0,0.0,0.0
6,0.0,0.0,0.0,0.0,-0.8376908335538522,-0.8148278452886164,0.0,-0.7940664852462708,-0.8059181982899315,0.0,0.0,0.0,0.0,0.0,0.0,0.0,0.0,0.0,0.0
7,0.0,0.0,0.0,0.0,0.0,-0.9266850445228364,-0.7940664852462708,0.0,-0.70396644063675,0.0,0.0,0.0,0.0,0.0,0.0,0.0,0.0,0.0,0.0
8,0.0,0.0,0.0,0.0,0.0,0.0,-0.8059181982899315,-0.70396644063675,0.0,-1.1436879286391162,0.0,0.0,0.0,0.0,0.0,0.0,0.0,0.0,0.0
9,0.0,0.0,0.0,0.0,0.0,0.0,0.0,0.0,-1.1436879286391162,0.0,-0.746321110375839,-1.4239038831022748,-1.6705514831434551,0.0,0.0,0.0,0.0,0.0,0.0
10,0.0,0.0,0.0,0.0,0.0,0.0,0.0,0.0,0.0,-0.746321110375839,0.0,-1.3462000569626347,-1.5872307580965654,0.0,0.0,0.0,0.0,0.0,0.0
11,0.0,0.0,0.0,0.0,0.0,0.0,0.0,0.0,0.0,-1.4239038831022748,-1.3462000569626347,0.0,-0.862230497754858,-1.0051384761232902,0.0,-1.1394904319976655,0.0,0.0,0.0
12,0.0,0.0,0.0,0.0,0.0,0.0,0.0,0.0,0.0,-1.6705514831434551,-1.5872307580965654,-0.862230497754858,0.0,-0.8179657239751154,0.0,-0.9372668126708187,0.0,0.0,0.0
13,0.0,0.0,0.0,0.0,0.0,0.0,0.0,0.0,0.0,0.0,0.0,-1.0051384761232902,-0.8179657239751154,0.0,-0.772842674406706,-0.8005675196061273,-0.8759718399915503,0.0,0.0
14,0.0,0.0,0.0,0.0,0.0,0.0,0.0,0.0,0.0,0.0,0.0,0.0,0.0,-0.772842674406706,0.0,-0.7189245451957246,-0.7892797665662468,-1.1582380758779836,-1.3390730956343173
15,0.0,0.0,0.0,0.0,0.0,0.0,0.0,0.0,0.0,0.0,0.0,-1.1394904319976655,-0.9372668126708187,-0.8005675196061273,-0.7189245451957246,0.0,-0.7618150166902455,0.0,0.0
16,0.0,0.0,0.0,0.0,0.0,0.0,0.0,0.0,0.0,0.0,0.0,0.0,0.0,-0.8759718399915503,-0.7892797665662468,-0.7618150166902455,0.0,-1.0358582538457415,-1.2067850572878598
17,0.0,0.0,0.0,0.0,0.0,0.0,0.0,0.0,0.0,0.0,0.0,0.0,0.0,0.0,-1.1582380758779836,0.0,-1.0358582538457415,0.0,-0.8280989620741043
18,0.0,0.0,0.0,0.0,0.0,0.0,0.0,0.0,0.0,0.0,0.0,0.0,0.0,0.0,-1.3390730956343173,0.0,-1.2067850572878598,-0.8280989620741043,0.0
