,0,1,2,3,4,5,6,7,8,9,10,11,12,13,14,15,16,17,18,19
0,0.0,-0.8463326910942809,-1.1763945615668905,-1.5456245432005375,0.0,0.0,0.0,0.0,0.0,0.0,0.0,0.0,0.0,0.0,0.0,0.0,0.0,0.0,0.0,0.0
1,-0.8463326910942809,0.0,-0.9876214390616495,-1.3278324095669007,0.0,0.0,0.0,0.0,0.0,0.0,0.0,0.0,0.0,0.0,0.0,0.0,0.0,0.0,0.0,0.0
2,-1.1763945615668905,-0.9876214390616495,0.0,-0.9729612507360071,-1.047497378205436,-1.1923568281921153,0.0,0.0,0.0,0.0,0.0,0.0,0.0,0.0,0.0,0.0,0.0,0.0,0.0,0.0
3,-1.5456245432005375,-1.3278324095669007,-0.9729612507360071,0.0,-0.7534914951643512,-0.8731273524459312,-1.046978327073375,0.0,0.0,0.0,0.0,0.0,0.0,0.0,0.0,0.0,0.0,0.0,0.0,0.0
4,0.0,0.0,-1.047497378205436,-0.7534914951643512,0.0,-0.8065257940624904,-0.9724639105996254,0.0,0.0,0.0,0.0,0.0,0.0,0.0,0.0,0.0,0.0,0.0,0.0,0.0
5,0.0,0.0,-1.1923568281921153,-0.8731273524459312,-0.8065257940624904,0.0,-0.8441721825082713,0.0,0.0,0.0,0.0,0.0,0.0,0.0,0.0,0.0,0.0,0.0,0.0,0.0
6,0.0,0.0,0.0,-1.046978327073375,-0.9724639105996254,-0.8441721825082713,0.0,-0.9597131017753266,-1.0213231358728159,0.0,0.0,0.0,0.0,0.0,0.0,0.0,0.0,0.0,0.0,0.0
7,0.0,0.0,0.0,0.0,0.0,0.0,-0.9597131017753266,0.0,-0.7433624306324842,-0.7921704475466291,0.0,-1.1442059833536504,0.0,0.0,0.0,0.0,0.0,0.0,0.0,0.0
8,0.0,0.0,0.0,0.0,0.0,0.0,-1.0213231358728159,-0.7433624306324842,0.0,-0.7397286547559038,0.0,-1.0784519072733372,0.0,0.0,0.0,0.0,0.0,0.0,0.0,0.0
9,0.0,0.0,0.0,0.0,0.0,0.0,0.0,-0.7921704475466291,-0.7397286547559038,0.0,0.0,-1.0192839451059559,0.0,0.0,0.0,0.0,0.0,0.0,0.0,0.0
10,0.0,0.0,0.0,0.0,0.0,0.0,0.0,0.0,0.0,0.0,0.0,-0.6958962401829646,-0.8830439966120543,-1.0701147474791668,0.0,0.0,0.0,0.0,0.0,0.0
11,0.0,0.0,0.0,0.0,0.0,0.0,0.0,-1.1442059833536504,-1.0784519072733372,-1.0192839451059559,-0.6958962401829646,0.0,-0.8798275487158047,-1.0665106639377573,0.0,0.0,0.0,0.0,0.0,0.0
12,0.0,0.0,0.0,0.0,0.0,0.0,0.0,0.0,0.0,0.0,-0.8830439966120543,-0.8798275487158047,0.0,-0.8547384232929373,0.0,0.0,0.0,0.0,0.0,0.0
13,0.0,0.0,0.0,0.0,0.0,0.0,0.0,0.0,0.0,0.0,-1.0701147474791668,-1.0665106639377573,-0.8547384232929373,0.0,-0.9817538716579368,-0.9901799316915447,0.0,0.0,0.0,0.0
14,0.0,0.0,0.0,0.0,0.0,0.0,0.0,0.0,0.0,0.0,0.0,0.0,0.0,-0.9817538716579368,0.0,-0.6998899725017919,-0.8198105001939192,0.0,-0.8594727476416997,0.0
15,0.0,0.0,0.0,0.0,0.0,0.0,0.0,0.0,0.0,0.0,0.0,0.0,0.0,-0.9901799316915447,-0.6998899725017919,0.0,-0.8123130595347502,0.0,-0.8517448669904765,0.0
16,0.0,0.0,0.0,0.0,0.0,0.0,0.0,0.0,0.0,0.0,0.0,0.0,0.0,0.0,-0.8198105001939192,-0.8123130595347502,0.0,-0.7282567126442292,-0.7286664677407263,-0.9190788568009093
17,0.0,0.0,0.0,0.0,0.0,0.0,0.0,0.0,0.0,0.0,0.0,0.0,0.0,0.0,0.0,0.0,-0.7282567126442292,0.0,-0.6935432731264894,-0.8781589404547245
18,0.0,0.0,0.0,0.0,0.0,0.0,0.0,0.0,0.0,0.0,0.0,0.0,0.0,0.0,-0.8594727476416997,-0.8517448669904765,-0.7286664677407263,-0.6935432731264894,0.0,-0.87769611351725
19,0.0,0.0,0.0,0.0,0.0,0.0,0.0,0.0,0.0,0.0,0.0,0.0,0.0,0.0,0.0,0.0,-0.9190788568009093,-0.8781589404547245,-0.87769611351725,0.0
