,0,1,2,3,4,5,6,7,8,9,10,11,12,13,14,15,16,17
0,0.0,-0.8845559309015751,-1.6671530116501156,-1.857916342008145,0.0,0.0,0.0,0.0,0.0,0.0,0.0,0.0,0.0,0.0,0.0,0.0,0.0,0.0
1,-0.8845559309015751,0.0,-1.3917893738656166,-1.5696575390183498,0.0,0.0,0.0,0.0,0.0,0.0,0.0,0.0,0.0,0.0,0.0,0.0,0.0,0.0
2,-1.6671530116501156,-1.3917893738656166,0.0,-0.814959345173367,-1.0527488245191352,-1.1728601770242355,0.0,0.0,0.0,0.0,0.0,0.0,0.0,0.0,0.0,0.0,0.0,0.0
3,-1.857916342008145,-1.5696575390183498,-0.814959345173367,0.0,-0.9089222380482751,-1.0196048256771084,0.0,0.0,0.0,0.0,0.0,0.0,0.0,0.0,0.0,0.0,0.0,0.0
4,0.0,0.0,-1.0527488245191352,-0.9089222380482751,0.0,-0.7866528630314189,-1.0403859017059958,0.0,0.0,0.0,0.0,0.0,0.0,0.0,0.0,0.0,0.0,0.0
5,0.0,0.0,-1.1728601770242355,-1.0196048256771084,-0.7866528630314189,0.0,-0.9283440438577325,-1.0759490633758713,0.0,0.0,0.0,0.0,0.0,0.0,0.0,0.0,0.0,0.0
6,0.0,0.0,0.0,0.0,-1.0403859017059958,-0.9283440438577325,0.0,-0.8166874245371829,-1.0551501486228354,-1.0670246361353661,0.0,0.0,0.0,0.0,0.0,0.0,0.0,0.0
7,0.0,0.0,0.0,0.0,0.0,-1.0759490633758713,-0.8166874245371829,0.0,-0.9092731765946023,-0.9201570547736078,0.0,0.0,0.0,0.0,0.0,0.0,0.0,0.0
8,0.0,0.0,0.0,0.0,0.0,0.0,-1.0551501486228354,-0.9092731765946023,0.0,-0.7022679119189718,-0.8718475750590676,-0.9042777699399964,0.0,0.0,0.0,0.0,0.0,0.0
9,0.0,0.0,0.0,0.0,0.0,0.0,-1.0670246361353661,-0.9201570547736078,-0.7022679119189718,0.0,-0.8613224122486515,-0.8935099087180616,0.0,0.0,0.0,0.0,0.0,0.0
10,0.0,0.0,0.0,0.0,0.0,0.0,0.0,0.0,-0.8718475750590676,-0.8613224122486515,0.0,-0.7210797665076611,-0.768103213249823,0.0,0.0,0.0,0.0,0.0
11,0.0,0.0,0.0,0.0,0.0,0.0,0.0,0.0,-0.9042777699399964,-0.8935099087180616,-0.7210797665076611,0.0,-0.7389384606062646,-0.9186410279067303,0.0,0.0,0.0,0.0
12,0.0,0.0,0.0,0.0,0.0,0.0,0.0,0.0,0.0,0.0,-0.768103213249823,-0.7389384606062646,0.0,-0.8657782321094661,0.0,0.0,0.0,0.0
13,0.0,0.0,0.0,0.0,0.0,0.0,0.0,0.0,0.0,0.0,0.0,-0.9186410279067303,-0.8657782321094661,0.0,-0.9628679036516214,-1.2005316505992478,0.0,0.0
14,0.0,0.0,0.0,0.0,0.0,0.0,0.0,0.0,0.0,0.0,0.0,0.0,0.0,-0.9628679036516214,0.0,-0.8895242161878651,-0.9241315132437367,-1.3172250781770045
15,0.0,0.0,0.0,0.0,0.0,0.0,0.0,0.0,0.0,0.0,0.0,0.0,0.0,-1.2005316505992478,-0.8895242161878651,0.0,-0.7225940565497414,-1.0667532595260907
16,0.0,0.0,0.0,0.0,0.0,0.0,0.0,0.0,0.0,0.0,0.0,0.0,0.0,0.0,-0.9241315132437367,-0.7225940565497414,0.0,-1.0290613126324692
17,0.0,0.0,0.0,0.0,0.0,0.0,0.0,0.0,0.0,0.0,0.0,0.0,0.0,0.0,-1.3172250781770045,-1.0667532595260907,-1.0290613126324692,0.0
