,0,1,2,3,4,5,6,7,8,9,10,11
0,0.0,-0.8177483959259135,-1.3509695697728865,-1.4266981010205355,0.0,0.0,0.0,0.0,0.0,0.0,0.0,0.0
1,-0.8177483959259135,0.0,-1.18206130177385,-1.2530882799469818,0.0,0.0,0.0,0.0,0.0,0.0,0.0,0.0
2,-1.3509695697728865,-1.18206130177385,0.0,-0.7448689374727724,-0.7674035622188502,-0.8139186594325402,0.0,0.0,0.0,0.0,0.0,0.0
3,-1.4266981010205355,-1.2530882799469818,-0.7448689374727724,0.0,-0.7146119344963251,-0.758990018281054,0.0,0.0,0.0,0.0,0.0,0.0
4,0.0,0.0,-0.7674035622188502,-0.7146119344963251,0.0,-0.7366222164244924,0.0,0.0,0.0,0.0,0.0,0.0
5,0.0,0.0,-0.8139186594325402,-0.758990018281054,-0.7366222164244924,0.0,0.0,0.0,0.0,0.0,0.0,0.0
6,0.0,0.0,0.0,0.0,0.0,0.0,0.0,-1.2355968297117286,-1.7802968282762712,-2.115780132990288,0.0,0.0
7,0.0,0.0,0.0,0.0,0.0,0.0,-1.2355968297117286,0.0,-1.105520793470113,-1.3837055570780996,-1.5019538677458923,-2.109546535670961
8,0.0,0.0,0.0,0.0,0.0,0.0,-1.7802968282762712,-1.105520793470113,0.0,-0.9080346964942367,-1.0032996131057967,-1.5227840221499793
9,0.0,0.0,0.0,0.0,0.0,0.0,-2.115780132990288,-1.3837055570780996,-0.9080346964942367,0.0,-0.7735788027079903,0.0
10,0.0,0.0,0.0,0.0,0.0,0.0,0.0,-1.5019538677458923,-1.0032996131057967,-0.7735788027079903,0.0,-1.1234734548952874
11,0.0,0.0,0.0,0.0,0.0,0.0,0.0,-2.109546535670961,-1.5227840221499793,0.0,-1.1234734548952874,0.0
