,0,1,2,3,4,5,6,7,8,9,10,11,12,13,14,15,16,17
0,0.0,-1.8519005759528482,-2.548923416278194,0.0,-3.0074607752619906,0.0,0.0,0.0,0.0,0.0,0.0,0.0,0.0,0.0,0.0,0.0,0.0,0.0
1,-1.8519005759528482,0.0,-1.1617014262342538,-1.5048105207329308,-1.52188120689527,0.0,0.0,0.0,0.0,0.0,0.0,0.0,0.0,0.0,0.0,0.0,0.0,0.0
2,-2.548923416278194,-1.1617014262342538,0.0,-0.9538835710954355,-0.9673975429346328,-1.126471700629326,0.0,0.0,0.0,0.0,0.0,0.0,0.0,0.0,0.0,0.0,0.0,0.0
3,0.0,-1.5048105207329308,-0.9538835710954355,0.0,-0.7041522991923118,-0.8356982319531698,-0.9255016726824397,0.0,0.0,0.0,0.0,0.0,0.0,0.0,0.0,0.0,0.0,0.0
4,-3.0074607752619906,-1.52188120689527,-0.9673975429346328,-0.7041522991923118,0.0,-0.8233577625413523,-0.9123445350174512,0.0,0.0,0.0,0.0,0.0,0.0,0.0,0.0,0.0,0.0,0.0
5,0.0,0.0,-1.126471700629326,-0.8356982319531698,-0.8233577625413523,0.0,-0.7728268258672397,-0.815620315151577,0.0,0.0,0.0,0.0,0.0,0.0,0.0,0.0,0.0,0.0
6,0.0,0.0,0.0,-0.9255016726824397,-0.9123445350174512,-0.7728268258672397,0.0,-0.7329561337078749,-0.8647631638155507,0.0,0.0,0.0,0.0,0.0,0.0,0.0,0.0,0.0
7,0.0,0.0,0.0,0.0,0.0,-0.815620315151577,-0.7329561337078749,0.0,-0.8203050051426802,0.0,0.0,0.0,0.0,0.0,0.0,0.0,0.0,0.0
8,0.0,0.0,0.0,0.0,0.0,0.0,-0.8647631638155507,-0.8203050051426802,0.0,-0.7447756784457048,0.0,0.0,0.0,0.0,0.0,0.0,0.0,0.0
9,0.0,0.0,0.0,0.0,0.0,0.0,0.0,0.0,-0.7447756784457048,0.0,-0.8973406010876176,-0.9390234332788918,0.0,0.0,0.0,0.0,0.0,0.0
10,0.0,0.0,0.0,0.0,0.0,0.0,0.0,0.0,0.0,-0.8973406010876176,0.0,-0.7284448438288903,-0.9662468977610114,-1.0345734617741362,0.0,0.0,0.0,0.0
11,0.0,0.0,0.0,0.0,0.0,0.0,0.0,0.0,0.0,-0.9390234332788918,-0.7284448438288903,0.0,-0.9238298535640929,-0.9903971507388445,0.0,0.0,0.0,0.0
12,0.0,0.0,0.0,0.0,0.0,0.0,0.0,0.0,0.0,0.0,-0.9662468977610114,-0.9238298535640929,0.0,-0.7486528005837088,-0.9435103059284079,0.0,0.0,0.0
13,0.0,0.0,0.0,0.0,0.0,0.0,0.0,0.0,0.0,0.0,-1.0345734617741362,-0.9903971507388445,-0.7486528005837088,0.0,-0.8788935999463763,-0.9450148032669348,0.0,0.0
14,0.0,0.0,0.0,0.0,0.0,0.0,0.0,0.0,0.0,0.0,0.0,0.0,-0.9435103059284079,-0.8788935999463763,0.0,-0.7499511362535624,-1.1421824078324585,-1.1829384426991378
15,0.0,0.0,0.0,0.0,0.0,0.0,0.0,0.0,0.0,0.0,0.0,0.0,0.0,-0.9450148032669348,-0.7499511362535624,0.0,-1.0682537610821499,-1.1075725334479751
16,0.0,0.0,0.0,0.0,0.0,0.0,0.0,0.0,0.0,0.0,0.0,0.0,0.0,0.0,-1.1421824078324585,-1.0682537610821499,0.0,-0.723237186745912
17,0.0,0.0,0.0,0.0,0.0,0.0,0.0,0.0,0.0,0.0,0.0,0.0,0.0,0.0,-1.1829384426991378,-1.1075725334479751,-0.723237186745912,0.0
