,0,1,2,3,4,5,6,7,8,9,10,11,12
0,0.0,-1.8960935948498894,-1.9815207941555264,-2.3032700738543372,0.0,0.0,0.0,0.0,0.0,0.0,0.0,0.0,0.0
1,-1.8960935948498894,0.0,-0.7442866444912004,-0.9521848077736498,-1.0813118417549479,0.0,0.0,0.0,0.0,0.0,0.0,0.0,0.0
2,-1.9815207941555264,-0.7442866444912004,0.0,-0.8920916828214521,-1.0164929267771883,0.0,0.0,0.0,0.0,0.0,0.0,0.0,0.0
3,-2.3032700738543372,-0.9521848077736498,-0.8920916828214521,0.0,-0.7995091364435349,-0.8357078115632057,-1.004785736999945,0.0,0.0,0.0,0.0,0.0,0.0
4,0.0,-1.0813118417549479,-1.0164929267771883,-0.7995091364435349,0.0,-0.7260821494924135,-0.8812686948658962,0.0,0.0,0.0,0.0,0.0,0.0
5,0.0,0.0,0.0,-0.8357078115632057,-0.7260821494924135,0.0,-0.8438125583283619,0.0,0.0,0.0,0.0,0.0,0.0
6,0.0,0.0,0.0,-1.004785736999945,-0.8812686948658962,-0.8438125583283619,0.0,-0.858557277353935,0.0,0.0,0.0,0.0,0.0
7,0.0,0.0,0.0,0.0,0.0,0.0,-0.858557277353935,0.0,-1.210351598727937,-1.3721672899558386,0.0,0.0,0.0
8,0.0,0.0,0.0,0.0,0.0,0.0,0.0,-1.210351598727937,0.0,-0.8110357344882614,-1.149588112698102,-1.337573908265995,0.0
9,0.0,0.0,0.0,0.0,0.0,0.0,0.0,-1.3721672899558386,-0.8110357344882614,0.0,-1.002536755874657,-1.1778561019199814,-1.4449371011153045
10,0.0,0.0,0.0,0.0,0.0,0.0,0.0,0.0,-1.149588112698102,-1.002536755874657,0.0,-0.8340834973324172,-1.0574350536897033
11,0.0,0.0,0.0,0.0,0.0,0.0,0.0,0.0,-1.337573908265995,-1.1778561019199814,-0.8340834973324172,0.0,-0.892968210259341
12,0.0,0.0,0.0,0.0,0.0,0.0,0.0,0.0,0.0,-1.4449371011153045,-1.0574350536897033,-0.892968210259341,0.0
