,0,1,2,3,4,5,6,7,8,9,10,11,12,13,14,15,16,17,18,19
0,0.0,-0.9477230301965625,-0.9917027602635431,-1.1820614142445722,0.0,0.0,0.0,0.0,0.0,0.0,0.0,0.0,0.0,0.0,0.0,0.0,0.0,0.0,0.0,0.0
1,-0.9477230301965625,0.0,-0.7291997537259491,-0.8883950627976188,-0.9532617127909587,0.0,0.0,0.0,0.0,0.0,0.0,0.0,0.0,0.0,0.0,0.0,0.0,0.0,0.0,0.0
2,-0.9917027602635431,-0.7291997537259491,0.0,-0.8472966468290413,-0.9103204706429687,0.0,0.0,0.0,0.0,0.0,0.0,0.0,0.0,0.0,0.0,0.0,0.0,0.0,0.0,0.0
3,-1.1820614142445722,-0.8883950627976188,-0.8472966468290413,0.0,-0.7485068967228263,-0.941763468103565,0.0,0.0,0.0,0.0,0.0,0.0,0.0,0.0,0.0,0.0,0.0,0.0,0.0,0.0
4,0.0,-0.9532617127909587,-0.9103204706429687,-0.7485068967228263,0.0,-0.8773828639836907,0.0,0.0,0.0,0.0,0.0,0.0,0.0,0.0,0.0,0.0,0.0,0.0,0.0,0.0
5,0.0,0.0,0.0,-0.941763468103565,-0.8773828639836907,0.0,-1.2079889332264653,0.0,0.0,0.0,0.0,0.0,0.0,0.0,0.0,0.0,0.0,0.0,0.0,0.0
6,0.0,0.0,0.0,0.0,0.0,-1.2079889332264653,0.0,-0.750033444792461,-0.9044486799420406,-0.9364510568874728,0.0,0.0,0.0,0.0,0.0,0.0,0.0,0.0,0.0,0.0
7,0.0,0.0,0.0,0.0,0.0,0.0,-0.750033444792461,0.0,-0.8400364563820056,-0.87061287805562,0.0,0.0,0.0,0.0,0.0,0.0,0.0,0.0,0.0,0.0
8,0.0,0.0,0.0,0.0,0.0,0.0,-0.9044486799420406,-0.8400364563820056,0.0,-0.7200976394535881,-0.8471552445341872,0.0,0.0,0.0,0.0,0.0,0.0,0.0,0.0,0.0
9,0.0,0.0,0.0,0.0,0.0,0.0,-0.9364510568874728,-0.87061287805562,-0.7200976394535881,0.0,-0.8171094742575304,0.0,0.0,0.0,0.0,0.0,0.0,0.0,0.0,0.0
10,0.0,0.0,0.0,0.0,0.0,0.0,0.0,0.0,-0.8471552445341872,-0.8171094742575304,0.0,-0.9585992475365851,0.0,0.0,0.0,0.0,0.0,0.0,0.0,0.0
11,0.0,0.0,0.0,0.0,0.0,0.0,0.0,0.0,0.0,0.0,-0.9585992475365851,0.0,-0.6944197620538409,-0.7952599328659227,-0.8547843190254486,0.0,0.0,0.0,0.0,0.0
12,0.0,0.0,0.0,0.0,0.0,0.0,0.0,0.0,0.0,0.0,0.0,-0.6944197620538409,0.0,-0.7938655073624996,-0.8533235247467692,0.0,0.0,0.0,0.0,0.0
13,0.0,0.0,0.0,0.0,0.0,0.0,0.0,0.0,0.0,0.0,0.0,-0.7952599328659227,-0.7938655073624996,0.0,-0.7475452423053216,-0.7695515866901141,0.0,0.0,0.0,0.0
14,0.0,0.0,0.0,0.0,0.0,0.0,0.0,0.0,0.0,0.0,0.0,-0.8547843190254486,-0.8533235247467692,-0.7475452423053216,0.0,-0.7140584729715598,-0.802991387483397,0.0,0.0,0.0
15,0.0,0.0,0.0,0.0,0.0,0.0,0.0,0.0,0.0,0.0,0.0,0.0,0.0,-0.7695515866901141,-0.7140584729715598,0.0,-0.7803533774489987,0.0,0.0,0.0
16,0.0,0.0,0.0,0.0,0.0,0.0,0.0,0.0,0.0,0.0,0.0,0.0,0.0,0.0,-0.802991387483397,-0.7803533774489987,0.0,-0.872880828924531,-1.0637679286315163,-1.226663169484499
17,0.0,0.0,0.0,0.0,0.0,0.0,0.0,0.0,0.0,0.0,0.0,0.0,0.0,0.0,0.0,0.0,-0.872880828924531,0.0,-0.8591792624435137,-1.0039240419706759
18,0.0,0.0,0.0,0.0,0.0,0.0,0.0,0.0,0.0,0.0,0.0,0.0,0.0,0.0,0.0,0.0,-1.0637679286315163,-0.8591792624435137,0.0,-0.8198502353054241
19,0.0,0.0,0.0,0.0,0.0,0.0,0.0,0.0,0.0,0.0,0.0,0.0,0.0,0.0,0.0,0.0,-1.226663169484499,-1.0039240419706759,-0.8198502353054241,0.0
