,0,1,2,3,4,5,6,7,8,9,10,11,12,13,14,15
0,0.0,-0.8807274286935991,-1.156641439667222,0.0,-2.5730051085636227,0.0,0.0,0.0,0.0,0.0,0.0,0.0,0.0,0.0,0.0,0.0
1,-0.8807274286935991,0.0,-0.9332087410765619,0.0,-2.2585371932013407,0.0,0.0,0.0,0.0,0.0,0.0,0.0,0.0,0.0,0.0,0.0
2,-1.156641439667222,-0.9332087410765619,0.0,-1.8713449294847144,-1.8801918891919183,0.0,0.0,0.0,0.0,0.0,0.0,0.0,0.0,0.0,0.0,0.0
3,0.0,0.0,-1.8713449294847144,0.0,-0.698384818937194,-0.8815094660078945,-0.958032166453067,0.0,0.0,0.0,0.0,0.0,0.0,0.0,0.0,0.0
4,-2.5730051085636227,-2.2585371932013407,-1.8801918891919183,-0.698384818937194,0.0,-0.8754018397698492,-0.9516054360356775,0.0,0.0,0.0,0.0,0.0,0.0,0.0,0.0,0.0
5,0.0,0.0,0.0,-0.8815094660078945,-0.8754018397698492,0.0,-0.7588167117767053,0.0,0.0,0.0,0.0,0.0,0.0,0.0,0.0,0.0
6,0.0,0.0,0.0,-0.958032166453067,-0.9516054360356775,-0.7588167117767053,0.0,-1.0934370203691888,-1.2140835269243975,0.0,0.0,0.0,0.0,0.0,0.0,0.0
7,0.0,0.0,0.0,0.0,0.0,0.0,-1.0934370203691888,0.0,-0.7851971986806257,-1.237056645835571,0.0,0.0,0.0,-1.5618227126252378,0.0,0.0
8,0.0,0.0,0.0,0.0,0.0,0.0,-1.2140835269243975,-0.7851971986806257,0.0,-1.115179167143851,0.0,0.0,0.0,-1.4251383280243752,0.0,0.0
9,0.0,0.0,0.0,0.0,0.0,0.0,0.0,-1.237056645835571,-1.115179167143851,0.0,-0.909932602532795,0.0,-0.9278903631630928,-0.9324053540728925,0.0,0.0
10,0.0,0.0,0.0,0.0,0.0,0.0,0.0,0.0,0.0,-0.909932602532795,0.0,0.0,-0.7081978082887012,-0.7119887420059527,0.0,0.0
11,0.0,0.0,0.0,0.0,0.0,0.0,0.0,0.0,0.0,0.0,0.0,0.0,-0.6996587985518619,0.0,-0.8767306734156908,-1.067370429432671
12,0.0,0.0,0.0,0.0,0.0,0.0,0.0,0.0,0.0,-0.9278903631630928,-0.7081978082887012,-0.6996587985518619,0.0,-0.6968824231023848,-0.8691720244634814,-1.0588727118034216
13,0.0,0.0,0.0,0.0,0.0,0.0,0.0,-1.5618227126252378,-1.4251383280243752,-0.9324053540728925,-0.7119887420059527,0.0,-0.6968824231023848,0.0,0.0,0.0
14,0.0,0.0,0.0,0.0,0.0,0.0,0.0,0.0,0.0,0.0,0.0,-0.8767306734156908,-0.8691720244634814,0.0,0.0,-0.8585413561089097
15,0.0,0.0,0.0,0.0,0.0,0.0,0.0,0.0,0.0,0.0,0.0,-1.067370429432671,-1.0588727118034216,0.0,-0.8585413561089097,0.0
