,0,1,2,3,4,5,6,7,8,9,10,11,12,13,14,15,16,17,18
0,0.0,-0.9347102144773781,-1.2172974352768982,-1.4747552153977916,0.0,0.0,0.0,0.0,0.0,0.0,0.0,0.0,0.0,0.0,0.0,0.0,0.0,0.0,0.0
1,-0.9347102144773781,0.0,-0.9312659934151795,-1.1566065496501519,0.0,0.0,0.0,0.0,0.0,0.0,0.0,0.0,0.0,0.0,0.0,0.0,0.0,0.0,0.0
2,-1.2172974352768982,-0.9312659934151795,0.0,-0.8825749041235889,-1.0043102081781043,-1.1740948143865242,0.0,0.0,0.0,0.0,0.0,0.0,0.0,0.0,0.0,0.0,0.0,0.0,0.0
3,-1.4747552153977916,-1.1566065496501519,-0.8825749041235889,0.0,-0.7978702947255624,-0.9467414649705946,0.0,-1.0060453582059992,0.0,0.0,0.0,0.0,0.0,0.0,0.0,0.0,0.0,0.0,0.0
4,0.0,0.0,-1.0043102081781043,-0.7978702947255624,0.0,-0.8294305537643455,0.0,-0.8841803196036429,0.0,0.0,0.0,0.0,0.0,0.0,0.0,0.0,0.0,0.0,0.0
5,0.0,0.0,-1.1740948143865242,-0.9467414649705946,-0.8294305537643455,0.0,-0.7407775601503919,-0.7418579612537296,-0.7935753633150548,0.0,0.0,0.0,0.0,0.0,0.0,0.0,0.0,0.0,0.0
6,0.0,0.0,0.0,0.0,0.0,-0.7407775601503919,0.0,-0.6941795864236231,-0.7436565647753983,0.0,0.0,0.0,0.0,0.0,0.0,0.0,0.0,0.0,0.0
7,0.0,0.0,0.0,-1.0060453582059992,-0.8841803196036429,-0.7418579612537296,-0.6941795864236231,0.0,-0.7425743974792985,0.0,0.0,0.0,0.0,0.0,0.0,0.0,0.0,0.0,0.0
8,0.0,0.0,0.0,0.0,0.0,-0.7935753633150548,-0.7436565647753983,-0.7425743974792985,0.0,0.0,0.0,0.0,0.0,0.0,0.0,0.0,0.0,0.0,0.0
9,0.0,0.0,0.0,0.0,0.0,0.0,0.0,0.0,0.0,0.0,-1.09792935030562,-1.3381992733062087,-1.3624513104209781,0.0,0.0,0.0,0.0,0.0,0.0
10,0.0,0.0,0.0,0.0,0.0,0.0,0.0,0.0,0.0,-1.09792935030562,0.0,-0.8786003743702842,-0.897868990529652,-0.9371246504492211,0.0,0.0,0.0,0.0,0.0
11,0.0,0.0,0.0,0.0,0.0,0.0,0.0,0.0,0.0,-1.3381992733062087,-0.8786003743702842,0.0,-0.7096492122829612,-0.743408167447209,-0.8728267572337797,0.0,0.0,0.0,0.0
12,0.0,0.0,0.0,0.0,0.0,0.0,0.0,0.0,0.0,-1.3624513104209781,-0.897868990529652,-0.7096492122829612,0.0,-0.7263714437822694,-0.8538973098693786,0.0,0.0,0.0,0.0
13,0.0,0.0,0.0,0.0,0.0,0.0,0.0,0.0,0.0,0.0,-0.9371246504492211,-0.743408167447209,-0.7263714437822694,0.0,-0.8168770978957511,-0.8868440257327762,0.0,0.0,0.0
14,0.0,0.0,0.0,0.0,0.0,0.0,0.0,0.0,0.0,0.0,0.0,-0.8728267572337797,-0.8538973098693786,-0.8168770978957511,0.0,-0.7560445228392741,0.0,0.0,0.0
15,0.0,0.0,0.0,0.0,0.0,0.0,0.0,0.0,0.0,0.0,0.0,0.0,0.0,-0.8868440257327762,-0.7560445228392741,0.0,-0.8854066958000535,-0.9195361502274231,-1.2836395234885827
16,0.0,0.0,0.0,0.0,0.0,0.0,0.0,0.0,0.0,0.0,0.0,0.0,0.0,0.0,0.0,-0.8854066958000535,0.0,-0.7222690244967249,-1.0412411773752448
17,0.0,0.0,0.0,0.0,0.0,0.0,0.0,0.0,0.0,0.0,0.0,0.0,0.0,0.0,0.0,-0.9195361502274231,-0.7222690244967249,0.0,-1.004470252392228
18,0.0,0.0,0.0,0.0,0.0,0.0,0.0,0.0,0.0,0.0,0.0,0.0,0.0,0.0,0.0,-1.2836395234885827,-1.0412411773752448,-1.004470252392228,0.0
