,0,1,2,3,4,5,6,7,8,9,10,11,12,13,14,15,16,17,18,19,20,21,22,23,24,25
0,0.0,-0.7446260884779605,-0.9316352263773136,-0.9493000008380553,0.0,0.0,0.0,0.0,0.0,0.0,0.0,0.0,0.0,0.0,0.0,0.0,0.0,0.0,0.0,0.0,0.0,0.0,0.0,0.0,0.0,0.0
1,-0.7446260884779605,0.0,-0.871973570430639,-0.8889384979172865,0.0,0.0,0.0,0.0,0.0,0.0,0.0,0.0,0.0,0.0,0.0,0.0,0.0,0.0,0.0,0.0,0.0,0.0,0.0,0.0,0.0,0.0
2,-0.9316352263773136,-0.871973570430639,0.0,-0.7077423336850768,-0.7515193059783868,-0.7887021958853928,0.0,0.0,0.0,0.0,0.0,0.0,0.0,0.0,0.0,0.0,0.0,0.0,0.0,0.0,0.0,0.0,0.0,0.0,0.0,0.0
3,-0.9493000008380553,-0.8889384979172865,-0.7077423336850768,0.0,-0.7363122210486098,-0.7729957070897304,0.0,0.0,0.0,0.0,0.0,0.0,0.0,0.0,0.0,0.0,0.0,0.0,0.0,0.0,0.0,0.0,0.0,0.0,0.0,0.0
4,0.0,0.0,-0.7515193059783868,-0.7363122210486098,0.0,-0.7283696046413889,-0.816947420641085,0.0,-0.9055016084765448,0.0,0.0,0.0,0.0,0.0,0.0,0.0,0.0,0.0,0.0,0.0,0.0,0.0,0.0,0.0,0.0,0.0
5,0.0,0.0,-0.7887021958853928,-0.7729957070897304,-0.7283696046413889,0.0,-0.778885339896303,-0.8228022411757139,0.0,0.0,0.0,0.0,0.0,0.0,0.0,0.0,0.0,0.0,0.0,0.0,0.0,0.0,0.0,0.0,0.0,0.0
6,0.0,0.0,0.0,0.0,-0.816947420641085,-0.778885339896303,0.0,-0.7337964342424041,-0.772823120735846,0.0,0.0,0.0,0.0,0.0,0.0,0.0,0.0,0.0,0.0,0.0,0.0,0.0,0.0,0.0,0.0,0.0
7,0.0,0.0,0.0,0.0,0.0,-0.8228022411757139,-0.7337964342424041,0.0,-0.7307065471328938,0.0,0.0,0.0,0.0,0.0,0.0,0.0,0.0,0.0,0.0,0.0,0.0,0.0,0.0,0.0,0.0,0.0
8,0.0,0.0,0.0,0.0,-0.9055016084765448,0.0,-0.772823120735846,-0.7307065471328938,0.0,0.0,0.0,0.0,0.0,0.0,0.0,0.0,0.0,0.0,0.0,0.0,0.0,0.0,0.0,0.0,0.0,0.0
9,0.0,0.0,0.0,0.0,0.0,0.0,0.0,0.0,0.0,0.0,-0.7179317644000608,-0.7684035960153663,0.0,-0.9000541282658556,0.0,0.0,0.0,0.0,0.0,0.0,0.0,0.0,0.0,0.0,0.0,0.0
10,0.0,0.0,0.0,0.0,0.0,0.0,0.0,0.0,0.0,-0.7179317644000608,0.0,-0.7424422241907503,0.0,-0.8712830727331041,0.0,0.0,0.0,0.0,0.0,0.0,0.0,0.0,0.0,0.0,0.0,0.0
11,0.0,0.0,0.0,0.0,0.0,0.0,0.0,0.0,0.0,-0.7684035960153663,-0.7424422241907503,0.0,-0.8136661572863523,-0.8164248341435101,0.0,0.0,0.0,0.0,0.0,0.0,0.0,0.0,0.0,0.0,0.0,0.0
12,0.0,0.0,0.0,0.0,0.0,0.0,0.0,0.0,0.0,0.0,0.0,-0.8136661572863523,0.0,-0.6956249229078064,-1.0395198302201742,0.0,0.0,0.0,0.0,0.0,0.0,0.0,0.0,0.0,0.0,0.0
13,0.0,0.0,0.0,0.0,0.0,0.0,0.0,0.0,0.0,-0.9000541282658556,-0.8712830727331041,-0.8164248341435101,-0.6956249229078064,0.0,-1.036323485403512,0.0,0.0,0.0,0.0,0.0,0.0,0.0,0.0,0.0,0.0,0.0
14,0.0,0.0,0.0,0.0,0.0,0.0,0.0,0.0,0.0,0.0,0.0,0.0,-1.0395198302201742,-1.036323485403512,0.0,-0.9528968591852682,-1.04302265980685,0.0,-1.2817879195875481,0.0,0.0,0.0,0.0,0.0,0.0,0.0
15,0.0,0.0,0.0,0.0,0.0,0.0,0.0,0.0,0.0,0.0,0.0,0.0,0.0,0.0,-0.9528968591852682,0.0,-0.7670981780144517,0.0,-0.9684486224639178,0.0,0.0,0.0,0.0,0.0,0.0,0.0
16,0.0,0.0,0.0,0.0,0.0,0.0,0.0,0.0,0.0,0.0,0.0,0.0,0.0,0.0,-1.04302265980685,-0.7670981780144517,0.0,0.0,-0.8822882785560315,-0.8883285330195826,0.0,0.0,0.0,0.0,0.0,0.0
17,0.0,0.0,0.0,0.0,0.0,0.0,0.0,0.0,0.0,0.0,0.0,0.0,0.0,0.0,0.0,0.0,0.0,0.0,-0.7651308473409263,-0.7706425047571643,0.0,-0.8745436879811113,0.0,0.0,0.0,0.0
18,0.0,0.0,0.0,0.0,0.0,0.0,0.0,0.0,0.0,0.0,0.0,0.0,0.0,0.0,-1.2817879195875481,-0.9684486224639178,-0.8822882785560315,-0.7651308473409263,0.0,-0.6983018134514137,0.0,-0.7958065590155621,0.0,0.0,0.0,0.0
19,0.0,0.0,0.0,0.0,0.0,0.0,0.0,0.0,0.0,0.0,0.0,0.0,0.0,0.0,0.0,0.0,-0.8883285330195826,-0.7706425047571643,-0.6983018134514137,0.0,0.0,-0.7901766129421136,0.0,0.0,0.0,0.0
20,0.0,0.0,0.0,0.0,0.0,0.0,0.0,0.0,0.0,0.0,0.0,0.0,0.0,0.0,0.0,0.0,0.0,0.0,0.0,0.0,0.0,-0.7087739829049718,-0.843078645188612,0.0,-0.8780687406624462,-1.1572735246062087
21,0.0,0.0,0.0,0.0,0.0,0.0,0.0,0.0,0.0,0.0,0.0,0.0,0.0,0.0,0.0,0.0,0.0,-0.8745436879811113,-0.7958065590155621,-0.7901766129421136,-0.7087739829049718,0.0,-0.8255310984014319,0.0,0.0,0.0
22,0.0,0.0,0.0,0.0,0.0,0.0,0.0,0.0,0.0,0.0,0.0,0.0,0.0,0.0,0.0,0.0,0.0,0.0,0.0,0.0,-0.843078645188612,-0.8255310984014319,0.0,-0.7072520871662167,-0.7239260055396733,-0.9738344904976317
23,0.0,0.0,0.0,0.0,0.0,0.0,0.0,0.0,0.0,0.0,0.0,0.0,0.0,0.0,0.0,0.0,0.0,0.0,0.0,0.0,0.0,0.0,-0.7072520871662167,0.0,-0.7095926747402779,-0.9564921390713995
24,0.0,0.0,0.0,0.0,0.0,0.0,0.0,0.0,0.0,0.0,0.0,0.0,0.0,0.0,0.0,0.0,0.0,0.0,0.0,0.0,-0.8780687406624462,0.0,-0.7239260055396733,-0.7095926747402779,0.0,-0.9365292038582791
25,0.0,0.0,0.0,0.0,0.0,0.0,0.0,0.0,0.0,0.0,0.0,0.0,0.0,0.0,0.0,0.0,0.0,0.0,0.0,0.0,-1.1572735246062087,0.0,-0.9738344904976317,-0.9564921390713995,-0.9365292038582791,0.0
