,0,1,2,3,4,5,6,7,8,9,10,11,12,13,14,15,16,17,18,19
0,0.0,-0.9972570857492592,-1.0491011062828333,-1.929069698336047,0.0,0.0,0.0,0.0,0.0,0.0,0.0,0.0,0.0,0.0,0.0,0.0,0.0,0.0,0.0,0.0
1,-0.9972570857492592,0.0,-0.7344398089299884,-1.4903683936565277,0.0,0.0,0.0,0.0,0.0,0.0,0.0,0.0,0.0,0.0,0.0,0.0,0.0,0.0,0.0,0.0
2,-1.0491011062828333,-0.7344398089299884,0.0,-1.4282377459893667,-1.8958090338160034,0.0,0.0,0.0,0.0,0.0,0.0,0.0,0.0,0.0,0.0,0.0,0.0,0.0,0.0,0.0
3,-1.929069698336047,-1.4903683936565277,-1.4282377459893667,0.0,-1.023918081881208,-1.468645648653128,-1.7784326315695378,0.0,0.0,0.0,0.0,0.0,0.0,0.0,0.0,0.0,0.0,0.0,0.0,0.0
4,0.0,0.0,-1.8958090338160034,-1.023918081881208,0.0,-1.055700821417244,-1.3238976621675627,0.0,0.0,0.0,0.0,0.0,0.0,0.0,0.0,0.0,0.0,0.0,0.0,0.0
5,0.0,0.0,0.0,-1.468645648653128,-1.055700821417244,0.0,-0.9049259089491611,-1.4013864131686644,-1.4372200900554806,0.0,-1.6185422314855988,0.0,0.0,0.0,0.0,0.0,0.0,0.0,0.0,0.0
6,0.0,0.0,0.0,-1.7784326315695378,-1.3238976621675627,-0.9049259089491611,0.0,-1.1248388320472644,-1.1570022562007265,-1.2290009331843221,0.0,0.0,0.0,0.0,0.0,0.0,0.0,0.0,0.0,0.0
7,0.0,0.0,0.0,0.0,0.0,-1.4013864131686644,-1.1248388320472644,0.0,-0.7170604243848149,-0.7712956827694969,0.0,0.0,-0.9084002183501556,0.0,0.0,0.0,0.0,0.0,0.0,0.0
8,0.0,0.0,0.0,0.0,0.0,-1.4372200900554806,-1.1570022562007265,-0.7170604243848149,0.0,0.0,-0.8156978886580911,-0.8218974186485547,-0.8804588173110516,0.0,0.0,0.0,0.0,0.0,0.0,0.0
9,0.0,0.0,0.0,0.0,0.0,0.0,-1.2290009331843221,-0.7712956827694969,0.0,0.0,0.0,-0.7652938855437379,-0.8212535162319844,0.0,0.0,0.0,0.0,0.0,0.0,0.0
10,0.0,0.0,0.0,0.0,0.0,-1.6185422314855988,0.0,0.0,-0.8156978886580911,0.0,0.0,-0.6987073862476345,0.0,0.0,0.0,0.0,0.0,0.0,0.0,0.0
11,0.0,0.0,0.0,0.0,0.0,0.0,0.0,0.0,-0.8218974186485547,-0.7652938855437379,-0.6987073862476345,0.0,-0.7455589161457787,0.0,-0.997987159710106,0.0,0.0,0.0,0.0,0.0
12,0.0,0.0,0.0,0.0,0.0,0.0,0.0,-0.9084002183501556,-0.8804588173110516,-0.8212535162319844,0.0,-0.7455589161457787,0.0,0.0,-0.9346783654924901,0.0,0.0,0.0,0.0,-1.3515852151206156
13,0.0,0.0,0.0,0.0,0.0,0.0,0.0,0.0,0.0,0.0,0.0,0.0,0.0,0.0,-0.7012332097651236,-0.9154804397875032,-0.9644876447499687,-0.9787106750183979,0.0,0.0
14,0.0,0.0,0.0,0.0,0.0,0.0,0.0,0.0,0.0,0.0,0.0,-0.997987159710106,-0.9346783654924901,-0.7012332097651236,0.0,-0.9058525177826245,-0.9545508006155633,0.0,0.0,0.0
15,0.0,0.0,0.0,0.0,0.0,0.0,0.0,0.0,0.0,0.0,0.0,0.0,0.0,-0.9154804397875032,-0.9058525177826245,0.0,-0.7341732151379413,-0.7461406944179895,-0.7487974715181427,0.0
16,0.0,0.0,0.0,0.0,0.0,0.0,0.0,0.0,0.0,0.0,0.0,0.0,0.0,-0.9644876447499687,-0.9545508006155633,-0.7341732151379413,0.0,-0.7046548559932998,-0.7072102725773233,-0.7697175153034356
17,0.0,0.0,0.0,0.0,0.0,0.0,0.0,0.0,0.0,0.0,0.0,0.0,0.0,-0.9787106750183979,0.0,-0.7461406944179895,-0.7046548559932998,0.0,-0.695673726034463,0.0
18,0.0,0.0,0.0,0.0,0.0,0.0,0.0,0.0,0.0,0.0,0.0,0.0,0.0,0.0,0.0,-0.7487974715181427,-0.7072102725773233,-0.695673726034463,0.0,-0.7548195571293448
19,0.0,0.0,0.0,0.0,0.0,0.0,0.0,0.0,0.0,0.0,0.0,0.0,-1.3515852151206156,0.0,0.0,0.0,-0.7697175153034356,0.0,-0.7548195571293448,0.0
