,0,1,2,3,4,5,6,7,8,9,10,11,12,13,14,15,16,17,18,19,20,21,22,23,24,25,26,27
0,0.0,-1.3880272774079063,-3.1262835783801872,-3.196017867261501,0.0,0.0,0.0,0.0,0.0,0.0,0.0,0.0,0.0,0.0,0.0,0.0,0.0,0.0,0.0,0.0,0.0,0.0,0.0,0.0,0.0,0.0,0.0,0.0
1,-1.3880272774079063,0.0,-2.1097628197979903,-2.17403035609398,-2.338592097752488,0.0,0.0,0.0,0.0,0.0,0.0,0.0,0.0,0.0,0.0,0.0,0.0,0.0,0.0,0.0,0.0,0.0,0.0,0.0,0.0,0.0,0.0,0.0
2,-3.1262835783801872,-2.1097628197979903,0.0,-0.7302203430184431,-0.8296915308714785,-0.9606148962756449,0.0,0.0,0.0,0.0,0.0,0.0,0.0,0.0,0.0,0.0,0.0,0.0,0.0,0.0,0.0,0.0,0.0,0.0,0.0,0.0,0.0,0.0
3,-3.196017867261501,-2.17403035609398,-0.7302203430184431,0.0,-0.7892878750264684,-0.916289265939663,0.0,0.0,0.0,0.0,0.0,0.0,0.0,0.0,0.0,0.0,0.0,0.0,0.0,0.0,0.0,0.0,0.0,0.0,0.0,0.0,0.0,0.0
4,0.0,-2.338592097752488,-0.8296915308714785,-0.7892878750264684,0.0,-0.81008354376184,0.0,0.0,0.0,0.0,0.0,0.0,0.0,0.0,0.0,0.0,0.0,0.0,0.0,0.0,0.0,0.0,0.0,0.0,0.0,0.0,0.0,0.0
5,0.0,0.0,-0.9606148962756449,-0.916289265939663,-0.81008354376184,0.0,-0.8352686203630513,-0.8444138731127839,-0.9046955083477795,0.0,0.0,0.0,0.0,0.0,0.0,0.0,0.0,0.0,0.0,0.0,0.0,0.0,0.0,0.0,0.0,0.0,0.0,0.0
6,0.0,0.0,0.0,0.0,0.0,-0.8352686203630513,0.0,0.0,-0.7546967187372652,-0.7841158496568209,-0.8062049345747293,0.0,0.0,0.0,0.0,0.0,0.0,0.0,0.0,0.0,0.0,0.0,0.0,0.0,0.0,0.0,0.0,0.0
7,0.0,0.0,0.0,0.0,0.0,-0.8444138731127839,0.0,0.0,-0.7462012970358126,-0.7754009328031459,-0.797329374032976,0.0,0.0,0.0,0.0,0.0,0.0,0.0,0.0,0.0,0.0,0.0,0.0,0.0,0.0,0.0,0.0,0.0
8,0.0,0.0,0.0,0.0,0.0,-0.9046955083477795,-0.7546967187372652,-0.7462012970358126,0.0,-0.7209319060905103,-0.7418233381139052,0.0,0.0,0.0,0.0,0.0,0.0,0.0,0.0,0.0,0.0,0.0,0.0,0.0,0.0,0.0,0.0,0.0
9,0.0,0.0,0.0,0.0,0.0,0.0,-0.7841158496568209,-0.7754009328031459,-0.7209319060905103,0.0,-0.7134870363590058,0.0,0.0,0.0,0.0,0.0,0.0,0.0,0.0,0.0,0.0,0.0,0.0,0.0,0.0,0.0,0.0,0.0
10,0.0,0.0,0.0,0.0,0.0,0.0,-0.8062049345747293,-0.797329374032976,-0.7418233381139052,-0.7134870363590058,0.0,0.0,0.0,0.0,0.0,0.0,0.0,0.0,0.0,0.0,0.0,0.0,0.0,0.0,0.0,0.0,0.0,0.0
11,0.0,0.0,0.0,0.0,0.0,0.0,0.0,0.0,0.0,0.0,0.0,0.0,-0.7233029507156999,-0.737757597694712,-0.803922123373918,0.0,0.0,0.0,0.0,0.0,0.0,0.0,0.0,0.0,0.0,0.0,0.0,0.0
12,0.0,0.0,0.0,0.0,0.0,0.0,0.0,0.0,0.0,0.0,0.0,-0.7233029507156999,0.0,-0.7071877440139078,-0.7715293792640044,0.0,0.0,-0.9320938450802949,0.0,0.0,0.0,0.0,0.0,0.0,0.0,0.0,0.0,0.0
13,0.0,0.0,0.0,0.0,0.0,0.0,0.0,0.0,0.0,0.0,0.0,-0.737757597694712,-0.7071877440139078,0.0,-0.756631565878708,0.0,0.0,0.0,0.0,0.0,0.0,0.0,0.0,0.0,0.0,0.0,0.0,0.0
14,0.0,0.0,0.0,0.0,0.0,0.0,0.0,0.0,0.0,0.0,0.0,-0.803922123373918,-0.7715293792640044,-0.756631565878708,0.0,-0.7328474250354117,-0.8246026691997528,0.0,0.0,0.0,0.0,0.0,0.0,0.0,0.0,0.0,0.0,0.0
15,0.0,0.0,0.0,0.0,0.0,0.0,0.0,0.0,0.0,0.0,0.0,0.0,0.0,0.0,-0.7328474250354117,0.0,-0.7816124634320494,0.0,-0.8165733407998208,0.0,0.0,0.0,0.0,0.0,0.0,0.0,0.0,0.0
16,0.0,0.0,0.0,0.0,0.0,0.0,0.0,0.0,0.0,0.0,0.0,0.0,0.0,0.0,-0.8246026691997528,-0.7816124634320494,0.0,-0.7097736136171766,0.0,0.0,0.0,0.0,-0.8415498564071163,0.0,0.0,0.0,0.0,0.0
17,0.0,0.0,0.0,0.0,0.0,0.0,0.0,0.0,0.0,0.0,0.0,0.0,-0.9320938450802949,0.0,0.0,0.0,-0.7097736136171766,0.0,0.0,-0.7646964652362521,0.0,0.0,-0.8229186616983564,0.0,0.0,0.0,0.0,0.0
18,0.0,0.0,0.0,0.0,0.0,0.0,0.0,0.0,0.0,0.0,0.0,0.0,0.0,0.0,0.0,-0.8165733407998208,0.0,0.0,0.0,-0.7484772011915303,0.0,-0.7943868717883343,-0.8058937064299233,0.0,0.0,0.0,0.0,0.0
19,0.0,0.0,0.0,0.0,0.0,0.0,0.0,0.0,0.0,0.0,0.0,0.0,0.0,0.0,0.0,0.0,0.0,-0.7646964652362521,-0.7484772011915303,0.0,-0.714759146230112,-0.736762270096328,-0.7477095128807494,-0.8477858151008933,0.0,0.0,0.0,0.0
20,0.0,0.0,0.0,0.0,0.0,0.0,0.0,0.0,0.0,0.0,0.0,0.0,0.0,0.0,0.0,0.0,0.0,0.0,0.0,-0.714759146230112,0.0,0.0,-0.7254188211228396,-0.8235631212604231,-0.8633825926656036,0.0,0.0,0.0
21,0.0,0.0,0.0,0.0,0.0,0.0,0.0,0.0,0.0,0.0,0.0,0.0,0.0,0.0,0.0,0.0,0.0,0.0,-0.7943868717883343,-0.736762270096328,0.0,0.0,-0.7036486883007622,0.0,0.0,0.0,0.0,0.0
22,0.0,0.0,0.0,0.0,0.0,0.0,0.0,0.0,0.0,0.0,0.0,0.0,0.0,0.0,0.0,0.0,-0.8415498564071163,-0.8229186616983564,-0.8058937064299233,-0.7477095128807494,-0.7254188211228396,-0.7036486883007622,0.0,-0.7884100502371204,-0.8271365782843658,0.0,0.0,0.0
23,0.0,0.0,0.0,0.0,0.0,0.0,0.0,0.0,0.0,0.0,0.0,0.0,0.0,0.0,0.0,0.0,0.0,0.0,0.0,-0.8477858151008933,-0.8235631212604231,0.0,-0.7884100502371204,0.0,-0.7287045447519196,0.0,0.0,0.0
24,0.0,0.0,0.0,0.0,0.0,0.0,0.0,0.0,0.0,0.0,0.0,0.0,0.0,0.0,0.0,0.0,0.0,0.0,0.0,0.0,-0.8633825926656036,0.0,-0.8271365782843658,-0.7287045447519196,0.0,-0.8331093452951476,-1.0073387232105333,-1.0206489423258651
25,0.0,0.0,0.0,0.0,0.0,0.0,0.0,0.0,0.0,0.0,0.0,0.0,0.0,0.0,0.0,0.0,0.0,0.0,0.0,0.0,0.0,0.0,0.0,0.0,-0.8331093452951476,0.0,-0.8487325357882513,-0.8607345595549576
26,0.0,0.0,0.0,0.0,0.0,0.0,0.0,0.0,0.0,0.0,0.0,0.0,0.0,0.0,0.0,0.0,0.0,0.0,0.0,0.0,0.0,0.0,0.0,0.0,-1.0073387232105333,-0.8487325357882513,0.0,-0.7036455762751452
27,0.0,0.0,0.0,0.0,0.0,0.0,0.0,0.0,0.0,0.0,0.0,0.0,0.0,0.0,0.0,0.0,0.0,0.0,0.0,0.0,0.0,0.0,0.0,0.0,-1.0206489423258651,-0.8607345595549576,-0.7036455762751452,0.0
