,0,1,2,3,4,5,6,7,8,9,10,11,12,13,14,15,16,17,18,19,20
0,0.0,-0.7294396159367751,-0.7336020422122296,-0.7357153788189505,0.0,0.0,0.0,0.0,0.0,0.0,0.0,0.0,0.0,0.0,0.0,0.0,0.0,0.0,0.0,0.0,0.0
1,-0.7294396159367751,0.0,-0.697166643838973,-0.6992076152860531,0.0,0.0,0.0,0.0,0.0,0.0,0.0,0.0,0.0,0.0,0.0,0.0,0.0,0.0,0.0,0.0,0.0
2,-0.7336020422122296,-0.697166643838973,0.0,-0.6951800058555372,0.0,0.0,0.0,0.0,0.0,0.0,0.0,0.0,0.0,0.0,0.0,0.0,0.0,0.0,0.0,0.0,0.0
3,-0.7357153788189505,-0.6992076152860531,-0.6951800058555372,0.0,0.0,0.0,0.0,0.0,0.0,0.0,0.0,0.0,0.0,0.0,0.0,0.0,0.0,0.0,0.0,0.0,0.0
4,0.0,0.0,0.0,0.0,0.0,-0.723156542477234,-0.8086051794146715,-0.8351598339086072,0.0,0.0,0.0,0.0,0.0,0.0,0.0,0.0,0.0,0.0,0.0,0.0,0.0
5,0.0,0.0,0.0,0.0,-0.723156542477234,0.0,-0.7762413270184055,-0.802103267973509,-0.8202318043269283,0.0,0.0,0.0,0.0,0.0,0.0,0.0,0.0,0.0,0.0,0.0,0.0
6,0.0,0.0,0.0,0.0,-0.8086051794146715,-0.7762413270184055,0.0,-0.7171219932749784,-0.7339544379137525,0.0,0.0,0.0,0.0,0.0,0.0,0.0,0.0,0.0,0.0,0.0,0.0
7,0.0,0.0,0.0,0.0,-0.8351598339086072,-0.802103267973509,-0.7171219932749784,0.0,-0.7095932828463948,0.0,0.0,0.0,0.0,0.0,0.0,0.0,0.0,0.0,0.0,0.0,0.0
8,0.0,0.0,0.0,0.0,0.0,-0.8202318043269283,-0.7339544379137525,-0.7095932828463948,0.0,0.0,0.0,0.0,0.0,0.0,0.0,0.0,0.0,0.0,0.0,0.0,0.0
9,0.0,0.0,0.0,0.0,0.0,0.0,0.0,0.0,0.0,0.0,-0.802175524920094,-0.8334098424817771,-1.4241317474467796,0.0,0.0,0.0,0.0,0.0,0.0,0.0,0.0
10,0.0,0.0,0.0,0.0,0.0,0.0,0.0,0.0,0.0,-0.802175524920094,0.0,-0.7214982579911867,-1.270777398200353,0.0,0.0,0.0,0.0,0.0,0.0,0.0,0.0
11,0.0,0.0,0.0,0.0,0.0,0.0,0.0,0.0,0.0,-0.8334098424817771,-0.7214982579911867,0.0,-1.2308671490683858,0.0,0.0,0.0,0.0,0.0,0.0,0.0,0.0
12,0.0,0.0,0.0,0.0,0.0,0.0,0.0,0.0,0.0,-1.4241317474467796,-1.270777398200353,-1.2308671490683858,0.0,-0.8278439593204648,-0.9661760608440275,0.0,0.0,0.0,-1.4340762730763847,0.0,0.0
13,0.0,0.0,0.0,0.0,0.0,0.0,0.0,0.0,0.0,0.0,0.0,0.0,-0.8278439593204648,0.0,-0.8169153004305997,0.0,0.0,0.0,-1.2471630118823975,0.0,0.0
14,0.0,0.0,0.0,0.0,0.0,0.0,0.0,0.0,0.0,0.0,0.0,0.0,-0.9661760608440275,-0.8169153004305997,0.0,0.0,-1.031186855485618,0.0,-1.0862532969188938,0.0,0.0
15,0.0,0.0,0.0,0.0,0.0,0.0,0.0,0.0,0.0,0.0,0.0,0.0,0.0,0.0,0.0,0.0,0.0,-0.9108668046826014,0.0,-0.9407725090298211,-1.046918268452622
16,0.0,0.0,0.0,0.0,0.0,0.0,0.0,0.0,0.0,0.0,0.0,0.0,0.0,0.0,-1.031186855485618,0.0,0.0,-0.7322537368252818,-0.7361993476344846,-0.7582758199115105,-0.8514291077005907
17,0.0,0.0,0.0,0.0,0.0,0.0,0.0,0.0,0.0,0.0,0.0,0.0,0.0,0.0,0.0,-0.9108668046826014,-0.7322537368252818,0.0,0.0,-0.7182200791278421,-0.808164322635554
18,0.0,0.0,0.0,0.0,0.0,0.0,0.0,0.0,0.0,0.0,0.0,0.0,-1.4340762730763847,-1.2471630118823975,-1.0862532969188938,0.0,-0.7361993476344846,0.0,0.0,0.0,-0.8039663688609608
19,0.0,0.0,0.0,0.0,0.0,0.0,0.0,0.0,0.0,0.0,0.0,0.0,0.0,0.0,0.0,-0.9407725090298211,-0.7582758199115105,-0.7182200791278421,0.0,0.0,-0.7810108217750467
20,0.0,0.0,0.0,0.0,0.0,0.0,0.0,0.0,0.0,0.0,0.0,0.0,0.0,0.0,0.0,-1.046918268452622,-0.8514291077005907,-0.808164322635554,-0.8039663688609608,-0.7810108217750467,0.0
