,0,1,2,3,4,5,6,7,8,9,10,11,12,13,14,15,16,17,18,19,20,21,22
0,0.0,-4.005866876694822,-4.873843927719813,-0.7217040724127101,0.0,0.0,0.0,0.0,0.0,0.0,0.0,0.0,0.0,0.0,0.0,0.0,0.0,0.0,0.0,0.0,0.0,0.0,0.0
1,-4.005866876694822,0.0,-3.77089019122013,-0.7598428778335994,0.0,0.0,0.0,0.0,0.0,0.0,0.0,0.0,0.0,0.0,0.0,0.0,0.0,0.0,0.0,0.0,0.0,0.0,0.0
2,-4.873843927719813,-3.77089019122013,0.0,-0.7130315187357718,-4.150356964334811,-3.7510224881549274,0.0,0.0,0.0,0.0,0.0,0.0,0.0,0.0,0.0,0.0,0.0,0.0,0.0,0.0,0.0,0.0,0.0
3,-0.7217040724127101,-0.7598428778335994,-0.7130315187357718,0.0,-0.7108124530691535,-0.7376832627275081,0.0,0.0,0.0,0.0,0.0,0.0,0.0,0.0,0.0,0.0,0.0,0.0,0.0,0.0,0.0,0.0,0.0
4,0.0,0.0,-4.150356964334811,-0.7108124530691535,0.0,-4.2789689804941204,0.0,-0.664663052163151,0.0,-4.453596972896949,0.0,0.0,0.0,0.0,0.0,0.0,0.0,0.0,0.0,0.0,0.0,0.0,0.0
5,0.0,0.0,-3.7510224881549274,-0.7376832627275081,-4.2789689804941204,0.0,-0.6281954244674499,-0.6905707728464637,0.0,-4.192350605245482,0.0,0.0,0.0,0.0,0.0,0.0,0.0,0.0,0.0,0.0,0.0,0.0,0.0
6,0.0,0.0,0.0,0.0,0.0,-0.6281954244674499,0.0,-3.428643498869609,0.0,0.0,-3.2156642127245316,0.0,0.0,0.0,0.0,0.0,0.0,0.0,0.0,0.0,0.0,0.0,0.0
7,0.0,0.0,0.0,0.0,-0.664663052163151,-0.6905707728464637,-3.428643498869609,0.0,-2.533111155310784,-0.6778560300322857,-4.505128714213476,-4.299097288806451,0.0,0.0,0.0,0.0,0.0,0.0,0.0,0.0,0.0,0.0,0.0
8,0.0,0.0,0.0,0.0,0.0,0.0,0.0,-2.533111155310784,0.0,-0.8327750532690121,-2.6636609284153563,0.0,0.0,0.0,0.0,0.0,0.0,0.0,0.0,0.0,0.0,0.0,0.0
9,0.0,0.0,0.0,0.0,-4.453596972896949,-4.192350605245482,0.0,-0.6778560300322857,-0.8327750532690121,0.0,-0.6923794729649033,-0.6514734393120971,0.0,0.0,0.0,0.0,0.0,0.0,0.0,0.0,0.0,0.0,0.0
10,0.0,0.0,0.0,0.0,0.0,0.0,-3.2156642127245316,-4.505128714213476,-2.6636609284153563,-0.6923794729649033,0.0,-3.8010831386643384,0.0,0.0,0.0,0.0,0.0,0.0,0.0,0.0,0.0,0.0,0.0
11,0.0,0.0,0.0,0.0,0.0,0.0,0.0,-4.299097288806451,0.0,-0.6514734393120971,-3.8010831386643384,0.0,-3.2163499083862144,-0.5997234190387768,0.0,0.0,0.0,0.0,0.0,0.0,0.0,0.0,0.0
12,0.0,0.0,0.0,0.0,0.0,0.0,0.0,0.0,0.0,0.0,0.0,-3.2163499083862144,0.0,-0.6481284087185155,-2.822769672704003,-3.277823062336757,0.0,0.0,0.0,0.0,0.0,0.0,0.0
13,0.0,0.0,0.0,0.0,0.0,0.0,0.0,0.0,0.0,0.0,0.0,-0.5997234190387768,-0.6481284087185155,0.0,-0.5981894763215408,-0.59695804053147,0.0,0.0,0.0,0.0,0.0,0.0,0.0
14,0.0,0.0,0.0,0.0,0.0,0.0,0.0,0.0,0.0,0.0,0.0,0.0,-2.822769672704003,-0.5981894763215408,0.0,-2.5146057821791974,0.0,-0.5957461573094028,0.0,0.0,0.0,0.0,0.0
15,0.0,0.0,0.0,0.0,0.0,0.0,0.0,0.0,0.0,0.0,0.0,0.0,-3.277823062336757,-0.59695804053147,-2.5146057821791974,0.0,0.0,-0.5898789228128238,0.0,0.0,0.0,0.0,0.0
16,0.0,0.0,0.0,0.0,0.0,0.0,0.0,0.0,0.0,0.0,0.0,0.0,0.0,0.0,0.0,0.0,0.0,-0.6127822394474146,-1.355710176502267,0.0,-0.3312844317160994,0.0,0.0
17,0.0,0.0,0.0,0.0,0.0,0.0,0.0,0.0,0.0,0.0,0.0,0.0,0.0,0.0,-0.5957461573094028,-0.5898789228128238,-0.6127822394474146,0.0,-0.6066089441722626,0.0,-1.70202391314559,0.0,0.0
18,0.0,0.0,0.0,0.0,0.0,0.0,0.0,0.0,0.0,0.0,0.0,0.0,0.0,0.0,0.0,0.0,-1.355710176502267,-0.6066089441722626,0.0,0.0,-0.3210990556297163,0.0,0.0
19,0.0,0.0,0.0,0.0,0.0,0.0,0.0,0.0,0.0,0.0,0.0,0.0,0.0,0.0,0.0,0.0,0.0,0.0,0.0,0.0,-0.692544936890384,-1.105510406976647,-2.138967537666351
20,0.0,0.0,0.0,0.0,0.0,0.0,0.0,0.0,0.0,0.0,0.0,0.0,0.0,0.0,0.0,0.0,-0.3312844317160994,-1.70202391314559,-0.3210990556297163,-0.692544936890384,0.0,-1.7061179043506516,-0.8888953664179438
21,0.0,0.0,0.0,0.0,0.0,0.0,0.0,0.0,0.0,0.0,0.0,0.0,0.0,0.0,0.0,0.0,0.0,0.0,0.0,-1.105510406976647,-1.7061179043506516,0.0,-1.4602129786744023
22,0.0,0.0,0.0,0.0,0.0,0.0,0.0,0.0,0.0,0.0,0.0,0.0,0.0,0.0,0.0,0.0,0.0,0.0,0.0,-2.138967537666351,-0.8888953664179438,-1.4602129786744023,0.0
