,0,1,2,3,4,5,6,7,8,9,10,11,12,13,14,15,16,17,18,19,20,21
0,0.0,-5.536847435521233,-5.607609322883275,-6.301713469823741,0.0,0.0,0.0,0.0,0.0,0.0,0.0,0.0,0.0,0.0,0.0,0.0,0.0,0.0,0.0,0.0,0.0,0.0
1,-5.536847435521233,0.0,-5.849066090312952,-5.345730830307548,0.0,0.0,0.0,0.0,0.0,0.0,0.0,0.0,0.0,0.0,0.0,0.0,0.0,0.0,0.0,0.0,0.0,0.0
2,-5.607609322883275,-5.849066090312952,0.0,-5.233430542446019,0.0,0.0,0.0,0.0,0.0,0.0,0.0,0.0,0.0,0.0,0.0,0.0,0.0,0.0,0.0,0.0,0.0,0.0
3,-6.301713469823741,-5.345730830307548,-5.233430542446019,0.0,-5.088768208981729,0.0,0.0,0.0,0.0,0.0,0.0,0.0,0.0,0.0,0.0,0.0,0.0,0.0,0.0,0.0,0.0,0.0
4,0.0,0.0,0.0,-5.088768208981729,0.0,-0.6405915920061412,-4.525157475684039,-0.7391162646976085,0.0,0.0,0.0,0.0,0.0,0.0,0.0,0.0,0.0,0.0,0.0,0.0,0.0,0.0
5,0.0,0.0,0.0,0.0,-0.6405915920061412,0.0,-0.6401159142260363,-2.8647284544864022,0.0,-0.6832540934377014,0.0,0.0,0.0,0.0,0.0,0.0,0.0,0.0,0.0,0.0,0.0,0.0
6,0.0,0.0,0.0,0.0,-4.525157475684039,-0.6401159142260363,0.0,-0.7398496124875352,0.0,-3.1896477172345907,0.0,0.0,0.0,0.0,0.0,0.0,0.0,0.0,0.0,0.0,0.0,0.0
7,0.0,0.0,0.0,0.0,-0.7391162646976085,-2.8647284544864022,-0.7398496124875352,0.0,-4.1787226949388545,-0.7915308147536841,0.0,0.0,0.0,0.0,0.0,0.0,0.0,0.0,0.0,0.0,0.0,0.0
8,0.0,0.0,0.0,0.0,0.0,0.0,0.0,-4.1787226949388545,0.0,-0.7983328482556346,-2.210864619196205,0.0,0.0,0.0,0.0,0.0,0.0,0.0,0.0,0.0,0.0,0.0
9,0.0,0.0,0.0,0.0,0.0,-0.6832540934377014,-3.1896477172345907,-0.7915308147536841,-0.7983328482556346,0.0,-0.5823753773761131,0.0,0.0,0.0,0.0,0.0,0.0,0.0,0.0,0.0,0.0,0.0
10,0.0,0.0,0.0,0.0,0.0,0.0,0.0,0.0,-2.210864619196205,-0.5823753773761131,0.0,-1.394820544825715,-0.44486887523693514,0.0,0.0,0.0,0.0,0.0,0.0,0.0,0.0,0.0
11,0.0,0.0,0.0,0.0,0.0,0.0,0.0,0.0,0.0,0.0,-1.394820544825715,0.0,-0.8248374608336615,-0.9008341082308045,-0.824633314055209,0.0,0.0,0.0,0.0,0.0,0.0,0.0
12,0.0,0.0,0.0,0.0,0.0,0.0,0.0,0.0,0.0,0.0,-0.44486887523693514,-0.8248374608336615,0.0,-1.3316534402372455,-1.7193579188012273,0.0,0.0,0.0,0.0,0.0,0.0,0.0
13,0.0,0.0,0.0,0.0,0.0,0.0,0.0,0.0,0.0,0.0,0.0,-0.9008341082308045,-1.3316534402372455,0.0,-2.322435970979756,0.0,-1.9091101039201988,-1.6497304595286917,0.0,0.0,0.0,0.0
14,0.0,0.0,0.0,0.0,0.0,0.0,0.0,0.0,0.0,0.0,0.0,-0.824633314055209,-1.7193579188012273,-2.322435970979756,0.0,-0.5813407513104706,-2.9918199174034843,0.0,0.0,0.0,0.0,0.0
15,0.0,0.0,0.0,0.0,0.0,0.0,0.0,0.0,0.0,0.0,0.0,0.0,0.0,0.0,-0.5813407513104706,0.0,-0.5193599183135844,0.0,-2.73895724439155,-1.6158479556838035,-0.5174037649489428,0.0
16,0.0,0.0,0.0,0.0,0.0,0.0,0.0,0.0,0.0,0.0,0.0,0.0,0.0,-1.9091101039201988,-2.9918199174034843,-0.5193599183135844,0.0,-1.788674608262008,0.0,0.0,0.0,0.0
17,0.0,0.0,0.0,0.0,0.0,0.0,0.0,0.0,0.0,0.0,0.0,0.0,0.0,-1.6497304595286917,0.0,0.0,-1.788674608262008,0.0,0.0,0.0,0.0,-0.39937161888248573
18,0.0,0.0,0.0,0.0,0.0,0.0,0.0,0.0,0.0,0.0,0.0,0.0,0.0,0.0,0.0,-2.73895724439155,0.0,0.0,0.0,-1.3419343417889467,-0.6061815973218221,0.21224362580229125
19,0.0,0.0,0.0,0.0,0.0,0.0,0.0,0.0,0.0,0.0,0.0,0.0,0.0,0.0,0.0,-1.6158479556838035,0.0,0.0,-1.3419343417889467,0.0,-0.31045431345602653,0.278188524816282
20,0.0,0.0,0.0,0.0,0.0,0.0,0.0,0.0,0.0,0.0,0.0,0.0,0.0,0.0,0.0,-0.5174037649489428,0.0,0.0,-0.6061815973218221,-0.31045431345602653,0.0,-0.2615062170789002
21,0.0,0.0,0.0,0.0,0.0,0.0,0.0,0.0,0.0,0.0,0.0,0.0,0.0,0.0,0.0,0.0,0.0,-0.39937161888248573,0.21224362580229125,0.278188524816282,-0.2615062170789002,0.0
