,0,1,2,3,4,5,6,7,8,9,10,11,12,13,14,15,16,17,18,19,20
0,0.0,-2.2694785885977242,-3.6047486497077346,-2.2540760645423505,0.0,0.0,0.0,0.0,0.0,0.0,0.0,0.0,0.0,0.0,0.0,0.0,0.0,0.0,0.0,0.0,0.0
1,-2.2694785885977242,0.0,-2.1750575518838233,-4.652771927790195,-2.6926499635313474,0.0,0.0,0.0,0.0,0.0,0.0,0.0,0.0,0.0,0.0,0.0,0.0,0.0,0.0,0.0,0.0
2,-3.6047486497077346,-2.1750575518838233,0.0,-2.1807198565782917,-2.0459001545452233,-2.1579950076302383,0.0,0.0,0.0,0.0,0.0,0.0,0.0,0.0,0.0,0.0,0.0,0.0,0.0,0.0,0.0
3,-2.2540760645423505,-4.652771927790195,-2.1807198565782917,0.0,-2.8441246097306316,-2.650120012012177,0.0,0.0,0.0,0.0,0.0,0.0,0.0,0.0,0.0,0.0,0.0,0.0,0.0,0.0,0.0
4,0.0,-2.6926499635313474,-2.0459001545452233,-2.8441246097306316,0.0,-2.056204034529683,-2.7278398911195434,0.0,0.0,0.0,0.0,0.0,0.0,0.0,0.0,0.0,0.0,0.0,0.0,0.0,0.0
5,0.0,0.0,-2.1579950076302383,-2.650120012012177,-2.056204034529683,0.0,-2.747436337142055,-2.505938098608208,0.0,0.0,0.0,0.0,0.0,0.0,0.0,0.0,0.0,0.0,0.0,0.0,0.0
6,0.0,0.0,0.0,0.0,-2.7278398911195434,-2.747436337142055,0.0,-2.6856950425488186,0.0,0.0,0.0,0.0,0.0,0.0,0.0,0.0,0.0,0.0,0.0,0.0,0.0
7,0.0,0.0,0.0,0.0,0.0,-2.505938098608208,-2.6856950425488186,0.0,-2.6826175302599626,0.0,0.0,0.0,0.0,0.0,0.0,0.0,0.0,0.0,0.0,0.0,0.0
8,0.0,0.0,0.0,0.0,0.0,0.0,0.0,-2.6826175302599626,0.0,-2.08504812984284,-3.345887442603651,-2.0313974861296202,0.0,0.0,0.0,0.0,0.0,0.0,0.0,0.0,0.0
9,0.0,0.0,0.0,0.0,0.0,0.0,0.0,0.0,-2.08504812984284,0.0,-2.3887534112274036,-3.8431888579364215,0.0,0.0,0.0,0.0,0.0,0.0,0.0,0.0,0.0
10,0.0,0.0,0.0,0.0,0.0,0.0,0.0,0.0,-3.345887442603651,-2.3887534112274036,0.0,-2.336636580180171,-3.0432308597842814,0.0,0.0,0.0,0.0,0.0,0.0,0.0,0.0
11,0.0,0.0,0.0,0.0,0.0,0.0,0.0,0.0,-2.0313974861296202,-3.8431888579364215,-2.336636580180171,0.0,-2.9933359487178754,0.0,0.0,0.0,0.0,0.0,0.0,0.0,0.0
12,0.0,0.0,0.0,0.0,0.0,0.0,0.0,0.0,0.0,0.0,-3.0432308597842814,-2.9933359487178754,0.0,-2.3261588108163793,-3.362362485407852,-3.301851998754803,0.0,0.0,0.0,0.0,0.0
13,0.0,0.0,0.0,0.0,0.0,0.0,0.0,0.0,0.0,0.0,0.0,0.0,-2.3261588108163793,0.0,-2.0741876053345956,-2.0762726438439474,-1.9552269035090033,0.0,0.0,0.0,0.0
14,0.0,0.0,0.0,0.0,0.0,0.0,0.0,0.0,0.0,0.0,0.0,0.0,-3.362362485407852,-2.0741876053345956,0.0,-2.9883975285006454,-3.870194423132268,0.0,0.0,0.0,0.0
15,0.0,0.0,0.0,0.0,0.0,0.0,0.0,0.0,0.0,0.0,0.0,0.0,-3.301851998754803,-2.0762726438439474,-2.9883975285006454,0.0,-3.1402869561216686,-2.276772644097848,-2.063491001105444,0.0,0.0
16,0.0,0.0,0.0,0.0,0.0,0.0,0.0,0.0,0.0,0.0,0.0,0.0,0.0,-1.9552269035090033,-3.870194423132268,-3.1402869561216686,0.0,-2.0887445467456023,-1.9768418510644328,0.0,0.0
17,0.0,0.0,0.0,0.0,0.0,0.0,0.0,0.0,0.0,0.0,0.0,0.0,0.0,0.0,0.0,-2.276772644097848,-2.0887445467456023,0.0,-3.331594740008768,-2.0825026532674404,-3.0596956113451035
18,0.0,0.0,0.0,0.0,0.0,0.0,0.0,0.0,0.0,0.0,0.0,0.0,0.0,0.0,0.0,-2.063491001105444,-1.9768418510644328,-3.331594740008768,0.0,-1.9489693930053877,-2.7162478643419874
19,0.0,0.0,0.0,0.0,0.0,0.0,0.0,0.0,0.0,0.0,0.0,0.0,0.0,0.0,0.0,0.0,0.0,-2.0825026532674404,-1.9489693930053877,0.0,-2.5465108178147857
20,0.0,0.0,0.0,0.0,0.0,0.0,0.0,0.0,0.0,0.0,0.0,0.0,0.0,0.0,0.0,0.0,0.0,-3.0596956113451035,-2.7162478643419874,-2.5465108178147857,0.0
