,0,1,2,3,4,5,6,7,8,9,10,11,12,13,14,15,16,17,18,19,20,21,22,23,24
0,0.0,-4.816855357771548,-4.063308757012948,-4.409544928075226,0.0,0.0,0.0,0.0,0.0,0.0,0.0,0.0,0.0,0.0,0.0,0.0,0.0,0.0,0.0,0.0,0.0,0.0,0.0,0.0,0.0
1,-4.816855357771548,0.0,-4.442691674298615,-5.141769594631017,-0.8033497567013618,0.0,0.0,0.0,0.0,0.0,0.0,0.0,0.0,0.0,0.0,0.0,0.0,0.0,0.0,0.0,0.0,0.0,0.0,0.0,0.0
2,-4.063308757012948,-4.442691674298615,0.0,-5.128933551417154,-0.7946295263931119,0.0,0.0,0.0,0.0,0.0,0.0,0.0,0.0,0.0,0.0,0.0,0.0,0.0,0.0,0.0,0.0,0.0,0.0,0.0,0.0
3,-4.409544928075226,-5.141769594631017,-5.128933551417154,0.0,-0.7994773142408159,-2.4778178972971734,-0.8313265143403913,0.0,0.0,0.0,0.0,0.0,0.0,0.0,0.0,0.0,0.0,0.0,0.0,0.0,0.0,0.0,0.0,0.0,0.0
4,0.0,-0.8033497567013618,-0.7946295263931119,-0.7994773142408159,0.0,-0.9485675451854214,-3.6560245682965236,0.0,0.0,0.0,0.0,0.0,0.0,0.0,0.0,0.0,0.0,0.0,0.0,0.0,0.0,0.0,0.0,0.0,0.0
5,0.0,0.0,0.0,-2.4778178972971734,-0.9485675451854214,0.0,-0.9771329164780137,0.0,0.0,0.0,0.0,0.0,0.0,0.0,0.0,0.0,0.0,0.0,0.0,0.0,0.0,0.0,0.0,0.0,0.0
6,0.0,0.0,0.0,-0.8313265143403913,-3.6560245682965236,-0.9771329164780137,0.0,-0.8751505758866882,0.0,0.0,0.0,0.0,0.0,0.0,0.0,0.0,0.0,0.0,0.0,0.0,0.0,0.0,0.0,0.0,0.0
7,0.0,0.0,0.0,0.0,0.0,0.0,-0.8751505758866882,0.0,-1.1869111451760348,-1.2393690542979698,-0.7777366665632952,-3.1953197664351336,0.0,0.0,-3.1951640049000973,0.0,0.0,0.0,0.0,0.0,0.0,0.0,0.0,0.0,0.0
8,0.0,0.0,0.0,0.0,0.0,0.0,0.0,-1.1869111451760348,0.0,0.0,-1.4294148988111988,-1.1423324643768904,0.0,0.0,0.0,0.0,0.0,0.0,0.0,0.0,0.0,0.0,0.0,0.0,0.0
9,0.0,0.0,0.0,0.0,0.0,0.0,0.0,-1.2393690542979698,0.0,0.0,-0.750302643399403,-1.1196985577566867,0.0,0.0,0.0,0.0,-3.9620909226312753,0.0,0.0,0.0,0.0,0.0,0.0,0.0,0.0
10,0.0,0.0,0.0,0.0,0.0,0.0,0.0,-0.7777366665632952,-1.4294148988111988,-0.750302643399403,0.0,-0.7925557425719053,-2.9798792802214504,-3.577490632336625,0.0,0.0,0.0,0.0,0.0,0.0,0.0,0.0,0.0,0.0,0.0
11,0.0,0.0,0.0,0.0,0.0,0.0,0.0,-3.1953197664351336,-1.1423324643768904,-1.1196985577566867,-0.7925557425719053,0.0,-0.7165728361806114,-0.8560451390739765,-3.8960450126777175,0.0,0.0,0.0,0.0,0.0,0.0,0.0,0.0,0.0,0.0
12,0.0,0.0,0.0,0.0,0.0,0.0,0.0,0.0,0.0,0.0,-2.9798792802214504,-0.7165728361806114,0.0,-2.639056015799202,-0.7571187567873281,-0.8359143307364763,0.0,0.0,0.0,0.0,0.0,0.0,0.0,0.0,0.0
13,0.0,0.0,0.0,0.0,0.0,0.0,0.0,0.0,0.0,0.0,-3.577490632336625,-0.8560451390739765,-2.639056015799202,0.0,-0.9015722424084459,-0.9348175963618092,0.0,0.0,0.0,0.0,0.0,0.0,0.0,0.0,0.0
14,0.0,0.0,0.0,0.0,0.0,0.0,0.0,-3.1951640049000973,0.0,0.0,0.0,-3.8960450126777175,-0.7571187567873281,-0.9015722424084459,0.0,-1.6052693521979278,0.0,0.0,0.0,0.0,0.0,0.0,0.0,0.0,0.0
15,0.0,0.0,0.0,0.0,0.0,0.0,0.0,0.0,0.0,0.0,0.0,0.0,-0.8359143307364763,-0.9348175963618092,-1.6052693521979278,0.0,-2.025726987391723,0.0,-1.2342108487559484,-1.86682454140398,0.0,0.0,0.0,0.0,0.0
16,0.0,0.0,0.0,0.0,0.0,0.0,0.0,0.0,0.0,-3.9620909226312753,0.0,0.0,0.0,0.0,0.0,-2.025726987391723,0.0,0.0,-0.8609852056858722,0.0,0.0,0.0,0.0,0.0,0.0
17,0.0,0.0,0.0,0.0,0.0,0.0,0.0,0.0,0.0,0.0,0.0,0.0,0.0,0.0,0.0,0.0,0.0,0.0,0.0,-0.7657820466852959,-0.9704837734546711,-0.654349429436042,-1.9374337755830855,0.0,0.0
18,0.0,0.0,0.0,0.0,0.0,0.0,0.0,0.0,0.0,0.0,0.0,0.0,0.0,0.0,0.0,-1.2342108487559484,-0.8609852056858722,0.0,0.0,-1.8681343645796973,0.0,-1.6084076858353662,0.0,0.0,0.0
19,0.0,0.0,0.0,0.0,0.0,0.0,0.0,0.0,0.0,0.0,0.0,0.0,0.0,0.0,0.0,-1.86682454140398,0.0,-0.7657820466852959,-1.8681343645796973,0.0,-0.3940763673408914,-2.8072010487754464,-0.5315708934590349,0.0,0.0
20,0.0,0.0,0.0,0.0,0.0,0.0,0.0,0.0,0.0,0.0,0.0,0.0,0.0,0.0,0.0,0.0,0.0,-0.9704837734546711,0.0,-0.3940763673408914,0.0,0.0,-0.7990055561398056,0.0,0.0
21,0.0,0.0,0.0,0.0,0.0,0.0,0.0,0.0,0.0,0.0,0.0,0.0,0.0,0.0,0.0,0.0,0.0,-0.654349429436042,-1.6084076858353662,-2.8072010487754464,0.0,0.0,0.0,-2.8755798265881936,0.3708087415015203
22,0.0,0.0,0.0,0.0,0.0,0.0,0.0,0.0,0.0,0.0,0.0,0.0,0.0,0.0,0.0,0.0,0.0,-1.9374337755830855,0.0,-0.5315708934590349,-0.7990055561398056,0.0,0.0,-0.46629011274867604,0.5526444300420797
23,0.0,0.0,0.0,0.0,0.0,0.0,0.0,0.0,0.0,0.0,0.0,0.0,0.0,0.0,0.0,0.0,0.0,0.0,0.0,0.0,0.0,-2.8755798265881936,-0.46629011274867604,0.0,0.3393940814561068
24,0.0,0.0,0.0,0.0,0.0,0.0,0.0,0.0,0.0,0.0,0.0,0.0,0.0,0.0,0.0,0.0,0.0,0.0,0.0,0.0,0.0,0.3708087415015203,0.5526444300420797,0.3393940814561068,0.0
