,0,1,2,3,4,5,6,7,8,9,10,11,12,13,14,15,16,17,18,19,20,21,22
0,0.0,-6.210338645388547,-5.622152454317918,0.0,-6.764518580435861,0.0,0.0,0.0,0.0,0.0,0.0,0.0,0.0,0.0,0.0,0.0,0.0,0.0,0.0,0.0,0.0,0.0,0.0
1,-6.210338645388547,0.0,-6.354606315114081,0.0,-5.799317075265616,0.0,0.0,0.0,0.0,0.0,0.0,0.0,0.0,0.0,0.0,0.0,0.0,0.0,0.0,0.0,0.0,0.0,0.0
2,-5.622152454317918,-6.354606315114081,0.0,-5.270534209307478,-5.411965253100848,0.0,0.0,0.0,0.0,0.0,0.0,0.0,0.0,0.0,0.0,0.0,0.0,0.0,0.0,0.0,0.0,0.0,0.0
3,0.0,0.0,-5.270534209307478,0.0,-4.955070665342906,-4.8716814094151015,-5.028239832938001,0.0,0.0,0.0,0.0,0.0,0.0,0.0,0.0,0.0,0.0,0.0,0.0,0.0,0.0,0.0,0.0
4,-6.764518580435861,-5.799317075265616,-5.411965253100848,-4.955070665342906,0.0,-4.470380862450817,-4.508313201171726,0.0,0.0,0.0,0.0,0.0,0.0,0.0,0.0,0.0,0.0,0.0,0.0,0.0,0.0,0.0,0.0
5,0.0,0.0,0.0,-4.8716814094151015,-4.470380862450817,0.0,-4.288789279083718,0.0,0.0,0.0,0.0,0.0,0.0,0.0,0.0,0.0,0.0,0.0,0.0,0.0,0.0,0.0,0.0
6,0.0,0.0,0.0,-5.028239832938001,-4.508313201171726,-4.288789279083718,0.0,-0.8534118284182536,-0.7426603879011787,-3.5125892830369887,0.0,0.0,0.0,0.0,0.0,0.0,0.0,0.0,0.0,0.0,0.0,0.0,0.0
7,0.0,0.0,0.0,0.0,0.0,0.0,-0.8534118284182536,0.0,-2.5067424118714587,-0.870225195633466,0.0,0.0,0.0,0.0,0.0,0.0,0.0,0.0,0.0,0.0,0.0,0.0,0.0
8,0.0,0.0,0.0,0.0,0.0,0.0,-0.7426603879011787,-2.5067424118714587,0.0,-0.7489376590962323,0.0,0.0,0.0,0.0,0.0,0.0,0.0,0.0,0.0,0.0,0.0,0.0,0.0
9,0.0,0.0,0.0,0.0,0.0,0.0,-3.5125892830369887,-0.870225195633466,-0.7489376590962323,0.0,-0.8708923319236919,0.0,0.0,0.0,0.0,0.0,0.0,0.0,0.0,0.0,0.0,0.0,0.0
10,0.0,0.0,0.0,0.0,0.0,0.0,0.0,0.0,0.0,-0.8708923319236919,0.0,-0.8422076442538525,-3.2590210671224797,0.0,0.0,0.0,0.0,0.0,0.0,0.0,0.0,0.0,0.0
11,0.0,0.0,0.0,0.0,0.0,0.0,0.0,0.0,0.0,0.0,-0.8422076442538525,0.0,-0.7780656346267328,0.0,-1.1032989253903436,0.0,0.0,0.0,0.0,0.0,0.0,0.0,0.0
12,0.0,0.0,0.0,0.0,0.0,0.0,0.0,0.0,0.0,0.0,-3.2590210671224797,-0.7780656346267328,0.0,-0.966512887484918,-2.0098803253533504,0.0,0.0,0.0,0.0,0.0,0.0,0.0,0.0
13,0.0,0.0,0.0,0.0,0.0,0.0,0.0,0.0,0.0,0.0,0.0,0.0,-0.966512887484918,0.0,-0.7381894808555506,-0.6792815829280818,0.0,0.0,0.0,0.0,0.0,0.0,0.0
14,0.0,0.0,0.0,0.0,0.0,0.0,0.0,0.0,0.0,0.0,0.0,-1.1032989253903436,-2.0098803253533504,-0.7381894808555506,0.0,-1.8013177382002867,-1.18026735163162,0.0,0.0,0.0,0.0,0.0,0.0
15,0.0,0.0,0.0,0.0,0.0,0.0,0.0,0.0,0.0,0.0,0.0,0.0,0.0,-0.6792815829280818,-1.8013177382002867,0.0,-0.907264068457372,-1.6979482567695594,-2.9461299388889013,0.0,0.0,0.0,0.0
16,0.0,0.0,0.0,0.0,0.0,0.0,0.0,0.0,0.0,0.0,0.0,0.0,0.0,0.0,-1.18026735163162,-0.907264068457372,0.0,-1.0810951111186242,-0.7849563226947761,0.0,0.0,0.0,0.0
17,0.0,0.0,0.0,0.0,0.0,0.0,0.0,0.0,0.0,0.0,0.0,0.0,0.0,0.0,0.0,-1.6979482567695594,-1.0810951111186242,0.0,-1.5365517439938616,-1.2225511024127915,0.0,0.0,0.0
18,0.0,0.0,0.0,0.0,0.0,0.0,0.0,0.0,0.0,0.0,0.0,0.0,0.0,0.0,0.0,-2.9461299388889013,-0.7849563226947761,-1.5365517439938616,0.0,-2.5311387705797754,-0.789960330006641,0.0,0.0
19,0.0,0.0,0.0,0.0,0.0,0.0,0.0,0.0,0.0,0.0,0.0,0.0,0.0,0.0,0.0,0.0,0.0,-1.2225511024127915,-2.5311387705797754,0.0,-0.6379954657574967,-1.0153654969565735,0.08804866401405162
20,0.0,0.0,0.0,0.0,0.0,0.0,0.0,0.0,0.0,0.0,0.0,0.0,0.0,0.0,0.0,0.0,0.0,0.0,-0.789960330006641,-0.6379954657574967,0.0,-1.5527414019519132,-0.18640876302995435
21,0.0,0.0,0.0,0.0,0.0,0.0,0.0,0.0,0.0,0.0,0.0,0.0,0.0,0.0,0.0,0.0,0.0,0.0,0.0,-1.0153654969565735,-1.5527414019519132,0.0,-0.008318778547963599
22,0.0,0.0,0.0,0.0,0.0,0.0,0.0,0.0,0.0,0.0,0.0,0.0,0.0,0.0,0.0,0.0,0.0,0.0,0.0,0.08804866401405162,-0.18640876302995435,-0.008318778547963599,0.0
