,0,1,2,3,4,5,6,7,8,9,10,11,12,13,14,15,16,17,18,19,20,21,22,23,24,25,26
0,0.0,-3.029715208913075,-0.8561625920392943,-0.7303191587227458,0.0,0.0,0.0,0.0,0.0,0.0,0.0,0.0,0.0,0.0,0.0,0.0,0.0,0.0,0.0,0.0,0.0,0.0,0.0,0.0,0.0,0.0,0.0
1,-3.029715208913075,0.0,-0.7495795970414106,-0.6402708675148383,-3.504545951379124,0.0,0.0,0.0,0.0,0.0,0.0,0.0,0.0,0.0,0.0,0.0,0.0,0.0,0.0,0.0,0.0,0.0,0.0,0.0,0.0,0.0,0.0
2,-0.8561625920392943,-0.7495795970414106,0.0,-2.211056420939016,0.0,0.0,-3.890872444037211,0.0,0.0,0.0,0.0,0.0,0.0,0.0,0.0,0.0,0.0,0.0,0.0,0.0,0.0,0.0,0.0,0.0,0.0,0.0,0.0
3,-0.7303191587227458,-0.6402708675148383,-2.211056420939016,0.0,0.0,0.0,-2.324875455462348,-2.2219313181253484,0.0,0.0,0.0,0.0,0.0,0.0,0.0,0.0,0.0,0.0,0.0,0.0,0.0,0.0,0.0,0.0,0.0,0.0,0.0
4,0.0,-3.504545951379124,0.0,0.0,0.0,-3.0636241268522455,-0.7359137257930105,-0.7301724090975069,0.0,0.0,0.0,0.0,0.0,0.0,0.0,0.0,0.0,0.0,0.0,0.0,0.0,0.0,0.0,0.0,0.0,0.0,0.0
5,0.0,0.0,0.0,0.0,-3.0636241268522455,0.0,-0.6679485809849129,-0.6640389787440604,0.0,0.0,0.0,0.0,0.0,0.0,0.0,0.0,0.0,0.0,0.0,0.0,0.0,0.0,0.0,0.0,0.0,0.0,0.0
6,0.0,0.0,-3.890872444037211,-2.324875455462348,-0.7359137257930105,-0.6679485809849129,0.0,-4.45481946050995,0.0,0.0,0.0,0.0,0.0,0.0,0.0,0.0,0.0,0.0,0.0,0.0,0.0,0.0,0.0,0.0,0.0,0.0,0.0
7,0.0,0.0,0.0,-2.2219313181253484,-0.7301724090975069,-0.6640389787440604,-4.45481946050995,0.0,0.0,-3.9029306382403117,-4.208411467272989,0.0,0.0,0.0,0.0,0.0,0.0,0.0,0.0,0.0,0.0,0.0,0.0,0.0,0.0,0.0,0.0
8,0.0,0.0,0.0,0.0,0.0,0.0,0.0,0.0,0.0,-0.7464864641224764,-0.6752458555339745,-1.1222147059676912,-1.6544645956021264,0.0,0.0,0.0,0.0,0.0,0.0,0.0,0.0,0.0,0.0,0.0,0.0,0.0,0.0
9,0.0,0.0,0.0,0.0,0.0,0.0,0.0,-3.9029306382403117,-0.7464864641224764,0.0,-3.352083845901721,0.0,0.0,-0.8540648492379718,0.0,0.0,0.0,0.0,0.0,0.0,0.0,0.0,0.0,0.0,0.0,0.0,0.0
10,0.0,0.0,0.0,0.0,0.0,0.0,0.0,-4.208411467272989,-0.6752458555339745,-3.352083845901721,0.0,0.0,0.0,0.0,0.0,-2.5325337368358514,0.0,0.0,0.0,0.0,0.0,0.0,0.0,0.0,0.0,0.0,0.0
11,0.0,0.0,0.0,0.0,0.0,0.0,0.0,0.0,-1.1222147059676912,0.0,0.0,0.0,-1.9953475995118752,-1.1094513367840793,-0.8842089704222041,0.0,0.0,0.0,0.0,0.0,0.0,0.0,0.0,0.0,0.0,0.0,0.0
12,0.0,0.0,0.0,0.0,0.0,0.0,0.0,0.0,-1.6544645956021264,0.0,0.0,-1.9953475995118752,0.0,-1.6196204873689029,-1.2587586048562058,-0.3904994896093241,0.0,0.0,0.0,0.0,0.0,0.0,0.0,0.0,0.0,0.0,0.0
13,0.0,0.0,0.0,0.0,0.0,0.0,0.0,0.0,0.0,-0.8540648492379718,0.0,-1.1094513367840793,-1.6196204873689029,0.0,-1.6798143942136583,-0.7278216929361672,0.0,0.0,0.0,0.0,0.0,0.0,0.0,0.0,0.0,0.0,0.0
14,0.0,0.0,0.0,0.0,0.0,0.0,0.0,0.0,0.0,0.0,0.0,-0.8842089704222041,-1.2587586048562058,-1.6798143942136583,0.0,-0.6093108107410505,0.0,0.0,0.0,0.0,0.0,0.0,0.0,0.0,0.0,0.0,0.0
15,0.0,0.0,0.0,0.0,0.0,0.0,0.0,0.0,0.0,0.0,-2.5325337368358514,0.0,-0.3904994896093241,-0.7278216929361672,-0.6093108107410505,0.0,0.0,0.0,0.0,0.0,0.0,0.0,0.0,0.0,0.0,0.0,0.0
16,0.0,0.0,0.0,0.0,0.0,0.0,0.0,0.0,0.0,0.0,0.0,0.0,0.0,0.0,0.0,0.0,0.0,-0.46137864472057255,-0.4674120487305431,-1.502108830148053,0.0,0.0,0.0,0.0,0.0,0.0,0.0
17,0.0,0.0,0.0,0.0,0.0,0.0,0.0,0.0,0.0,0.0,0.0,0.0,0.0,0.0,0.0,0.0,-0.46137864472057255,0.0,-2.9195832513225755,-0.8970595439310038,-4.150742824719816,0.0,0.0,0.0,0.0,0.0,0.0
18,0.0,0.0,0.0,0.0,0.0,0.0,0.0,0.0,0.0,0.0,0.0,0.0,0.0,0.0,0.0,0.0,-0.4674120487305431,-2.9195832513225755,0.0,-0.9039123169207989,-3.2648146521494295,0.0,0.0,0.0,0.0,0.0,0.0
19,0.0,0.0,0.0,0.0,0.0,0.0,0.0,0.0,0.0,0.0,0.0,0.0,0.0,0.0,0.0,0.0,-1.502108830148053,-0.8970595439310038,-0.9039123169207989,0.0,-0.9005971073690064,0.0,0.0,0.0,0.0,0.0,0.0
20,0.0,0.0,0.0,0.0,0.0,0.0,0.0,0.0,0.0,0.0,0.0,0.0,0.0,0.0,0.0,0.0,0.0,-4.150742824719816,-3.2648146521494295,-0.9005971073690064,0.0,-2.3173244882119164,0.0,-3.0000108737382303,0.0,0.0,0.0
21,0.0,0.0,0.0,0.0,0.0,0.0,0.0,0.0,0.0,0.0,0.0,0.0,0.0,0.0,0.0,0.0,0.0,0.0,0.0,0.0,-2.3173244882119164,0.0,-0.6008962501808606,-2.366006507275533,0.0,0.0,0.0
22,0.0,0.0,0.0,0.0,0.0,0.0,0.0,0.0,0.0,0.0,0.0,0.0,0.0,0.0,0.0,0.0,0.0,0.0,0.0,0.0,0.0,-0.6008962501808606,0.0,-0.5448333381186998,-2.584511070654153,-1.2387209369955683,0.0
23,0.0,0.0,0.0,0.0,0.0,0.0,0.0,0.0,0.0,0.0,0.0,0.0,0.0,0.0,0.0,0.0,0.0,0.0,0.0,0.0,-3.0000108737382303,-2.366006507275533,-0.5448333381186998,0.0,-0.5535676542588573,0.0,-0.6543721425389948
24,0.0,0.0,0.0,0.0,0.0,0.0,0.0,0.0,0.0,0.0,0.0,0.0,0.0,0.0,0.0,0.0,0.0,0.0,0.0,0.0,0.0,0.0,-2.584511070654153,-0.5535676542588573,0.0,-1.0700487003050108,-2.238672730308801
25,0.0,0.0,0.0,0.0,0.0,0.0,0.0,0.0,0.0,0.0,0.0,0.0,0.0,0.0,0.0,0.0,0.0,0.0,0.0,0.0,0.0,0.0,-1.2387209369955683,0.0,-1.0700487003050108,0.0,-1.0957582808479982
26,0.0,0.0,0.0,0.0,0.0,0.0,0.0,0.0,0.0,0.0,0.0,0.0,0.0,0.0,0.0,0.0,0.0,0.0,0.0,0.0,0.0,0.0,0.0,-0.6543721425389948,-2.238672730308801,-1.0957582808479982,0.0
