,0,1,2,3,4,5,6,7,8,9,10,11,12,13,14,15,16,17,18,19,20,21,22,23,24,25,26,27,28
0,0.0,-0.9564165526580826,-0.9051726891039739,-0.9079540571515854,0.0,0.0,0.0,0.0,0.0,0.0,0.0,0.0,0.0,0.0,0.0,0.0,0.0,0.0,0.0,0.0,0.0,0.0,0.0,0.0,0.0,0.0,0.0,0.0,0.0
1,-0.9564165526580826,0.0,-3.8889849890645336,-3.692138070423212,-0.9738867977055718,0.0,0.0,0.0,0.0,0.0,0.0,0.0,0.0,0.0,0.0,0.0,0.0,0.0,0.0,0.0,0.0,0.0,0.0,0.0,0.0,0.0,0.0,0.0,0.0
2,-0.9051726891039739,-3.8889849890645336,0.0,-3.9213333716345127,-0.9211139178014676,0.0,0.0,0.0,0.0,0.0,0.0,0.0,0.0,0.0,0.0,0.0,0.0,0.0,0.0,0.0,0.0,0.0,0.0,0.0,0.0,0.0,0.0,0.0,0.0
3,-0.9079540571515854,-3.692138070423212,-3.9213333716345127,0.0,-0.9308255265843678,0.0,0.0,0.0,0.0,0.0,0.0,0.0,0.0,0.0,0.0,0.0,0.0,0.0,0.0,0.0,0.0,0.0,0.0,0.0,0.0,0.0,0.0,0.0,0.0
4,0.0,-0.9738867977055718,-0.9211139178014676,-0.9308255265843678,0.0,-2.9417520988558237,-4.913746074725845,-0.895239253302994,0.0,0.0,0.0,0.0,0.0,0.0,0.0,0.0,0.0,0.0,0.0,0.0,0.0,0.0,0.0,0.0,0.0,0.0,0.0,0.0,0.0
5,0.0,0.0,0.0,0.0,-2.9417520988558237,0.0,-3.067549276994846,-1.008346185702706,0.0,0.0,0.0,0.0,0.0,0.0,0.0,0.0,0.0,0.0,0.0,0.0,0.0,0.0,0.0,0.0,0.0,0.0,0.0,0.0,0.0
6,0.0,0.0,0.0,0.0,-4.913746074725845,-3.067549276994846,0.0,-0.9036784079408544,-3.638434891927139,-3.404071425023575,-0.9786684421272429,0.0,0.0,0.0,0.0,0.0,0.0,0.0,0.0,0.0,0.0,0.0,0.0,0.0,0.0,0.0,0.0,0.0,0.0
7,0.0,0.0,0.0,0.0,-0.895239253302994,-1.008346185702706,-0.9036784079408544,0.0,-0.9163718517829738,0.0,0.0,0.0,0.0,0.0,0.0,0.0,0.0,0.0,0.0,0.0,0.0,0.0,0.0,0.0,0.0,0.0,0.0,0.0,0.0
8,0.0,0.0,0.0,0.0,0.0,0.0,-3.638434891927139,-0.9163718517829738,0.0,-3.209156454822075,-0.9975487448325989,0.0,0.0,0.0,0.0,0.0,0.0,0.0,0.0,0.0,0.0,0.0,0.0,0.0,0.0,0.0,0.0,0.0,0.0
9,0.0,0.0,0.0,0.0,0.0,0.0,-3.404071425023575,0.0,-3.209156454822075,0.0,-1.0689332648393195,0.0,0.0,0.0,0.0,0.0,0.0,0.0,0.0,0.0,0.0,0.0,0.0,0.0,0.0,0.0,0.0,0.0,0.0
10,0.0,0.0,0.0,0.0,0.0,0.0,-0.9786684421272429,0.0,-0.9975487448325989,-1.0689332648393195,0.0,0.0,0.0,0.0,0.0,0.0,0.0,0.0,0.0,0.0,0.0,0.0,0.0,0.0,0.0,0.0,0.0,0.0,0.0
11,0.0,0.0,0.0,0.0,0.0,0.0,0.0,0.0,0.0,0.0,0.0,0.0,-1.050094495212589,-1.0223779679805294,-0.5186519982974073,-0.722051568499744,0.0,0.0,0.0,0.0,0.0,0.0,0.0,0.0,0.0,0.0,0.0,0.0,0.0
12,0.0,0.0,0.0,0.0,0.0,0.0,0.0,0.0,0.0,0.0,0.0,-1.050094495212589,0.0,-3.1481434857999573,-1.3462837490198456,0.0,0.0,0.0,0.0,0.0,0.0,0.0,0.0,0.0,0.0,0.0,0.0,0.0,0.0
13,0.0,0.0,0.0,0.0,0.0,0.0,0.0,0.0,0.0,0.0,0.0,-1.0223779679805294,-3.1481434857999573,0.0,-1.2911234328282657,-2.022155662540728,0.0,0.0,0.0,0.0,0.0,0.0,0.0,0.0,0.0,0.0,0.0,0.0,0.0
14,0.0,0.0,0.0,0.0,0.0,0.0,0.0,0.0,0.0,0.0,0.0,-0.5186519982974073,-1.3462837490198456,-1.2911234328282657,0.0,-1.4177090449843006,0.0,0.0,0.0,0.0,0.0,0.0,0.0,0.0,0.0,0.0,0.0,0.0,0.0
15,0.0,0.0,0.0,0.0,0.0,0.0,0.0,0.0,0.0,0.0,0.0,-0.722051568499744,0.0,-2.022155662540728,-1.4177090449843006,0.0,0.0,0.0,0.0,0.0,0.0,0.0,0.0,0.0,0.0,0.0,0.0,0.0,0.0
16,0.0,0.0,0.0,0.0,0.0,0.0,0.0,0.0,0.0,0.0,0.0,0.0,0.0,0.0,0.0,0.0,0.0,-1.41101707877773,0.0,0.0,-1.009820723973365,0.0,0.0,-0.4126632999781732,0.0,0.0,0.0,0.0,0.0
17,0.0,0.0,0.0,0.0,0.0,0.0,0.0,0.0,0.0,0.0,0.0,0.0,0.0,0.0,0.0,0.0,-1.41101707877773,0.0,0.0,-1.6315068117571454,-0.7633389142136522,0.0,0.0,-0.3409146821506619,-0.9400979595183542,0.0,0.0,0.0,0.0
18,0.0,0.0,0.0,0.0,0.0,0.0,0.0,0.0,0.0,0.0,0.0,0.0,0.0,0.0,0.0,0.0,0.0,0.0,0.0,-1.0463604204311117,0.0,0.0,0.0,0.0,-0.5301518862097023,0.0,-0.8082938789256569,0.0,0.0
19,0.0,0.0,0.0,0.0,0.0,0.0,0.0,0.0,0.0,0.0,0.0,0.0,0.0,0.0,0.0,0.0,0.0,-1.6315068117571454,-1.0463604204311117,0.0,0.0,-1.4342994106946256,-1.6540268354831429,0.0,-0.9971560373289787,0.0,-1.4585523185961042,0.0,0.0
20,0.0,0.0,0.0,0.0,0.0,0.0,0.0,0.0,0.0,0.0,0.0,0.0,0.0,0.0,0.0,0.0,-1.009820723973365,-0.7633389142136522,0.0,0.0,0.0,0.0,0.0,-1.1939074293685754,-2.5620830541506705,0.0,0.0,0.0,0.0
21,0.0,0.0,0.0,0.0,0.0,0.0,0.0,0.0,0.0,0.0,0.0,0.0,0.0,0.0,0.0,0.0,0.0,0.0,0.0,-1.4342994106946256,0.0,0.0,-2.170211948136708,0.0,-0.8848132172929059,-1.6379057955874523,-1.0594628477584618,0.0,0.0
22,0.0,0.0,0.0,0.0,0.0,0.0,0.0,0.0,0.0,0.0,0.0,0.0,0.0,0.0,0.0,0.0,0.0,0.0,0.0,-1.6540268354831429,0.0,-2.170211948136708,0.0,0.0,0.0,-2.0158425971612592,-0.9861017621650021,-0.5587613333957395,-1.9435292002141482
23,0.0,0.0,0.0,0.0,0.0,0.0,0.0,0.0,0.0,0.0,0.0,0.0,0.0,0.0,0.0,0.0,-0.4126632999781732,-0.3409146821506619,0.0,0.0,-1.1939074293685754,0.0,0.0,0.0,-0.9974666050076455,0.0,0.0,0.0,0.0
24,0.0,0.0,0.0,0.0,0.0,0.0,0.0,0.0,0.0,0.0,0.0,0.0,0.0,0.0,0.0,0.0,0.0,-0.9400979595183542,-0.5301518862097023,-0.9971560373289787,-2.5620830541506705,-0.8848132172929059,0.0,-0.9974666050076455,0.0,0.0,-1.8984200095722732,0.0,0.0
25,0.0,0.0,0.0,0.0,0.0,0.0,0.0,0.0,0.0,0.0,0.0,0.0,0.0,0.0,0.0,0.0,0.0,0.0,0.0,0.0,0.0,-1.6379057955874523,-2.0158425971612592,0.0,0.0,0.0,0.0,-0.7893252148999387,-1.6414795637447637
26,0.0,0.0,0.0,0.0,0.0,0.0,0.0,0.0,0.0,0.0,0.0,0.0,0.0,0.0,0.0,0.0,0.0,0.0,-0.8082938789256569,-1.4585523185961042,0.0,-1.0594628477584618,-0.9861017621650021,0.0,-1.8984200095722732,0.0,0.0,-1.5268363318932656,0.0
27,0.0,0.0,0.0,0.0,0.0,0.0,0.0,0.0,0.0,0.0,0.0,0.0,0.0,0.0,0.0,0.0,0.0,0.0,0.0,0.0,0.0,0.0,-0.5587613333957395,0.0,0.0,-0.7893252148999387,-1.5268363318932656,0.0,-0.4423881615642078
28,0.0,0.0,0.0,0.0,0.0,0.0,0.0,0.0,0.0,0.0,0.0,0.0,0.0,0.0,0.0,0.0,0.0,0.0,0.0,0.0,0.0,0.0,-1.9435292002141482,0.0,0.0,-1.6414795637447637,0.0,-0.4423881615642078,0.0
