,0,1,2,3,4,5,6,7,8,9,10,11,12,13,14,15,16,17,18,19,20,21,22,23
0,0.0,-2.7582869801339305,-0.9045047198198185,-0.9326754617434637,0.0,0.0,0.0,0.0,0.0,0.0,0.0,0.0,0.0,0.0,0.0,0.0,0.0,0.0,0.0,0.0,0.0,0.0,0.0,0.0
1,-2.7582869801339305,0.0,-0.8334038742791462,-0.8700132439178667,0.0,0.0,0.0,0.0,0.0,0.0,0.0,0.0,0.0,0.0,0.0,0.0,0.0,0.0,0.0,0.0,0.0,0.0,0.0,0.0
2,-0.9045047198198185,-0.8334038742791462,0.0,-3.3692516739585208,-4.254681056340838,-0.8920158784708926,0.0,0.0,0.0,0.0,0.0,0.0,0.0,0.0,0.0,0.0,0.0,0.0,0.0,0.0,0.0,0.0,0.0,0.0
3,-0.9326754617434637,-0.8700132439178667,-3.3692516739585208,0.0,-3.7359878116806025,-0.9179772126256032,0.0,0.0,0.0,0.0,0.0,0.0,0.0,0.0,0.0,0.0,0.0,0.0,0.0,0.0,0.0,0.0,0.0,0.0
4,0.0,0.0,-4.254681056340838,-3.7359878116806025,0.0,-0.9199700444989538,-3.4467273162546923,0.0,0.0,0.0,0.0,0.0,0.0,0.0,0.0,0.0,0.0,0.0,0.0,0.0,0.0,0.0,0.0,0.0
5,0.0,0.0,-0.8920158784708926,-0.9179772126256032,-0.9199700444989538,0.0,-0.9098003310167586,-2.1979359108524195,0.0,0.0,0.0,0.0,0.0,0.0,0.0,0.0,0.0,0.0,0.0,0.0,0.0,0.0,0.0,0.0
6,0.0,0.0,0.0,0.0,-3.4467273162546923,-0.9098003310167586,0.0,-0.7901688451232199,0.0,-4.181926082254828,-3.954589792929819,0.0,0.0,0.0,0.0,0.0,0.0,0.0,0.0,0.0,0.0,0.0,0.0,0.0
7,0.0,0.0,0.0,0.0,0.0,-2.1979359108524195,-0.7901688451232199,0.0,-2.7485108783346366,-0.8106640997908605,0.0,0.0,0.0,0.0,0.0,0.0,0.0,0.0,0.0,0.0,0.0,0.0,0.0,0.0
8,0.0,0.0,0.0,0.0,0.0,0.0,0.0,-2.7485108783346366,0.0,-0.7378441857242055,0.0,0.0,0.0,-2.73379895279619,0.0,0.0,0.0,0.0,0.0,0.0,0.0,0.0,0.0,0.0
9,0.0,0.0,0.0,0.0,0.0,0.0,-4.181926082254828,-0.8106640997908605,-0.7378441857242055,0.0,-3.4364318981556714,-3.8233212679123283,-2.695313084494151,0.0,0.0,0.0,0.0,0.0,0.0,0.0,0.0,0.0,0.0,0.0
10,0.0,0.0,0.0,0.0,0.0,0.0,-3.954589792929819,0.0,0.0,-3.4364318981556714,0.0,-4.425451926889241,-2.3132991583400155,0.0,0.0,0.0,0.0,0.0,0.0,0.0,0.0,0.0,0.0,0.0
11,0.0,0.0,0.0,0.0,0.0,0.0,0.0,0.0,0.0,-3.8233212679123283,-4.425451926889241,0.0,-2.437512654636094,-0.8076798483001412,0.0,0.0,0.0,0.0,0.0,0.0,0.0,0.0,0.0,0.0
12,0.0,0.0,0.0,0.0,0.0,0.0,0.0,0.0,0.0,-2.695313084494151,-2.3132991583400155,-2.437512654636094,0.0,-0.9308964691818373,-0.7130669481974505,0.0,0.0,0.0,0.0,0.0,0.0,0.0,0.0,0.0
13,0.0,0.0,0.0,0.0,0.0,0.0,0.0,0.0,-2.73379895279619,0.0,0.0,-0.8076798483001412,-0.9308964691818373,0.0,-2.3408139255787206,0.0,0.0,0.0,0.0,0.0,0.0,0.0,0.0,0.0
14,0.0,0.0,0.0,0.0,0.0,0.0,0.0,0.0,0.0,0.0,0.0,0.0,-0.7130669481974505,-2.3408139255787206,0.0,-2.4917434118526645,0.0,0.0,0.0,0.0,0.0,0.0,0.0,0.0
15,0.0,0.0,0.0,0.0,0.0,0.0,0.0,0.0,0.0,0.0,0.0,0.0,0.0,0.0,-2.4917434118526645,0.0,-1.6061511935652626,-0.7645547024501544,-0.7516246251187525,0.0,0.0,0.0,0.0,0.0
16,0.0,0.0,0.0,0.0,0.0,0.0,0.0,0.0,0.0,0.0,0.0,0.0,0.0,0.0,0.0,-1.6061511935652626,0.0,-0.6220013167262342,-0.7423471162163042,0.0,0.0,0.0,0.0,0.0
17,0.0,0.0,0.0,0.0,0.0,0.0,0.0,0.0,0.0,0.0,0.0,0.0,0.0,0.0,0.0,-0.7645547024501544,-0.6220013167262342,0.0,-1.7848031280515475,0.0,0.0,0.0,0.0,0.0
18,0.0,0.0,0.0,0.0,0.0,0.0,0.0,0.0,0.0,0.0,0.0,0.0,0.0,0.0,0.0,-0.7516246251187525,-0.7423471162163042,-1.7848031280515475,0.0,0.0,0.0,0.0,0.0,0.0
19,0.0,0.0,0.0,0.0,0.0,0.0,0.0,0.0,0.0,0.0,0.0,0.0,0.0,0.0,0.0,0.0,0.0,0.0,0.0,0.0,-1.0837084603935128,-0.27555119947433393,-0.9578646271552069,-3.894963908569485
20,0.0,0.0,0.0,0.0,0.0,0.0,0.0,0.0,0.0,0.0,0.0,0.0,0.0,0.0,0.0,0.0,0.0,0.0,0.0,-1.0837084603935128,0.0,-0.4936006254743203,-3.0911832414200786,0.0
21,0.0,0.0,0.0,0.0,0.0,0.0,0.0,0.0,0.0,0.0,0.0,0.0,0.0,0.0,0.0,0.0,0.0,0.0,0.0,-0.27555119947433393,-0.4936006254743203,0.0,-0.5025068483550598,-0.2793133252216603
22,0.0,0.0,0.0,0.0,0.0,0.0,0.0,0.0,0.0,0.0,0.0,0.0,0.0,0.0,0.0,0.0,0.0,0.0,0.0,-0.9578646271552069,-3.0911832414200786,-0.5025068483550598,0.0,-1.0049639499553529
23,0.0,0.0,0.0,0.0,0.0,0.0,0.0,0.0,0.0,0.0,0.0,0.0,0.0,0.0,0.0,0.0,0.0,0.0,0.0,-3.894963908569485,0.0,-0.2793133252216603,-1.0049639499553529,0.0
