,0,1,2,3,4,5,6,7,8,9,10,11,12,13,14,15,16,17,18,19,20,21
0,0.0,-1.2104468430147384,-2.397907249433337,-2.5234618585773894,0.0,0.0,0.0,0.0,0.0,0.0,0.0,0.0,0.0,0.0,0.0,0.0,0.0,0.0,0.0,0.0,0.0,0.0
1,-1.2104468430147384,0.0,-0.949115626812491,-0.9808066687110242,-3.8036501047666724,0.0,0.0,0.0,0.0,0.0,0.0,0.0,0.0,0.0,0.0,0.0,0.0,0.0,0.0,0.0,0.0,0.0
2,-2.397907249433337,-0.949115626812491,0.0,-4.336774207508388,-0.8981640753455064,-4.385181035907384,0.0,0.0,0.0,0.0,0.0,0.0,0.0,0.0,0.0,0.0,0.0,0.0,0.0,0.0,0.0,0.0
3,-2.5234618585773894,-0.9808066687110242,-4.336774207508388,0.0,-0.9285561223501413,-5.6152869701566335,0.0,0.0,0.0,0.0,0.0,0.0,0.0,0.0,0.0,0.0,0.0,0.0,0.0,0.0,0.0,0.0
4,0.0,-3.8036501047666724,-0.8981640753455064,-0.9285561223501413,0.0,-0.9227101614583015,0.0,0.0,0.0,0.0,0.0,0.0,0.0,0.0,0.0,0.0,0.0,0.0,0.0,0.0,0.0,0.0
5,0.0,0.0,-4.385181035907384,-5.6152869701566335,-0.9227101614583015,0.0,-1.0405989562370566,0.0,0.0,0.0,0.0,0.0,0.0,0.0,0.0,0.0,0.0,0.0,0.0,0.0,0.0,0.0
6,0.0,0.0,0.0,0.0,0.0,-1.0405989562370566,0.0,-1.055477907839725,-2.484597215695899,0.0,0.0,0.0,0.0,0.0,0.0,0.0,0.0,0.0,0.0,0.0,0.0,0.0
7,0.0,0.0,0.0,0.0,0.0,0.0,-1.055477907839725,0.0,-0.9462860041567794,-4.018786515472157,-0.8760584879446912,0.0,0.0,0.0,0.0,0.0,0.0,0.0,0.0,0.0,0.0,0.0
8,0.0,0.0,0.0,0.0,0.0,0.0,-2.484597215695899,-0.9462860041567794,0.0,0.0,-3.490314949684161,0.0,0.0,0.0,0.0,0.0,0.0,0.0,0.0,0.0,0.0,0.0
9,0.0,0.0,0.0,0.0,0.0,0.0,0.0,-4.018786515472157,0.0,0.0,-0.9188709325172962,-3.894518208485188,-1.0948022863167672,0.0,0.0,0.0,0.0,0.0,0.0,0.0,0.0,0.0
10,0.0,0.0,0.0,0.0,0.0,0.0,0.0,-0.8760584879446912,-3.490314949684161,-0.9188709325172962,0.0,-0.8708407818525726,-2.724070725658844,0.0,0.0,0.0,0.0,0.0,0.0,0.0,0.0,0.0
11,0.0,0.0,0.0,0.0,0.0,0.0,0.0,0.0,0.0,-3.894518208485188,-0.8708407818525726,0.0,-1.0372944351600601,-4.491131971898127,0.0,0.0,0.0,0.0,0.0,0.0,0.0,0.0
12,0.0,0.0,0.0,0.0,0.0,0.0,0.0,0.0,0.0,-1.0948022863167672,-2.724070725658844,-1.0372944351600601,0.0,0.0,-2.8971327640383397,0.0,0.0,0.0,0.0,0.0,0.0,0.0
13,0.0,0.0,0.0,0.0,0.0,0.0,0.0,0.0,0.0,0.0,0.0,-4.491131971898127,0.0,0.0,-0.8984612671872901,-1.0556026061238781,0.0,0.0,0.0,0.0,0.0,0.0
14,0.0,0.0,0.0,0.0,0.0,0.0,0.0,0.0,0.0,0.0,0.0,0.0,-2.8971327640383397,-0.8984612671872901,0.0,-2.688038560778346,0.0,0.0,0.0,0.0,0.0,0.0
15,0.0,0.0,0.0,0.0,0.0,0.0,0.0,0.0,0.0,0.0,0.0,0.0,0.0,-1.0556026061238781,-2.688038560778346,0.0,0.0,-2.802293115434591,0.0,0.0,0.0,0.0
16,0.0,0.0,0.0,0.0,0.0,0.0,0.0,0.0,0.0,0.0,0.0,0.0,0.0,0.0,0.0,0.0,0.0,-0.9327300708644786,-2.7477131441303295,-1.4359306809546228,0.0,0.0
17,0.0,0.0,0.0,0.0,0.0,0.0,0.0,0.0,0.0,0.0,0.0,0.0,0.0,0.0,0.0,-2.802293115434591,-0.9327300708644786,0.0,-0.8706451085664264,-1.2343479973001996,0.0,0.0
18,0.0,0.0,0.0,0.0,0.0,0.0,0.0,0.0,0.0,0.0,0.0,0.0,0.0,0.0,0.0,0.0,-2.7477131441303295,-0.8706451085664264,0.0,-1.2116924832847942,-1.12886895481576,-0.3095929979004292
19,0.0,0.0,0.0,0.0,0.0,0.0,0.0,0.0,0.0,0.0,0.0,0.0,0.0,0.0,0.0,0.0,-1.4359306809546228,-1.2343479973001996,-1.2116924832847942,0.0,-1.9070690321662858,-0.7458175726543514
20,0.0,0.0,0.0,0.0,0.0,0.0,0.0,0.0,0.0,0.0,0.0,0.0,0.0,0.0,0.0,0.0,0.0,0.0,-1.12886895481576,-1.9070690321662858,0.0,-0.5395552579298883
21,0.0,0.0,0.0,0.0,0.0,0.0,0.0,0.0,0.0,0.0,0.0,0.0,0.0,0.0,0.0,0.0,0.0,0.0,-0.3095929979004292,-0.7458175726543514,-0.5395552579298883,0.0
