,0,1,2,3,4,5,6,7,8,9,10,11,12,13,14,15,16,17,18,19,20,21,22,23,24
0,0.0,-4.342442570809975,-0.9038008496308007,-4.74996245072691,0.0,0.0,0.0,0.0,0.0,0.0,0.0,0.0,0.0,0.0,0.0,0.0,0.0,0.0,0.0,0.0,0.0,0.0,0.0,0.0,0.0
1,-4.342442570809975,0.0,-0.92610538098805,-4.303035297823619,-1.0153230498390464,0.0,0.0,0.0,0.0,0.0,0.0,0.0,0.0,0.0,0.0,0.0,0.0,0.0,0.0,0.0,0.0,0.0,0.0,0.0,0.0
2,-0.9038008496308007,-0.92610538098805,0.0,-0.8929424122158017,-3.3664076809451435,0.0,0.0,0.0,0.0,0.0,0.0,0.0,0.0,0.0,0.0,0.0,0.0,0.0,0.0,0.0,0.0,0.0,0.0,0.0,0.0
3,-4.74996245072691,-4.303035297823619,-0.8929424122158017,0.0,-0.9792278446429278,-0.8563264525746042,-0.8716750365282446,0.0,0.0,0.0,0.0,0.0,0.0,0.0,0.0,0.0,0.0,0.0,0.0,0.0,0.0,0.0,0.0,0.0,0.0
4,0.0,-1.0153230498390464,-3.3664076809451435,-0.9792278446429278,0.0,-2.909438723282866,-3.137221343310554,0.0,0.0,0.0,0.0,0.0,0.0,0.0,0.0,0.0,0.0,0.0,0.0,0.0,0.0,0.0,0.0,0.0,0.0
5,0.0,0.0,0.0,-0.8563264525746042,-2.909438723282866,0.0,-4.039651357549029,-3.668058151564903,0.0,0.0,0.0,0.0,0.0,0.0,0.0,0.0,0.0,0.0,0.0,0.0,0.0,0.0,0.0,0.0,0.0
6,0.0,0.0,0.0,-0.8716750365282446,-3.137221343310554,-4.039651357549029,0.0,-4.493629133524733,0.0,0.0,0.0,0.0,0.0,0.0,0.0,0.0,0.0,0.0,0.0,0.0,0.0,0.0,0.0,0.0,0.0
7,0.0,0.0,0.0,0.0,0.0,-3.668058151564903,-4.493629133524733,0.0,0.0,-3.4634167951515256,-3.447745239654065,0.0,0.0,0.0,0.0,0.0,0.0,0.0,0.0,0.0,0.0,0.0,0.0,0.0,0.0
8,0.0,0.0,0.0,0.0,0.0,0.0,0.0,0.0,0.0,-0.9357135580926195,-0.8463395851845733,-5.237003289074352,0.0,0.0,0.0,0.0,0.0,0.0,0.0,0.0,0.0,0.0,0.0,0.0,0.0
9,0.0,0.0,0.0,0.0,0.0,0.0,0.0,-3.4634167951515256,-0.9357135580926195,0.0,-3.261748448232462,0.0,0.0,0.0,0.0,0.0,0.0,0.0,0.0,0.0,0.0,0.0,0.0,0.0,0.0
10,0.0,0.0,0.0,0.0,0.0,0.0,0.0,-3.447745239654065,-0.8463395851845733,-3.261748448232462,0.0,-0.8478268011123888,0.0,0.0,0.0,0.0,0.0,0.0,0.0,0.0,0.0,0.0,0.0,0.0,0.0
11,0.0,0.0,0.0,0.0,0.0,0.0,0.0,0.0,-5.237003289074352,0.0,-0.8478268011123888,0.0,-0.9142557085514553,-2.866683784391845,-2.409975923076066,0.0,0.0,0.0,0.0,0.0,0.0,0.0,0.0,0.0,0.0
12,0.0,0.0,0.0,0.0,0.0,0.0,0.0,0.0,0.0,0.0,0.0,-0.9142557085514553,0.0,-0.7840366982812271,0.0,0.0,-2.386351013348539,0.0,0.0,0.0,0.0,0.0,0.0,0.0,0.0
13,0.0,0.0,0.0,0.0,0.0,0.0,0.0,0.0,0.0,0.0,0.0,-2.866683784391845,-0.7840366982812271,0.0,-2.347687937190614,-2.0959082858379836,-0.9497372695884657,0.0,0.0,0.0,0.0,0.0,0.0,0.0,0.0
14,0.0,0.0,0.0,0.0,0.0,0.0,0.0,0.0,0.0,0.0,0.0,-2.409975923076066,0.0,-2.347687937190614,0.0,-2.087721137297768,-1.0102347695885325,0.0,0.0,0.0,0.0,0.0,0.0,0.0,0.0
15,0.0,0.0,0.0,0.0,0.0,0.0,0.0,0.0,0.0,0.0,0.0,0.0,0.0,-2.0959082858379836,-2.087721137297768,0.0,-1.3320191027493595,-2.38044194833817,-3.124386479814569,0.0,-1.3686882891135248,0.0,0.0,0.0,0.0
16,0.0,0.0,0.0,0.0,0.0,0.0,0.0,0.0,0.0,0.0,0.0,0.0,-2.386351013348539,-0.9497372695884657,-1.0102347695885325,-1.3320191027493595,0.0,0.0,0.0,0.0,-1.6021172177442564,0.0,0.0,0.0,0.0
17,0.0,0.0,0.0,0.0,0.0,0.0,0.0,0.0,0.0,0.0,0.0,0.0,0.0,0.0,0.0,-2.38044194833817,0.0,0.0,-2.9966709496662114,-1.3604448151760116,-1.2855715786673636,-2.3280318683023395,0.0,0.0,0.0
18,0.0,0.0,0.0,0.0,0.0,0.0,0.0,0.0,0.0,0.0,0.0,0.0,0.0,0.0,0.0,-3.124386479814569,0.0,-2.9966709496662114,0.0,-1.2000568695041665,-1.3138270524749711,-2.0552802281029225,0.0,0.0,0.0
19,0.0,0.0,0.0,0.0,0.0,0.0,0.0,0.0,0.0,0.0,0.0,0.0,0.0,0.0,0.0,0.0,0.0,-1.3604448151760116,-1.2000568695041665,0.0,0.0,-1.692523585152186,0.0,0.0,0.0
20,0.0,0.0,0.0,0.0,0.0,0.0,0.0,0.0,0.0,0.0,0.0,0.0,0.0,0.0,0.0,-1.3686882891135248,-1.6021172177442564,-1.2855715786673636,-1.3138270524749711,0.0,0.0,0.0,0.0,0.0,0.0
21,0.0,0.0,0.0,0.0,0.0,0.0,0.0,0.0,0.0,0.0,0.0,0.0,0.0,0.0,0.0,0.0,0.0,-2.3280318683023395,-2.0552802281029225,-1.692523585152186,0.0,0.0,-0.7033918567128961,-2.331946586703589,-1.8450300751872113
22,0.0,0.0,0.0,0.0,0.0,0.0,0.0,0.0,0.0,0.0,0.0,0.0,0.0,0.0,0.0,0.0,0.0,0.0,0.0,0.0,0.0,-0.7033918567128961,0.0,-0.9218084309681714,-1.062337092854671
23,0.0,0.0,0.0,0.0,0.0,0.0,0.0,0.0,0.0,0.0,0.0,0.0,0.0,0.0,0.0,0.0,0.0,0.0,0.0,0.0,0.0,-2.331946586703589,-0.9218084309681714,0.0,-2.656257958977066
24,0.0,0.0,0.0,0.0,0.0,0.0,0.0,0.0,0.0,0.0,0.0,0.0,0.0,0.0,0.0,0.0,0.0,0.0,0.0,0.0,0.0,-1.8450300751872113,-1.062337092854671,-2.656257958977066,0.0
