,0,1,2,3,4,5,6,7,8,9,10,11,12,13,14,15,16,17,18,19,20,21,22,23,24,25
0,0.0,-2.576564394540947,-2.6613684382005807,0.0,-0.36898375542587697,0.0,0.0,0.0,0.0,0.0,0.0,0.0,0.0,0.0,0.0,0.0,0.0,0.0,0.0,0.0,0.0,0.0,0.0,0.0,0.0,0.0
1,-2.576564394540947,0.0,-3.376819558653596,-3.0550134008767786,-0.32534836510113774,0.0,0.0,0.0,0.0,0.0,0.0,0.0,0.0,0.0,0.0,0.0,0.0,0.0,0.0,0.0,0.0,0.0,0.0,0.0,0.0,0.0
2,-2.6613684382005807,-3.376819558653596,0.0,-4.30833920384721,-0.2948966212035049,0.0,0.0,0.0,0.0,0.0,0.0,0.0,0.0,0.0,0.0,0.0,0.0,0.0,0.0,0.0,0.0,0.0,0.0,0.0,0.0,0.0
3,0.0,-3.0550134008767786,-4.30833920384721,0.0,-0.27931064327072846,-3.4017019383145124,-2.951272088181471,-3.534390759358445,0.0,0.0,0.0,0.0,0.0,0.0,0.0,0.0,0.0,0.0,0.0,0.0,0.0,0.0,0.0,0.0,0.0,0.0
4,-0.36898375542587697,-0.32534836510113774,-0.2948966212035049,-0.27931064327072846,0.0,-0.319382431133394,-0.3124154826297182,0.0,0.0,0.0,0.0,0.0,0.0,0.0,0.0,0.0,0.0,0.0,0.0,0.0,0.0,0.0,0.0,0.0,0.0,0.0
5,0.0,0.0,0.0,-3.4017019383145124,-0.319382431133394,0.0,-3.4806948456335847,-3.451470487466955,0.0,0.0,0.0,0.0,0.0,0.0,0.0,0.0,0.0,0.0,0.0,0.0,0.0,0.0,0.0,0.0,0.0,0.0
6,0.0,0.0,0.0,-2.951272088181471,-0.3124154826297182,-3.4806948456335847,0.0,-3.5295060825313835,0.0,0.0,-0.32968108910068317,0.0,0.0,0.0,0.0,0.0,0.0,0.0,0.0,0.0,0.0,0.0,0.0,0.0,0.0,0.0
7,0.0,0.0,0.0,-3.534390759358445,0.0,-3.451470487466955,-3.5295060825313835,0.0,-2.203520710369374,0.0,-0.29446368512408105,0.0,0.0,0.0,0.0,0.0,0.0,0.0,0.0,0.0,0.0,0.0,0.0,0.0,0.0,0.0
8,0.0,0.0,0.0,0.0,0.0,0.0,0.0,-2.203520710369374,0.0,-2.002937535182709,-0.23363252515304203,0.0,0.0,0.0,0.0,0.0,0.0,0.0,0.0,0.0,0.0,0.0,0.0,0.0,0.0,0.0
9,0.0,0.0,0.0,0.0,0.0,0.0,0.0,0.0,-2.002937535182709,0.0,-0.29215089175193437,-0.5618363347874186,-0.5551523855378452,0.0,0.0,0.0,0.0,0.0,0.0,0.0,0.0,0.0,0.0,0.0,0.0,0.0
10,0.0,0.0,0.0,0.0,0.0,0.0,-0.32968108910068317,-0.29446368512408105,-0.23363252515304203,-0.29215089175193437,0.0,0.0,0.0,0.0,0.0,0.0,0.0,0.0,0.0,0.0,0.0,0.0,0.0,0.0,0.0,0.0
11,0.0,0.0,0.0,0.0,0.0,0.0,0.0,0.0,0.0,-0.5618363347874186,0.0,0.0,-3.3145371107555377,-2.205458631152638,0.0,-1.393098853440168,0.0,0.0,0.0,0.0,0.0,0.0,0.0,0.0,0.0,0.0
12,0.0,0.0,0.0,0.0,0.0,0.0,0.0,0.0,0.0,-0.5551523855378452,0.0,-3.3145371107555377,0.0,-2.4703448961489953,0.0,-1.2565927584604228,0.0,0.0,0.0,0.0,0.0,0.0,0.0,0.0,0.0,0.0
13,0.0,0.0,0.0,0.0,0.0,0.0,0.0,0.0,0.0,0.0,0.0,-2.205458631152638,-2.4703448961489953,0.0,0.0,-1.0798877660150612,0.0,-2.42415454053051,0.0,0.0,0.0,0.0,0.0,0.0,0.0,0.0
14,0.0,0.0,0.0,0.0,0.0,0.0,0.0,0.0,0.0,0.0,0.0,0.0,0.0,0.0,0.0,0.0,-1.53902571794788,-0.3191048672418125,-0.36156853915242537,-1.5282595718852727,0.0,0.0,0.0,0.0,0.0,0.0
15,0.0,0.0,0.0,0.0,0.0,0.0,0.0,0.0,0.0,0.0,0.0,-1.393098853440168,-1.2565927584604228,-1.0798877660150612,0.0,0.0,0.0,-0.9678106290062825,0.0,0.0,0.0,0.0,0.0,0.0,0.0,0.0
16,0.0,0.0,0.0,0.0,0.0,0.0,0.0,0.0,0.0,0.0,0.0,0.0,0.0,0.0,-1.53902571794788,0.0,0.0,0.0,-0.6401236722497499,-3.2042126788037306,0.0,0.0,0.0,0.0,0.0,0.0
17,0.0,0.0,0.0,0.0,0.0,0.0,0.0,0.0,0.0,0.0,0.0,0.0,0.0,-2.42415454053051,-0.3191048672418125,-0.9678106290062825,0.0,0.0,-1.5745791042454214,0.0,0.0,0.0,0.0,0.0,0.0,0.0
18,0.0,0.0,0.0,0.0,0.0,0.0,0.0,0.0,0.0,0.0,0.0,0.0,0.0,0.0,-0.36156853915242537,0.0,-0.6401236722497499,-1.5745791042454214,0.0,0.0,0.0,0.0,0.0,0.0,0.0,0.0
19,0.0,0.0,0.0,0.0,0.0,0.0,0.0,0.0,0.0,0.0,0.0,0.0,0.0,0.0,-1.5282595718852727,0.0,-3.2042126788037306,0.0,0.0,0.0,0.0,-0.6264954956320197,0.0,-0.5850747871337688,-0.5822011769603838,0.0
20,0.0,0.0,0.0,0.0,0.0,0.0,0.0,0.0,0.0,0.0,0.0,0.0,0.0,0.0,0.0,0.0,0.0,0.0,0.0,0.0,0.0,0.0,-1.6834597001671046,-0.36424979754130166,-0.3162523077169952,0.0
21,0.0,0.0,0.0,0.0,0.0,0.0,0.0,0.0,0.0,0.0,0.0,0.0,0.0,0.0,0.0,0.0,0.0,0.0,0.0,-0.6264954956320197,0.0,0.0,0.0,-2.124369982332859,-3.0844020824766485,-0.5791107763205297
22,0.0,0.0,0.0,0.0,0.0,0.0,0.0,0.0,0.0,0.0,0.0,0.0,0.0,0.0,0.0,0.0,0.0,0.0,0.0,0.0,-1.6834597001671046,0.0,0.0,-0.663744558794739,-0.6103778369501323,-0.36655948333414595
23,0.0,0.0,0.0,0.0,0.0,0.0,0.0,0.0,0.0,0.0,0.0,0.0,0.0,0.0,0.0,0.0,0.0,0.0,0.0,-0.5850747871337688,-0.36424979754130166,-2.124369982332859,-0.663744558794739,0.0,-1.8368090437915632,-0.39089880694192053
24,0.0,0.0,0.0,0.0,0.0,0.0,0.0,0.0,0.0,0.0,0.0,0.0,0.0,0.0,0.0,0.0,0.0,0.0,0.0,-0.5822011769603838,-0.3162523077169952,-3.0844020824766485,-0.6103778369501323,-1.8368090437915632,0.0,0.0
25,0.0,0.0,0.0,0.0,0.0,0.0,0.0,0.0,0.0,0.0,0.0,0.0,0.0,0.0,0.0,0.0,0.0,0.0,0.0,0.0,0.0,-0.5791107763205297,-0.36655948333414595,-0.39089880694192053,0.0,0.0
