,0,1,2,3,4,5,6,7,8,9,10,11,12,13,14,15,16,17,18,19,20,21,22,23,24,25
0,0.0,-4.229897121083131,-3.4451630327455103,-4.220153119366578,0.0,0.0,0.0,0.0,0.0,0.0,0.0,0.0,0.0,0.0,0.0,0.0,0.0,0.0,0.0,0.0,0.0,0.0,0.0,0.0,0.0,0.0
1,-4.229897121083131,0.0,-3.8856991311496283,-5.721186178276611,0.0,0.0,0.0,0.0,0.0,0.0,0.0,0.0,0.0,0.0,0.0,0.0,0.0,0.0,0.0,0.0,0.0,0.0,0.0,0.0,0.0,0.0
2,-3.4451630327455103,-3.8856991311496283,0.0,-3.9999628398652476,-3.645438164778739,-3.372506905566229,0.0,0.0,0.0,0.0,0.0,0.0,0.0,0.0,0.0,0.0,0.0,0.0,0.0,0.0,0.0,0.0,0.0,0.0,0.0,0.0
3,-4.220153119366578,-5.721186178276611,-3.9999628398652476,0.0,-4.8280887848220795,-4.11206515669305,0.0,0.0,0.0,0.0,0.0,0.0,0.0,0.0,0.0,0.0,0.0,0.0,0.0,0.0,0.0,0.0,0.0,0.0,0.0,0.0
4,0.0,0.0,-3.645438164778739,-4.8280887848220795,0.0,-4.548677248655643,-4.209397671499124,-1.8455358388706973,0.0,0.0,0.0,0.0,0.0,0.0,0.0,0.0,0.0,0.0,0.0,0.0,0.0,0.0,0.0,0.0,0.0,0.0
5,0.0,0.0,-3.372506905566229,-4.11206515669305,-4.548677248655643,0.0,-4.623409363139722,-1.8252708317348723,0.0,0.0,0.0,0.0,0.0,0.0,0.0,0.0,0.0,0.0,0.0,0.0,0.0,0.0,0.0,0.0,0.0,0.0
6,0.0,0.0,0.0,0.0,-4.209397671499124,-4.623409363139722,0.0,-1.8826733897336017,-1.6862818860113111,0.0,0.0,0.0,0.0,0.0,0.0,0.0,0.0,0.0,0.0,0.0,0.0,0.0,0.0,0.0,0.0,0.0
7,0.0,0.0,0.0,0.0,-1.8455358388706973,-1.8252708317348723,-1.8826733897336017,0.0,-1.2385278685496592,0.0,0.0,0.0,0.0,0.0,0.0,0.0,0.0,0.0,0.0,0.0,0.0,0.0,0.0,0.0,0.0,0.0
8,0.0,0.0,0.0,0.0,0.0,0.0,-1.6862818860113111,-1.2385278685496592,0.0,-0.10219472823252296,-0.10431654902408315,-1.5357965776169422,0.0,-2.0038601902065016,0.0,0.0,0.0,0.0,0.0,0.0,0.0,0.0,0.0,0.0,0.0,0.0
9,0.0,0.0,0.0,0.0,0.0,0.0,0.0,0.0,-0.10219472823252296,0.0,-2.8486789271430673,0.0,-3.340379494835534,0.0,0.0,0.0,0.0,0.0,0.0,0.0,0.0,0.0,0.0,0.0,0.0,0.0
10,0.0,0.0,0.0,0.0,0.0,0.0,0.0,0.0,-0.10431654902408315,-2.8486789271430673,0.0,-0.12620965666380957,-3.603872663115173,0.0,0.0,0.0,0.0,0.0,0.0,0.0,0.0,0.0,0.0,0.0,0.0,0.0
11,0.0,0.0,0.0,0.0,0.0,0.0,0.0,0.0,-1.5357965776169422,0.0,-0.12620965666380957,0.0,-0.1321031241107321,-2.4600236984559984,-2.7802688387834884,-2.285741009573518,0.0,0.0,0.0,0.0,0.0,0.0,0.0,0.0,0.0,0.0
12,0.0,0.0,0.0,0.0,0.0,0.0,0.0,0.0,0.0,-3.340379494835534,-3.603872663115173,-0.1321031241107321,0.0,-0.15958756555432865,0.0,0.0,0.0,0.0,0.0,0.0,0.0,0.0,0.0,0.0,0.0,0.0
13,0.0,0.0,0.0,0.0,0.0,0.0,0.0,0.0,-2.0038601902065016,0.0,0.0,-2.4600236984559984,-0.15958756555432865,0.0,-3.053972446157742,-1.7993822101495678,0.0,0.0,0.0,0.0,0.0,0.0,0.0,0.0,0.0,0.0
14,0.0,0.0,0.0,0.0,0.0,0.0,0.0,0.0,0.0,0.0,0.0,-2.7802688387834884,0.0,-3.053972446157742,0.0,-2.117482065009813,-2.9518302687010713,0.0,0.0,0.0,0.0,0.0,0.0,0.0,0.0,0.0
15,0.0,0.0,0.0,0.0,0.0,0.0,0.0,0.0,0.0,0.0,0.0,-2.285741009573518,0.0,-1.7993822101495678,-2.117482065009813,0.0,-2.6796042364295944,0.0,0.0,0.0,0.0,0.0,0.0,0.0,0.0,0.0
16,0.0,0.0,0.0,0.0,0.0,0.0,0.0,0.0,0.0,0.0,0.0,0.0,0.0,0.0,-2.9518302687010713,-2.6796042364295944,0.0,-0.5059256785392875,-2.7564618802852494,0.0,-2.633822652609272,0.0,0.0,0.0,0.0,0.0
17,0.0,0.0,0.0,0.0,0.0,0.0,0.0,0.0,0.0,0.0,0.0,0.0,0.0,0.0,0.0,0.0,-0.5059256785392875,0.0,0.0,-1.5017549251198168,0.0,-1.5832125775427222,-1.3705788892776503,0.0,0.0,0.0
18,0.0,0.0,0.0,0.0,0.0,0.0,0.0,0.0,0.0,0.0,0.0,0.0,0.0,0.0,0.0,0.0,-2.7564618802852494,0.0,0.0,0.0,-2.434441055163265,-0.37377088915815904,0.0,0.0,0.0,0.0
19,0.0,0.0,0.0,0.0,0.0,0.0,0.0,0.0,0.0,0.0,0.0,0.0,0.0,0.0,0.0,0.0,0.0,-1.5017549251198168,0.0,0.0,0.0,-1.2865005946781867,-1.6133010464669921,0.0,0.0,0.0
20,0.0,0.0,0.0,0.0,0.0,0.0,0.0,0.0,0.0,0.0,0.0,0.0,0.0,0.0,0.0,0.0,-2.633822652609272,0.0,-2.434441055163265,0.0,0.0,-0.42835146216072123,-0.13101333572410803,0.0,0.0,0.0
21,0.0,0.0,0.0,0.0,0.0,0.0,0.0,0.0,0.0,0.0,0.0,0.0,0.0,0.0,0.0,0.0,0.0,-1.5832125775427222,-0.37377088915815904,-1.2865005946781867,-0.42835146216072123,0.0,-0.8787591964204414,-1.0797110071787355,0.0,-0.3905453017226002
22,0.0,0.0,0.0,0.0,0.0,0.0,0.0,0.0,0.0,0.0,0.0,0.0,0.0,0.0,0.0,0.0,0.0,-1.3705788892776503,0.0,-1.6133010464669921,-0.13101333572410803,-0.8787591964204414,0.0,-1.8518368685248991,-0.2697629247024698,0.0
23,0.0,0.0,0.0,0.0,0.0,0.0,0.0,0.0,0.0,0.0,0.0,0.0,0.0,0.0,0.0,0.0,0.0,0.0,0.0,0.0,0.0,-1.0797110071787355,-1.8518368685248991,0.0,-0.11075571708171748,-0.13654577653209785
24,0.0,0.0,0.0,0.0,0.0,0.0,0.0,0.0,0.0,0.0,0.0,0.0,0.0,0.0,0.0,0.0,0.0,0.0,0.0,0.0,0.0,0.0,-0.2697629247024698,-0.11075571708171748,0.0,-0.7040985031798811
25,0.0,0.0,0.0,0.0,0.0,0.0,0.0,0.0,0.0,0.0,0.0,0.0,0.0,0.0,0.0,0.0,0.0,0.0,0.0,0.0,0.0,-0.3905453017226002,0.0,-0.13654577653209785,-0.7040985031798811,0.0
