,0,1,2,3,4,5,6,7,8,9,10,11,12,13,14,15,16,17,18,19,20,21,22,23,24,25
0,0.0,1.0928758240881884,0.7025554422978393,0.6350012446310181,0.0,0.0,0.0,0.0,0.0,0.0,0.0,0.0,0.0,0.0,0.0,0.0,0.0,0.0,0.0,0.0,0.0,0.0,0.0,0.0,0.0,0.0
1,1.0928758240881884,0.0,-0.22002948361569577,-0.12736641376680222,0.0,0.0,0.0,0.0,0.0,0.0,0.0,0.0,0.0,0.0,0.0,0.0,0.0,0.0,0.0,0.0,0.0,0.0,0.0,0.0,0.0,0.0
2,0.7025554422978393,-0.22002948361569577,0.0,-1.947385046605503,-0.79722151920269,0.0,0.0,0.0,0.0,0.0,0.0,0.0,0.0,0.0,0.0,0.0,0.0,0.0,0.0,0.0,0.0,0.0,0.0,0.0,0.0,0.0
3,0.6350012446310181,-0.12736641376680222,-1.947385046605503,0.0,-0.8402285962479703,0.0,0.0,0.0,0.0,0.0,0.0,0.0,0.0,0.0,0.0,0.0,0.0,0.0,0.0,0.0,0.0,0.0,0.0,0.0,0.0,0.0
4,0.0,0.0,-0.79722151920269,-0.8402285962479703,0.0,0.22355198615624802,-0.708440645688057,0.6304850900680055,0.0,0.0,0.0,0.0,0.0,0.0,0.0,0.0,0.0,0.0,0.0,0.0,0.0,0.0,0.0,0.0,0.0,0.0
5,0.0,0.0,0.0,0.0,0.22355198615624802,0.0,0.38659791131361365,0.3694669678987855,0.0,0.0,0.0,0.0,0.0,0.0,0.0,0.0,0.0,0.0,0.0,0.0,0.0,0.0,0.0,0.0,0.0,0.0
6,0.0,0.0,0.0,0.0,-0.708440645688057,0.38659791131361365,0.0,0.5581505396809454,0.37888298593128594,0.9481646606426635,0.0,0.0,0.0,0.0,0.0,0.0,0.0,0.0,0.0,0.0,0.0,0.0,0.0,0.0,0.0,0.0
7,0.0,0.0,0.0,0.0,0.6304850900680055,0.3694669678987855,0.5581505396809454,0.0,-0.4647360359891849,0.04377382978344275,0.0,0.0,0.0,0.0,0.0,0.0,0.0,0.0,0.0,0.0,0.0,0.0,0.0,0.0,0.0,0.0
8,0.0,0.0,0.0,0.0,0.0,0.0,0.37888298593128594,-0.4647360359891849,0.0,0.16190814331384287,0.0,0.0,0.0,0.0,0.0,0.0,0.0,0.0,0.0,0.0,0.0,0.0,0.0,0.0,0.0,0.0
9,0.0,0.0,0.0,0.0,0.0,0.0,0.9481646606426635,0.04377382978344275,0.16190814331384287,0.0,0.0,0.0,0.0,0.0,0.0,0.0,0.0,0.0,0.0,0.0,0.0,0.0,0.0,0.0,0.0,0.0
10,0.0,0.0,0.0,0.0,0.0,0.0,0.0,0.0,0.0,0.0,0.0,0.0,0.30754515206600935,-0.052718747695747484,-0.6195626248418357,0.0,0.0,0.0,0.0,0.0,0.0,0.0,0.0,0.0,0.0,0.0
11,0.0,0.0,0.0,0.0,0.0,0.0,0.0,0.0,0.0,0.0,0.0,0.0,0.0,1.6023072364936792,0.0,1.2652303947974783,0.0,0.0,1.0793691735267192,0.0,0.0,0.0,0.0,0.0,0.0,0.0
12,0.0,0.0,0.0,0.0,0.0,0.0,0.0,0.0,0.0,0.0,0.30754515206600935,0.0,0.0,-0.17806590088609445,-0.34983487972143823,0.36161172971967626,0.0,0.0,0.0,0.0,0.0,0.0,0.0,0.0,0.0,0.0
13,0.0,0.0,0.0,0.0,0.0,0.0,0.0,0.0,0.0,0.0,-0.052718747695747484,1.6023072364936792,-0.17806590088609445,0.0,-0.07268160653574275,0.13344235991911477,-0.25307969950359627,-1.1619394694912264,0.0,0.0,0.0,0.0,0.0,0.0,0.0,0.0
14,0.0,0.0,0.0,0.0,0.0,0.0,0.0,0.0,0.0,0.0,-0.6195626248418357,0.0,-0.34983487972143823,-0.07268160653574275,0.0,0.0,-1.1196336076523747,-0.8294122351223423,0.0,0.0,0.0,0.0,0.0,0.0,0.0,0.0
15,0.0,0.0,0.0,0.0,0.0,0.0,0.0,0.0,0.0,0.0,0.0,1.2652303947974783,0.36161172971967626,0.13344235991911477,0.0,0.0,0.0,0.12191026154931296,-0.6205349128626398,0.0,0.0,0.0,0.0,0.0,0.0,0.0
16,0.0,0.0,0.0,0.0,0.0,0.0,0.0,0.0,0.0,0.0,0.0,0.0,0.0,-0.25307969950359627,-1.1196336076523747,0.0,0.0,-0.5740117932387423,0.267016094124803,0.0,0.0,0.0,0.0,0.0,0.0,0.0
17,0.0,0.0,0.0,0.0,0.0,0.0,0.0,0.0,0.0,0.0,0.0,0.0,0.0,-1.1619394694912264,-0.8294122351223423,0.12191026154931296,-0.5740117932387423,0.0,-0.08477281129452084,0.0,0.0,0.0,0.0,0.0,0.0,0.0
18,0.0,0.0,0.0,0.0,0.0,0.0,0.0,0.0,0.0,0.0,0.0,1.0793691735267192,0.0,0.0,0.0,-0.6205349128626398,0.267016094124803,-0.08477281129452084,0.0,-1.254451670329373,0.5452279890290883,0.0,0.0,0.0,0.0,0.0
19,0.0,0.0,0.0,0.0,0.0,0.0,0.0,0.0,0.0,0.0,0.0,0.0,0.0,0.0,0.0,0.0,0.0,0.0,-1.254451670329373,0.0,0.46406986876547346,-0.3001630811088784,0.0,0.0,0.0,0.0
20,0.0,0.0,0.0,0.0,0.0,0.0,0.0,0.0,0.0,0.0,0.0,0.0,0.0,0.0,0.0,0.0,0.0,0.0,0.5452279890290883,0.46406986876547346,0.0,0.0,0.0,-0.07694583666294677,0.0,0.0
21,0.0,0.0,0.0,0.0,0.0,0.0,0.0,0.0,0.0,0.0,0.0,0.0,0.0,0.0,0.0,0.0,0.0,0.0,0.0,-0.3001630811088784,0.0,0.0,-1.9579036049651317,-0.64199399552929,-1.6210123387444155,0.0
22,0.0,0.0,0.0,0.0,0.0,0.0,0.0,0.0,0.0,0.0,0.0,0.0,0.0,0.0,0.0,0.0,0.0,0.0,0.0,0.0,0.0,-1.9579036049651317,0.0,-0.5505504652128645,-1.996248734384426,-1.8935274597135352
23,0.0,0.0,0.0,0.0,0.0,0.0,0.0,0.0,0.0,0.0,0.0,0.0,0.0,0.0,0.0,0.0,0.0,0.0,0.0,0.0,-0.07694583666294677,-0.64199399552929,-0.5505504652128645,0.0,-0.7796910100606896,-1.1935927967122049
24,0.0,0.0,0.0,0.0,0.0,0.0,0.0,0.0,0.0,0.0,0.0,0.0,0.0,0.0,0.0,0.0,0.0,0.0,0.0,0.0,0.0,-1.6210123387444155,-1.996248734384426,-0.7796910100606896,0.0,-2.6757588602449123
25,0.0,0.0,0.0,0.0,0.0,0.0,0.0,0.0,0.0,0.0,0.0,0.0,0.0,0.0,0.0,0.0,0.0,0.0,0.0,0.0,0.0,0.0,-1.8935274597135352,-1.1935927967122049,-2.6757588602449123,0.0
