,0,1,2,3,4,5,6,7,8,9,10,11,12,13,14,15,16,17,18,19,20,21
0,0.0,0.8474706581126844,3.1956967677953916,0.7587952378906835,0.0,0.0,0.0,0.0,0.0,0.0,0.0,0.0,0.0,0.0,0.0,0.0,0.0,0.0,0.0,0.0,0.0,0.0
1,0.8474706581126844,0.0,3.1833900114382634,-0.39538571833732555,-0.23344475350265526,0.0,0.0,0.0,0.0,0.0,0.0,0.0,0.0,0.0,0.0,0.0,0.0,0.0,0.0,0.0,0.0,0.0
2,3.1956967677953916,3.1833900114382634,0.0,3.145792191227741,0.0,0.18993622538696697,0.0,0.0,0.0,0.0,0.0,0.0,0.0,0.0,0.0,0.0,0.0,0.0,0.0,0.0,0.0,0.0
3,0.7587952378906835,-0.39538571833732555,3.145792191227741,0.0,-0.8447763692598821,0.0,0.0,0.0,0.0,0.0,0.0,0.0,0.0,0.0,0.0,0.0,0.0,0.0,0.0,0.0,0.0,0.0
4,0.0,-0.23344475350265526,0.0,-0.8447763692598821,0.0,2.6841703293521477,-0.43844735479451075,0.0,0.0,0.0,0.0,0.0,0.0,0.0,0.0,0.0,0.0,0.0,0.0,0.0,0.0,0.0
5,0.0,0.0,0.18993622538696697,0.0,2.6841703293521477,0.0,2.5096302838534563,-0.3036339322551485,0.0,0.0,0.0,0.0,0.0,0.0,0.0,0.0,0.0,0.0,0.0,0.0,0.0,0.0
6,0.0,0.0,0.0,0.0,-0.43844735479451075,2.5096302838534563,0.0,2.3264585184244373,0.0,0.0,0.0,0.0,0.0,0.0,0.0,0.0,0.0,0.0,0.0,0.0,0.0,0.0
7,0.0,0.0,0.0,0.0,0.0,-0.3036339322551485,2.3264585184244373,0.0,-1.7046134819070513,0.0,0.0,0.0,0.0,0.0,0.0,0.0,0.0,0.0,0.0,0.0,0.0,0.0
8,0.0,0.0,0.0,0.0,0.0,0.0,0.0,-1.7046134819070513,0.0,1.8050838912437268,1.69003533356078,-0.48899561081536574,0.0,0.0,0.0,0.0,0.0,0.0,0.0,0.0,0.0,0.0
9,0.0,0.0,0.0,0.0,0.0,0.0,0.0,0.0,1.8050838912437268,0.0,0.020060535064932526,1.6397955702117266,0.0,0.0,0.0,0.0,0.0,0.0,0.0,0.0,0.0,0.0
10,0.0,0.0,0.0,0.0,0.0,0.0,0.0,0.0,1.69003533356078,0.020060535064932526,0.0,1.561019396097093,0.0,0.0,0.0,0.0,0.0,0.0,0.0,0.0,0.0,0.0
11,0.0,0.0,0.0,0.0,0.0,0.0,0.0,0.0,-0.48899561081536574,1.6397955702117266,1.561019396097093,0.0,0.0,0.0,0.0,0.0,0.0,0.0,0.0,0.0,0.0,0.0
12,0.0,0.0,0.0,0.0,0.0,0.0,0.0,0.0,0.0,0.0,0.0,0.0,0.0,0.5811635836251581,-0.5785963911093392,0.6913349926940839,0.0,0.0,0.0,0.0,0.0,0.0
13,0.0,0.0,0.0,0.0,0.0,0.0,0.0,0.0,0.0,0.0,0.0,0.0,0.5811635836251581,0.0,0.5631371386981938,-0.3968894121382072,0.0,0.0,-1.5842616270867864,0.0,0.0,0.0
14,0.0,0.0,0.0,0.0,0.0,0.0,0.0,0.0,0.0,0.0,0.0,0.0,-0.5785963911093392,0.5631371386981938,0.0,0.7819559270801049,-1.5686497402801072,0.0,0.13995873127734856,0.0,0.0,0.0
15,0.0,0.0,0.0,0.0,0.0,0.0,0.0,0.0,0.0,0.0,0.0,0.0,0.6913349926940839,-0.3968894121382072,0.7819559270801049,0.0,0.0,-0.5710841035528793,-0.7789856771814937,0.0,0.0,0.0
16,0.0,0.0,0.0,0.0,0.0,0.0,0.0,0.0,0.0,0.0,0.0,0.0,0.0,0.0,-1.5686497402801072,0.0,0.0,0.08617947397300245,0.04895490371402273,0.0,0.0,0.0
17,0.0,0.0,0.0,0.0,0.0,0.0,0.0,0.0,0.0,0.0,0.0,0.0,0.0,0.0,0.0,-0.5710841035528793,0.08617947397300245,0.0,-1.5775895595526337,-0.5096573503811117,-1.5807573585162844,-2.6171742885924183
18,0.0,0.0,0.0,0.0,0.0,0.0,0.0,0.0,0.0,0.0,0.0,0.0,0.0,-1.5842616270867864,0.13995873127734856,-0.7789856771814937,0.04895490371402273,-1.5775895595526337,0.0,0.0,-1.7978262191834808,0.0
19,0.0,0.0,0.0,0.0,0.0,0.0,0.0,0.0,0.0,0.0,0.0,0.0,0.0,0.0,0.0,0.0,0.0,-0.5096573503811117,0.0,0.0,-0.9538028384235643,-0.8036358238578762
20,0.0,0.0,0.0,0.0,0.0,0.0,0.0,0.0,0.0,0.0,0.0,0.0,0.0,0.0,0.0,0.0,0.0,-1.5807573585162844,-1.7978262191834808,-0.9538028384235643,0.0,-1.6548178310297172
21,0.0,0.0,0.0,0.0,0.0,0.0,0.0,0.0,0.0,0.0,0.0,0.0,0.0,0.0,0.0,0.0,0.0,-2.6171742885924183,0.0,-0.8036358238578762,-1.6548178310297172,0.0
