,0,1,2,3,4,5,6,7,8,9,10,11,12,13,14,15,16,17,18,19,20,21
0,0.0,-0.33692214365518386,3.312873219675632,-1.3686076973651122,0.0,0.0,0.0,0.0,0.0,0.0,0.0,0.0,0.0,0.0,0.0,0.0,0.0,0.0,0.0,0.0,0.0,0.0
1,-0.33692214365518386,0.0,3.295111344168565,-0.7292472926813413,2.514727598205683,0.0,0.0,0.0,0.0,0.0,0.0,0.0,0.0,0.0,0.0,0.0,0.0,0.0,0.0,0.0,0.0,0.0
2,3.312873219675632,3.295111344168565,0.0,2.820083537706443,-0.030639142042908234,0.0,0.0,0.0,0.0,0.0,0.0,0.0,0.0,0.0,0.0,0.0,0.0,0.0,0.0,0.0,0.0,0.0
3,-1.3686076973651122,-0.7292472926813413,2.820083537706443,0.0,2.5260130339921956,2.3493696492366287,2.4770431014108887,0.0,0.0,0.0,0.0,0.0,0.0,0.0,0.0,0.0,0.0,0.0,0.0,0.0,0.0,0.0
4,0.0,2.514727598205683,-0.030639142042908234,2.5260130339921956,0.0,0.6408900719365367,-0.9349544138706192,0.0,0.0,0.0,0.0,0.0,0.0,0.0,0.0,0.0,0.0,0.0,0.0,0.0,0.0,0.0
5,0.0,0.0,0.0,2.3493696492366287,0.6408900719365367,0.0,0.7730199671196771,0.0,0.0,0.0,0.0,0.0,0.0,0.0,0.0,0.0,0.0,0.0,0.0,0.0,0.0,0.0
6,0.0,0.0,0.0,2.4770431014108887,-0.9349544138706192,0.7730199671196771,0.0,-0.5754882584261446,0.0,0.0,0.0,0.0,0.0,0.0,0.0,0.0,0.0,0.0,0.0,0.0,0.0,0.0
7,0.0,0.0,0.0,0.0,0.0,0.0,-0.5754882584261446,0.0,1.8602946369115765,-1.3097582221919961,0.0,0.0,0.0,0.0,0.0,0.0,0.0,0.0,0.0,0.0,0.0,0.0
8,0.0,0.0,0.0,0.0,0.0,0.0,0.0,1.8602946369115765,0.0,1.8336976787293802,-1.0467317397481792,0.0,0.0,0.0,0.0,0.0,0.0,0.0,0.0,0.0,0.0,0.0
9,0.0,0.0,0.0,0.0,0.0,0.0,0.0,-1.3097582221919961,1.8336976787293802,0.0,1.5979695446137885,0.0,0.0,0.0,0.0,0.0,0.0,0.0,0.0,0.0,0.0,0.0
10,0.0,0.0,0.0,0.0,0.0,0.0,0.0,0.0,-1.0467317397481792,1.5979695446137885,0.0,1.292864267203157,1.2045325605145076,0.0,0.0,0.0,0.0,0.0,0.0,0.0,0.0,0.0
11,0.0,0.0,0.0,0.0,0.0,0.0,0.0,0.0,0.0,0.0,1.292864267203157,0.0,-1.3223945765318763,-2.2475355813490436,0.0,0.0,0.0,0.0,0.0,0.0,0.0,0.0
12,0.0,0.0,0.0,0.0,0.0,0.0,0.0,0.0,0.0,0.0,1.2045325605145076,-1.3223945765318763,0.0,-1.569165516713342,-1.1680115173204835,0.0,0.0,0.0,0.0,0.0,0.0,0.0
13,0.0,0.0,0.0,0.0,0.0,0.0,0.0,0.0,0.0,0.0,0.0,-2.2475355813490436,-1.569165516713342,0.0,-2.098738053934066,-0.36623375800609076,-2.2605591871622517,0.0,0.0,0.0,0.0,0.0
14,0.0,0.0,0.0,0.0,0.0,0.0,0.0,0.0,0.0,0.0,0.0,0.0,-1.1680115173204835,-2.098738053934066,0.0,-0.3903724240298511,-1.764453777290477,0.0,0.0,0.0,0.0,0.0
15,0.0,0.0,0.0,0.0,0.0,0.0,0.0,0.0,0.0,0.0,0.0,0.0,0.0,-0.36623375800609076,-0.3903724240298511,0.0,-0.2747593319169739,0.7791758033292063,-0.32807599133184234,-0.08619759624802659,0.0,0.0
16,0.0,0.0,0.0,0.0,0.0,0.0,0.0,0.0,0.0,0.0,0.0,0.0,0.0,-2.2605591871622517,-1.764453777290477,-0.2747593319169739,0.0,0.5422351015912367,-1.7436901965926228,0.13977076670426541,0.0,-2.015657496745276
17,0.0,0.0,0.0,0.0,0.0,0.0,0.0,0.0,0.0,0.0,0.0,0.0,0.0,0.0,0.0,0.7791758033292063,0.5422351015912367,0.0,0.33092038795212836,0.0,-0.35605838975778104,0.0
18,0.0,0.0,0.0,0.0,0.0,0.0,0.0,0.0,0.0,0.0,0.0,0.0,0.0,0.0,0.0,-0.32807599133184234,-1.7436901965926228,0.33092038795212836,0.0,0.2709254993284171,-0.19469599238482613,-2.476897270751412
19,0.0,0.0,0.0,0.0,0.0,0.0,0.0,0.0,0.0,0.0,0.0,0.0,0.0,0.0,0.0,-0.08619759624802659,0.13977076670426541,0.0,0.2709254993284171,0.0,0.0,0.0
20,0.0,0.0,0.0,0.0,0.0,0.0,0.0,0.0,0.0,0.0,0.0,0.0,0.0,0.0,0.0,0.0,0.0,-0.35605838975778104,-0.19469599238482613,0.0,0.0,-0.4196889499630338
21,0.0,0.0,0.0,0.0,0.0,0.0,0.0,0.0,0.0,0.0,0.0,0.0,0.0,0.0,0.0,0.0,-2.015657496745276,0.0,-2.476897270751412,0.0,-0.4196889499630338,0.0
