,0,1,2,3,4,5,6,7,8,9,10,11,12,13,14,15,16,17,18,19,20,21,22
0,0.0,1.7753602570261675,0.3479961297103712,0.7841598057806429,0.0,0.0,0.0,0.0,0.0,0.0,0.0,0.0,0.0,0.0,0.0,0.0,0.0,0.0,0.0,0.0,0.0,0.0,0.0
1,1.7753602570261675,0.0,1.6330036359087714,1.5141817597580827,3.4520268391504327,0.0,0.0,0.0,0.0,0.0,0.0,0.0,0.0,0.0,0.0,0.0,0.0,0.0,0.0,0.0,0.0,0.0,0.0
2,0.3479961297103712,1.6330036359087714,0.0,-0.022562887641668847,3.3116675101744617,0.0,0.0,0.0,0.0,0.0,0.0,0.0,0.0,0.0,0.0,0.0,0.0,0.0,0.0,0.0,0.0,0.0,0.0
3,0.7841598057806429,1.5141817597580827,-0.022562887641668847,0.0,3.3073648491181586,3.1448874115509717,0.0,0.0,0.0,0.0,0.0,0.0,0.0,0.0,0.0,0.0,0.0,0.0,0.0,0.0,0.0,0.0,0.0
4,0.0,3.4520268391504327,3.3116675101744617,3.3073648491181586,0.0,0.20729485655637944,2.730060432310352,0.0,2.355934294636598,0.0,0.0,0.0,0.0,0.0,0.0,0.0,0.0,0.0,0.0,0.0,0.0,0.0,0.0
5,0.0,0.0,0.0,3.1448874115509717,0.20729485655637944,0.0,2.7054868669907552,0.0,2.330832052309852,0.0,0.0,0.0,0.0,0.0,0.0,0.0,0.0,0.0,0.0,0.0,0.0,0.0,0.0
6,0.0,0.0,0.0,0.0,2.730060432310352,2.7054868669907552,0.0,0.0,-1.034870586793248,0.0,0.0,0.0,0.0,0.0,0.0,0.0,0.0,0.0,0.0,0.0,0.0,0.0,0.0
7,0.0,0.0,0.0,0.0,0.0,0.0,0.0,0.0,2.3662571556457324,1.88282498090952,1.5494965409573602,0.0,0.0,0.0,0.0,0.0,0.0,0.0,0.0,0.0,0.0,0.0,0.0
8,0.0,0.0,0.0,0.0,2.355934294636598,2.330832052309852,-1.034870586793248,2.3662571556457324,0.0,-1.165477137536419,0.0,0.0,0.0,0.0,0.0,0.0,0.0,0.0,0.0,0.0,0.0,0.0,0.0
9,0.0,0.0,0.0,0.0,0.0,0.0,0.0,1.88282498090952,-1.165477137536419,0.0,-0.39352756191482485,0.0,-0.4596439531626056,0.0,0.0,0.0,0.0,0.0,0.0,0.0,0.0,0.0,0.0
10,0.0,0.0,0.0,0.0,0.0,0.0,0.0,1.5494965409573602,0.0,-0.39352756191482485,0.0,0.0,-0.06309038786213367,-1.2058355108362566,0.0,0.0,0.0,0.0,0.0,0.0,0.0,0.0,0.0
11,0.0,0.0,0.0,0.0,0.0,0.0,0.0,0.0,0.0,0.0,0.0,0.0,0.0,0.0,0.7558632408597898,0.5906275797850004,0.19462269815403468,0.0,0.0,0.0,0.0,0.0,0.0
12,0.0,0.0,0.0,0.0,0.0,0.0,0.0,0.0,0.0,-0.4596439531626056,-0.06309038786213367,0.0,0.0,-0.39356051757724586,-0.10342401587721127,-0.2769546901452968,0.0,0.0,0.0,0.0,0.0,0.0,0.0
13,0.0,0.0,0.0,0.0,0.0,0.0,0.0,0.0,0.0,0.0,-1.2058355108362566,0.0,-0.39356051757724586,0.0,-1.1722771886457652,-1.5813019984529537,0.0,0.0,0.0,0.0,0.0,0.0,0.0
14,0.0,0.0,0.0,0.0,0.0,0.0,0.0,0.0,0.0,0.0,0.0,0.7558632408597898,-0.10342401587721127,-1.1722771886457652,0.0,-2.006923901093158,0.0,0.0,0.0,0.0,0.0,0.0,0.0
15,0.0,0.0,0.0,0.0,0.0,0.0,0.0,0.0,0.0,0.0,0.0,0.5906275797850004,-0.2769546901452968,-1.5813019984529537,-2.006923901093158,0.0,-0.5407259171681749,-0.791072701988767,0.9567868322425922,0.0,0.0,0.0,0.0
16,0.0,0.0,0.0,0.0,0.0,0.0,0.0,0.0,0.0,0.0,0.0,0.19462269815403468,0.0,0.0,0.0,-0.5407259171681749,0.0,-1.1824120538141505,1.0571521683182803,0.0,0.0,0.0,0.0
17,0.0,0.0,0.0,0.0,0.0,0.0,0.0,0.0,0.0,0.0,0.0,0.0,0.0,0.0,0.0,-0.791072701988767,-1.1824120538141505,0.0,1.0837012644651272,0.0,0.0,0.0,0.0
18,0.0,0.0,0.0,0.0,0.0,0.0,0.0,0.0,0.0,0.0,0.0,0.0,0.0,0.0,0.0,0.9567868322425922,1.0571521683182803,1.0837012644651272,0.0,0.0,0.0,0.0,0.0
19,0.0,0.0,0.0,0.0,0.0,0.0,0.0,0.0,0.0,0.0,0.0,0.0,0.0,0.0,0.0,0.0,0.0,0.0,0.0,0.0,0.0940592117636425,0.28885073532630684,-1.0074269702918992
20,0.0,0.0,0.0,0.0,0.0,0.0,0.0,0.0,0.0,0.0,0.0,0.0,0.0,0.0,0.0,0.0,0.0,0.0,0.0,0.0940592117636425,0.0,-0.9866115673038675,-0.2022742065640521
21,0.0,0.0,0.0,0.0,0.0,0.0,0.0,0.0,0.0,0.0,0.0,0.0,0.0,0.0,0.0,0.0,0.0,0.0,0.0,0.28885073532630684,-0.9866115673038675,0.0,-0.049599096868561315
22,0.0,0.0,0.0,0.0,0.0,0.0,0.0,0.0,0.0,0.0,0.0,0.0,0.0,0.0,0.0,0.0,0.0,0.0,0.0,-1.0074269702918992,-0.2022742065640521,-0.049599096868561315,0.0
