,0,1,2,3,4,5,6,7,8,9,10,11,12,13,14,15,16,17,18,19,20,21,22,23
0,0.0,1.2175733383782397,0.6244023365174779,0.4534871904010517,0.0,0.0,0.0,0.0,0.0,0.0,0.0,0.0,0.0,0.0,0.0,0.0,0.0,0.0,0.0,0.0,0.0,0.0,0.0,0.0
1,1.2175733383782397,0.0,0.6824972777171249,-0.16275421769340434,0.0,0.0,0.0,0.0,0.0,0.0,0.0,0.0,0.0,0.0,0.0,0.0,0.0,0.0,0.0,0.0,0.0,0.0,0.0,0.0
2,0.6244023365174779,0.6824972777171249,0.0,-0.062478532377694004,-0.1642178127913321,0.0,0.0,0.0,0.0,0.0,0.0,0.0,0.0,0.0,0.0,0.0,0.0,0.0,0.0,0.0,0.0,0.0,0.0,0.0
3,0.4534871904010517,-0.16275421769340434,-0.062478532377694004,0.0,-2.437629464234882,-0.6879411127073425,0.0,0.0,0.0,0.0,0.0,0.0,0.0,0.0,0.0,0.0,0.0,0.0,0.0,0.0,0.0,0.0,0.0,0.0
4,0.0,0.0,-0.1642178127913321,-2.437629464234882,0.0,-0.7376813642194949,0.0,0.0,0.0,0.0,0.0,0.0,0.0,0.0,0.0,0.0,0.0,0.0,0.0,0.0,0.0,0.0,0.0,0.0
5,0.0,0.0,0.0,-0.6879411127073425,-0.7376813642194949,0.0,-0.1931688133870935,2.6384695572945107,0.8741615777557445,0.0,0.0,0.0,0.0,0.0,0.0,0.0,0.0,0.0,0.0,0.0,0.0,0.0,0.0,0.0
6,0.0,0.0,0.0,0.0,0.0,-0.1931688133870935,0.0,2.6919977684603653,0.5863793272405435,0.25523177991893825,0.0,0.0,0.0,0.0,0.0,0.0,0.0,0.0,0.0,0.0,0.0,0.0,0.0,0.0
7,0.0,0.0,0.0,0.0,0.0,2.6384695572945107,2.6919977684603653,0.0,2.774643166541514,0.0,0.0,0.0,0.0,0.0,0.0,0.0,0.0,0.0,0.0,0.0,0.0,0.0,0.0,0.0
8,0.0,0.0,0.0,0.0,0.0,0.8741615777557445,0.5863793272405435,2.774643166541514,0.0,-1.2154970039812807,0.0,0.0,0.0,0.0,0.0,0.0,0.0,0.0,0.0,0.0,0.0,0.0,0.0,0.0
9,0.0,0.0,0.0,0.0,0.0,0.0,0.25523177991893825,0.0,-1.2154970039812807,0.0,0.0,-1.3483932304544046,0.0,0.0,0.0,0.0,0.0,0.0,0.0,0.13954685480483314,0.0,0.0,0.0,0.0
10,0.0,0.0,0.0,0.0,0.0,0.0,0.0,0.0,0.0,0.0,0.0,0.772510520488171,-0.17952939398411488,-0.7157294793187061,0.0,0.0,0.0,0.0,0.0,0.0,0.0,0.0,0.0,0.0
11,0.0,0.0,0.0,0.0,0.0,0.0,0.0,0.0,0.0,-1.3483932304544046,0.772510520488171,0.0,-0.3017809010747707,0.12012195898674134,-0.4484633896097423,0.0,0.0,0.0,0.0,0.0,0.0,0.0,0.0,0.0
12,0.0,0.0,0.0,0.0,0.0,0.0,0.0,0.0,0.0,0.0,-0.17952939398411488,-0.3017809010747707,0.0,-0.674100720163012,-2.2149999491030608,1.383009357158429,0.0,0.0,0.0,0.0,0.0,0.0,0.0,0.0
13,0.0,0.0,0.0,0.0,0.0,0.0,0.0,0.0,0.0,0.0,-0.7157294793187061,0.12012195898674134,-0.674100720163012,0.0,-0.9555250173289114,1.3457681673240705,0.0,0.0,0.0,0.0,0.0,0.0,0.0,0.0
14,0.0,0.0,0.0,0.0,0.0,0.0,0.0,0.0,0.0,0.0,0.0,-0.4484633896097423,-2.2149999491030608,-0.9555250173289114,0.0,1.3928102969028202,1.1232892175455935,0.0,0.0,0.0,0.0,0.0,0.0,0.0
15,0.0,0.0,0.0,0.0,0.0,0.0,0.0,0.0,0.0,0.0,0.0,0.0,1.383009357158429,1.3457681673240705,1.3928102969028202,0.0,-1.4301139539378915,0.0,0.0,0.0,0.0,0.0,0.0,0.0
16,0.0,0.0,0.0,0.0,0.0,0.0,0.0,0.0,0.0,0.0,0.0,0.0,0.0,0.0,1.1232892175455935,-1.4301139539378915,0.0,-0.6887400904384485,0.0,0.0,0.0,0.0,0.0,0.0
17,0.0,0.0,0.0,0.0,0.0,0.0,0.0,0.0,0.0,0.0,0.0,0.0,0.0,0.0,0.0,0.0,-0.6887400904384485,0.0,-0.7663690510985718,0.0,0.01755846875945545,-0.2633002645121337,0.0,0.0
18,0.0,0.0,0.0,0.0,0.0,0.0,0.0,0.0,0.0,0.0,0.0,0.0,0.0,0.0,0.0,0.0,0.0,-0.7663690510985718,0.0,0.0,0.11891940782647757,-0.12034594993123017,-0.38671146086823216,0.0
19,0.0,0.0,0.0,0.0,0.0,0.0,0.0,0.0,0.0,0.13954685480483314,0.0,0.0,0.0,0.0,0.0,0.0,0.0,0.0,0.0,0.0,-0.5368624971002962,0.0,0.0,0.21807458920233866
20,0.0,0.0,0.0,0.0,0.0,0.0,0.0,0.0,0.0,0.0,0.0,0.0,0.0,0.0,0.0,0.0,0.0,0.01755846875945545,0.11891940782647757,-0.5368624971002962,0.0,-1.8700047637796091,-1.9507630926394575,0.2539789251257446
21,0.0,0.0,0.0,0.0,0.0,0.0,0.0,0.0,0.0,0.0,0.0,0.0,0.0,0.0,0.0,0.0,0.0,-0.2633002645121337,-0.12034594993123017,0.0,-1.8700047637796091,0.0,-1.768490037161804,0.27797409794316746
22,0.0,0.0,0.0,0.0,0.0,0.0,0.0,0.0,0.0,0.0,0.0,0.0,0.0,0.0,0.0,0.0,0.0,0.0,-0.38671146086823216,0.0,-1.9507630926394575,-1.768490037161804,0.0,0.20141993412558715
23,0.0,0.0,0.0,0.0,0.0,0.0,0.0,0.0,0.0,0.0,0.0,0.0,0.0,0.0,0.0,0.0,0.0,0.0,0.0,0.21807458920233866,0.2539789251257446,0.27797409794316746,0.20141993412558715,0.0
