,0,1,2,3,4,5,6,7,8,9,10,11,12,13,14,15,16,17,18,19,20,21
0,0.0,1.8971466097126783,-0.25294715712861693,-0.4886063511184478,0.0,0.0,0.0,0.0,0.0,0.0,0.0,0.0,0.0,0.0,0.0,0.0,0.0,0.0,0.0,0.0,0.0,0.0
1,1.8971466097126783,0.0,1.6012234647038064,1.4123178858358891,2.3492387953983327,0.0,0.0,0.0,0.0,0.0,0.0,0.0,0.0,0.0,0.0,0.0,0.0,0.0,0.0,0.0,0.0,0.0
2,-0.25294715712861693,1.6012234647038064,0.0,-0.604153665725325,2.2337775383350276,0.0,0.0,0.0,0.0,0.0,0.0,0.0,0.0,0.0,0.0,0.0,0.0,0.0,0.0,0.0,0.0,0.0
3,-0.4886063511184478,1.4123178858358891,-0.604153665725325,0.0,2.2535934066738115,0.0,-1.9031996704134346,0.0,0.0,0.0,0.0,0.0,0.0,0.0,0.0,0.0,0.0,0.0,0.0,0.0,0.0,0.0
4,0.0,2.3492387953983327,2.2337775383350276,2.2535934066738115,0.0,-1.6521537233272232,2.151638790614817,-0.7319526269086027,0.0,0.0,0.0,0.0,0.0,0.0,0.0,0.0,0.0,0.0,0.0,0.0,0.0,0.0
5,0.0,0.0,0.0,0.0,-1.6521537233272232,0.0,2.1735019226729673,-0.5807295667133348,0.0,0.0,0.0,0.0,0.0,0.0,0.0,0.0,0.0,0.0,0.0,0.0,0.0,0.0
6,0.0,0.0,0.0,-1.9031996704134346,2.151638790614817,2.1735019226729673,0.0,0.0,-1.4082870892371786,0.0,0.0,0.0,0.0,0.0,0.0,0.0,0.0,0.0,0.0,0.0,0.0,0.0
7,0.0,0.0,0.0,0.0,-0.7319526269086027,-0.5807295667133348,0.0,0.0,1.6172072642150894,1.4132184569195851,0.03753502266464214,0.0,0.0,0.0,0.0,0.0,0.0,0.0,0.0,0.0,0.0,0.0
8,0.0,0.0,0.0,0.0,0.0,0.0,-1.4082870892371786,1.6172072642150894,0.0,0.6129811274263333,1.4490630034415077,0.0,0.0,0.0,0.0,0.0,0.0,0.0,0.0,0.0,0.0,0.0
9,0.0,0.0,0.0,0.0,0.0,0.0,0.0,1.4132184569195851,0.6129811274263333,0.0,1.1754545328635446,1.1157502822458605,0.0,0.0,0.0,0.0,0.0,0.0,0.0,0.0,0.0,0.0
10,0.0,0.0,0.0,0.0,0.0,0.0,0.0,0.03753502266464214,1.4490630034415077,1.1754545328635446,0.0,-0.6255893699999796,-0.0013247308509623699,0.0,0.0,0.0,0.0,0.0,0.0,0.0,0.0,0.0
11,0.0,0.0,0.0,0.0,0.0,0.0,0.0,0.0,0.0,1.1157502822458605,-0.6255893699999796,0.0,0.3783077249280772,0.0,0.0,0.0,0.0,0.0,0.0,0.0,0.0,0.0
12,0.0,0.0,0.0,0.0,0.0,0.0,0.0,0.0,0.0,0.0,-0.0013247308509623699,0.3783077249280772,0.0,0.8405911816005958,0.0,0.0,0.0,0.0,0.0,0.0,0.0,0.0
13,0.0,0.0,0.0,0.0,0.0,0.0,0.0,0.0,0.0,0.0,0.0,0.0,0.8405911816005958,0.0,-0.3479651528321272,-0.7222704480511171,0.14403088383803764,0.0,0.0,0.0,0.0,0.0
14,0.0,0.0,0.0,0.0,0.0,0.0,0.0,0.0,0.0,0.0,0.0,0.0,0.0,-0.3479651528321272,0.0,-1.3691237623254313,-0.5861749166299913,0.36431142143806716,0.0,0.0,0.0,0.0
15,0.0,0.0,0.0,0.0,0.0,0.0,0.0,0.0,0.0,0.0,0.0,0.0,0.0,-0.7222704480511171,-1.3691237623254313,0.0,-0.2966567055521558,0.3246525691800242,0.6113694129263605,0.0,0.0,0.0
16,0.0,0.0,0.0,0.0,0.0,0.0,0.0,0.0,0.0,0.0,0.0,0.0,0.0,0.14403088383803764,-0.5861749166299913,-0.2966567055521558,0.0,0.24144286929219122,0.0,0.0,0.0,0.0
17,0.0,0.0,0.0,0.0,0.0,0.0,0.0,0.0,0.0,0.0,0.0,0.0,0.0,0.0,0.36431142143806716,0.3246525691800242,0.24144286929219122,0.0,1.000439502393807,-2.71973135239101,0.0,-3.1188501667014816
18,0.0,0.0,0.0,0.0,0.0,0.0,0.0,0.0,0.0,0.0,0.0,0.0,0.0,0.0,0.0,0.6113694129263605,0.0,1.000439502393807,0.0,0.5896182245067678,-0.7027353366966628,-0.5725148025498049
19,0.0,0.0,0.0,0.0,0.0,0.0,0.0,0.0,0.0,0.0,0.0,0.0,0.0,0.0,0.0,0.0,0.0,-2.71973135239101,0.5896182245067678,0.0,0.4008333798013791,-3.7623229605579707
20,0.0,0.0,0.0,0.0,0.0,0.0,0.0,0.0,0.0,0.0,0.0,0.0,0.0,0.0,0.0,0.0,0.0,0.0,-0.7027353366966628,0.4008333798013791,0.0,-0.2593294105568363
21,0.0,0.0,0.0,0.0,0.0,0.0,0.0,0.0,0.0,0.0,0.0,0.0,0.0,0.0,0.0,0.0,0.0,-3.1188501667014816,-0.5725148025498049,-3.7623229605579707,-0.2593294105568363,0.0
