,0,1,2,3,4,5,6,7,8,9,10,11,12,13,14,15,16,17,18,19,20,21,22,23,24,25,26
0,0.0,0.14961902347377573,-1.3979075162271912,2.049526898265203,0.0,0.0,0.0,0.0,0.0,0.0,0.0,0.0,0.0,0.0,0.0,0.0,0.0,0.0,0.0,0.0,0.0,0.0,0.0,0.0,0.0,0.0,0.0
1,0.14961902347377573,0.0,-0.36420759722966023,2.0324334084458835,0.0,0.0,0.0,0.0,0.0,0.0,0.0,0.0,0.0,0.0,0.0,0.0,0.0,0.0,0.0,0.0,0.0,0.0,0.0,0.0,0.0,0.0,0.0
2,-1.3979075162271912,-0.36420759722966023,0.0,2.0369158075324623,1.483631382899313,3.408919778191638,0.0,0.0,0.0,0.0,0.0,0.0,0.0,0.0,0.0,0.0,0.0,0.0,0.0,0.0,0.0,0.0,0.0,0.0,0.0,0.0,0.0
3,2.049526898265203,2.0324334084458835,2.0369158075324623,0.0,2.4476825043580916,3.34803760077487,0.0,0.0,0.0,0.0,0.0,0.0,0.0,0.0,0.0,0.0,0.0,0.0,0.0,0.0,0.0,0.0,0.0,0.0,0.0,0.0,0.0
4,0.0,0.0,1.483631382899313,2.4476825043580916,0.0,3.435016260874812,1.1190525345858429,0.0,0.0,0.0,0.0,0.0,0.0,0.0,0.0,0.0,0.0,0.0,0.0,0.0,0.0,0.0,0.0,0.0,0.0,0.0,0.0
5,0.0,0.0,3.408919778191638,3.34803760077487,3.435016260874812,0.0,0.0,0.0,0.0,0.0,0.0,0.0,0.0,0.0,0.0,0.0,0.0,0.0,0.0,0.0,0.0,0.0,0.0,0.0,0.0,0.0,0.0
6,0.0,0.0,0.0,0.0,1.1190525345858429,0.0,0.0,2.566998330162682,2.182541748971309,0.0,0.0,0.0,0.0,0.0,0.0,0.0,0.0,0.0,0.0,0.0,0.0,0.0,0.0,0.0,0.0,0.0,0.0
7,0.0,0.0,0.0,0.0,0.0,0.0,2.566998330162682,0.0,-0.3707670620475747,0.0,0.0,1.5534076286091665,0.0,0.0,0.0,0.0,0.0,0.0,0.0,0.0,0.0,0.0,0.0,0.0,0.0,0.0,0.0
8,0.0,0.0,0.0,0.0,0.0,0.0,2.182541748971309,-0.3707670620475747,0.0,0.0,0.0,1.6353403798855342,1.5042941840683917,0.0,0.0,0.0,0.0,0.0,0.0,0.0,0.0,0.0,0.0,0.0,0.0,0.0,0.0
9,0.0,0.0,0.0,0.0,0.0,0.0,0.0,0.0,0.0,0.0,0.0,-0.4470857947848703,-0.5505044502327019,-1.0762039376951404,0.0,0.0,0.0,0.0,0.0,0.0,0.0,0.0,0.0,0.0,0.0,0.0,0.0
10,0.0,0.0,0.0,0.0,0.0,0.0,0.0,0.0,0.0,0.0,0.0,-0.0034695527705853315,0.1358912109794753,0.10845359258481317,0.0,0.0,0.0,0.0,0.0,0.0,0.0,0.0,0.0,0.0,0.0,0.0,0.0
11,0.0,0.0,0.0,0.0,0.0,0.0,0.0,1.5534076286091665,1.6353403798855342,-0.4470857947848703,-0.0034695527705853315,0.0,-1.2415551040960797,-1.1801227193529726,0.12070341907538558,0.0,0.0,0.0,0.0,0.0,0.0,0.0,0.0,0.0,0.0,0.0,0.0
12,0.0,0.0,0.0,0.0,0.0,0.0,0.0,0.0,1.5042941840683917,-0.5505044502327019,0.1358912109794753,-1.2415551040960797,0.0,-1.6659222383707581,-0.0842791398699443,0.0,0.0,0.0,0.0,0.0,0.0,0.0,0.0,0.0,0.0,0.0,0.0
13,0.0,0.0,0.0,0.0,0.0,0.0,0.0,0.0,0.0,-1.0762039376951404,0.10845359258481317,-1.1801227193529726,-1.6659222383707581,0.0,-0.16874495262150688,1.0205456425804487,0.0,0.0,0.0,0.0,0.0,0.0,0.0,0.0,0.0,0.0,0.0
14,0.0,0.0,0.0,0.0,0.0,0.0,0.0,0.0,0.0,0.0,0.0,0.12070341907538558,-0.0842791398699443,-0.16874495262150688,0.0,0.8676709630183815,0.2179991759421367,0.21887866005549644,0.8129509155231026,0.0,0.0,0.0,0.0,0.0,0.0,0.0,0.0
15,0.0,0.0,0.0,0.0,0.0,0.0,0.0,0.0,0.0,0.0,0.0,0.0,0.0,1.0205456425804487,0.8676709630183815,0.0,0.0,0.0,-1.8887300425968911,0.0,0.0,0.0,0.0,0.0,0.0,0.0,0.0
16,0.0,0.0,0.0,0.0,0.0,0.0,0.0,0.0,0.0,0.0,0.0,0.0,0.0,0.0,0.2179991759421367,0.0,0.0,-0.5909425435804018,1.072629312047271,0.7600304400317655,0.0,0.0,0.0,0.0,0.0,0.0,0.0
17,0.0,0.0,0.0,0.0,0.0,0.0,0.0,0.0,0.0,0.0,0.0,0.0,0.0,0.0,0.21887866005549644,0.0,-0.5909425435804018,0.0,0.0,0.8658142713266846,0.0,0.0,0.0,0.0,0.0,0.0,0.0
18,0.0,0.0,0.0,0.0,0.0,0.0,0.0,0.0,0.0,0.0,0.0,0.0,0.0,0.0,0.8129509155231026,-1.8887300425968911,1.072629312047271,0.0,0.0,0.0,0.0,0.0,0.0,0.0,0.0,0.0,0.0
19,0.0,0.0,0.0,0.0,0.0,0.0,0.0,0.0,0.0,0.0,0.0,0.0,0.0,0.0,0.0,0.0,0.7600304400317655,0.8658142713266846,0.0,0.0,0.011438143757579344,0.0,0.0,0.0,0.0,0.0,0.0
20,0.0,0.0,0.0,0.0,0.0,0.0,0.0,0.0,0.0,0.0,0.0,0.0,0.0,0.0,0.0,0.0,0.0,0.0,0.0,0.011438143757579344,0.0,-0.6552672291498438,-0.6173712278280404,0.0,0.0,-0.35176007236793444,0.0
21,0.0,0.0,0.0,0.0,0.0,0.0,0.0,0.0,0.0,0.0,0.0,0.0,0.0,0.0,0.0,0.0,0.0,0.0,0.0,0.0,-0.6552672291498438,0.0,-0.05260863985621013,-0.45619059419535046,-0.333899138339893,0.0,-0.9598122595814421
22,0.0,0.0,0.0,0.0,0.0,0.0,0.0,0.0,0.0,0.0,0.0,0.0,0.0,0.0,0.0,0.0,0.0,0.0,0.0,0.0,-0.6173712278280404,-0.05260863985621013,0.0,0.0,-0.9639778959560302,-0.9113615005413513,0.0
23,0.0,0.0,0.0,0.0,0.0,0.0,0.0,0.0,0.0,0.0,0.0,0.0,0.0,0.0,0.0,0.0,0.0,0.0,0.0,0.0,0.0,-0.45619059419535046,0.0,0.0,-0.9804922298762214,-0.46702357853441734,-1.9424283971483836
24,0.0,0.0,0.0,0.0,0.0,0.0,0.0,0.0,0.0,0.0,0.0,0.0,0.0,0.0,0.0,0.0,0.0,0.0,0.0,0.0,0.0,-0.333899138339893,-0.9639778959560302,-0.9804922298762214,0.0,-1.1036110575705598,-0.9923415137696138
25,0.0,0.0,0.0,0.0,0.0,0.0,0.0,0.0,0.0,0.0,0.0,0.0,0.0,0.0,0.0,0.0,0.0,0.0,0.0,0.0,-0.35176007236793444,0.0,-0.9113615005413513,-0.46702357853441734,-1.1036110575705598,0.0,0.0
26,0.0,0.0,0.0,0.0,0.0,0.0,0.0,0.0,0.0,0.0,0.0,0.0,0.0,0.0,0.0,0.0,0.0,0.0,0.0,0.0,0.0,-0.9598122595814421,0.0,-1.9424283971483836,-0.9923415137696138,0.0,0.0
