,0,1,2,3,4,5,6,7,8,9,10,11,12,13,14,15,16,17,18,19,20
0,0.0,0.4381885401379431,-1.6326712899401812,-1.2747985939371684,0.0,0.0,0.0,0.0,0.0,0.0,0.0,0.0,0.0,0.0,0.0,0.0,0.0,0.0,0.0,0.0,0.0
1,0.4381885401379431,0.0,-0.021984361531434984,-0.13436444105060785,-0.6798486002652414,0.0,0.0,0.0,0.0,0.0,0.0,0.0,0.0,0.0,0.0,0.0,0.0,0.0,0.0,0.0,0.0
2,-1.6326712899401812,-0.021984361531434984,0.0,-2.0511837614542214,-1.265098475289305,-1.8811412557236376,0.0,0.0,0.0,0.0,0.0,0.0,0.0,0.0,0.0,0.0,0.0,0.0,0.0,0.0,0.0
3,-1.2747985939371684,-0.13436444105060785,-2.0511837614542214,0.0,-0.9601434433010467,-1.4788135656435162,0.0,0.0,0.0,0.0,0.0,0.0,0.0,0.0,0.0,0.0,0.0,0.0,0.0,0.0,0.0
4,0.0,-0.6798486002652414,-1.265098475289305,-0.9601434433010467,0.0,-1.513558587832064,-1.1875697076861824,0.0,0.0,0.0,0.0,0.0,0.0,0.0,0.0,0.0,0.0,0.0,0.0,0.0,0.0
5,0.0,0.0,-1.8811412557236376,-1.4788135656435162,-1.513558587832064,0.0,-1.7907807533945839,0.0,0.0,0.0,0.0,0.0,0.0,0.0,0.0,0.0,0.0,0.0,0.0,0.0,0.0
6,0.0,0.0,0.0,0.0,-1.1875697076861824,-1.7907807533945839,0.0,2.087056517294431,1.9256348316423177,0.0,0.0,0.0,0.0,0.0,0.0,0.0,0.0,0.0,0.0,0.0,0.0
7,0.0,0.0,0.0,0.0,0.0,0.0,2.087056517294431,0.0,-0.43360782195248115,-1.1155796478103583,-0.9256518479377256,0.0,0.0,0.0,0.0,0.0,0.0,0.0,0.0,0.0,0.0
8,0.0,0.0,0.0,0.0,0.0,0.0,1.9256348316423177,-0.43360782195248115,0.0,-0.060661075599212654,-0.1696002523110393,0.0,0.0,0.0,0.0,0.0,0.0,0.0,0.0,0.0,0.0
9,0.0,0.0,0.0,0.0,0.0,0.0,0.0,-1.1155796478103583,-0.060661075599212654,0.0,-1.0534026012730375,0.0,0.0,0.0,0.0,0.0,0.0,0.0,0.0,0.0,0.0
10,0.0,0.0,0.0,0.0,0.0,0.0,0.0,-0.9256518479377256,-0.1696002523110393,-1.0534026012730375,0.0,0.0,0.0,0.0,0.0,0.0,0.0,0.0,0.0,0.0,0.0
11,0.0,0.0,0.0,0.0,0.0,0.0,0.0,0.0,0.0,0.0,0.0,0.0,-0.9518268398262486,1.7086943182654186,-2.182964896577048,0.0,0.0,0.0,0.0,0.0,0.0
12,0.0,0.0,0.0,0.0,0.0,0.0,0.0,0.0,0.0,0.0,0.0,-0.9518268398262486,0.0,1.6553448331802292,-1.686078759093982,0.0,0.0,0.0,0.0,0.0,0.0
13,0.0,0.0,0.0,0.0,0.0,0.0,0.0,0.0,0.0,0.0,0.0,1.7086943182654186,1.6553448331802292,0.0,1.2205690846246875,1.168738227319311,0.0,0.0,0.0,0.0,0.0
14,0.0,0.0,0.0,0.0,0.0,0.0,0.0,0.0,0.0,0.0,0.0,-2.182964896577048,-1.686078759093982,1.2205690846246875,0.0,-1.4059740240121015,-1.8294960611055917,-1.0238432175398795,0.0,0.0,0.0
15,0.0,0.0,0.0,0.0,0.0,0.0,0.0,0.0,0.0,0.0,0.0,0.0,0.0,1.168738227319311,-1.4059740240121015,0.0,-1.0115102195398773,-0.5873266460019688,-0.6370975566812347,0.0,0.0
16,0.0,0.0,0.0,0.0,0.0,0.0,0.0,0.0,0.0,0.0,0.0,0.0,0.0,0.0,-1.8294960611055917,-1.0115102195398773,0.0,-1.356055617684266,-1.4274873153910972,0.0,-0.971022231475352
17,0.0,0.0,0.0,0.0,0.0,0.0,0.0,0.0,0.0,0.0,0.0,0.0,0.0,0.0,-1.0238432175398795,-0.5873266460019688,-1.356055617684266,0.0,-3.4699030472990406,-0.08153198187790704,0.0
18,0.0,0.0,0.0,0.0,0.0,0.0,0.0,0.0,0.0,0.0,0.0,0.0,0.0,0.0,0.0,-0.6370975566812347,-1.4274873153910972,-3.4699030472990406,0.0,-0.06834814893141195,-0.8446711687147312
19,0.0,0.0,0.0,0.0,0.0,0.0,0.0,0.0,0.0,0.0,0.0,0.0,0.0,0.0,0.0,0.0,0.0,-0.08153198187790704,-0.06834814893141195,0.0,-2.838686864041434
20,0.0,0.0,0.0,0.0,0.0,0.0,0.0,0.0,0.0,0.0,0.0,0.0,0.0,0.0,0.0,0.0,-0.971022231475352,0.0,-0.8446711687147312,-2.838686864041434,0.0
