,0,1,2,3,4,5,6,7,8,9,10,11,12,13,14,15,16,17,18,19,20,21,22,23,24,25,26
0,0.0,0.5416673609181671,0.7512240857912424,2.989653265761424,0.0,0.0,0.0,0.0,0.0,0.0,0.0,0.0,0.0,0.0,0.0,0.0,0.0,0.0,0.0,0.0,0.0,0.0,0.0,0.0,0.0,0.0,0.0
1,0.5416673609181671,0.0,0.13933527961591138,2.949751710042602,-0.7011437339570682,0.0,0.0,0.0,0.0,0.0,0.0,0.0,0.0,0.0,0.0,0.0,0.0,0.0,0.0,0.0,0.0,0.0,0.0,0.0,0.0,0.0,0.0
2,0.7512240857912424,0.13933527961591138,0.0,2.903175139380354,-2.240071336853808,-0.4243904281456842,0.0,0.0,0.0,0.0,0.0,0.0,0.0,0.0,0.0,0.0,0.0,0.0,0.0,0.0,0.0,0.0,0.0,0.0,0.0,0.0,0.0
3,2.989653265761424,2.949751710042602,2.903175139380354,0.0,2.363623142431488,0.0,0.0,0.0,0.0,0.0,0.0,0.0,0.0,0.0,0.0,0.0,0.0,0.0,0.0,0.0,0.0,0.0,0.0,0.0,0.0,0.0,0.0
4,0.0,-0.7011437339570682,-2.240071336853808,2.363623142431488,0.0,-0.5833610780620954,-1.0152183473848297,-0.7026293832905101,0.0,0.0,0.0,0.0,0.0,0.0,0.0,0.0,0.0,0.0,0.0,0.0,0.0,0.0,0.0,0.0,0.0,0.0,0.0
5,0.0,0.0,-0.4243904281456842,0.0,-0.5833610780620954,0.0,-2.012898200242413,-0.25351258028087836,0.0,0.0,0.0,0.0,0.0,0.0,0.0,0.0,0.0,0.0,0.0,0.0,0.0,0.0,0.0,0.0,0.0,0.0,0.0
6,0.0,0.0,0.0,0.0,-1.0152183473848297,-2.012898200242413,0.0,-0.22423049939177253,0.0,-0.9346796062169256,-0.3574864624998268,0.0,0.0,0.0,0.0,0.0,0.0,0.0,0.0,0.0,0.0,0.0,0.0,0.0,0.0,0.0,0.0
7,0.0,0.0,0.0,0.0,-0.7026293832905101,-0.25351258028087836,-0.22423049939177253,0.0,0.0,-0.3827584230925329,-1.8147940318916747,0.0,0.0,0.0,0.0,0.0,0.0,0.0,0.0,0.0,0.0,0.0,0.0,0.0,0.0,0.0,0.0
8,0.0,0.0,0.0,0.0,0.0,0.0,0.0,0.0,0.0,-0.16793132558332835,0.3910233029697006,-0.647867984992956,0.0,0.0,0.0,0.0,0.0,0.0,0.0,0.0,0.0,0.0,0.0,0.0,0.0,0.0,0.0
9,0.0,0.0,0.0,0.0,0.0,0.0,-0.9346796062169256,-0.3827584230925329,-0.16793132558332835,0.0,-0.3858162226722366,-1.2424771554500356,0.0,0.0,0.0,1.1340567669101245,0.0,0.0,0.0,0.0,0.0,0.0,0.0,0.0,0.0,0.0,0.0
10,0.0,0.0,0.0,0.0,0.0,0.0,-0.3574864624998268,-1.8147940318916747,0.3910233029697006,-0.3858162226722366,0.0,-0.2813303510792823,0.0,0.0,0.0,0.9994032568426937,0.0,0.0,0.0,0.0,0.0,0.0,0.0,0.0,0.0,0.0,0.0
11,0.0,0.0,0.0,0.0,0.0,0.0,0.0,0.0,-0.647867984992956,-1.2424771554500356,-0.2813303510792823,0.0,-0.22842907950326258,-1.013268398788443,0.0,1.1531381712718323,0.0,0.0,0.0,0.0,0.0,0.0,0.0,0.0,0.0,0.0,0.0
12,0.0,0.0,0.0,0.0,0.0,0.0,0.0,0.0,0.0,0.0,0.0,-0.22842907950326258,0.0,-0.3894845908308994,0.7478806103418961,0.0,-0.5716163651442573,0.0,0.0,0.0,0.0,0.0,0.0,0.0,0.0,0.0,0.0
13,0.0,0.0,0.0,0.0,0.0,0.0,0.0,0.0,0.0,0.0,0.0,-1.013268398788443,-0.3894845908308994,0.0,0.48767571314114744,0.0,-1.6961914489717105,0.0,0.0,0.0,0.0,0.0,0.0,0.0,0.0,0.0,0.0
14,0.0,0.0,0.0,0.0,0.0,0.0,0.0,0.0,0.0,0.0,0.0,0.0,0.7478806103418961,0.48767571314114744,0.0,0.0,0.3837914409101166,0.0,0.0,0.0,0.0,0.0,0.0,0.0,0.0,0.0,0.0
15,0.0,0.0,0.0,0.0,0.0,0.0,0.0,0.0,0.0,1.1340567669101245,0.9994032568426937,1.1531381712718323,0.0,0.0,0.0,0.0,0.0,0.0,0.0,0.0,0.0,0.0,0.0,0.0,0.0,0.0,0.0
16,0.0,0.0,0.0,0.0,0.0,0.0,0.0,0.0,0.0,0.0,0.0,0.0,-0.5716163651442573,-1.6961914489717105,0.3837914409101166,0.0,0.0,0.0,0.0,0.4223953527172224,0.0,0.0,0.0,0.0,0.0,0.0,0.0
17,0.0,0.0,0.0,0.0,0.0,0.0,0.0,0.0,0.0,0.0,0.0,0.0,0.0,0.0,0.0,0.0,0.0,0.0,0.0,0.3756962552894322,-0.36934602072553124,0.0,0.0,0.0,0.1757820101427319,0.0,0.0
18,0.0,0.0,0.0,0.0,0.0,0.0,0.0,0.0,0.0,0.0,0.0,0.0,0.0,0.0,0.0,0.0,0.0,0.0,0.0,0.3565589201562213,0.2928439025702869,-0.3992440202854143,0.0,-0.4459519814487437,0.0,0.0,0.0
19,0.0,0.0,0.0,0.0,0.0,0.0,0.0,0.0,0.0,0.0,0.0,0.0,0.0,0.0,0.0,0.0,0.4223953527172224,0.3756962552894322,0.3565589201562213,0.0,0.0,-0.1454692038603327,0.0,0.0,0.0,0.0,0.0
20,0.0,0.0,0.0,0.0,0.0,0.0,0.0,0.0,0.0,0.0,0.0,0.0,0.0,0.0,0.0,0.0,0.0,-0.36934602072553124,0.2928439025702869,0.0,0.0,0.207081269214272,-0.0016498280265210526,0.04462569413132642,0.0,-1.9568525597038529,0.0
21,0.0,0.0,0.0,0.0,0.0,0.0,0.0,0.0,0.0,0.0,0.0,0.0,0.0,0.0,0.0,0.0,0.0,0.0,-0.3992440202854143,-0.1454692038603327,0.207081269214272,0.0,-2.3887026650494643,-1.7520925388212254,-0.5590300403274179,0.0,0.0
22,0.0,0.0,0.0,0.0,0.0,0.0,0.0,0.0,0.0,0.0,0.0,0.0,0.0,0.0,0.0,0.0,0.0,0.0,0.0,0.0,-0.0016498280265210526,-2.3887026650494643,0.0,-1.939263532328137,-0.4497337890706309,-0.1376821009263408,-1.6833075816948555
23,0.0,0.0,0.0,0.0,0.0,0.0,0.0,0.0,0.0,0.0,0.0,0.0,0.0,0.0,0.0,0.0,0.0,0.0,-0.4459519814487437,0.0,0.04462569413132642,-1.7520925388212254,-1.939263532328137,0.0,-0.5746762164069064,0.0,-2.1535369801709687
24,0.0,0.0,0.0,0.0,0.0,0.0,0.0,0.0,0.0,0.0,0.0,0.0,0.0,0.0,0.0,0.0,0.0,0.1757820101427319,0.0,0.0,0.0,-0.5590300403274179,-0.4497337890706309,-0.5746762164069064,0.0,0.0,0.0
25,0.0,0.0,0.0,0.0,0.0,0.0,0.0,0.0,0.0,0.0,0.0,0.0,0.0,0.0,0.0,0.0,0.0,0.0,0.0,0.0,-1.9568525597038529,0.0,-0.1376821009263408,0.0,0.0,0.0,-0.5002482483952555
26,0.0,0.0,0.0,0.0,0.0,0.0,0.0,0.0,0.0,0.0,0.0,0.0,0.0,0.0,0.0,0.0,0.0,0.0,0.0,0.0,0.0,0.0,-1.6833075816948555,-2.1535369801709687,0.0,-0.5002482483952555,0.0
