,0,1,2,3,4,5,6,7,8,9,10,11,12,13,14,15,16,17,18,19,20,21,22
0,0.0,3.5156853267433994,-0.3212263126115508,0.0,-0.19566422572675074,0.0,0.0,0.0,0.0,0.0,0.0,0.0,0.0,0.0,0.0,0.0,0.0,0.0,0.0,0.0,0.0,0.0,0.0
1,3.5156853267433994,0.0,3.1426272955420775,-0.5291761365159843,0.0,-1.4183818888632298,0.0,0.0,0.0,0.0,0.0,0.0,0.0,0.0,0.0,0.0,0.0,0.0,0.0,0.0,0.0,0.0,0.0
2,-0.3212263126115508,3.1426272955420775,0.0,2.6087010012735696,-0.7790234265954934,0.0,0.061383133560675485,0.0,0.0,0.0,0.0,0.0,0.0,0.0,0.0,0.0,0.0,0.0,0.0,0.0,0.0,0.0,0.0
3,0.0,-0.5291761365159843,2.6087010012735696,0.0,2.522703440764466,-0.908328779216648,2.41591288462869,-0.22879664637329414,0.0,0.0,0.0,0.0,0.0,0.0,0.0,0.0,0.0,0.0,0.0,0.0,0.0,0.0,0.0
4,-0.19566422572675074,0.0,-0.7790234265954934,2.522703440764466,0.0,2.544365405807241,-0.20494252947155828,0.0,0.0,0.0,0.0,0.0,0.0,0.0,0.0,0.0,0.0,0.0,0.0,0.0,0.0,0.0,0.0
5,0.0,-1.4183818888632298,0.0,-0.908328779216648,2.544365405807241,0.0,2.4399823177739135,-0.6367237593180781,-0.31927822427370234,-1.5132042445000833,0.0,0.0,0.0,0.0,0.0,0.0,0.0,0.0,0.0,0.0,0.0,0.0,0.0
6,0.0,0.0,0.061383133560675485,2.41591288462869,-0.20494252947155828,2.4399823177739135,0.0,0.0,0.0,0.0,0.0,0.0,0.0,0.0,0.0,0.0,0.0,0.0,0.0,0.0,0.0,0.0,0.0
7,0.0,0.0,0.0,-0.22879664637329414,0.0,-0.6367237593180781,0.0,0.0,-1.1484639622461554,-1.548908610788047,0.0,0.0,0.0,0.0,0.0,0.0,0.0,0.0,0.0,0.0,0.0,0.0,0.0
8,0.0,0.0,0.0,0.0,0.0,-0.31927822427370234,0.0,-1.1484639622461554,0.0,-0.6858655694737505,0.0,0.0,0.0,0.0,0.0,0.0,0.0,0.0,0.0,0.0,0.0,0.0,0.0
9,0.0,0.0,0.0,0.0,0.0,-1.5132042445000833,0.0,-1.548908610788047,-0.6858655694737505,0.0,0.0,0.0,0.0,0.0,0.0,0.0,0.0,0.0,0.0,0.0,0.0,0.0,0.0
10,0.0,0.0,0.0,0.0,0.0,0.0,0.0,0.0,0.0,0.0,0.0,-0.677709277329606,1.0266600823828136,-1.1357712095117065,0.0,0.0,0.0,0.0,0.0,0.0,0.0,0.0,0.0
11,0.0,0.0,0.0,0.0,0.0,0.0,0.0,0.0,0.0,0.0,-0.677709277329606,0.0,0.9498447199449279,-0.2974513649964666,0.0,0.0,0.0,0.0,0.0,0.0,0.0,0.0,0.0
12,0.0,0.0,0.0,0.0,0.0,0.0,0.0,0.0,0.0,0.0,1.0266600823828136,0.9498447199449279,0.0,0.9903905876837281,0.0,0.0,0.0,0.0,0.0,0.0,0.0,0.0,0.0
13,0.0,0.0,0.0,0.0,0.0,0.0,0.0,0.0,0.0,0.0,-1.1357712095117065,-0.2974513649964666,0.9903905876837281,0.0,0.0,0.0,0.0,0.0,0.0,0.0,0.0,0.0,0.0
14,0.0,0.0,0.0,0.0,0.0,0.0,0.0,0.0,0.0,0.0,0.0,0.0,0.0,0.0,0.0,-0.14593755307054854,0.05417969859606237,0.7391239220932154,0.0,0.0,0.0,0.0,0.0
15,0.0,0.0,0.0,0.0,0.0,0.0,0.0,0.0,0.0,0.0,0.0,0.0,0.0,0.0,-0.14593755307054854,0.0,0.5331045852624984,0.0,0.48017167302086283,0.0,0.3422476047408954,0.0,0.0
16,0.0,0.0,0.0,0.0,0.0,0.0,0.0,0.0,0.0,0.0,0.0,0.0,0.0,0.0,0.05417969859606237,0.5331045852624984,0.0,0.6361150885389423,-1.5920036257345027,0.0,-0.1504712718098154,-1.9378788903998108,0.0
17,0.0,0.0,0.0,0.0,0.0,0.0,0.0,0.0,0.0,0.0,0.0,0.0,0.0,0.0,0.7391239220932154,0.0,0.6361150885389423,0.0,0.6338747131743362,0.0,-0.30348123184966164,0.0,0.0
18,0.0,0.0,0.0,0.0,0.0,0.0,0.0,0.0,0.0,0.0,0.0,0.0,0.0,0.0,0.0,0.48017167302086283,-1.5920036257345027,0.6338747131743362,0.0,-2.17839136351911,-0.07818572810135375,-1.8003819113815434,0.11313463506342462
19,0.0,0.0,0.0,0.0,0.0,0.0,0.0,0.0,0.0,0.0,0.0,0.0,0.0,0.0,0.0,0.0,0.0,0.0,-2.17839136351911,0.0,0.01836666795462186,-1.8232616508683888,0.0
20,0.0,0.0,0.0,0.0,0.0,0.0,0.0,0.0,0.0,0.0,0.0,0.0,0.0,0.0,0.0,0.3422476047408954,-0.1504712718098154,-0.30348123184966164,-0.07818572810135375,0.01836666795462186,0.0,-0.04758728297151941,0.12558540969593998
21,0.0,0.0,0.0,0.0,0.0,0.0,0.0,0.0,0.0,0.0,0.0,0.0,0.0,0.0,0.0,0.0,-1.9378788903998108,0.0,-1.8003819113815434,-1.8232616508683888,-0.04758728297151941,0.0,0.025109121226102694
22,0.0,0.0,0.0,0.0,0.0,0.0,0.0,0.0,0.0,0.0,0.0,0.0,0.0,0.0,0.0,0.0,0.0,0.0,0.11313463506342462,0.0,0.12558540969593998,0.025109121226102694,0.0
