,0,1,2,3,4,5,6,7,8,9,10,11,12,13,14,15,16,17,18,19,20,21,22,23,24
0,0.0,4.664966351171756,4.27975026149523,4.0408067367252585,0.0,0.0,0.0,0.0,0.0,0.0,0.0,0.0,0.0,0.0,0.0,0.0,0.0,0.0,0.0,0.0,0.0,0.0,0.0,0.0,0.0
1,4.664966351171756,0.0,-1.9392182946560066,1.1154332650045828,3.355339976441411,0.0,0.0,0.0,0.0,0.0,0.0,0.0,0.0,0.0,0.0,0.0,0.0,0.0,0.0,0.0,0.0,0.0,0.0,0.0,0.0
2,4.27975026149523,-1.9392182946560066,0.0,1.0773161750991649,3.3533136093334375,0.0,0.0,0.0,0.0,0.0,0.0,0.0,0.0,0.0,0.0,0.0,0.0,0.0,0.0,0.0,0.0,0.0,0.0,0.0,0.0
3,4.0408067367252585,1.1154332650045828,1.0773161750991649,0.0,3.3215233346076913,2.5106619224894,0.0,0.0,0.0,0.0,0.0,0.0,0.0,0.0,0.0,0.0,0.0,0.0,0.0,0.0,0.0,0.0,0.0,0.0,0.0
4,0.0,3.355339976441411,3.3533136093334375,3.3215233346076913,0.0,0.1752850486696554,0.0,-1.0181763401086008,0.0,0.0,0.0,0.0,0.0,0.0,0.0,0.0,0.0,0.0,0.0,0.0,0.0,0.0,0.0,0.0,0.0
5,0.0,0.0,0.0,2.5106619224894,0.1752850486696554,0.0,2.116666431971465,0.04391515496336029,2.077669762447698,0.0,0.0,0.0,0.0,0.0,0.0,0.0,0.0,0.0,0.0,0.0,0.0,0.0,0.0,0.0,0.0
6,0.0,0.0,0.0,0.0,0.0,2.116666431971465,0.0,2.220987696115137,-0.8862615258765673,-0.1985619423992594,0.0,0.0,0.0,0.0,0.0,0.0,0.0,0.0,0.0,0.0,0.0,0.0,0.0,0.0,0.0
7,0.0,0.0,0.0,0.0,-1.0181763401086008,0.04391515496336029,2.220987696115137,0.0,2.1837116632748774,0.0,-0.9320223938575597,0.0,0.0,0.0,0.0,0.0,0.0,0.0,0.0,0.0,0.0,0.0,0.0,0.0,0.0
8,0.0,0.0,0.0,0.0,0.0,2.077669762447698,-0.8862615258765673,2.1837116632748774,0.0,-0.0022210416352047,1.8000663378467596,0.0,0.0,0.0,0.0,0.0,0.0,0.0,0.0,0.0,0.0,0.0,0.0,0.0,0.0
9,0.0,0.0,0.0,0.0,0.0,0.0,-0.1985619423992594,0.0,-0.0022210416352047,0.0,1.661010172340745,0.6193032703166167,0.0,-0.811858922344653,0.0,0.0,0.0,0.0,0.0,0.0,0.0,0.0,0.0,0.0,0.0
10,0.0,0.0,0.0,0.0,0.0,0.0,0.0,-0.9320223938575597,1.8000663378467596,1.661010172340745,0.0,1.380477274449284,-0.7498931618797292,0.0,0.0,0.0,0.0,0.0,0.0,0.0,0.0,0.0,0.0,0.0,0.0
11,0.0,0.0,0.0,0.0,0.0,0.0,0.0,0.0,0.0,0.6193032703166167,1.380477274449284,0.0,1.1120639402746664,0.06545120285635705,-0.2713416444940977,0.0,0.0,0.0,0.0,0.0,0.0,0.0,0.0,0.0,0.0
12,0.0,0.0,0.0,0.0,0.0,0.0,0.0,0.0,0.0,0.0,-0.7498931618797292,1.1120639402746664,0.0,0.0,0.0,-0.19185030745571316,-3.360869214074557,0.0,0.0,0.0,0.0,0.0,0.0,0.0,0.0
13,0.0,0.0,0.0,0.0,0.0,0.0,0.0,0.0,0.0,-0.811858922344653,0.0,0.06545120285635705,0.0,0.0,0.016963970706658716,0.7966879640238161,0.0,-1.6214261106750045,0.0,0.0,0.0,0.0,0.0,0.0,0.0
14,0.0,0.0,0.0,0.0,0.0,0.0,0.0,0.0,0.0,0.0,0.0,-0.2713416444940977,0.0,0.016963970706658716,0.0,0.0,0.0,-0.14984444811610406,0.0,0.0,0.0,0.0,0.0,0.0,0.0
15,0.0,0.0,0.0,0.0,0.0,0.0,0.0,0.0,0.0,0.0,0.0,0.0,-0.19185030745571316,0.7966879640238161,0.0,0.0,-0.1579522552139598,0.7782850307811606,0.35343802416026604,0.0,0.0,0.0,0.0,0.0,0.0
16,0.0,0.0,0.0,0.0,0.0,0.0,0.0,0.0,0.0,0.0,0.0,0.0,-3.360869214074557,0.0,0.0,-0.1579522552139598,0.0,0.0,-0.2663799307435582,0.0,0.0,0.0,0.0,0.0,0.0
17,0.0,0.0,0.0,0.0,0.0,0.0,0.0,0.0,0.0,0.0,0.0,0.0,0.0,-1.6214261106750045,-0.14984444811610406,0.7782850307811606,0.0,0.0,1.0334301687019303,0.0,0.0,0.0,0.0,0.0,0.0
18,0.0,0.0,0.0,0.0,0.0,0.0,0.0,0.0,0.0,0.0,0.0,0.0,0.0,0.0,0.0,0.35343802416026604,-0.2663799307435582,1.0334301687019303,0.0,0.0,0.0,0.0,0.0,0.0,0.0
19,0.0,0.0,0.0,0.0,0.0,0.0,0.0,0.0,0.0,0.0,0.0,0.0,0.0,0.0,0.0,0.0,0.0,0.0,0.0,0.0,-0.5488883744306207,-0.8608890343458416,0.0,0.06006800357578952,0.0
20,0.0,0.0,0.0,0.0,0.0,0.0,0.0,0.0,0.0,0.0,0.0,0.0,0.0,0.0,0.0,0.0,0.0,0.0,0.0,-0.5488883744306207,0.0,-1.2523771464920768,-0.3410004380571354,0.16518756545580882,-0.7779241005988327
21,0.0,0.0,0.0,0.0,0.0,0.0,0.0,0.0,0.0,0.0,0.0,0.0,0.0,0.0,0.0,0.0,0.0,0.0,0.0,-0.8608890343458416,-1.2523771464920768,0.0,-0.6968708003810934,-0.05845703200824367,-1.2172092198279727
22,0.0,0.0,0.0,0.0,0.0,0.0,0.0,0.0,0.0,0.0,0.0,0.0,0.0,0.0,0.0,0.0,0.0,0.0,0.0,0.0,-0.3410004380571354,-0.6968708003810934,0.0,-0.1314516620624281,0.0
23,0.0,0.0,0.0,0.0,0.0,0.0,0.0,0.0,0.0,0.0,0.0,0.0,0.0,0.0,0.0,0.0,0.0,0.0,0.0,0.06006800357578952,0.16518756545580882,-0.05845703200824367,-0.1314516620624281,0.0,-0.8361228458669431
24,0.0,0.0,0.0,0.0,0.0,0.0,0.0,0.0,0.0,0.0,0.0,0.0,0.0,0.0,0.0,0.0,0.0,0.0,0.0,0.0,-0.7779241005988327,-1.2172092198279727,0.0,-0.8361228458669431,0.0
