,0,1,2,3,4,5,6,7,8,9,10,11,12,13,14,15,16,17,18,19,20,21,22,23,24,25
0,0.0,1.5640842367462975,-0.4318338535507547,0.0,3.016706346471394,0.0,0.0,0.0,0.0,0.0,0.0,0.0,0.0,0.0,0.0,0.0,0.0,0.0,0.0,0.0,0.0,0.0,0.0,0.0,0.0,0.0
1,1.5640842367462975,0.0,0.9696385383571566,0.7526965321623806,3.0482404195962123,0.0,0.0,0.0,0.0,0.0,0.0,0.0,0.0,0.0,0.0,0.0,0.0,0.0,0.0,0.0,0.0,0.0,0.0,0.0,0.0,0.0
2,-0.4318338535507547,0.9696385383571566,0.0,-0.27821524911729173,3.0144355224501895,0.0,0.0,0.0,0.0,0.0,0.0,0.0,0.0,0.0,0.0,0.0,0.0,0.0,0.0,0.0,0.0,0.0,0.0,0.0,0.0,0.0
3,0.0,0.7526965321623806,-0.27821524911729173,0.0,3.040218447130989,2.4083502397779064,2.4642520350784967,0.0,0.0,0.0,0.0,0.0,0.0,0.0,0.0,0.0,0.0,0.0,0.0,0.0,0.0,0.0,0.0,0.0,0.0,0.0
4,3.016706346471394,3.0482404195962123,3.0144355224501895,3.040218447130989,0.0,0.0,-1.367746016714271,0.0,0.0,0.0,0.0,0.0,0.0,0.0,0.0,0.0,0.0,0.0,0.0,0.0,0.0,0.0,0.0,0.0,0.0,0.0
5,0.0,0.0,0.0,2.4083502397779064,0.0,0.0,-0.3077695824651472,2.17569903557607,2.03145053481959,0.0,0.0,0.0,0.0,0.0,0.0,0.0,0.0,0.0,0.0,0.0,0.0,0.0,0.0,0.0,0.0,0.0
6,0.0,0.0,0.0,2.4642520350784967,-1.367746016714271,-0.3077695824651472,0.0,2.2437297975824704,2.109012946162634,0.0,0.0,0.0,0.0,0.0,0.0,0.0,0.0,0.0,0.0,0.0,0.0,0.0,0.0,0.0,0.0,0.0
7,0.0,0.0,0.0,0.0,0.0,2.17569903557607,2.2437297975824704,0.0,0.200965083123337,0.5848398435292539,-0.5882505409035186,0.0,0.0,0.0,0.0,0.0,0.0,0.0,0.0,0.0,0.0,0.0,0.0,0.0,0.0,0.0
8,0.0,0.0,0.0,0.0,0.0,2.03145053481959,2.109012946162634,0.200965083123337,0.0,0.33518431185677583,0.3057047659077813,0.0,0.0,0.0,0.0,0.0,0.0,0.0,0.0,0.0,0.0,0.0,0.0,0.0,0.0,0.0
9,0.0,0.0,0.0,0.0,0.0,0.0,0.0,0.5848398435292539,0.33518431185677583,0.0,0.4082110634061531,0.0,0.0,0.0,0.0,0.0,0.0,0.0,0.0,0.0,0.0,0.0,0.0,0.0,0.0,0.0
10,0.0,0.0,0.0,0.0,0.0,0.0,0.0,-0.5882505409035186,0.3057047659077813,0.4082110634061531,0.0,0.0,0.0,0.0,0.0,0.0,0.0,0.0,0.0,0.0,0.0,0.0,0.0,0.0,0.0,0.0
11,0.0,0.0,0.0,0.0,0.0,0.0,0.0,0.0,0.0,0.0,0.0,0.0,-0.16075221612159643,1.253261852178197,-0.7167858482510111,0.0,0.0,0.0,0.0,0.0,0.0,0.0,0.0,0.0,0.0,0.0
12,0.0,0.0,0.0,0.0,0.0,0.0,0.0,0.0,0.0,0.0,0.0,-0.16075221612159643,0.0,1.4397597202822117,-1.1896823686985611,-0.3701127834797822,0.0,0.0,0.0,0.0,0.0,0.0,0.0,0.0,0.0,0.0
13,0.0,0.0,0.0,0.0,0.0,0.0,0.0,0.0,0.0,0.0,0.0,1.253261852178197,1.4397597202822117,0.0,1.2523486515007933,0.0,0.0,0.0,0.0,0.0,0.0,0.0,0.0,0.0,0.0,0.0
14,0.0,0.0,0.0,0.0,0.0,0.0,0.0,0.0,0.0,0.0,0.0,-0.7167858482510111,-1.1896823686985611,1.2523486515007933,0.0,-0.6221742509905053,0.0,0.0,0.0,0.0,0.0,0.0,0.0,0.0,0.0,0.0
15,0.0,0.0,0.0,0.0,0.0,0.0,0.0,0.0,0.0,0.0,0.0,0.0,-0.3701127834797822,0.0,-0.6221742509905053,0.0,-0.7033640608212868,-1.1499266009578928,0.0,0.0,0.595996821596227,0.0,0.0,0.0,0.0,0.0
16,0.0,0.0,0.0,0.0,0.0,0.0,0.0,0.0,0.0,0.0,0.0,0.0,0.0,0.0,0.0,-0.7033640608212868,0.0,-1.7357151466186538,-1.3983602369582857,0.0,0.523287577942278,0.0,0.0,0.0,0.0,0.0
17,0.0,0.0,0.0,0.0,0.0,0.0,0.0,0.0,0.0,0.0,0.0,0.0,0.0,0.0,0.0,-1.1499266009578928,-1.7357151466186538,0.0,-1.2529689326202351,-1.689158778570711,0.5663359643301167,0.0,0.0,0.0,0.0,0.0
18,0.0,0.0,0.0,0.0,0.0,0.0,0.0,0.0,0.0,0.0,0.0,0.0,0.0,0.0,0.0,0.0,-1.3983602369582857,-1.2529689326202351,0.0,-1.649582481704154,0.0,-1.5145664262237548,0.5050733601676015,0.0,0.0,0.0
19,0.0,0.0,0.0,0.0,0.0,0.0,0.0,0.0,0.0,0.0,0.0,0.0,0.0,0.0,0.0,0.0,0.0,-1.689158778570711,-1.649582481704154,0.0,0.0,-2.4403908612190275,0.5996702180509564,-1.7633194283143638,-0.556512328460656,0.0
20,0.0,0.0,0.0,0.0,0.0,0.0,0.0,0.0,0.0,0.0,0.0,0.0,0.0,0.0,0.0,0.595996821596227,0.523287577942278,0.5663359643301167,0.0,0.0,0.0,0.0,0.0,0.0,0.0,0.0
21,0.0,0.0,0.0,0.0,0.0,0.0,0.0,0.0,0.0,0.0,0.0,0.0,0.0,0.0,0.0,0.0,0.0,0.0,-1.5145664262237548,-2.4403908612190275,0.0,0.0,0.6025464402416721,-1.92630538424911,-0.47523909601900405,-0.4684809869185294
22,0.0,0.0,0.0,0.0,0.0,0.0,0.0,0.0,0.0,0.0,0.0,0.0,0.0,0.0,0.0,0.0,0.0,0.0,0.5050733601676015,0.5996702180509564,0.0,0.6025464402416721,0.0,0.0,0.0,0.0
23,0.0,0.0,0.0,0.0,0.0,0.0,0.0,0.0,0.0,0.0,0.0,0.0,0.0,0.0,0.0,0.0,0.0,0.0,0.0,-1.7633194283143638,0.0,-1.92630538424911,0.0,0.0,-0.4283449222225197,-0.6174971222627661
24,0.0,0.0,0.0,0.0,0.0,0.0,0.0,0.0,0.0,0.0,0.0,0.0,0.0,0.0,0.0,0.0,0.0,0.0,0.0,-0.556512328460656,0.0,-0.47523909601900405,0.0,-0.4283449222225197,0.0,0.09542912274466324
25,0.0,0.0,0.0,0.0,0.0,0.0,0.0,0.0,0.0,0.0,0.0,0.0,0.0,0.0,0.0,0.0,0.0,0.0,0.0,0.0,0.0,-0.4684809869185294,0.0,-0.6174971222627661,0.09542912274466324,0.0
