,0,1,2,3,4,5,6,7,8,9,10,11,12,13,14,15,16,17,18
0,0.0,2.2888063679142197,1.7820155595379448,1.7868484747638025,0.0,0.0,0.0,0.0,0.0,0.0,0.0,0.0,0.0,0.0,0.0,0.0,0.0,0.0,0.0
1,2.2888063679142197,0.0,0.8576499618991879,0.8479219384892375,0.0,0.0,0.0,0.0,0.0,0.0,0.0,0.0,0.0,0.0,0.0,0.0,0.0,0.0,0.0
2,1.7820155595379448,0.8576499618991879,0.0,-0.6479234257772617,-0.28347454117034027,-1.235808434874212,0.0,0.0,0.0,0.0,0.0,0.0,0.0,0.0,0.0,0.0,0.0,0.0,0.0
3,1.7868484747638025,0.8479219384892375,-0.6479234257772617,0.0,-0.08657280977649451,-1.4332651139125154,0.0,0.0,0.0,0.0,0.0,0.0,0.0,0.0,0.0,0.0,0.0,0.0,0.0
4,0.0,0.0,-0.28347454117034027,-0.08657280977649451,0.0,-0.5192680524745277,-0.07682578533744054,-0.38535375011648,0.0,0.0,0.0,0.0,0.0,0.0,0.0,0.0,0.0,0.0,0.0
5,0.0,0.0,-1.235808434874212,-1.4332651139125154,-0.5192680524745277,0.0,-0.9906547536731224,-1.31523650705382,-0.39621327473629414,0.0,0.0,0.0,0.0,0.0,0.0,0.0,0.0,0.0,0.0
6,0.0,0.0,0.0,0.0,-0.07682578533744054,-0.9906547536731224,0.0,-1.2061616810972082,-0.7847081034905451,0.0,0.0,0.0,0.0,0.0,0.0,0.0,0.0,0.0,0.0
7,0.0,0.0,0.0,0.0,-0.38535375011648,-1.31523650705382,-1.2061616810972082,0.0,-0.30342818534832067,0.0,0.0,0.0,0.0,0.0,0.0,0.0,0.0,0.0,0.0
8,0.0,0.0,0.0,0.0,0.0,-0.39621327473629414,-0.7847081034905451,-0.30342818534832067,0.0,0.0,0.0,0.0,0.0,0.0,0.0,0.0,0.0,0.0,0.0
9,0.0,0.0,0.0,0.0,0.0,0.0,0.0,0.0,0.0,0.0,0.33442887030782925,0.2642368145397309,-1.7741380148675483,0.0,0.0,0.0,0.0,0.0,0.0
10,0.0,0.0,0.0,0.0,0.0,0.0,0.0,0.0,0.0,0.33442887030782925,0.0,0.40004042692705605,0.07868883193253393,-0.5338535959035009,0.0,0.0,0.0,0.0,0.0
11,0.0,0.0,0.0,0.0,0.0,0.0,0.0,0.0,0.0,0.2642368145397309,0.40004042692705605,0.0,0.10727540994019495,0.3701383784865189,0.0,0.0,0.0,0.0,0.0
12,0.0,0.0,0.0,0.0,0.0,0.0,0.0,0.0,0.0,-1.7741380148675483,0.07868883193253393,0.10727540994019495,0.0,-0.46032142140605015,0.19486311764666459,-0.6764354305916663,0.0,0.0,0.0
13,0.0,0.0,0.0,0.0,0.0,0.0,0.0,0.0,0.0,0.0,-0.5338535959035009,0.3701383784865189,-0.46032142140605015,0.0,-0.2690791130682381,0.012073313612984604,0.0,0.0,0.0
14,0.0,0.0,0.0,0.0,0.0,0.0,0.0,0.0,0.0,0.0,0.0,0.0,0.19486311764666459,-0.2690791130682381,0.0,0.44415026811814706,0.0,0.0,0.0
15,0.0,0.0,0.0,0.0,0.0,0.0,0.0,0.0,0.0,0.0,0.0,0.0,-0.6764354305916663,0.012073313612984604,0.44415026811814706,0.0,-1.1168149386341961,0.07801698213148849,-1.1115036400452123
16,0.0,0.0,0.0,0.0,0.0,0.0,0.0,0.0,0.0,0.0,0.0,0.0,0.0,0.0,0.0,-1.1168149386341961,0.0,-0.21340430554663758,-2.1540669721728825
17,0.0,0.0,0.0,0.0,0.0,0.0,0.0,0.0,0.0,0.0,0.0,0.0,0.0,0.0,0.0,0.07801698213148849,-0.21340430554663758,0.0,-0.6595978540367347
18,0.0,0.0,0.0,0.0,0.0,0.0,0.0,0.0,0.0,0.0,0.0,0.0,0.0,0.0,0.0,-1.1115036400452123,-2.1540669721728825,-0.6595978540367347,0.0
