,0,1,2,3,4,5,6,7,8,9,10,11,12,13,14,15,16,17,18,19,20,21,22,23
0,0.0,3.55684400876925,2.634262655690257,2.389661104193783,0.0,0.0,0.0,0.0,0.0,0.0,0.0,0.0,0.0,0.0,0.0,0.0,0.0,0.0,0.0,0.0,0.0,0.0,0.0,0.0
1,3.55684400876925,0.0,0.3588745868338252,-0.46586330249993996,0.09621348817822796,0.0,0.0,0.0,0.0,0.0,0.0,0.0,0.0,0.0,0.0,0.0,0.0,0.0,0.0,0.0,0.0,0.0,0.0,0.0
2,2.634262655690257,0.3588745868338252,0.0,-0.771935076425785,-2.3001774213416035,-1.5271830667098958,0.0,0.0,0.0,0.0,0.0,0.0,0.0,0.0,0.0,0.0,0.0,0.0,0.0,0.0,0.0,0.0,0.0,0.0
3,2.389661104193783,-0.46586330249993996,-0.771935076425785,0.0,-0.6328842533847554,-0.8316634348537678,0.0,0.0,0.0,0.0,0.0,0.0,0.0,0.0,0.0,0.0,0.0,0.0,0.0,0.0,0.0,0.0,0.0,0.0
4,0.0,0.09621348817822796,-2.3001774213416035,-0.6328842533847554,0.0,-1.5740243916267092,0.0,0.0,0.0,0.0,0.0,0.0,0.0,0.0,0.0,0.0,0.0,0.0,0.0,0.0,0.0,0.0,0.0,0.0
5,0.0,0.0,-1.5271830667098958,-0.8316634348537678,-1.5740243916267092,0.0,-0.6143327904173188,0.0,0.0,0.0,0.0,0.0,0.0,0.0,0.0,0.0,0.0,0.0,0.0,0.0,0.0,0.0,0.0,0.0
6,0.0,0.0,0.0,0.0,0.0,-0.6143327904173188,0.0,-1.657678075901076,-1.225237563410109,-0.3011300692260934,0.0,0.0,0.0,0.0,0.0,0.0,0.0,0.0,0.0,0.0,0.0,0.0,0.0,0.0
7,0.0,0.0,0.0,0.0,0.0,0.0,-1.657678075901076,0.0,-1.6944412480026017,-0.2912617740998726,-0.39575245913353907,0.0,0.0,0.0,0.0,0.0,0.0,0.0,0.0,0.0,0.0,0.0,0.0,0.0
8,0.0,0.0,0.0,0.0,0.0,0.0,-1.225237563410109,-1.6944412480026017,0.0,-0.5197491831985452,-0.6086941299560866,0.12709153941353127,0.0,0.0,0.0,0.0,0.0,0.0,0.0,0.0,0.0,0.0,0.0,0.0
9,0.0,0.0,0.0,0.0,0.0,0.0,-0.3011300692260934,-0.2912617740998726,-0.5197491831985452,0.0,-2.170448005423731,-0.5648755750025598,0.0,0.0,0.0,0.0,0.0,0.0,0.0,0.0,0.0,0.0,0.0,0.0
10,0.0,0.0,0.0,0.0,0.0,0.0,0.0,-0.39575245913353907,-0.6086941299560866,-2.170448005423731,0.0,-0.50472836693143,0.0,0.0,0.0,0.0,0.0,0.0,0.0,0.0,0.0,0.0,0.0,0.0
11,0.0,0.0,0.0,0.0,0.0,0.0,0.0,0.0,0.12709153941353127,-0.5648755750025598,-0.50472836693143,0.0,0.0,0.0,0.0,0.0,0.0,0.0,0.0,0.0,0.0,0.0,0.0,0.0
12,0.0,0.0,0.0,0.0,0.0,0.0,0.0,0.0,0.0,0.0,0.0,0.0,0.0,-2.3037309187811914,-0.2738852222726022,-2.023281129018809,0.0,0.0,0.0,0.0,0.0,0.0,0.0,0.0
13,0.0,0.0,0.0,0.0,0.0,0.0,0.0,0.0,0.0,0.0,0.0,0.0,-2.3037309187811914,0.0,-0.3025316823664873,-2.9257198049237068,0.0,0.0,0.0,0.0,0.0,0.0,0.0,0.0
14,0.0,0.0,0.0,0.0,0.0,0.0,0.0,0.0,0.0,0.0,0.0,0.0,-0.2738852222726022,-0.3025316823664873,0.0,-0.48805204118306705,0.0,0.0,0.0,0.0,0.0,0.0,0.0,0.0
15,0.0,0.0,0.0,0.0,0.0,0.0,0.0,0.0,0.0,0.0,0.0,0.0,-2.023281129018809,-2.9257198049237068,-0.48805204118306705,0.0,0.021441831523799578,-1.1071505558829764,0.0,0.0,0.0,0.0,0.0,0.0
16,0.0,0.0,0.0,0.0,0.0,0.0,0.0,0.0,0.0,0.0,0.0,0.0,0.0,0.0,0.0,0.021441831523799578,0.0,-0.42285904340228786,-0.9259798819538356,0.0,0.0,0.0,0.0,0.0
17,0.0,0.0,0.0,0.0,0.0,0.0,0.0,0.0,0.0,0.0,0.0,0.0,0.0,0.0,0.0,-1.1071505558829764,-0.42285904340228786,0.0,-1.1258311184471153,-1.341204982511214,0.0,0.0,0.0,0.0
18,0.0,0.0,0.0,0.0,0.0,0.0,0.0,0.0,0.0,0.0,0.0,0.0,0.0,0.0,0.0,0.0,-0.9259798819538356,-1.1258311184471153,0.0,-0.6407637391975558,-0.38226063059697674,0.0,0.0,0.0
19,0.0,0.0,0.0,0.0,0.0,0.0,0.0,0.0,0.0,0.0,0.0,0.0,0.0,0.0,0.0,0.0,0.0,-1.341204982511214,-0.6407637391975558,0.0,-1.7070375247165053,-0.48679101916041295,-1.1861124984301268,-1.1550991026421547
20,0.0,0.0,0.0,0.0,0.0,0.0,0.0,0.0,0.0,0.0,0.0,0.0,0.0,0.0,0.0,0.0,0.0,0.0,-0.38226063059697674,-1.7070375247165053,0.0,-0.24780206360845644,0.0,0.0
21,0.0,0.0,0.0,0.0,0.0,0.0,0.0,0.0,0.0,0.0,0.0,0.0,0.0,0.0,0.0,0.0,0.0,0.0,0.0,-0.48679101916041295,-0.24780206360845644,0.0,-0.9726128556485714,-2.579849778844813
22,0.0,0.0,0.0,0.0,0.0,0.0,0.0,0.0,0.0,0.0,0.0,0.0,0.0,0.0,0.0,0.0,0.0,0.0,0.0,-1.1861124984301268,0.0,-0.9726128556485714,0.0,-1.287306232207971
23,0.0,0.0,0.0,0.0,0.0,0.0,0.0,0.0,0.0,0.0,0.0,0.0,0.0,0.0,0.0,0.0,0.0,0.0,0.0,-1.1550991026421547,0.0,-2.579849778844813,-1.287306232207971,0.0
