,0,1,2,3,4,5,6,7,8,9,10,11,12,13,14,15,16,17
0,0.0,3.2393562894410195,2.5595867728235877,2.5331720836602245,0.0,0.0,0.0,0.0,0.0,0.0,0.0,0.0,0.0,0.0,0.0,0.0,0.0,0.0
1,3.2393562894410195,0.0,0.5478577548457403,0.3288334887641249,0.5389366524908676,0.0,0.0,0.0,0.0,0.0,0.0,0.0,0.0,0.0,0.0,0.0,0.0,0.0
2,2.5595867728235877,0.5478577548457403,0.0,-1.34581739573745,-1.3112965930244795,-0.6843881123734463,0.0,0.0,0.0,0.0,0.0,0.0,0.0,0.0,0.0,0.0,0.0,0.0
3,2.5331720836602245,0.3288334887641249,-1.34581739573745,0.0,-0.7537754822792427,-1.147034463208594,-1.1963561135519352,0.0,0.0,0.0,0.0,0.0,0.0,0.0,0.0,0.0,0.0,0.0
4,0.0,0.5389366524908676,-1.3112965930244795,-0.7537754822792427,0.0,-0.3026969326653153,-2.240578741333714,0.0,0.0,0.0,0.0,0.0,0.0,0.0,0.0,0.0,0.0,0.0
5,0.0,0.0,-0.6843881123734463,-1.147034463208594,-0.3026969326653153,0.0,-0.5100472622495029,-2.804604929480453,0.0,0.0,0.0,0.0,0.0,0.0,0.0,0.0,0.0,0.0
6,0.0,0.0,0.0,-1.1963561135519352,-2.240578741333714,-0.5100472622495029,0.0,-0.8643948380339255,0.0,0.0,0.0,0.0,0.0,0.0,0.0,0.0,0.0,0.0
7,0.0,0.0,0.0,0.0,0.0,-2.804604929480453,-0.8643948380339255,0.0,-0.566303454483214,0.0,0.0,0.0,0.0,0.0,0.0,0.0,0.0,0.0
8,0.0,0.0,0.0,0.0,0.0,0.0,0.0,-0.566303454483214,0.0,-0.32979052256288915,-0.9983624906292625,-1.1567283838984415,0.0,0.0,0.0,0.0,0.0,0.0
9,0.0,0.0,0.0,0.0,0.0,0.0,0.0,0.0,-0.32979052256288915,0.0,-2.2448377257556267,-2.039363806311327,0.0,0.0,0.0,0.0,0.0,0.0
10,0.0,0.0,0.0,0.0,0.0,0.0,0.0,0.0,-0.9983624906292625,-2.2448377257556267,0.0,-1.631127799914618,-0.5475530069703783,0.0,-0.9319373043869578,0.0,0.0,0.0
11,0.0,0.0,0.0,0.0,0.0,0.0,0.0,0.0,-1.1567283838984415,-2.039363806311327,-1.631127799914618,0.0,-0.6949108235314418,0.0,-1.0167131892714494,0.0,0.0,0.0
12,0.0,0.0,0.0,0.0,0.0,0.0,0.0,0.0,0.0,0.0,-0.5475530069703783,-0.6949108235314418,0.0,0.9247787752171223,-2.006933581870759,-1.2455498392723316,0.0,0.0
13,0.0,0.0,0.0,0.0,0.0,0.0,0.0,0.0,0.0,0.0,0.0,0.0,0.9247787752171223,0.0,0.9440830542220964,0.6748577048659204,-1.2092697711283558,-0.019402855044934633
14,0.0,0.0,0.0,0.0,0.0,0.0,0.0,0.0,0.0,0.0,-0.9319373043869578,-1.0167131892714494,-2.006933581870759,0.9440830542220964,0.0,-1.165915237801955,-0.5659951328550991,-0.18108606226188012
15,0.0,0.0,0.0,0.0,0.0,0.0,0.0,0.0,0.0,0.0,0.0,0.0,-1.2455498392723316,0.6748577048659204,-1.165915237801955,0.0,0.0,0.0
16,0.0,0.0,0.0,0.0,0.0,0.0,0.0,0.0,0.0,0.0,0.0,0.0,0.0,-1.2092697711283558,-0.5659951328550991,0.0,0.0,-0.11841775518176752
17,0.0,0.0,0.0,0.0,0.0,0.0,0.0,0.0,0.0,0.0,0.0,0.0,0.0,-0.019402855044934633,-0.18108606226188012,0.0,-0.11841775518176752,0.0
