,0,1,2,3,4,5,6,7,8,9,10,11,12,13,14,15
0,0.0,3.811801648297592,2.6330999995734863,2.339741575699832,0.0,0.0,0.0,0.0,0.0,0.0,0.0,0.0,0.0,0.0,0.0,0.0
1,3.811801648297592,0.0,-1.578561657414057,-0.9069828574395644,-0.9655555935354955,0.0,0.0,0.0,0.0,0.0,0.0,0.0,0.0,0.0,0.0,0.0
2,2.6330999995734863,-1.578561657414057,0.0,-0.5803921980928624,-0.6658157287505335,-0.6997864713602878,0.0,0.0,0.0,0.0,0.0,0.0,0.0,0.0,0.0,0.0
3,2.339741575699832,-0.9069828574395644,-0.5803921980928624,0.0,-1.6142760259492321,-1.701188354502633,0.0,0.0,0.0,0.0,0.0,0.0,0.0,0.0,0.0,0.0
4,0.0,-0.9655555935354955,-0.6658157287505335,-1.6142760259492321,0.0,-1.686400347598254,-1.485163511097018,0.0,0.0,0.0,0.0,0.0,0.0,0.0,0.0,0.0
5,0.0,0.0,-0.6997864713602878,-1.701188354502633,-1.686400347598254,0.0,-1.3038353329682069,-0.39969079095553406,0.0,0.0,0.0,0.0,0.0,0.0,0.0,0.0
6,0.0,0.0,0.0,0.0,-1.485163511097018,-1.3038353329682069,0.0,-0.6417430797283681,0.0,0.0,0.0,0.0,0.0,0.0,0.0,0.0
7,0.0,0.0,0.0,0.0,0.0,-0.39969079095553406,-0.6417430797283681,0.0,-0.5873847590152724,0.0,0.0,0.0,0.0,0.0,0.0,0.0
8,0.0,0.0,0.0,0.0,0.0,0.0,0.0,-0.5873847590152724,0.0,0.5113445281710296,-0.8733478156201715,-0.9239079838122818,0.0,0.0,0.0,0.0
9,0.0,0.0,0.0,0.0,0.0,0.0,0.0,0.0,0.5113445281710296,0.0,-0.03570067898063185,-0.005800378181685073,0.0,0.0,0.0,0.0
10,0.0,0.0,0.0,0.0,0.0,0.0,0.0,0.0,-0.8733478156201715,-0.03570067898063185,0.0,-1.9995682613693686,-1.514732245120279,-0.7879471413084488,0.0,0.0
11,0.0,0.0,0.0,0.0,0.0,0.0,0.0,0.0,-0.9239079838122818,-0.005800378181685073,-1.9995682613693686,0.0,-1.1139832614196463,-0.5865088681592748,0.0,0.0
12,0.0,0.0,0.0,0.0,0.0,0.0,0.0,0.0,0.0,0.0,-1.514732245120279,-1.1139832614196463,0.0,-1.1030795829390938,-0.6452441583949173,-1.9718995036786444
13,0.0,0.0,0.0,0.0,0.0,0.0,0.0,0.0,0.0,0.0,-0.7879471413084488,-0.5865088681592748,-1.1030795829390938,0.0,-0.8327704242610865,-3.4395511564884025
14,0.0,0.0,0.0,0.0,0.0,0.0,0.0,0.0,0.0,0.0,0.0,0.0,-0.6452441583949173,-0.8327704242610865,0.0,-0.8506488633229
15,0.0,0.0,0.0,0.0,0.0,0.0,0.0,0.0,0.0,0.0,0.0,0.0,-1.9718995036786444,-3.4395511564884025,-0.8506488633229,0.0
