,0,1,2,3,4,5,6,7,8,9,10,11,12,13,14,15,16,17,18,19,20,21,22,23,24,25,26,27
0,0.0,2.1342759171285235,1.6629109611065824,1.43876379856614,0.0,0.0,0.0,0.0,0.0,0.0,0.0,0.0,0.0,0.0,0.0,0.0,0.0,0.0,0.0,0.0,0.0,0.0,0.0,0.0,0.0,0.0,0.0,0.0
1,2.1342759171285235,0.0,-0.4928024376120361,-0.4994907479973263,-1.163606457051131,0.0,0.0,0.0,0.0,0.0,0.0,0.0,0.0,0.0,0.0,0.0,0.0,0.0,0.0,0.0,0.0,0.0,0.0,0.0,0.0,0.0,0.0,0.0
2,1.6629109611065824,-0.4928024376120361,0.0,-0.8221719432780028,-0.7704750061726109,0.0004757969429035378,0.0,0.0,0.0,0.0,0.0,0.0,0.0,0.0,0.0,0.0,0.0,0.0,0.0,0.0,0.0,0.0,0.0,0.0,0.0,0.0,0.0,0.0
3,1.43876379856614,-0.4994907479973263,-0.8221719432780028,0.0,-1.3020718523795263,0.13739708978017223,0.0,0.0,0.0,0.0,0.0,0.0,0.0,0.0,0.0,0.0,0.0,0.0,0.0,0.0,0.0,0.0,0.0,0.0,0.0,0.0,0.0,0.0
4,0.0,-1.163606457051131,-0.7704750061726109,-1.3020718523795263,0.0,0.3214917127328695,-0.2549677144258208,0.0,0.0,0.0,0.0,0.0,0.0,0.0,0.0,0.0,0.0,0.0,0.0,0.0,0.0,0.0,0.0,0.0,0.0,0.0,0.0,0.0
5,0.0,0.0,0.0004757969429035378,0.13739708978017223,0.3214917127328695,0.0,0.347608764299247,0.0,-0.7249822678461056,0.0,0.0,0.0,0.0,0.0,0.0,0.0,0.0,0.0,0.0,0.0,0.0,0.0,0.0,0.0,0.0,0.0,0.0,0.0
6,0.0,0.0,0.0,0.0,-0.2549677144258208,0.347608764299247,0.0,0.8405418021408125,-0.07656415309476981,0.0,0.0,0.0,0.0,0.0,0.0,0.0,0.0,0.0,0.0,0.0,0.0,0.0,0.0,0.0,0.0,0.0,0.0,0.0
7,0.0,0.0,0.0,0.0,0.0,0.0,0.8405418021408125,0.0,1.0855262356939088,1.0836356374607319,0.8809627436585307,0.0,0.0,0.0,0.0,0.0,0.0,0.0,0.0,0.0,0.0,0.0,0.0,0.0,0.0,0.0,0.0,0.0
8,0.0,0.0,0.0,0.0,0.0,-0.7249822678461056,-0.07656415309476981,1.0855262356939088,0.0,0.0,-0.040272859135563444,0.0,0.0,0.0,0.0,0.0,0.0,0.0,0.0,0.0,0.0,0.0,0.0,0.0,0.0,0.0,0.0,0.0
9,0.0,0.0,0.0,0.0,0.0,0.0,0.0,1.0836356374607319,0.0,0.0,1.3396257976232477,0.0,0.5716887257072111,0.0,0.0,0.0,0.0,0.0,0.0,0.0,0.0,0.0,0.0,0.0,0.0,0.0,0.0,0.0
10,0.0,0.0,0.0,0.0,0.0,0.0,0.0,0.8809627436585307,-0.040272859135563444,1.3396257976232477,0.0,0.0,0.0,0.7478159749079842,-3.046490988247091,0.0,0.0,0.0,0.0,0.0,0.0,0.0,0.0,0.0,0.0,0.0,0.0,0.0
11,0.0,0.0,0.0,0.0,0.0,0.0,0.0,0.0,0.0,0.0,0.0,0.0,0.07038742259902156,0.0,0.0,1.1177616958609407,0.0,0.0,-1.9342586924091592,0.0,0.0,0.0,0.0,0.0,0.0,0.0,0.0,0.0
12,0.0,0.0,0.0,0.0,0.0,0.0,0.0,0.0,0.0,0.5716887257072111,0.0,0.07038742259902156,0.0,0.0,1.5255025195135368,1.3536274196402411,0.0,0.0,-0.155246094387949,0.0,0.0,0.0,0.0,0.0,0.0,0.0,0.0,0.0
13,0.0,0.0,0.0,0.0,0.0,0.0,0.0,0.0,0.0,0.0,0.7478159749079842,0.0,0.0,0.0,0.6613433256312916,0.5844011377532771,0.0,0.0,0.0,0.0,0.0,0.0,0.0,0.0,0.0,0.0,0.0,0.0
14,0.0,0.0,0.0,0.0,0.0,0.0,0.0,0.0,0.0,0.0,-3.046490988247091,0.0,1.5255025195135368,0.6613433256312916,0.0,-1.949128393447041,0.0,0.0,0.0,-2.192121444033141,0.0,0.0,0.0,0.0,0.0,0.0,0.0,0.0
15,0.0,0.0,0.0,0.0,0.0,0.0,0.0,0.0,0.0,0.0,0.0,1.1177616958609407,1.3536274196402411,0.5844011377532771,-1.949128393447041,0.0,-0.4797631298977765,-1.1310261686132304,0.9895070169762954,-1.453257468711297,0.0,0.0,0.0,0.0,0.0,0.0,0.0,0.0
16,0.0,0.0,0.0,0.0,0.0,0.0,0.0,0.0,0.0,0.0,0.0,0.0,0.0,0.0,0.0,-0.4797631298977765,0.0,-0.5246769690864591,0.0,-0.7155728907792278,0.0,-0.6996561036371509,-0.21408293507632964,0.0,0.0,0.0,0.0,0.0
17,0.0,0.0,0.0,0.0,0.0,0.0,0.0,0.0,0.0,0.0,0.0,0.0,0.0,0.0,0.0,-1.1310261686132304,-0.5246769690864591,0.0,1.023317404219386,-2.4180223731915857,-1.265677672578719,0.0,0.0,0.0,0.0,0.0,0.0,0.0
18,0.0,0.0,0.0,0.0,0.0,0.0,0.0,0.0,0.0,0.0,0.0,-1.9342586924091592,-0.155246094387949,0.0,0.0,0.9895070169762954,0.0,1.023317404219386,0.0,0.0,0.0,0.0,0.0,0.08752472622430653,0.0,0.0,0.0,0.0
19,0.0,0.0,0.0,0.0,0.0,0.0,0.0,0.0,0.0,0.0,0.0,0.0,0.0,0.0,-2.192121444033141,-1.453257468711297,-0.7155728907792278,-2.4180223731915857,0.0,0.0,-1.5183636301506176,0.0,0.0,0.0,0.0,0.0,0.0,0.0
20,0.0,0.0,0.0,0.0,0.0,0.0,0.0,0.0,0.0,0.0,0.0,0.0,0.0,0.0,0.0,0.0,0.0,-1.265677672578719,0.0,-1.5183636301506176,0.0,-0.6309544581293302,0.055602002582074116,0.0,0.0,0.0,0.0,0.0
21,0.0,0.0,0.0,0.0,0.0,0.0,0.0,0.0,0.0,0.0,0.0,0.0,0.0,0.0,0.0,0.0,-0.6996561036371509,0.0,0.0,0.0,-0.6309544581293302,0.0,0.22500662635550941,0.0,0.0,0.0,0.0,0.0
22,0.0,0.0,0.0,0.0,0.0,0.0,0.0,0.0,0.0,0.0,0.0,0.0,0.0,0.0,0.0,0.0,-0.21408293507632964,0.0,0.0,0.0,0.055602002582074116,0.22500662635550941,0.0,0.4494215861279164,0.0,0.0,0.0,0.0
23,0.0,0.0,0.0,0.0,0.0,0.0,0.0,0.0,0.0,0.0,0.0,0.0,0.0,0.0,0.0,0.0,0.0,0.0,0.08752472622430653,0.0,0.0,0.0,0.4494215861279164,0.0,0.397690955355009,-0.264128354091587,0.0,0.0
24,0.0,0.0,0.0,0.0,0.0,0.0,0.0,0.0,0.0,0.0,0.0,0.0,0.0,0.0,0.0,0.0,0.0,0.0,0.0,0.0,0.0,0.0,0.0,0.397690955355009,0.0,-0.25153176802039984,-1.288364885590722,-0.25113698436166454
25,0.0,0.0,0.0,0.0,0.0,0.0,0.0,0.0,0.0,0.0,0.0,0.0,0.0,0.0,0.0,0.0,0.0,0.0,0.0,0.0,0.0,0.0,0.0,-0.264128354091587,-0.25153176802039984,0.0,-0.0015373861366685545,0.10944144677241543
26,0.0,0.0,0.0,0.0,0.0,0.0,0.0,0.0,0.0,0.0,0.0,0.0,0.0,0.0,0.0,0.0,0.0,0.0,0.0,0.0,0.0,0.0,0.0,0.0,-1.288364885590722,-0.0015373861366685545,0.0,-0.38826573776512446
27,0.0,0.0,0.0,0.0,0.0,0.0,0.0,0.0,0.0,0.0,0.0,0.0,0.0,0.0,0.0,0.0,0.0,0.0,0.0,0.0,0.0,0.0,0.0,0.0,-0.25113698436166454,0.10944144677241543,-0.38826573776512446,0.0
