,0,1,2,3,4,5,6,7,8,9,10,11,12,13,14,15
0,0.0,3.278175193287257,2.849274740016409,2.0888363487262414,0.0,0.0,0.0,0.0,0.0,0.0,0.0,0.0,0.0,0.0,0.0,0.0
1,3.278175193287257,0.0,0.37944148864634486,-0.15189425673845025,-0.21941762162454925,0.0,0.0,0.0,0.0,0.0,0.0,0.0,0.0,0.0,0.0,0.0
2,2.849274740016409,0.37944148864634486,0.0,0.3771475626066886,0.18833424963041254,0.0,0.0,0.0,0.0,0.0,0.0,0.0,0.0,0.0,0.0,0.0
3,2.0888363487262414,-0.15189425673845025,0.3771475626066886,0.0,0.26549744080244964,-0.3003756903280368,-0.6711667615797057,0.0,0.0,0.0,0.0,0.0,0.0,0.0,0.0,0.0
4,0.0,-0.21941762162454925,0.18833424963041254,0.26549744080244964,0.0,0.017227181731295563,-0.22325813262029337,0.0,0.0,0.0,0.0,0.0,0.0,0.0,0.0,0.0
5,0.0,0.0,0.0,-0.3003756903280368,0.017227181731295563,0.0,-2.0875978760195273,-1.2442904239981507,0.0,0.0,0.0,0.0,0.0,0.0,0.0,0.0
6,0.0,0.0,0.0,-0.6711667615797057,-0.22325813262029337,-2.0875978760195273,0.0,-1.5858481053269338,0.0,0.0,0.0,0.0,0.0,0.0,0.0,0.0
7,0.0,0.0,0.0,0.0,0.0,-1.2442904239981507,-1.5858481053269338,0.0,-1.7255150524059208,-2.171971582968856,0.0,0.0,0.0,0.0,0.0,0.0
8,0.0,0.0,0.0,0.0,0.0,0.0,0.0,-1.7255150524059208,0.0,-2.7845738685538803,-0.8724130302933261,0.0,0.0,0.0,0.0,0.0
9,0.0,0.0,0.0,0.0,0.0,0.0,0.0,-2.171971582968856,-2.7845738685538803,0.0,-0.8493366193077122,-1.385801423477411,-3.0676867233114895,0.0,0.0,0.0
10,0.0,0.0,0.0,0.0,0.0,0.0,0.0,0.0,-0.8724130302933261,-0.8493366193077122,0.0,-0.5796392294896318,-1.3739042769062262,0.0,0.0,0.0
11,0.0,0.0,0.0,0.0,0.0,0.0,0.0,0.0,0.0,-1.385801423477411,-0.5796392294896318,0.0,-1.4081692044485303,-2.2609622719322235,0.0,0.0
12,0.0,0.0,0.0,0.0,0.0,0.0,0.0,0.0,0.0,-3.0676867233114895,-1.3739042769062262,-1.4081692044485303,0.0,-2.5950655485859055,-0.37936614116627104,-4.078017831573832
13,0.0,0.0,0.0,0.0,0.0,0.0,0.0,0.0,0.0,0.0,0.0,-2.2609622719322235,-2.5950655485859055,0.0,-0.3048099147335668,-2.973471620453365
14,0.0,0.0,0.0,0.0,0.0,0.0,0.0,0.0,0.0,0.0,0.0,0.0,-0.37936614116627104,-0.3048099147335668,0.0,-0.8940880094113252
15,0.0,0.0,0.0,0.0,0.0,0.0,0.0,0.0,0.0,0.0,0.0,0.0,-4.078017831573832,-2.973471620453365,-0.8940880094113252,0.0
