,0,1,2,3,4,5,6,7,8,9,10,11,12,13,14,15,16,17,18,19,20,21,22,23,24,25,26,27,28
0,0.0,2.8323566911095854,2.9219485603093838,2.4898339284670876,0.0,0.0,0.0,0.0,0.0,0.0,0.0,0.0,0.0,0.0,0.0,0.0,0.0,0.0,0.0,0.0,0.0,0.0,0.0,0.0,0.0,0.0,0.0,0.0,0.0
1,2.8323566911095854,0.0,3.320217926039778,2.9042845393856958,2.570830739984652,0.0,0.0,0.0,0.0,0.0,0.0,0.0,0.0,0.0,0.0,0.0,0.0,0.0,0.0,0.0,0.0,0.0,0.0,0.0,0.0,0.0,0.0,0.0,0.0
2,2.9219485603093838,3.320217926039778,0.0,-0.5095855728890727,-0.7187839032869147,-0.7962853618572595,0.0,0.0,0.0,0.0,0.0,0.0,0.0,0.0,0.0,0.0,0.0,0.0,0.0,0.0,0.0,0.0,0.0,0.0,0.0,0.0,0.0,0.0,0.0
3,2.4898339284670876,2.9042845393856958,-0.5095855728890727,0.0,-2.1221697148673324,-2.1943628362682985,-0.04128522206495342,0.0,0.0,0.0,0.0,0.0,0.0,0.0,0.0,0.0,0.0,0.0,0.0,0.0,0.0,0.0,0.0,0.0,0.0,0.0,0.0,0.0,0.0
4,0.0,2.570830739984652,-0.7187839032869147,-2.1221697148673324,0.0,-4.249569852510304,0.06066415341947053,0.6217254109316006,0.0,0.0,0.0,0.0,0.0,0.0,0.0,0.0,0.0,0.0,0.0,0.0,0.0,0.0,0.0,0.0,0.0,0.0,0.0,0.0,0.0
5,0.0,0.0,-0.7962853618572595,-2.1943628362682985,-4.249569852510304,0.0,0.06198082955736125,0.6272078018604067,0.0,0.0,0.0,0.0,0.0,0.0,0.0,0.0,0.0,0.0,0.0,0.0,0.0,0.0,0.0,0.0,0.0,0.0,0.0,0.0,0.0
6,0.0,0.0,0.0,-0.04128522206495342,0.06066415341947053,0.06198082955736125,0.0,0.5175823332330328,0.0,0.0,0.0,0.0,0.0,0.0,0.0,0.0,0.0,0.0,0.0,0.0,0.0,0.0,0.0,0.0,0.0,0.0,0.0,0.0,0.0
7,0.0,0.0,0.0,0.0,0.6217254109316006,0.6272078018604067,0.5175823332330328,0.0,2.058697757338937,-1.007371870991677,0.32351976000834676,0.0,0.0,0.0,0.0,0.0,0.0,0.0,0.0,0.0,0.0,0.0,0.0,0.0,0.0,0.0,0.0,0.0,0.0
8,0.0,0.0,0.0,0.0,0.0,0.0,0.0,2.058697757338937,0.0,0.0,0.0,1.8845545532765702,0.0,0.0,0.0,0.47587033905786696,0.0,0.0,0.0,0.0,0.0,0.0,0.0,0.0,0.0,0.0,0.0,0.0,0.0
9,0.0,0.0,0.0,0.0,0.0,0.0,0.0,-1.007371870991677,0.0,0.0,0.02735705965332559,0.0,0.46575869429458616,-0.22971623476010852,0.0,1.4957196149426464,0.0,0.0,0.0,0.0,0.0,0.0,0.0,0.0,0.0,0.0,0.0,0.0,0.0
10,0.0,0.0,0.0,0.0,0.0,0.0,0.0,0.32351976000834676,0.0,0.02735705965332559,0.0,0.0,0.2692616310823113,-0.33061410407009706,-0.5047470279428139,0.0,0.0,0.0,0.0,0.0,0.0,0.0,0.0,0.0,0.0,0.0,0.0,0.0,0.0
11,0.0,0.0,0.0,0.0,0.0,0.0,0.0,0.0,1.8845545532765702,0.0,0.0,0.0,0.0,0.0,0.0,1.8292271966153568,1.6160429601702542,0.0,0.0,0.0,0.0,0.0,0.0,0.0,0.0,0.0,0.0,0.0,0.0
12,0.0,0.0,0.0,0.0,0.0,0.0,0.0,0.0,0.0,0.46575869429458616,0.2692616310823113,0.0,0.0,0.6434832975424427,0.22567976964641145,0.0,0.0,0.0,0.0,0.0,0.0,0.0,0.0,0.0,0.0,0.0,0.0,0.0,0.0
13,0.0,0.0,0.0,0.0,0.0,0.0,0.0,0.0,0.0,-0.22971623476010852,-0.33061410407009706,0.0,0.6434832975424427,0.0,0.2005801389460091,1.591742598419832,0.0,0.0,0.0,0.0,0.0,0.0,0.0,0.0,0.0,0.0,0.0,0.0,0.0
14,0.0,0.0,0.0,0.0,0.0,0.0,0.0,0.0,0.0,0.0,-0.5047470279428139,0.0,0.22567976964641145,0.2005801389460091,0.0,0.0,0.0,0.0,0.0,0.0,0.0,0.0,0.0,0.0,0.0,0.0,0.0,0.0,0.0
15,0.0,0.0,0.0,0.0,0.0,0.0,0.0,0.0,0.47587033905786696,1.4957196149426464,0.0,1.8292271966153568,0.0,1.591742598419832,0.0,0.0,-0.8150566763693663,0.0,0.0,0.0,0.0,0.0,0.0,0.0,0.0,0.0,0.0,0.0,0.0
16,0.0,0.0,0.0,0.0,0.0,0.0,0.0,0.0,0.0,0.0,0.0,1.6160429601702542,0.0,0.0,0.0,-0.8150566763693663,0.0,0.0,0.40891935281593095,-0.2313345495322537,0.0,0.0,0.0,0.0,0.0,0.0,0.0,0.0,0.0
17,0.0,0.0,0.0,0.0,0.0,0.0,0.0,0.0,0.0,0.0,0.0,0.0,0.0,0.0,0.0,0.0,0.0,0.0,0.0,1.2650991914772127,0.0,-1.2157322654796066,-0.474551645081271,0.0,0.0,0.0,0.0,0.0,0.0
18,0.0,0.0,0.0,0.0,0.0,0.0,0.0,0.0,0.0,0.0,0.0,0.0,0.0,0.0,0.0,0.0,0.40891935281593095,0.0,0.0,-0.431989037858555,-0.22580099168596168,0.0,0.0,0.0,0.0,0.0,0.0,0.0,0.0
19,0.0,0.0,0.0,0.0,0.0,0.0,0.0,0.0,0.0,0.0,0.0,0.0,0.0,0.0,0.0,0.0,-0.2313345495322537,1.2650991914772127,-0.431989037858555,0.0,-0.9166848513108761,0.0,0.0,-0.7120836751387849,0.0,0.0,0.0,0.0,0.0
20,0.0,0.0,0.0,0.0,0.0,0.0,0.0,0.0,0.0,0.0,0.0,0.0,0.0,0.0,0.0,0.0,0.0,0.0,-0.22580099168596168,-0.9166848513108761,0.0,0.0,0.0,-1.742901869945414,-0.31837795915086453,-1.2765898382990317,0.0,0.0,0.0
21,0.0,0.0,0.0,0.0,0.0,0.0,0.0,0.0,0.0,0.0,0.0,0.0,0.0,0.0,0.0,0.0,0.0,-1.2157322654796066,0.0,0.0,0.0,0.0,-1.0551548197371043,0.0,0.07879698447611756,0.11932015756831985,0.0,0.0,0.0
22,0.0,0.0,0.0,0.0,0.0,0.0,0.0,0.0,0.0,0.0,0.0,0.0,0.0,0.0,0.0,0.0,0.0,-0.474551645081271,0.0,0.0,0.0,-1.0551548197371043,0.0,0.0,-0.13229719475560073,-0.010785596518562132,0.0,0.0,0.0
23,0.0,0.0,0.0,0.0,0.0,0.0,0.0,0.0,0.0,0.0,0.0,0.0,0.0,0.0,0.0,0.0,0.0,0.0,0.0,-0.7120836751387849,-1.742901869945414,0.0,0.0,0.0,-0.5781970614419184,-1.945284394318016,-0.4165954221961127,0.0,0.0
24,0.0,0.0,0.0,0.0,0.0,0.0,0.0,0.0,0.0,0.0,0.0,0.0,0.0,0.0,0.0,0.0,0.0,0.0,0.0,0.0,-0.31837795915086453,0.07879698447611756,-0.13229719475560073,-0.5781970614419184,0.0,-1.1818451124999705,0.0,-0.5149808503095176,0.0
25,0.0,0.0,0.0,0.0,0.0,0.0,0.0,0.0,0.0,0.0,0.0,0.0,0.0,0.0,0.0,0.0,0.0,0.0,0.0,0.0,-1.2765898382990317,0.11932015756831985,-0.010785596518562132,-1.945284394318016,-1.1818451124999705,0.0,-0.295598548403619,-0.2841022493949388,-1.0001642228844696
26,0.0,0.0,0.0,0.0,0.0,0.0,0.0,0.0,0.0,0.0,0.0,0.0,0.0,0.0,0.0,0.0,0.0,0.0,0.0,0.0,0.0,0.0,0.0,-0.4165954221961127,0.0,-0.295598548403619,0.0,0.22322898652797835,-0.9499513898838834
27,0.0,0.0,0.0,0.0,0.0,0.0,0.0,0.0,0.0,0.0,0.0,0.0,0.0,0.0,0.0,0.0,0.0,0.0,0.0,0.0,0.0,0.0,0.0,0.0,-0.5149808503095176,-0.2841022493949388,0.22322898652797835,0.0,-0.6550806771010937
28,0.0,0.0,0.0,0.0,0.0,0.0,0.0,0.0,0.0,0.0,0.0,0.0,0.0,0.0,0.0,0.0,0.0,0.0,0.0,0.0,0.0,0.0,0.0,0.0,0.0,-1.0001642228844696,-0.9499513898838834,-0.6550806771010937,0.0
