,0,1,2,3,4,5,6,7,8,9,10,11,12,13,14,15,16,17
0,0.0,2.696896341933894,2.497095581007059,2.320543161292315,0.0,0.0,0.0,0.0,0.0,0.0,0.0,0.0,0.0,0.0,0.0,0.0,0.0,0.0
1,2.696896341933894,0.0,0.1649662325095057,-0.06841649975179798,0.8436452729076201,0.0,0.0,0.0,0.0,0.0,0.0,0.0,0.0,0.0,0.0,0.0,0.0,0.0
2,2.497095581007059,0.1649662325095057,0.0,-2.6575843908249577,0.4178276889453756,-0.22505242433652808,0.0,0.0,0.0,0.0,0.0,0.0,0.0,0.0,0.0,0.0,0.0,0.0
3,2.320543161292315,-0.06841649975179798,-2.6575843908249577,0.0,0.42742938447936085,-0.1596757520166604,-1.1808737667298905,0.0,0.0,0.0,0.0,0.0,0.0,0.0,0.0,0.0,0.0,0.0
4,0.0,0.8436452729076201,0.4178276889453756,0.42742938447936085,0.0,0.051816008897302986,0.2926751199321862,0.0,0.0,0.0,0.0,0.0,0.0,0.0,0.0,0.0,0.0,0.0
5,0.0,0.0,-0.22505242433652808,-0.1596757520166604,0.051816008897302986,0.0,0.006153415972284328,0.0,0.0,0.0,0.0,0.0,0.0,0.0,0.0,0.0,0.0,0.0
6,0.0,0.0,0.0,-1.1808737667298905,0.2926751199321862,0.006153415972284328,0.0,0.0,0.0,0.0,0.0,0.0,0.0,0.0,0.0,0.0,0.0,0.0
7,0.0,0.0,0.0,0.0,0.0,0.0,0.0,0.0,-1.0244243563876747,-0.8082556658399673,-2.200475980170332,0.0,0.0,0.0,0.0,0.0,0.0,0.0
8,0.0,0.0,0.0,0.0,0.0,0.0,0.0,-1.0244243563876747,0.0,-1.2890551461543236,-1.744566536495653,-1.3013355852996706,0.0,0.0,0.0,0.0,0.0,0.0
9,0.0,0.0,0.0,0.0,0.0,0.0,0.0,-0.8082556658399673,-1.2890551461543236,0.0,-1.6946302264292608,-0.8334781856994493,0.0,0.0,0.0,0.0,0.0,0.0
10,0.0,0.0,0.0,0.0,0.0,0.0,0.0,-2.200475980170332,-1.744566536495653,-1.6946302264292608,0.0,-1.015300100177182,-1.9248904632181407,-0.8315550538487031,0.0,0.0,0.0,0.0
11,0.0,0.0,0.0,0.0,0.0,0.0,0.0,0.0,-1.3013355852996706,-0.8334781856994493,-1.015300100177182,0.0,-1.3157348394420576,-1.0435099741428813,0.0,0.0,0.0,0.0
12,0.0,0.0,0.0,0.0,0.0,0.0,0.0,0.0,0.0,0.0,-1.9248904632181407,-1.3157348394420576,0.0,-0.6426904878815812,-1.723249394091398,0.17514530798934,-1.1486314841596568,0.0
13,0.0,0.0,0.0,0.0,0.0,0.0,0.0,0.0,0.0,0.0,-0.8315550538487031,-1.0435099741428813,-0.6426904878815812,0.0,-0.6944151788159417,0.0,0.0,0.04345791617524847
14,0.0,0.0,0.0,0.0,0.0,0.0,0.0,0.0,0.0,0.0,0.0,0.0,-1.723249394091398,-0.6944151788159417,0.0,0.2266995161619166,-0.8458099845168525,0.0
15,0.0,0.0,0.0,0.0,0.0,0.0,0.0,0.0,0.0,0.0,0.0,0.0,0.17514530798934,0.0,0.2266995161619166,0.0,0.14099287117800724,-0.44508905227361834
16,0.0,0.0,0.0,0.0,0.0,0.0,0.0,0.0,0.0,0.0,0.0,0.0,-1.1486314841596568,0.0,-0.8458099845168525,0.14099287117800724,0.0,0.24747579852686125
17,0.0,0.0,0.0,0.0,0.0,0.0,0.0,0.0,0.0,0.0,0.0,0.0,0.0,0.04345791617524847,0.0,-0.44508905227361834,0.24747579852686125,0.0
