,0,1,2,3,4,5,6,7,8,9,10,11,12,13,14,15,16,17
0,0.0,2.7290267144730347,2.836905554179018,2.506143289374051,0.0,0.0,0.0,0.0,0.0,0.0,0.0,0.0,0.0,0.0,0.0,0.0,0.0,0.0
1,2.7290267144730347,0.0,1.6055590113380969,-0.8833535440663556,-1.251554861024494,0.0,0.0,0.0,0.0,0.0,0.0,0.0,0.0,0.0,0.0,0.0,0.0,0.0
2,2.836905554179018,1.6055590113380969,0.0,1.6150075207725139,1.2513840164431056,0.0,0.0,0.0,0.0,0.0,0.0,0.0,0.0,0.0,0.0,0.0,0.0,0.0
3,2.506143289374051,-0.8833535440663556,1.6150075207725139,0.0,-0.9861210969280083,0.0,0.0,0.0,0.0,0.0,0.0,0.0,0.0,0.0,0.0,0.0,0.0,0.0
4,0.0,-1.251554861024494,1.2513840164431056,-0.9861210969280083,0.0,-0.007391824829324391,-0.7080397940045556,-0.8551780800491264,0.0,0.0,0.0,0.0,0.0,0.0,0.0,0.0,0.0,0.0
5,0.0,0.0,0.0,0.0,-0.007391824829324391,0.0,-0.6469477499575849,0.08207746384391248,-2.2019135973158184,0.0,0.0,0.0,0.0,0.0,0.0,0.0,0.0,0.0
6,0.0,0.0,0.0,0.0,-0.7080397940045556,-0.6469477499575849,0.0,-0.5313659884918434,-1.3911048022981143,0.0,0.0,0.0,0.0,0.0,0.0,0.0,0.0,0.0
7,0.0,0.0,0.0,0.0,-0.8551780800491264,0.08207746384391248,-0.5313659884918434,0.0,-0.4186312561182938,0.0,0.0,0.0,0.0,0.0,0.0,0.0,0.0,0.0
8,0.0,0.0,0.0,0.0,0.0,-2.2019135973158184,-1.3911048022981143,-0.4186312561182938,0.0,0.0,0.0,0.0,0.0,0.0,0.0,0.0,0.0,0.0
9,0.0,0.0,0.0,0.0,0.0,0.0,0.0,0.0,0.0,0.0,-0.21655795424348445,-0.7167577327220257,0.0,0.6133646377951392,0.0,0.0,0.0,0.0
10,0.0,0.0,0.0,0.0,0.0,0.0,0.0,0.0,0.0,-0.21655795424348445,0.0,-0.2552304552879949,0.0,0.2751660221990021,0.0,0.0,0.0,0.0
11,0.0,0.0,0.0,0.0,0.0,0.0,0.0,0.0,0.0,-0.7167577327220257,-0.2552304552879949,0.0,-0.5110499844163093,0.5948538828139601,0.0,0.0,0.0,0.0
12,0.0,0.0,0.0,0.0,0.0,0.0,0.0,0.0,0.0,0.0,0.0,-0.5110499844163093,0.0,0.239081991731407,-0.3047313093471776,0.0,0.0,0.0
13,0.0,0.0,0.0,0.0,0.0,0.0,0.0,0.0,0.0,0.6133646377951392,0.2751660221990021,0.5948538828139601,0.239081991731407,0.0,0.5213688196598075,0.0,0.0,0.0
14,0.0,0.0,0.0,0.0,0.0,0.0,0.0,0.0,0.0,0.0,0.0,0.0,-0.3047313093471776,0.5213688196598075,0.0,-1.0834706431610361,0.15196929076554752,-1.2352734212774965
15,0.0,0.0,0.0,0.0,0.0,0.0,0.0,0.0,0.0,0.0,0.0,0.0,0.0,0.0,-1.0834706431610361,0.0,0.3011420121377029,-0.7939823223165631
16,0.0,0.0,0.0,0.0,0.0,0.0,0.0,0.0,0.0,0.0,0.0,0.0,0.0,0.0,0.15196929076554752,0.3011420121377029,0.0,-0.5116875410750688
17,0.0,0.0,0.0,0.0,0.0,0.0,0.0,0.0,0.0,0.0,0.0,0.0,0.0,0.0,-1.2352734212774965,-0.7939823223165631,-0.5116875410750688,0.0
