,0,1,2,3,4,5,6,7,8,9,10,11,12,13,14,15,16,17,18,19,20,21,22
0,0.0,3.6540627210576484,3.01797964157375,2.298278818883751,0.0,0.0,0.0,0.0,0.0,0.0,0.0,0.0,0.0,0.0,0.0,0.0,0.0,0.0,0.0,0.0,0.0,0.0,0.0
1,3.6540627210576484,0.0,1.2239017634812088,0.008225823146542296,-0.07905353113611256,0.0,0.0,0.0,0.0,0.0,0.0,0.0,0.0,0.0,0.0,0.0,0.0,0.0,0.0,0.0,0.0,0.0,0.0
2,3.01797964157375,1.2239017634812088,0.0,-0.2793250098087214,-0.6463398537241956,-1.2696729632583768,0.0,0.0,0.0,0.0,0.0,0.0,0.0,0.0,0.0,0.0,0.0,0.0,0.0,0.0,0.0,0.0,0.0
3,2.298278818883751,0.008225823146542296,-0.2793250098087214,0.0,-0.94729949914361,-0.32379597772713054,-0.6821833525891021,0.0,0.0,0.0,0.0,0.0,0.0,0.0,0.0,0.0,0.0,0.0,0.0,0.0,0.0,0.0,0.0
4,0.0,-0.07905353113611256,-0.6463398537241956,-0.94729949914361,0.0,-0.35262934759266495,-0.8772501567869689,0.0,0.0,0.0,0.0,0.0,0.0,0.0,0.0,0.0,0.0,0.0,0.0,0.0,0.0,0.0,0.0
5,0.0,0.0,-1.2696729632583768,-0.32379597772713054,-0.35262934759266495,0.0,-1.4497737297489317,-0.7517227981133402,0.0,0.0,0.0,0.0,0.0,0.0,0.0,0.0,0.0,0.0,0.0,0.0,0.0,0.0,0.0
6,0.0,0.0,0.0,-0.6821833525891021,-0.8772501567869689,-1.4497737297489317,0.0,-0.6786666566446802,-1.6932856125207616,0.0,0.0,0.0,0.0,0.0,0.0,0.0,0.0,0.0,0.0,0.0,0.0,0.0,0.0
7,0.0,0.0,0.0,0.0,0.0,-0.7517227981133402,-0.6786666566446802,0.0,-0.48288191141851394,-0.7043750719171262,0.0,0.0,0.0,0.0,0.0,0.0,0.0,0.0,0.0,0.0,0.0,0.0,0.0
8,0.0,0.0,0.0,0.0,0.0,0.0,-1.6932856125207616,-0.48288191141851394,0.0,-2.301907880269916,-0.4639733746508568,0.0,0.0,0.0,0.0,0.0,0.0,0.0,0.0,0.0,0.0,0.0,0.0
9,0.0,0.0,0.0,0.0,0.0,0.0,0.0,-0.7043750719171262,-2.301907880269916,0.0,-0.5931745395731466,0.0,0.0,0.0,0.0,0.0,0.0,0.0,0.0,0.0,0.0,0.0,0.0
10,0.0,0.0,0.0,0.0,0.0,0.0,0.0,0.0,-0.4639733746508568,-0.5931745395731466,0.0,-0.3183638415759091,-0.4133242919182994,0.0,0.0,0.0,0.0,0.0,0.0,0.0,0.0,0.0,0.0
11,0.0,0.0,0.0,0.0,0.0,0.0,0.0,0.0,0.0,0.0,-0.3183638415759091,0.0,-0.8031215758667267,-0.8368863295603093,0.0,0.0,0.0,0.0,0.0,0.0,0.0,0.0,0.0
12,0.0,0.0,0.0,0.0,0.0,0.0,0.0,0.0,0.0,0.0,-0.4133242919182994,-0.8031215758667267,0.0,-1.10379057491369,0.0,0.0,0.0,0.0,0.0,0.0,0.0,0.0,0.0
13,0.0,0.0,0.0,0.0,0.0,0.0,0.0,0.0,0.0,0.0,0.0,-0.8368863295603093,-1.10379057491369,0.0,-1.6819015092027756,-1.6743500247705756,0.03660922622076311,0.0,0.0,0.0,0.0,0.0,0.0
14,0.0,0.0,0.0,0.0,0.0,0.0,0.0,0.0,0.0,0.0,0.0,0.0,0.0,-1.6819015092027756,0.0,-1.3018416754438855,-0.08053163880440464,-0.9803771397731961,0.0,0.0,0.0,0.0,0.0
15,0.0,0.0,0.0,0.0,0.0,0.0,0.0,0.0,0.0,0.0,0.0,0.0,0.0,-1.6743500247705756,-1.3018416754438855,0.0,-0.07302685520326874,-1.8136578106251637,0.0,0.0,0.0,0.0,0.0
16,0.0,0.0,0.0,0.0,0.0,0.0,0.0,0.0,0.0,0.0,0.0,0.0,0.0,0.03660922622076311,-0.08053163880440464,-0.07302685520326874,0.0,-0.10063939490986881,0.0,0.0,0.0,0.0,0.0
17,0.0,0.0,0.0,0.0,0.0,0.0,0.0,0.0,0.0,0.0,0.0,0.0,0.0,0.0,-0.9803771397731961,-1.8136578106251637,-0.10063939490986881,0.0,-1.5278883560328367,0.0,0.0,0.0,0.0
18,0.0,0.0,0.0,0.0,0.0,0.0,0.0,0.0,0.0,0.0,0.0,0.0,0.0,0.0,0.0,0.0,0.0,-1.5278883560328367,0.0,-1.3060734772384694,-0.8918725678229028,-2.0229935442007414,-0.3372125186466639
19,0.0,0.0,0.0,0.0,0.0,0.0,0.0,0.0,0.0,0.0,0.0,0.0,0.0,0.0,0.0,0.0,0.0,0.0,-1.3060734772384694,0.0,-0.691120164322091,-1.67470984272463,0.0
20,0.0,0.0,0.0,0.0,0.0,0.0,0.0,0.0,0.0,0.0,0.0,0.0,0.0,0.0,0.0,0.0,0.0,0.0,-0.8918725678229028,-0.691120164322091,0.0,-0.7805538692574634,-0.47025716785113864
21,0.0,0.0,0.0,0.0,0.0,0.0,0.0,0.0,0.0,0.0,0.0,0.0,0.0,0.0,0.0,0.0,0.0,0.0,-2.0229935442007414,-1.67470984272463,-0.7805538692574634,0.0,-0.2911259235279814
22,0.0,0.0,0.0,0.0,0.0,0.0,0.0,0.0,0.0,0.0,0.0,0.0,0.0,0.0,0.0,0.0,0.0,0.0,-0.3372125186466639,0.0,-0.47025716785113864,-0.2911259235279814,0.0
