,0,1,2,3,4,5,6,7,8,9,10,11,12,13,14,15,16,17,18,19,20,21,22,23,24,25
0,0.0,3.259584476061212,2.0650197700032327,2.4330801685863843,0.0,0.0,0.0,0.0,0.0,0.0,0.0,0.0,0.0,0.0,0.0,0.0,0.0,0.0,0.0,0.0,0.0,0.0,0.0,0.0,0.0,0.0
1,3.259584476061212,0.0,2.01334838801666,1.3519001431762487,1.319398754380751,0.0,0.0,0.0,0.0,0.0,0.0,0.0,0.0,0.0,0.0,0.0,0.0,0.0,0.0,0.0,0.0,0.0,0.0,0.0,0.0,0.0
2,2.0650197700032327,2.01334838801666,0.0,1.3204520532631776,1.0254157838284286,0.7619781181410036,0.0,0.0,0.0,0.0,0.0,0.0,0.0,0.0,0.0,0.0,0.0,0.0,0.0,0.0,0.0,0.0,0.0,0.0,0.0,0.0
3,2.4330801685863843,1.3519001431762487,1.3204520532631776,0.0,-0.7716603657899419,-0.2902814601939422,0.0,0.0,0.0,0.0,0.0,0.0,0.0,0.0,0.0,0.0,0.0,0.0,0.0,0.0,0.0,0.0,0.0,0.0,0.0,0.0
4,0.0,1.319398754380751,1.0254157838284286,-0.7716603657899419,0.0,-0.17881868020345543,0.0,0.0,0.0,0.0,0.0,0.0,0.0,0.0,0.0,0.0,0.0,0.0,0.0,0.0,0.0,0.0,0.0,0.0,0.0,0.0
5,0.0,0.0,0.7619781181410036,-0.2902814601939422,-0.17881868020345543,0.0,0.6476673883613582,0.0,0.0,0.0,0.0,0.0,0.0,0.0,0.0,0.0,0.0,0.0,0.0,0.0,0.0,0.0,0.0,0.0,0.0,0.0
6,0.0,0.0,0.0,0.0,0.0,0.6476673883613582,0.0,-0.05945462076705528,0.0,-0.6950052091346364,0.0,0.0,0.0,0.0,0.0,0.0,0.0,0.0,0.0,0.0,0.0,0.0,0.0,0.0,0.0,0.0
7,0.0,0.0,0.0,0.0,0.0,0.0,-0.05945462076705528,0.0,0.0,-1.4764535793439435,-0.9219435871262912,0.10390401350765503,0.0,0.0,0.0,0.0,0.0,0.0,0.0,0.0,0.0,0.0,0.0,0.0,0.0,0.0
8,0.0,0.0,0.0,0.0,0.0,0.0,0.0,0.0,0.0,-1.3047072791040293,-1.6527636450282575,0.050954251148064594,0.0,0.0,0.0,0.0,0.0,0.0,0.0,0.0,0.0,0.0,0.0,0.0,0.0,0.0
9,0.0,0.0,0.0,0.0,0.0,0.0,-0.6950052091346364,-1.4764535793439435,-1.3047072791040293,0.0,-1.7323735217716696,0.14202829836786188,0.475979024226117,0.0,-0.1839924412270286,0.0,0.0,0.0,0.0,0.0,0.0,0.0,0.0,0.0,0.0,0.0
10,0.0,0.0,0.0,0.0,0.0,0.0,0.0,-0.9219435871262912,-1.6527636450282575,-1.7323735217716696,0.0,0.16456265721755436,0.4521521685333963,0.0,0.0,0.0,0.0,0.0,0.0,0.0,0.0,0.0,0.0,0.0,0.0,0.0
11,0.0,0.0,0.0,0.0,0.0,0.0,0.0,0.10390401350765503,0.050954251148064594,0.14202829836786188,0.16456265721755436,0.0,0.0,-0.2867691192159111,-0.928722771634368,-0.6733990703453904,0.0,0.0,0.0,0.0,0.0,0.0,0.0,0.0,0.0,0.0
12,0.0,0.0,0.0,0.0,0.0,0.0,0.0,0.0,0.0,0.475979024226117,0.4521521685333963,0.0,0.0,0.47690569655783804,0.787835118715875,0.38017078464639914,0.0,0.0,0.0,0.0,0.0,0.0,0.0,0.0,0.0,0.0
13,0.0,0.0,0.0,0.0,0.0,0.0,0.0,0.0,0.0,0.0,0.0,-0.2867691192159111,0.47690569655783804,0.0,-0.5142096397619386,-1.5991932223460463,-0.708383779529412,0.0,0.0,0.0,0.0,0.0,0.0,0.0,0.0,0.0
14,0.0,0.0,0.0,0.0,0.0,0.0,0.0,0.0,0.0,-0.1839924412270286,0.0,-0.928722771634368,0.787835118715875,-0.5142096397619386,0.0,-0.6986347896023354,-2.021924888299634,0.0,0.0,0.0,0.0,0.0,0.0,0.0,0.0,0.0
15,0.0,0.0,0.0,0.0,0.0,0.0,0.0,0.0,0.0,0.0,0.0,-0.6733990703453904,0.38017078464639914,-1.5991932223460463,-0.6986347896023354,0.0,-0.8556486731690934,-2.6155274159356083,0.0,0.0,0.0,0.0,0.0,0.0,0.0,0.0
16,0.0,0.0,0.0,0.0,0.0,0.0,0.0,0.0,0.0,0.0,0.0,0.0,0.0,-0.708383779529412,-2.021924888299634,-0.8556486731690934,0.0,-1.0483737191762705,0.0,-0.7265269363887482,0.0,0.0,0.0,0.0,0.0,0.0
17,0.0,0.0,0.0,0.0,0.0,0.0,0.0,0.0,0.0,0.0,0.0,0.0,0.0,0.0,0.0,-2.6155274159356083,-1.0483737191762705,0.0,0.0,-1.137220991529685,0.0,0.0,0.0,0.0,0.0,0.0
18,0.0,0.0,0.0,0.0,0.0,0.0,0.0,0.0,0.0,0.0,0.0,0.0,0.0,0.0,0.0,0.0,0.0,0.0,0.0,-1.4978686466340616,-1.1813013568336845,-1.8797908665593044,0.0,0.0,0.0,0.0
19,0.0,0.0,0.0,0.0,0.0,0.0,0.0,0.0,0.0,0.0,0.0,0.0,0.0,0.0,0.0,0.0,-0.7265269363887482,-1.137220991529685,-1.4978686466340616,0.0,-1.240134839787497,-1.927462993178922,0.0,0.0,0.0,0.0
20,0.0,0.0,0.0,0.0,0.0,0.0,0.0,0.0,0.0,0.0,0.0,0.0,0.0,0.0,0.0,0.0,0.0,0.0,-1.1813013568336845,-1.240134839787497,0.0,-1.0488182717244854,0.0,0.0,0.0,0.0
21,0.0,0.0,0.0,0.0,0.0,0.0,0.0,0.0,0.0,0.0,0.0,0.0,0.0,0.0,0.0,0.0,0.0,0.0,-1.8797908665593044,-1.927462993178922,-1.0488182717244854,0.0,0.0,0.0,0.0,0.0
22,0.0,0.0,0.0,0.0,0.0,0.0,0.0,0.0,0.0,0.0,0.0,0.0,0.0,0.0,0.0,0.0,0.0,0.0,0.0,0.0,0.0,0.0,0.0,-1.5471640997401266,-2.1920493994045938,-2.008153296145317
23,0.0,0.0,0.0,0.0,0.0,0.0,0.0,0.0,0.0,0.0,0.0,0.0,0.0,0.0,0.0,0.0,0.0,0.0,0.0,0.0,0.0,0.0,-1.5471640997401266,0.0,-1.7727287220167252,-1.2368457912363808
24,0.0,0.0,0.0,0.0,0.0,0.0,0.0,0.0,0.0,0.0,0.0,0.0,0.0,0.0,0.0,0.0,0.0,0.0,0.0,0.0,0.0,0.0,-2.1920493994045938,-1.7727287220167252,0.0,-1.443479860723968
25,0.0,0.0,0.0,0.0,0.0,0.0,0.0,0.0,0.0,0.0,0.0,0.0,0.0,0.0,0.0,0.0,0.0,0.0,0.0,0.0,0.0,0.0,-2.008153296145317,-1.2368457912363808,-1.443479860723968,0.0
