,0,1,2,3,4,5,6,7,8,9,10,11,12,13,14,15,16,17
0,0.0,3.59484087974159,3.1644383305914827,3.1645952893784868,0.0,0.0,0.0,0.0,0.0,0.0,0.0,0.0,0.0,0.0,0.0,0.0,0.0,0.0
1,3.59484087974159,0.0,-0.19690214502585984,-0.22577724688632084,-0.014437707729452385,0.0,0.0,0.0,0.0,0.0,0.0,0.0,0.0,0.0,0.0,0.0,0.0,0.0
2,3.1644383305914827,-0.19690214502585984,0.0,-0.5724987373951388,-0.19471065961859185,0.0,0.0,0.0,0.0,0.0,0.0,0.0,0.0,0.0,0.0,0.0,0.0,0.0
3,3.1645952893784868,-0.22577724688632084,-0.5724987373951388,0.0,-0.3621758052324183,0.0,0.0,0.0,0.0,0.0,0.0,0.0,0.0,0.0,0.0,0.0,0.0,0.0
4,0.0,-0.014437707729452385,-0.19471065961859185,-0.3621758052324183,0.0,-0.36408770926856976,-0.2670783420509893,-0.9652565767089384,0.0,0.0,0.0,0.0,0.0,0.0,0.0,0.0,0.0,0.0
5,0.0,0.0,0.0,0.0,-0.36408770926856976,0.0,-1.338558504059549,-0.5916370834036455,0.0,0.0,0.0,0.0,0.0,0.0,0.0,0.0,0.0,0.0
6,0.0,0.0,0.0,0.0,-0.2670783420509893,-1.338558504059549,0.0,-0.5971679142756683,-0.3135060101447588,0.0,0.0,0.0,0.0,0.0,0.0,0.0,0.0,0.0
7,0.0,0.0,0.0,0.0,-0.9652565767089384,-0.5916370834036455,-0.5971679142756683,0.0,-0.7702671679012206,1.133345503495887,0.0,0.0,0.0,0.0,0.0,0.0,0.0,0.0
8,0.0,0.0,0.0,0.0,0.0,0.0,-0.3135060101447588,-0.7702671679012206,0.0,1.0610241875980881,0.0,0.0,0.0,0.0,0.0,0.0,0.0,0.0
9,0.0,0.0,0.0,0.0,0.0,0.0,0.0,1.133345503495887,1.0610241875980881,0.0,1.2405539434889234,0.0,-2.1241894107422308,0.0,0.24889663037927887,0.0,0.0,0.0
10,0.0,0.0,0.0,0.0,0.0,0.0,0.0,0.0,0.0,1.2405539434889234,0.0,0.8083663464831422,0.8936206852058616,-0.08105598506518426,0.0,0.0,0.0,0.0
11,0.0,0.0,0.0,0.0,0.0,0.0,0.0,0.0,0.0,0.0,0.8083663464831422,0.0,0.10487904086724703,-0.07396668836568124,0.6177591617935884,-0.5281934205188371,0.0,0.0
12,0.0,0.0,0.0,0.0,0.0,0.0,0.0,0.0,0.0,-2.1241894107422308,0.8936206852058616,0.10487904086724703,0.0,0.3907203566483766,0.2416468943461506,0.0,0.0,0.0
13,0.0,0.0,0.0,0.0,0.0,0.0,0.0,0.0,0.0,0.0,-0.08105598506518426,-0.07396668836568124,0.3907203566483766,0.0,0.558199699084978,-2.8207180655182786,-0.5398180282097598,-0.9905089507660108
14,0.0,0.0,0.0,0.0,0.0,0.0,0.0,0.0,0.0,0.24889663037927887,0.0,0.6177591617935884,0.2416468943461506,0.558199699084978,0.0,0.0,0.0,0.0
15,0.0,0.0,0.0,0.0,0.0,0.0,0.0,0.0,0.0,0.0,0.0,-0.5281934205188371,0.0,-2.8207180655182786,0.0,0.0,-0.5785694231867277,-1.087204468870446
16,0.0,0.0,0.0,0.0,0.0,0.0,0.0,0.0,0.0,0.0,0.0,0.0,0.0,-0.5398180282097598,0.0,-0.5785694231867277,0.0,-1.347018266341097
17,0.0,0.0,0.0,0.0,0.0,0.0,0.0,0.0,0.0,0.0,0.0,0.0,0.0,-0.9905089507660108,0.0,-1.087204468870446,-1.347018266341097,0.0
