,0,1,2,3,4,5,6,7,8,9,10,11,12,13,14,15,16,17,18,19,20,21,22,23,24
0,0.0,3.1883301701652766,2.9120615433183024,2.5594836866526887,0.0,0.0,0.0,0.0,0.0,0.0,0.0,0.0,0.0,0.0,0.0,0.0,0.0,0.0,0.0,0.0,0.0,0.0,0.0,0.0,0.0
1,3.1883301701652766,0.0,1.6123561830988984,1.3299151596221357,0.9190991246851709,0.0,0.0,0.0,0.0,0.0,0.0,0.0,0.0,0.0,0.0,0.0,0.0,0.0,0.0,0.0,0.0,0.0,0.0,0.0,0.0
2,2.9120615433183024,1.6123561830988984,0.0,-0.9409301644312724,1.0966815337893967,-0.6592493178691655,0.0,0.0,0.0,0.0,0.0,0.0,0.0,0.0,0.0,0.0,0.0,0.0,0.0,0.0,0.0,0.0,0.0,0.0,0.0
3,2.5594836866526887,1.3299151596221357,-0.9409301644312724,0.0,1.200710257608567,-0.32733313986489376,-0.10653400129751057,0.0,0.0,0.0,0.0,0.0,0.0,0.0,0.0,0.0,0.0,0.0,0.0,0.0,0.0,0.0,0.0,0.0,0.0
4,0.0,0.9190991246851709,1.0966815337893967,1.200710257608567,0.0,0.6147906559258954,0.39186291895774894,0.0,0.0,0.0,0.0,0.0,0.0,0.0,0.0,0.0,0.0,0.0,0.0,0.0,0.0,0.0,0.0,0.0,0.0
5,0.0,0.0,-0.6592493178691655,-0.32733313986489376,0.6147906559258954,0.0,-0.016834818178464668,0.03679815833142098,0.46021003284987416,0.0,0.0,0.0,0.0,0.0,0.0,0.0,0.0,0.0,0.0,0.0,0.0,0.0,0.0,0.0,0.0
6,0.0,0.0,0.0,-0.10653400129751057,0.39186291895774894,-0.016834818178464668,0.0,-0.05418012486452886,0.575183733214577,0.0,0.0,0.0,0.0,0.0,0.0,0.0,0.0,0.0,0.0,0.0,0.0,0.0,0.0,0.0,0.0
7,0.0,0.0,0.0,0.0,0.0,0.03679815833142098,-0.05418012486452886,0.0,0.06330752213181465,-1.7389532959586584,0.0,0.0,0.0,0.0,0.0,0.0,0.0,0.0,0.0,0.0,0.0,0.0,0.0,0.0,0.0
8,0.0,0.0,0.0,0.0,0.0,0.46021003284987416,0.575183733214577,0.06330752213181465,0.0,-0.04660947736261761,0.21506500942564657,0.0,0.0,0.0,0.0,0.0,0.0,0.0,0.0,0.0,0.0,0.0,0.0,0.0,0.0
9,0.0,0.0,0.0,0.0,0.0,0.0,0.0,-1.7389532959586584,-0.04660947736261761,0.0,-0.3504104702970267,-0.2447095243777291,-1.153032164237286,0.0,0.0,0.0,0.0,0.0,0.0,0.0,0.0,0.0,0.0,0.0,0.0
10,0.0,0.0,0.0,0.0,0.0,0.0,0.0,0.0,0.21506500942564657,-0.3504104702970267,0.0,0.044967116344096794,-1.073323127818071,-0.730590194443508,0.0,0.0,0.0,0.0,0.0,0.0,0.0,0.0,0.0,0.0,0.0
11,0.0,0.0,0.0,0.0,0.0,0.0,0.0,0.0,0.0,-0.2447095243777291,0.044967116344096794,0.0,-0.3116893546375816,-0.06153506442725961,0.0,0.0,0.0,0.0,0.0,0.0,0.0,0.0,0.0,0.0,0.0
12,0.0,0.0,0.0,0.0,0.0,0.0,0.0,0.0,0.0,-1.153032164237286,-1.073323127818071,-0.3116893546375816,0.0,-1.2056505393184505,0.0,0.0,0.0,0.0,0.0,0.0,0.0,0.0,0.0,0.0,0.0
13,0.0,0.0,0.0,0.0,0.0,0.0,0.0,0.0,0.0,0.0,-0.730590194443508,-0.06153506442725961,-1.2056505393184505,0.0,-0.8100952080797857,0.0,0.0,0.0,0.0,0.0,0.0,0.0,0.0,0.0,0.0
14,0.0,0.0,0.0,0.0,0.0,0.0,0.0,0.0,0.0,0.0,0.0,0.0,0.0,-0.8100952080797857,0.0,-1.233458966320751,-1.3771764874824461,0.0,0.0,0.0,0.0,0.0,0.0,0.0,0.0
15,0.0,0.0,0.0,0.0,0.0,0.0,0.0,0.0,0.0,0.0,0.0,0.0,0.0,0.0,-1.233458966320751,0.0,-1.1900106126783438,-0.8856493513031947,0.0,0.0,0.0,0.0,0.0,0.0,0.0
16,0.0,0.0,0.0,0.0,0.0,0.0,0.0,0.0,0.0,0.0,0.0,0.0,0.0,0.0,-1.3771764874824461,-1.1900106126783438,0.0,-0.9630470495706047,-1.5659563129808574,0.0,0.0,0.0,0.0,0.0,0.0
17,0.0,0.0,0.0,0.0,0.0,0.0,0.0,0.0,0.0,0.0,0.0,0.0,0.0,0.0,0.0,-0.8856493513031947,-0.9630470495706047,0.0,-0.8226349684963733,0.0,-1.2377208758930098,0.0,1.0397542167838896,0.0,0.0
18,0.0,0.0,0.0,0.0,0.0,0.0,0.0,0.0,0.0,0.0,0.0,0.0,0.0,0.0,0.0,0.0,-1.5659563129808574,-0.8226349684963733,0.0,-2.2316372786759184,-2.161029931476762,-2.2017099866386918,1.1047370000404662,0.0,0.0
19,0.0,0.0,0.0,0.0,0.0,0.0,0.0,0.0,0.0,0.0,0.0,0.0,0.0,0.0,0.0,0.0,0.0,0.0,-2.2316372786759184,0.0,-2.1285492458898547,-1.6467553397322845,1.1216698428350569,0.0,0.0
20,0.0,0.0,0.0,0.0,0.0,0.0,0.0,0.0,0.0,0.0,0.0,0.0,0.0,0.0,0.0,0.0,0.0,-1.2377208758930098,-2.161029931476762,-2.1285492458898547,0.0,-1.581930872854454,0.0,-2.203910511270999,-2.3173286394565693
21,0.0,0.0,0.0,0.0,0.0,0.0,0.0,0.0,0.0,0.0,0.0,0.0,0.0,0.0,0.0,0.0,0.0,0.0,-2.2017099866386918,-1.6467553397322845,-1.581930872854454,0.0,0.0,-2.7823254914737205,-2.3351324729466962
22,0.0,0.0,0.0,0.0,0.0,0.0,0.0,0.0,0.0,0.0,0.0,0.0,0.0,0.0,0.0,0.0,0.0,1.0397542167838896,1.1047370000404662,1.1216698428350569,0.0,0.0,0.0,0.0,0.0
23,0.0,0.0,0.0,0.0,0.0,0.0,0.0,0.0,0.0,0.0,0.0,0.0,0.0,0.0,0.0,0.0,0.0,0.0,0.0,0.0,-2.203910511270999,-2.7823254914737205,0.0,0.0,-2.950321333201277
24,0.0,0.0,0.0,0.0,0.0,0.0,0.0,0.0,0.0,0.0,0.0,0.0,0.0,0.0,0.0,0.0,0.0,0.0,0.0,0.0,-2.3173286394565693,-2.3351324729466962,0.0,-2.950321333201277,0.0
