,0,1,2,3,4,5,6,7,8,9,10,11,12,13,14,15
0,0.0,3.8004591941476917,3.2959864060279727,2.7235430708665844,0.0,0.0,0.0,0.0,0.0,0.0,0.0,0.0,0.0,0.0,0.0,0.0
1,3.8004591941476917,0.0,1.0489735567628304,0.7898731736570694,0.39690458632345565,0.0,0.0,0.0,0.0,0.0,0.0,0.0,0.0,0.0,0.0,0.0
2,3.2959864060279727,1.0489735567628304,0.0,-0.3307136795206196,-1.2613355095072445,0.0,0.0,0.0,0.0,0.0,0.0,0.0,0.0,0.0,0.0,0.0
3,2.7235430708665844,0.7898731736570694,-0.3307136795206196,0.0,-0.6752910306445558,-1.7205208846199012,-0.9975984386238578,0.0,0.0,0.0,0.0,0.0,0.0,0.0,0.0,0.0
4,0.0,0.39690458632345565,-1.2613355095072445,-0.6752910306445558,0.0,-0.9942604942787575,-0.2841588231340136,-1.2687188394952962,0.0,0.0,0.0,0.0,0.0,0.0,0.0,0.0
5,0.0,0.0,0.0,-1.7205208846199012,-0.9942604942787575,0.0,-0.892925016911871,-1.147204229171989,0.0,0.0,0.0,0.0,0.0,0.0,0.0,0.0
6,0.0,0.0,0.0,-0.9975984386238578,-0.2841588231340136,-0.892925016911871,0.0,-0.4471603949242922,0.0,0.0,0.0,0.0,0.0,0.0,0.0,0.0
7,0.0,0.0,0.0,0.0,-1.2687188394952962,-1.147204229171989,-0.4471603949242922,0.0,0.0,0.0,0.0,0.0,0.0,0.0,0.0,0.0
8,0.0,0.0,0.0,0.0,0.0,0.0,0.0,0.0,0.0,-1.8444372328201726,-0.5513868360261697,0.0,-2.0178095307558945,0.0,0.0,0.0
9,0.0,0.0,0.0,0.0,0.0,0.0,0.0,0.0,-1.8444372328201726,0.0,-0.4423424471385038,0.0,-2.5644203833618455,0.0,0.0,0.0
10,0.0,0.0,0.0,0.0,0.0,0.0,0.0,0.0,-0.5513868360261697,-0.4423424471385038,0.0,0.0,-1.0520566476666178,-0.6030903211506353,0.0,0.0
11,0.0,0.0,0.0,0.0,0.0,0.0,0.0,0.0,0.0,0.0,0.0,0.0,-1.015589647223311,-0.9502803635980392,-0.9711730733397019,0.0
12,0.0,0.0,0.0,0.0,0.0,0.0,0.0,0.0,-2.0178095307558945,-2.5644203833618455,-1.0520566476666178,-1.015589647223311,0.0,-1.5007279210539006,-1.2726873398352407,-0.6722175334602052
13,0.0,0.0,0.0,0.0,0.0,0.0,0.0,0.0,0.0,0.0,-0.6030903211506353,-0.9502803635980392,-1.5007279210539006,0.0,-2.4664998112881076,-0.8859373313975598
14,0.0,0.0,0.0,0.0,0.0,0.0,0.0,0.0,0.0,0.0,0.0,-0.9711730733397019,-1.2726873398352407,-2.4664998112881076,0.0,-0.9961781084448573
15,0.0,0.0,0.0,0.0,0.0,0.0,0.0,0.0,0.0,0.0,0.0,0.0,-0.6722175334602052,-0.8859373313975598,-0.9961781084448573,0.0
