,0,1,2,3,4,5,6,7,8,9,10,11,12,13,14,15,16,17,18,19,20,21,22,23,24,25
0,0.0,3.4210686967371147,2.676482356240458,2.183491042615211,0.0,0.0,0.0,0.0,0.0,0.0,0.0,0.0,0.0,0.0,0.0,0.0,0.0,0.0,0.0,0.0,0.0,0.0,0.0,0.0,0.0,0.0
1,3.4210686967371147,0.0,0.42619612427461734,-0.36387846606345553,-0.16427137544603757,0.0,0.0,0.0,0.0,0.0,0.0,0.0,0.0,0.0,0.0,0.0,0.0,0.0,0.0,0.0,0.0,0.0,0.0,0.0,0.0,0.0
2,2.676482356240458,0.42619612427461734,0.0,0.08639470774808332,-0.33876409781131234,1.1008638367534875,0.0,0.0,0.0,0.0,0.0,0.0,0.0,0.0,0.0,0.0,0.0,0.0,0.0,0.0,0.0,0.0,0.0,0.0,0.0,0.0
3,2.183491042615211,-0.36387846606345553,0.08639470774808332,0.0,0.30897769737091385,0.7555900666763645,0.49216149477445337,0.0,0.0,0.0,0.0,0.0,0.0,0.0,0.0,0.0,0.0,0.0,0.0,0.0,0.0,0.0,0.0,0.0,0.0,0.0
4,0.0,-0.16427137544603757,-0.33876409781131234,0.30897769737091385,0.0,1.1254713198831854,0.9995725353978594,0.0,0.0,0.0,0.0,0.0,0.0,0.0,0.0,0.0,0.0,0.0,0.0,0.0,0.0,0.0,0.0,0.0,0.0,0.0
5,0.0,0.0,1.1008638367534875,0.7555900666763645,1.1254713198831854,0.0,0.5239197805482124,0.5493180680771675,0.0,0.0,0.0,0.0,0.0,0.0,0.0,0.0,0.0,0.0,0.0,0.0,0.0,0.0,0.0,0.0,0.0,0.0
6,0.0,0.0,0.0,0.49216149477445337,0.9995725353978594,0.5239197805482124,0.0,0.3946551204348305,-0.2520263227722492,0.0,0.0,0.0,0.0,0.0,0.0,0.0,0.0,0.0,0.0,0.0,0.0,0.0,0.0,0.0,0.0,0.0
7,0.0,0.0,0.0,0.0,0.0,0.5493180680771675,0.3946551204348305,0.0,0.02641556825794351,-0.8758694130654802,0.0,0.0,0.0,0.0,0.0,0.0,0.0,0.0,0.0,0.0,0.0,0.0,0.0,0.0,0.0,0.0
8,0.0,0.0,0.0,0.0,0.0,0.0,-0.2520263227722492,0.02641556825794351,0.0,-0.3817755059890653,0.0,0.0,0.0,0.0,0.0,0.0,0.0,0.0,0.0,0.0,0.0,0.0,0.0,0.0,0.0,0.0
9,0.0,0.0,0.0,0.0,0.0,0.0,0.0,-0.8758694130654802,-0.3817755059890653,0.0,0.045634458482505344,0.0,0.0,0.0,0.0,0.0,0.0,0.0,0.0,0.0,0.0,0.0,0.0,0.0,0.0,0.0
10,0.0,0.0,0.0,0.0,0.0,0.0,0.0,0.0,0.0,0.045634458482505344,0.0,-0.017691435277518142,-0.16033566036140665,0.0,0.0,0.0,0.0,0.0,0.0,0.0,0.0,0.0,0.0,0.0,0.0,0.0
11,0.0,0.0,0.0,0.0,0.0,0.0,0.0,0.0,0.0,0.0,-0.017691435277518142,0.0,-0.30267218030602455,-1.428936593869374,0.0,0.0,0.0,0.0,0.0,0.0,0.0,0.0,0.0,0.0,0.0,0.0
12,0.0,0.0,0.0,0.0,0.0,0.0,0.0,0.0,0.0,0.0,-0.16033566036140665,-0.30267218030602455,0.0,-0.5707023660965834,0.0,-0.09204886248252202,0.0,0.0,0.0,0.0,0.0,0.0,0.0,0.0,0.0,0.0
13,0.0,0.0,0.0,0.0,0.0,0.0,0.0,0.0,0.0,0.0,0.0,-1.428936593869374,-0.5707023660965834,0.0,0.7016152229337014,-0.3955828177804062,0.0,0.0,0.0,0.0,0.0,0.0,0.0,0.0,0.0,0.0
14,0.0,0.0,0.0,0.0,0.0,0.0,0.0,0.0,0.0,0.0,0.0,0.0,0.0,0.7016152229337014,0.0,0.8280485467801292,0.9021669087187663,0.0,0.0,0.0,0.0,0.0,0.0,0.0,0.0,0.0
15,0.0,0.0,0.0,0.0,0.0,0.0,0.0,0.0,0.0,0.0,0.0,0.0,-0.09204886248252202,-0.3955828177804062,0.8280485467801292,0.0,-1.2306414007740685,-1.734293959336135,-0.6285250298732648,0.0,-1.1540810256677676,0.0,0.0,0.0,0.0,0.0
16,0.0,0.0,0.0,0.0,0.0,0.0,0.0,0.0,0.0,0.0,0.0,0.0,0.0,0.0,0.9021669087187663,-1.2306414007740685,0.0,-1.0688671318544922,-0.4566944217799298,0.0,0.0,0.0,0.0,0.0,0.0,0.0
17,0.0,0.0,0.0,0.0,0.0,0.0,0.0,0.0,0.0,0.0,0.0,0.0,0.0,0.0,0.0,-1.734293959336135,-1.0688671318544922,0.0,-1.0202366595571406,-0.8026158720531013,-1.2632093733420633,-2.5246920062655223,0.0,0.0,0.0,0.0
18,0.0,0.0,0.0,0.0,0.0,0.0,0.0,0.0,0.0,0.0,0.0,0.0,0.0,0.0,0.0,-0.6285250298732648,-0.4566944217799298,-1.0202366595571406,0.0,-2.0103806867686895,-0.6841488415219819,0.0,0.0,0.0,0.0,0.0
19,0.0,0.0,0.0,0.0,0.0,0.0,0.0,0.0,0.0,0.0,0.0,0.0,0.0,0.0,0.0,0.0,0.0,-0.8026158720531013,-2.0103806867686895,0.0,0.0,-1.1178197217283565,0.0,0.0,0.0,0.0
20,0.0,0.0,0.0,0.0,0.0,0.0,0.0,0.0,0.0,0.0,0.0,0.0,0.0,0.0,0.0,-1.1540810256677676,0.0,-1.2632093733420633,-0.6841488415219819,0.0,0.0,-1.3128573826112877,0.0,0.0,0.0,0.0
21,0.0,0.0,0.0,0.0,0.0,0.0,0.0,0.0,0.0,0.0,0.0,0.0,0.0,0.0,0.0,0.0,0.0,-2.5246920062655223,0.0,-1.1178197217283565,-1.3128573826112877,0.0,-1.6972833292436547,-2.2835423385691587,-0.9695180099210803,0.0
22,0.0,0.0,0.0,0.0,0.0,0.0,0.0,0.0,0.0,0.0,0.0,0.0,0.0,0.0,0.0,0.0,0.0,0.0,0.0,0.0,0.0,-1.6972833292436547,0.0,-1.5751820937000907,-1.3919055718938882,-0.9467609182694271
23,0.0,0.0,0.0,0.0,0.0,0.0,0.0,0.0,0.0,0.0,0.0,0.0,0.0,0.0,0.0,0.0,0.0,0.0,0.0,0.0,0.0,-2.2835423385691587,-1.5751820937000907,0.0,-0.8052809637538008,-0.6123451536348179
24,0.0,0.0,0.0,0.0,0.0,0.0,0.0,0.0,0.0,0.0,0.0,0.0,0.0,0.0,0.0,0.0,0.0,0.0,0.0,0.0,0.0,-0.9695180099210803,-1.3919055718938882,-0.8052809637538008,0.0,-1.540346516286347
25,0.0,0.0,0.0,0.0,0.0,0.0,0.0,0.0,0.0,0.0,0.0,0.0,0.0,0.0,0.0,0.0,0.0,0.0,0.0,0.0,0.0,0.0,-0.9467609182694271,-0.6123451536348179,-1.540346516286347,0.0
