,0,1,2,3,4,5,6,7,8,9,10,11,12,13,14,15
0,0.0,2.1937597344043893,1.7914946261549822,1.7210471041801148,0.0,0.0,0.0,0.0,0.0,0.0,0.0,0.0,0.0,0.0,0.0,0.0
1,2.1937597344043893,0.0,-0.08456185417595329,0.3170922378448613,-1.313411943033825,0.0,0.0,0.0,0.0,0.0,0.0,0.0,0.0,0.0,0.0,0.0
2,1.7914946261549822,-0.08456185417595329,0.0,0.04897191769698077,-0.4118662602704191,0.0,0.0,0.0,0.0,0.0,0.0,0.0,0.0,0.0,0.0,0.0
3,1.7210471041801148,0.3170922378448613,0.04897191769698077,0.0,-0.11781466757225385,0.15165429175980616,0.0,0.0,0.0,0.0,0.0,0.0,0.0,0.0,0.0,0.0
4,0.0,-1.313411943033825,-0.4118662602704191,-0.11781466757225385,0.0,-1.057716477794547,0.3618731748661137,0.0,0.0,0.0,0.0,0.0,0.0,0.0,0.0,0.0
5,0.0,0.0,0.0,0.15165429175980616,-1.057716477794547,0.0,0.3479740909041142,0.0,-0.5859323187674839,0.0,0.0,0.0,0.0,0.0,0.0,0.0
6,0.0,0.0,0.0,0.0,0.3618731748661137,0.3479740909041142,0.0,-2.6949326188080884,0.2713985190800215,0.0,0.0,0.0,0.0,0.0,0.0,0.0
7,0.0,0.0,0.0,0.0,0.0,0.0,-2.6949326188080884,0.0,0.22317291129765682,-0.023011384084255827,-0.0997474514933424,0.0,0.0,0.0,0.0,0.0
8,0.0,0.0,0.0,0.0,0.0,-0.5859323187674839,0.2713985190800215,0.22317291129765682,0.0,-0.3140166164855588,0.0,-0.7210706350007136,0.0,0.0,0.0,0.0
9,0.0,0.0,0.0,0.0,0.0,0.0,0.0,-0.023011384084255827,-0.3140166164855588,0.0,0.0,0.13762803404298957,-0.39613466575134254,0.0,0.0,0.0
10,0.0,0.0,0.0,0.0,0.0,0.0,0.0,-0.0997474514933424,0.0,0.0,0.0,0.10879636026200942,0.16058632339655937,0.0,0.0,0.0
11,0.0,0.0,0.0,0.0,0.0,0.0,0.0,0.0,-0.7210706350007136,0.13762803404298957,0.10879636026200942,0.0,0.41430071355560527,0.0,0.0,0.0
12,0.0,0.0,0.0,0.0,0.0,0.0,0.0,0.0,0.0,-0.39613466575134254,0.16058632339655937,0.41430071355560527,0.0,-0.21250779957679075,-1.8323902005027621,-0.5866538575620392
13,0.0,0.0,0.0,0.0,0.0,0.0,0.0,0.0,0.0,0.0,0.0,0.0,-0.21250779957679075,0.0,-0.38393774501664557,-1.8083756532388524
14,0.0,0.0,0.0,0.0,0.0,0.0,0.0,0.0,0.0,0.0,0.0,0.0,-1.8323902005027621,-0.38393774501664557,0.0,-0.7041282067356206
15,0.0,0.0,0.0,0.0,0.0,0.0,0.0,0.0,0.0,0.0,0.0,0.0,-0.5866538575620392,-1.8083756532388524,-0.7041282067356206,0.0
