,0,1,2,3,4,5,6,7,8,9,10,11
0,0.0,2.9736322631835974,2.8641280559311832,2.336113616555133,0.0,0.0,0.0,0.0,0.0,0.0,0.0,0.0
1,2.9736322631835974,0.0,0.5554904087172237,-0.6385507794336178,0.22725226607095697,0.0,0.0,0.0,0.0,0.0,0.0,0.0
2,2.8641280559311832,0.5554904087172237,0.0,-0.5724409929481422,-1.1175213907529316,0.0,0.0,0.0,0.0,0.0,0.0,0.0
3,2.336113616555133,-0.6385507794336178,-0.5724409929481422,0.0,-0.22368134945919335,-0.7491812663816166,-1.038364631722288,0.0,0.0,0.0,0.0,0.0
4,0.0,0.22725226607095697,-1.1175213907529316,-0.22368134945919335,0.0,-0.8447829457921542,-0.4443727697654402,0.0,0.0,0.0,0.0,0.0
5,0.0,0.0,0.0,-0.7491812663816166,-0.8447829457921542,0.0,-0.926427408428915,0.0,0.0,0.0,0.0,0.0
6,0.0,0.0,0.0,-1.038364631722288,-0.4443727697654402,-0.926427408428915,0.0,-0.35144668305506405,-0.3045964537560464,0.0,0.0,0.0
7,0.0,0.0,0.0,0.0,0.0,0.0,-0.35144668305506405,0.0,-0.2502820751843761,-1.816203857648842,0.0,0.0
8,0.0,0.0,0.0,0.0,0.0,0.0,-0.3045964537560464,-0.2502820751843761,0.0,-0.7383270620114694,-1.4049832540847782,-1.4616354574860597
9,0.0,0.0,0.0,0.0,0.0,0.0,0.0,-1.816203857648842,-0.7383270620114694,0.0,-2.3850894792118424,-3.2193624322109744
10,0.0,0.0,0.0,0.0,0.0,0.0,0.0,0.0,-1.4049832540847782,-2.3850894792118424,0.0,-3.0053978181585217
11,0.0,0.0,0.0,0.0,0.0,0.0,0.0,0.0,-1.4616354574860597,-3.2193624322109744,-3.0053978181585217,0.0
