,0,1,2,3,4,5,6,7,8,9,10,11,12,13,14,15,16,17,18
0,0.0,3.5763889989721505,2.68355781205551,2.432187374529332,0.0,0.0,0.0,0.0,0.0,0.0,0.0,0.0,0.0,0.0,0.0,0.0,0.0,0.0,0.0
1,3.5763889989721505,0.0,0.7437830702620696,0.6888269893284678,1.331639032431531,0.0,0.0,0.0,0.0,0.0,0.0,0.0,0.0,0.0,0.0,0.0,0.0,0.0,0.0
2,2.68355781205551,0.7437830702620696,0.0,0.38820136007904116,1.0734325255251616,-0.5720222042872839,0.0,0.0,0.0,0.0,0.0,0.0,0.0,0.0,0.0,0.0,0.0,0.0,0.0
3,2.432187374529332,0.6888269893284678,0.38820136007904116,0.0,1.0710772273565743,-0.09120215032370436,0.0,0.0,0.0,0.0,0.0,0.0,0.0,0.0,0.0,0.0,0.0,0.0,0.0
4,0.0,1.331639032431531,1.0734325255251616,1.0710772273565743,0.0,1.085637041350211,0.9505634215692177,1.158335952215056,0.0,0.0,0.0,0.0,0.0,0.0,0.0,0.0,0.0,0.0,0.0
5,0.0,0.0,-0.5720222042872839,-0.09120215032370436,1.085637041350211,0.0,-1.0052169868839336,-0.7576656394890444,-0.8218414083960086,0.0,0.0,0.0,0.0,0.0,0.0,0.0,0.0,0.0,0.0
6,0.0,0.0,0.0,0.0,0.9505634215692177,-1.0052169868839336,0.0,-0.4828305879950798,-0.8026693003311569,0.0,0.0,0.0,0.0,0.0,0.0,0.0,0.0,0.0,0.0
7,0.0,0.0,0.0,0.0,1.158335952215056,-0.7576656394890444,-0.4828305879950798,0.0,-0.1884546894105739,0.0,0.0,0.0,0.0,0.0,0.0,0.0,0.0,0.0,0.0
8,0.0,0.0,0.0,0.0,0.0,-0.8218414083960086,-0.8026693003311569,-0.1884546894105739,0.0,-0.39691161816191234,0.0,0.0,0.0,0.0,0.0,0.0,0.0,0.0,0.0
9,0.0,0.0,0.0,0.0,0.0,0.0,0.0,0.0,-0.39691161816191234,0.0,-1.7920114068303985,-2.0639997133101438,0.0,0.0,0.0,0.0,0.0,0.0,0.0
10,0.0,0.0,0.0,0.0,0.0,0.0,0.0,0.0,0.0,-1.7920114068303985,0.0,-1.5305246617518513,-0.9368295526282447,-1.6004011167367451,0.0,0.0,0.0,0.0,0.0
11,0.0,0.0,0.0,0.0,0.0,0.0,0.0,0.0,0.0,-2.0639997133101438,-1.5305246617518513,0.0,-1.395944582676754,-2.8314541444170116,0.0,0.0,0.0,0.0,0.0
12,0.0,0.0,0.0,0.0,0.0,0.0,0.0,0.0,0.0,0.0,-0.9368295526282447,-1.395944582676754,0.0,-2.0019996579877595,0.0,0.0,0.0,0.0,0.0
13,0.0,0.0,0.0,0.0,0.0,0.0,0.0,0.0,0.0,0.0,-1.6004011167367451,-2.8314541444170116,-2.0019996579877595,0.0,0.2912089096009778,-2.5911348180438822,0.0,0.0,0.0
14,0.0,0.0,0.0,0.0,0.0,0.0,0.0,0.0,0.0,0.0,0.0,0.0,0.0,0.2912089096009778,0.0,0.01308999486538323,-0.49760861342565077,0.0,0.0
15,0.0,0.0,0.0,0.0,0.0,0.0,0.0,0.0,0.0,0.0,0.0,0.0,0.0,-2.5911348180438822,0.01308999486538323,0.0,-0.3749305734636171,-1.0153266972983057,-2.0860675502962436
16,0.0,0.0,0.0,0.0,0.0,0.0,0.0,0.0,0.0,0.0,0.0,0.0,0.0,0.0,-0.49760861342565077,-0.3749305734636171,0.0,-1.6048943254581223,-1.2166177770365376
17,0.0,0.0,0.0,0.0,0.0,0.0,0.0,0.0,0.0,0.0,0.0,0.0,0.0,0.0,0.0,-1.0153266972983057,-1.6048943254581223,0.0,-1.442246013909
18,0.0,0.0,0.0,0.0,0.0,0.0,0.0,0.0,0.0,0.0,0.0,0.0,0.0,0.0,0.0,-2.0860675502962436,-1.2166177770365376,-1.442246013909,0.0
