,0,1,2,3,4,5,6,7,8,9,10
0,0.0,4.0527334237259725,3.359040859418197,2.82861671980993,0.0,0.0,0.0,0.0,0.0,0.0,0.0
1,4.0527334237259725,0.0,-0.05841908761660178,-0.653765946237784,0.0,0.0,0.0,0.0,0.0,0.0,0.0
2,3.359040859418197,-0.05841908761660178,0.0,-1.235893722811278,-0.709533446999077,-1.4799728942740398,0.0,0.0,0.0,0.0,0.0
3,2.82861671980993,-0.653765946237784,-1.235893722811278,0.0,-1.2491197245774486,-0.9710155549886372,0.0,0.0,0.0,0.0,0.0
4,0.0,0.0,-0.709533446999077,-1.2491197245774486,0.0,-0.7032368506286184,-1.788384324677443,0.0,0.0,0.0,0.0
5,0.0,0.0,-1.4799728942740398,-0.9710155549886372,-0.7032368506286184,0.0,-1.0840465338762681,-4.148601492605126,0.0,0.0,0.0
6,0.0,0.0,0.0,0.0,-1.788384324677443,-1.0840465338762681,0.0,-2.3118017414938277,0.007931750379058355,-1.6091664808403225,0.0
7,0.0,0.0,0.0,0.0,0.0,-4.148601492605126,-2.3118017414938277,0.0,0.03929527283458382,-1.6974372080076934,-0.34615001845159526
8,0.0,0.0,0.0,0.0,0.0,0.0,0.007931750379058355,0.03929527283458382,0.0,-0.39171207478888453,-1.2431920072479614
9,0.0,0.0,0.0,0.0,0.0,0.0,-1.6091664808403225,-1.6974372080076934,-0.39171207478888453,0.0,-0.40861688016313563
10,0.0,0.0,0.0,0.0,0.0,0.0,0.0,-0.34615001845159526,-1.2431920072479614,-0.40861688016313563,0.0
