,0,1,2,3,4,5,6,7,8,9,10,11,12,13
0,0.0,4.09442438422803,3.404668345336854,3.168104513173966,0.0,0.0,0.0,0.0,0.0,0.0,0.0,0.0,0.0,0.0
1,4.09442438422803,0.0,1.4594219422418586,1.3943776864052606,1.409518231172005,0.0,0.0,0.0,0.0,0.0,0.0,0.0,0.0,0.0
2,3.404668345336854,1.4594219422418586,0.0,-0.07037116198009422,1.445849234031524,0.6106635344377678,0.0,0.0,0.0,0.0,0.0,0.0,0.0,0.0
3,3.168104513173966,1.3943776864052606,-0.07037116198009422,0.0,1.3362652015765415,0.34049392319392097,0.0,0.0,0.0,0.0,0.0,0.0,0.0,0.0
4,0.0,1.409518231172005,1.445849234031524,1.3362652015765415,0.0,0.7006000751424037,0.0,0.0,0.0,0.0,0.0,0.0,0.0,0.0
5,0.0,0.0,0.6106635344377678,0.34049392319392097,0.7006000751424037,0.0,0.20335909566469137,0.0,0.0,0.0,0.0,0.0,0.0,0.0
6,0.0,0.0,0.0,0.0,0.0,0.20335909566469137,0.0,-0.03450152589008801,1.1888249016223196,0.0,0.0,0.0,0.0,0.0
7,0.0,0.0,0.0,0.0,0.0,0.0,-0.03450152589008801,0.0,1.2165347316924804,-0.5302482400775342,-0.40981697299051173,0.0,0.0,0.0
8,0.0,0.0,0.0,0.0,0.0,0.0,1.1888249016223196,1.2165347316924804,0.0,1.0575419835266677,0.7737531445452348,0.0,0.0,0.0
9,0.0,0.0,0.0,0.0,0.0,0.0,0.0,-0.5302482400775342,1.0575419835266677,0.0,-1.3832325133974723,-1.3098106278883614,0.0,0.0
10,0.0,0.0,0.0,0.0,0.0,0.0,0.0,-0.40981697299051173,0.7737531445452348,-1.3832325133974723,0.0,-0.8231559251317492,-0.5867181669759676,-1.296630524059146
11,0.0,0.0,0.0,0.0,0.0,0.0,0.0,0.0,0.0,-1.3098106278883614,-0.8231559251317492,0.0,-0.9764228173068842,-1.4993079710514372
12,0.0,0.0,0.0,0.0,0.0,0.0,0.0,0.0,0.0,0.0,-0.5867181669759676,-0.9764228173068842,0.0,-1.1923778558478177
13,0.0,0.0,0.0,0.0,0.0,0.0,0.0,0.0,0.0,0.0,-1.296630524059146,-1.4993079710514372,-1.1923778558478177,0.0
