,0,1,2,3,4,5,6,7,8,9,10,11,12,13,14,15,16,17,18
0,0.0,3.7512325296824405,0.060712634315574276,-0.5037254764683192,0.0,0.0,0.0,0.0,0.0,0.0,0.0,0.0,0.0,0.0,0.0,0.0,0.0,0.0,0.0
1,3.7512325296824405,0.0,3.328160681540111,3.2869695640387238,0.0,0.0,0.0,0.0,0.0,0.0,0.0,0.0,0.0,0.0,0.0,0.0,0.0,0.0,0.0
2,0.060712634315574276,3.328160681540111,0.0,-0.32325768182164905,-1.019291088709396,-1.574067553953832,0.0,0.0,0.0,0.0,0.0,0.0,0.0,0.0,0.0,0.0,0.0,0.0,0.0
3,-0.5037254764683192,3.2869695640387238,-0.32325768182164905,0.0,-1.8327670002364935,-0.739728822075482,0.0,0.0,0.0,0.0,0.0,0.0,0.0,0.0,0.0,0.0,0.0,0.0,0.0
4,0.0,0.0,-1.019291088709396,-1.8327670002364935,0.0,-0.8564333161258354,-0.774379867631433,-0.5909651046350366,0.0,0.0,0.0,0.0,0.0,0.0,0.0,0.0,0.0,0.0,0.0
5,0.0,0.0,-1.574067553953832,-0.739728822075482,-0.8564333161258354,0.0,-1.8571279505696265,-1.3664180827834165,-1.6505901256518094,0.0,0.0,0.0,0.0,0.0,0.0,0.0,0.0,0.0,0.0
6,0.0,0.0,0.0,0.0,-0.774379867631433,-1.8571279505696265,0.0,-1.0737742816624432,-1.3708678484591659,-0.8597068361066786,0.0,0.0,0.0,0.0,0.0,0.0,0.0,0.0,0.0
7,0.0,0.0,0.0,0.0,-0.5909651046350366,-1.3664180827834165,-1.0737742816624432,0.0,-0.9599457798483619,-1.0733934087431387,0.0,0.0,0.0,0.0,0.0,0.0,0.0,0.0,0.0
8,0.0,0.0,0.0,0.0,0.0,-1.6505901256518094,-1.3708678484591659,-0.9599457798483619,0.0,-0.4602117957375522,0.0,0.0,0.0,0.0,0.0,0.0,0.0,0.0,0.0
9,0.0,0.0,0.0,0.0,0.0,0.0,-0.8597068361066786,-1.0733934087431387,-0.4602117957375522,0.0,0.0,0.0,0.0,0.0,0.0,0.0,0.0,0.0,0.0
10,0.0,0.0,0.0,0.0,0.0,0.0,0.0,0.0,0.0,0.0,0.0,-1.134036171868651,-2.1145498651971146,-1.3525782296390074,0.0,0.0,0.0,0.0,0.0
11,0.0,0.0,0.0,0.0,0.0,0.0,0.0,0.0,0.0,0.0,-1.134036171868651,0.0,-1.377095395548889,-1.2679438899215887,0.0,0.0,0.0,0.0,0.0
12,0.0,0.0,0.0,0.0,0.0,0.0,0.0,0.0,0.0,0.0,-2.1145498651971146,-1.377095395548889,0.0,-1.785145435466891,-0.6951564904658414,-1.7609342177203187,0.0,0.0,0.0
13,0.0,0.0,0.0,0.0,0.0,0.0,0.0,0.0,0.0,0.0,-1.3525782296390074,-1.2679438899215887,-1.785145435466891,0.0,-0.5674878238322568,-1.2807355971093155,0.0,0.0,0.0
14,0.0,0.0,0.0,0.0,0.0,0.0,0.0,0.0,0.0,0.0,0.0,0.0,-0.6951564904658414,-0.5674878238322568,0.0,-1.3630865805831676,0.0,0.0,0.0
15,0.0,0.0,0.0,0.0,0.0,0.0,0.0,0.0,0.0,0.0,0.0,0.0,-1.7609342177203187,-1.2807355971093155,-1.3630865805831676,0.0,-2.3000267944515076,-1.4290951565860879,-1.8966002305001854
16,0.0,0.0,0.0,0.0,0.0,0.0,0.0,0.0,0.0,0.0,0.0,0.0,0.0,0.0,0.0,-2.3000267944515076,0.0,-1.348475907727772,-2.319257460470478
17,0.0,0.0,0.0,0.0,0.0,0.0,0.0,0.0,0.0,0.0,0.0,0.0,0.0,0.0,0.0,-1.4290951565860879,-1.348475907727772,0.0,-1.8540836528064941
18,0.0,0.0,0.0,0.0,0.0,0.0,0.0,0.0,0.0,0.0,0.0,0.0,0.0,0.0,0.0,-1.8966002305001854,-2.319257460470478,-1.8540836528064941,0.0
