,0,1,2,3,4,5,6,7,8,9,10,11,12,13,14,15,16,17
0,0.0,2.7781180568173762,1.8988700981388653,1.6984534473355406,0.0,0.0,0.0,0.0,0.0,0.0,0.0,0.0,0.0,0.0,0.0,0.0,0.0,0.0
1,2.7781180568173762,0.0,-1.2556000969365169,-0.4858162272660143,-0.7935632998093353,0.0,0.0,0.0,0.0,0.0,0.0,0.0,0.0,0.0,0.0,0.0,0.0,0.0
2,1.8988700981388653,-1.2556000969365169,0.0,-0.8914858558791061,-0.818443222504794,-1.8622175615168801,0.0,0.0,0.0,0.0,0.0,0.0,0.0,0.0,0.0,0.0,0.0,0.0
3,1.6984534473355406,-0.4858162272660143,-0.8914858558791061,0.0,-0.29920425596065026,-1.4558810131092645,0.0,0.0,0.0,0.0,0.0,0.0,0.0,0.0,0.0,0.0,0.0,0.0
4,0.0,-0.7935632998093353,-0.818443222504794,-0.29920425596065026,0.0,-0.6298632137764959,0.0,0.0,0.0,0.0,0.0,0.0,0.0,0.0,0.0,0.0,0.0,0.0
5,0.0,0.0,-1.8622175615168801,-1.4558810131092645,-0.6298632137764959,0.0,-0.33670303304229166,0.0,0.0,0.0,0.0,0.0,0.0,0.0,0.0,0.0,0.0,0.0
6,0.0,0.0,0.0,0.0,0.0,-0.33670303304229166,0.0,0.4245579290021924,0.0,-0.7358052779899835,0.0,-0.6517298971308285,0.0,0.0,0.0,0.0,0.0,0.0
7,0.0,0.0,0.0,0.0,0.0,0.0,0.4245579290021924,0.0,0.1340127078091897,-0.04929634496393569,0.0,-0.09144109509119204,-0.9663799318703119,0.0,0.0,0.0,0.0,0.0
8,0.0,0.0,0.0,0.0,0.0,0.0,0.0,0.1340127078091897,0.0,-1.694875385163613,0.0,-0.30237108338225516,0.0,0.0,0.0,0.0,0.0,0.0
9,0.0,0.0,0.0,0.0,0.0,0.0,-0.7358052779899835,-0.04929634496393569,-1.694875385163613,0.0,0.0,-0.3543929185802649,-1.587925358653451,0.0,0.0,0.0,0.0,0.0
10,0.0,0.0,0.0,0.0,0.0,0.0,0.0,0.0,0.0,0.0,0.0,0.4094111157528933,0.0,0.0,-0.09697407307269869,-0.32579891373362235,0.0,0.0
11,0.0,0.0,0.0,0.0,0.0,0.0,-0.6517298971308285,-0.09144109509119204,-0.30237108338225516,-0.3543929185802649,0.4094111157528933,0.0,-0.7037494634311079,-1.3538905822487504,0.0,0.0,0.0,0.0
12,0.0,0.0,0.0,0.0,0.0,0.0,0.0,-0.9663799318703119,0.0,-1.587925358653451,0.0,-0.7037494634311079,0.0,-2.0297400383314694,0.0,0.0,-1.6180012291892936,0.0
13,0.0,0.0,0.0,0.0,0.0,0.0,0.0,0.0,0.0,0.0,0.0,-1.3538905822487504,-2.0297400383314694,0.0,0.1720416759524683,0.006864992806771915,-1.1856523403002717,-0.8732102013333786
14,0.0,0.0,0.0,0.0,0.0,0.0,0.0,0.0,0.0,0.0,-0.09697407307269869,0.0,0.0,0.1720416759524683,0.0,-1.7946073570967571,0.0,-0.16130968769522067
15,0.0,0.0,0.0,0.0,0.0,0.0,0.0,0.0,0.0,0.0,-0.32579891373362235,0.0,0.0,0.006864992806771915,-1.7946073570967571,0.0,0.0,-0.22767189399394766
16,0.0,0.0,0.0,0.0,0.0,0.0,0.0,0.0,0.0,0.0,0.0,0.0,-1.6180012291892936,-1.1856523403002717,0.0,0.0,0.0,-1.2835086207942308
17,0.0,0.0,0.0,0.0,0.0,0.0,0.0,0.0,0.0,0.0,0.0,0.0,0.0,-0.8732102013333786,-0.16130968769522067,-0.22767189399394766,-1.2835086207942308,0.0
