,0,1,2,3,4,5,6,7,8,9,10,11,12,13,14,15,16,17,18,19
0,0.0,4.049294227685619,2.153725121100084,-0.6977556800890583,0.0,0.0,0.0,0.0,0.0,0.0,0.0,0.0,0.0,0.0,0.0,0.0,0.0,0.0,0.0,0.0
1,4.049294227685619,0.0,3.3504080384329344,2.734318204398761,0.0,0.0,0.0,0.0,0.0,0.0,0.0,0.0,0.0,0.0,0.0,0.0,0.0,0.0,0.0,0.0
2,2.153725121100084,3.3504080384329344,0.0,1.288752136385812,1.0597899034266178,0.0,0.0,0.0,0.0,0.0,0.0,0.0,0.0,0.0,0.0,0.0,0.0,0.0,0.0,0.0
3,-0.6977556800890583,2.734318204398761,1.288752136385812,0.0,-0.7149112402957993,0.41472097123093704,-1.4687525689308012,0.0,0.0,0.0,0.0,0.0,0.0,0.0,0.0,0.0,0.0,0.0,0.0,0.0
4,0.0,0.0,1.0597899034266178,-0.7149112402957993,0.0,0.30502325393027024,-2.4451967785943998,0.0,0.0,0.0,0.0,0.0,0.0,0.0,0.0,0.0,0.0,0.0,0.0,0.0
5,0.0,0.0,0.0,0.41472097123093704,0.30502325393027024,0.0,0.13552883884786848,0.5653387033694925,0.21678276822810444,0.0,0.0,0.0,0.0,0.0,0.0,0.0,0.0,0.0,0.0,0.0
6,0.0,0.0,0.0,-1.4687525689308012,-2.4451967785943998,0.13552883884786848,0.0,-0.23716879829878582,-1.4157315490316242,0.0,0.0,0.0,0.0,0.0,0.0,0.0,0.0,0.0,0.0,0.0
7,0.0,0.0,0.0,0.0,0.0,0.5653387033694925,-0.23716879829878582,0.0,-0.5578014635080885,0.0,0.0,0.0,0.0,0.0,0.0,0.0,0.0,0.0,0.0,0.0
8,0.0,0.0,0.0,0.0,0.0,0.21678276822810444,-1.4157315490316242,-0.5578014635080885,0.0,0.0,0.0,0.0,0.0,0.0,0.0,0.0,0.0,0.0,0.0,0.0
9,0.0,0.0,0.0,0.0,0.0,0.0,0.0,0.0,0.0,0.0,-1.1257575571116205,-1.3510291274169328,-0.8084756671840908,0.0,0.0,0.0,0.0,0.0,0.0,0.0
10,0.0,0.0,0.0,0.0,0.0,0.0,0.0,0.0,0.0,-1.1257575571116205,0.0,-1.4713213867202852,-0.7484800421204707,-0.6199217262754758,-3.1536266226318923,0.0,0.0,0.0,0.0,0.0
11,0.0,0.0,0.0,0.0,0.0,0.0,0.0,0.0,0.0,-1.3510291274169328,-1.4713213867202852,0.0,-1.3747590395449845,-0.8871253951877025,-1.5550485857734087,0.0,0.0,0.0,0.0,0.0
12,0.0,0.0,0.0,0.0,0.0,0.0,0.0,0.0,0.0,-0.8084756671840908,-0.7484800421204707,-1.3747590395449845,0.0,0.0,0.0,-0.9545750629071482,0.0,0.0,0.0,0.0
13,0.0,0.0,0.0,0.0,0.0,0.0,0.0,0.0,0.0,0.0,-0.6199217262754758,-0.8871253951877025,0.0,0.0,-0.5836817489636079,-0.7505465266483496,-1.5089449658079839,0.0,0.0,0.0
14,0.0,0.0,0.0,0.0,0.0,0.0,0.0,0.0,0.0,0.0,-3.1536266226318923,-1.5550485857734087,0.0,-0.5836817489636079,0.0,-2.5003273169922315,-1.2039768248039096,0.0,0.0,0.0
15,0.0,0.0,0.0,0.0,0.0,0.0,0.0,0.0,0.0,0.0,0.0,0.0,-0.9545750629071482,-0.7505465266483496,-2.5003273169922315,0.0,-1.2348185643352367,0.0,0.0,0.0
16,0.0,0.0,0.0,0.0,0.0,0.0,0.0,0.0,0.0,0.0,0.0,0.0,0.0,-1.5089449658079839,-1.2039768248039096,-1.2348185643352367,0.0,-1.8946777465632714,-1.5693501779583048,-2.213827668204559
17,0.0,0.0,0.0,0.0,0.0,0.0,0.0,0.0,0.0,0.0,0.0,0.0,0.0,0.0,0.0,0.0,-1.8946777465632714,0.0,-1.3688461348202776,-1.598680703978874
18,0.0,0.0,0.0,0.0,0.0,0.0,0.0,0.0,0.0,0.0,0.0,0.0,0.0,0.0,0.0,0.0,-1.5693501779583048,-1.3688461348202776,0.0,-1.2757906260122378
19,0.0,0.0,0.0,0.0,0.0,0.0,0.0,0.0,0.0,0.0,0.0,0.0,0.0,0.0,0.0,0.0,-2.213827668204559,-1.598680703978874,-1.2757906260122378,0.0
