,0,1,2,3,4,5,6,7,8,9,10,11,12,13,14,15,16,17,18,19
0,0.0,2.5031505551649187,2.021671890851471,1.6601131827674822,0.0,0.0,0.0,0.0,0.0,0.0,0.0,0.0,0.0,0.0,0.0,0.0,0.0,0.0,0.0,0.0
1,2.5031505551649187,0.0,-0.8965605182102047,-1.2045045415752833,0.1384393239977363,0.0,0.0,0.0,0.0,0.0,0.0,0.0,0.0,0.0,0.0,0.0,0.0,0.0,0.0,0.0
2,2.021671890851471,-0.8965605182102047,0.0,-1.0779138725818798,0.004828459875296284,0.25677681002413455,0.0,0.0,0.0,0.0,0.0,0.0,0.0,0.0,0.0,0.0,0.0,0.0,0.0,0.0
3,1.6601131827674822,-1.2045045415752833,-1.0779138725818798,0.0,0.2539635423382027,0.25709555638807474,-1.9860443613223486,0.0,0.0,0.0,0.0,0.0,0.0,0.0,0.0,0.0,0.0,0.0,0.0,0.0
4,0.0,0.1384393239977363,0.004828459875296284,0.2539635423382027,0.0,0.46057505383720904,-0.06999220135197007,0.0,0.0,0.0,0.0,0.0,0.0,0.0,0.0,0.0,0.0,0.0,0.0,0.0
5,0.0,0.0,0.25677681002413455,0.25709555638807474,0.46057505383720904,0.0,0.17571901445963062,0.07801038144064432,0.0,0.0,0.0,0.0,0.0,0.0,0.0,0.0,0.0,0.0,0.0,0.0
6,0.0,0.0,0.0,-1.9860443613223486,-0.06999220135197007,0.17571901445963062,0.0,0.2088687899850578,-0.3508525423428341,0.0,0.0,0.0,0.0,0.0,0.0,0.0,0.0,0.0,0.0,0.0
7,0.0,0.0,0.0,0.0,0.0,0.07801038144064432,0.2088687899850578,0.0,-0.7807749125764919,0.0,0.0,0.0,0.0,0.0,0.0,0.0,0.0,0.0,0.0,0.0
8,0.0,0.0,0.0,0.0,0.0,0.0,-0.3508525423428341,-0.7807749125764919,0.0,0.11223956685104185,0.0,0.0,0.0,0.0,0.0,0.0,0.0,0.0,0.0,0.0
9,0.0,0.0,0.0,0.0,0.0,0.0,0.0,0.0,0.11223956685104185,0.0,-0.3692371129243758,0.14807956099404002,-0.4326307625447861,0.0,0.0,0.0,0.0,0.0,0.0,0.0
10,0.0,0.0,0.0,0.0,0.0,0.0,0.0,0.0,0.0,-0.3692371129243758,0.0,-0.670202375977731,-2.6069692016367174,-0.38277236619529664,-1.3672719991620663,0.0,0.0,0.0,0.0,0.0
11,0.0,0.0,0.0,0.0,0.0,0.0,0.0,0.0,0.0,0.14807956099404002,-0.670202375977731,0.0,-0.9696439827083693,-0.6697592178929039,-0.90170261441778,0.0,0.0,0.0,0.0,0.0
12,0.0,0.0,0.0,0.0,0.0,0.0,0.0,0.0,0.0,-0.4326307625447861,-2.6069692016367174,-0.9696439827083693,0.0,-0.46371340441015435,-1.374591418921408,0.0,0.0,0.0,0.0,0.0
13,0.0,0.0,0.0,0.0,0.0,0.0,0.0,0.0,0.0,0.0,-0.38277236619529664,-0.6697592178929039,-0.46371340441015435,0.0,0.0,0.0,0.0,0.0,0.0,0.0
14,0.0,0.0,0.0,0.0,0.0,0.0,0.0,0.0,0.0,0.0,-1.3672719991620663,-0.90170261441778,-1.374591418921408,0.0,0.0,-1.3219597143345805,-1.0610377581787367,0.0,-0.938042115204549,0.0
15,0.0,0.0,0.0,0.0,0.0,0.0,0.0,0.0,0.0,0.0,0.0,0.0,0.0,0.0,-1.3219597143345805,0.0,-1.6085984519666712,-2.372758387406158,-1.387637690655831,-1.570352072560898
16,0.0,0.0,0.0,0.0,0.0,0.0,0.0,0.0,0.0,0.0,0.0,0.0,0.0,0.0,-1.0610377581787367,-1.6085984519666712,0.0,-1.3056764363294535,-2.69439495512491,-1.983044395757372
17,0.0,0.0,0.0,0.0,0.0,0.0,0.0,0.0,0.0,0.0,0.0,0.0,0.0,0.0,0.0,-2.372758387406158,-1.3056764363294535,0.0,-1.098624252661879,0.0
18,0.0,0.0,0.0,0.0,0.0,0.0,0.0,0.0,0.0,0.0,0.0,0.0,0.0,0.0,-0.938042115204549,-1.387637690655831,-2.69439495512491,-1.098624252661879,0.0,-2.201428834196378
19,0.0,0.0,0.0,0.0,0.0,0.0,0.0,0.0,0.0,0.0,0.0,0.0,0.0,0.0,0.0,-1.570352072560898,-1.983044395757372,0.0,-2.201428834196378,0.0
