,0,1,2,3,4,5,6,7,8,9,10,11,12,13,14,15,16,17,18,19,20,21,22,23,24,25
0,0.0,2.992139200162958,2.706262971267204,2.4317823710609914,0.0,0.0,0.0,0.0,0.0,0.0,0.0,0.0,0.0,0.0,0.0,0.0,0.0,0.0,0.0,0.0,0.0,0.0,0.0,0.0,0.0,0.0
1,2.992139200162958,0.0,0.2414789779834926,-0.1498840871991495,-0.07513092042615055,0.0,0.0,0.0,0.0,0.0,0.0,0.0,0.0,0.0,0.0,0.0,0.0,0.0,0.0,0.0,0.0,0.0,0.0,0.0,0.0,0.0
2,2.706262971267204,0.2414789779834926,0.0,-0.5820207960599425,-1.549464953003034,0.0,0.0,0.0,0.0,0.0,0.0,0.0,0.0,0.0,0.0,0.0,0.0,0.0,0.0,0.0,0.0,0.0,0.0,0.0,0.0,0.0
3,2.4317823710609914,-0.1498840871991495,-0.5820207960599425,0.0,-0.4272579713067877,-0.42780124415159937,0.0,0.0,0.0,0.0,0.0,0.0,0.0,0.0,0.0,0.0,0.0,0.0,0.0,0.0,0.0,0.0,0.0,0.0,0.0,0.0
4,0.0,-0.07513092042615055,-1.549464953003034,-0.4272579713067877,0.0,-0.010769190273786483,-0.14611375461524057,0.0,0.0,0.0,0.0,0.0,0.0,0.0,0.0,0.0,0.0,0.0,0.0,0.0,0.0,0.0,0.0,0.0,0.0,0.0
5,0.0,0.0,0.0,-0.42780124415159937,-0.010769190273786483,0.0,-1.73722312210282,-0.27577255457792427,0.10628164560943901,0.0,0.0,0.0,0.0,0.0,0.0,0.0,0.0,0.0,0.0,0.0,0.0,0.0,0.0,0.0,0.0,0.0
6,0.0,0.0,0.0,0.0,-0.14611375461524057,-1.73722312210282,0.0,-0.20543507757464655,0.19631589276968073,0.0,0.0,0.0,0.0,0.0,0.0,0.0,0.0,0.0,0.0,0.0,0.0,0.0,0.0,0.0,0.0,0.0
7,0.0,0.0,0.0,0.0,0.0,-0.27577255457792427,-0.20543507757464655,0.0,0.4665513468941649,0.0,0.0,0.0,0.0,0.0,0.0,0.0,0.0,0.0,0.0,0.0,0.0,0.0,0.0,0.0,0.0,0.0
8,0.0,0.0,0.0,0.0,0.0,0.10628164560943901,0.19631589276968073,0.4665513468941649,0.0,-0.060542501406202806,0.0,0.0,0.0,0.0,0.0,0.0,0.0,0.0,0.0,0.0,0.0,0.0,0.0,0.0,0.0,0.0
9,0.0,0.0,0.0,0.0,0.0,0.0,0.0,0.0,-0.060542501406202806,0.0,0.8781893824851078,-1.366268926737274,0.0,0.0,0.0,0.0,0.0,0.0,0.0,0.0,0.0,0.0,0.0,0.0,0.0,0.0
10,0.0,0.0,0.0,0.0,0.0,0.0,0.0,0.0,0.0,0.8781893824851078,0.0,0.7594696339034157,0.31228031231013487,0.4412674654906659,0.0,0.0,0.0,0.0,0.0,0.0,0.0,0.0,0.0,0.0,0.0,0.0
11,0.0,0.0,0.0,0.0,0.0,0.0,0.0,0.0,0.0,-1.366268926737274,0.7594696339034157,0.0,0.0,0.0,-1.410937574912054,0.0,0.0,0.0,0.0,0.0,0.0,0.0,0.0,0.0,0.0,0.0
12,0.0,0.0,0.0,0.0,0.0,0.0,0.0,0.0,0.0,0.0,0.31228031231013487,0.0,0.0,0.9042956360454778,0.0,0.7266267542184335,0.0,0.0,0.0,0.0,0.0,0.0,0.0,0.0,0.0,0.0
13,0.0,0.0,0.0,0.0,0.0,0.0,0.0,0.0,0.0,0.0,0.4412674654906659,0.0,0.9042956360454778,0.0,-1.2705375348091184,-1.8906076731445571,0.0,0.0,0.0,0.0,0.0,0.0,0.0,0.0,0.0,0.0
14,0.0,0.0,0.0,0.0,0.0,0.0,0.0,0.0,0.0,0.0,0.0,-1.410937574912054,0.0,-1.2705375348091184,0.0,-0.9216230950818709,0.0,-1.964339366729207,0.0,0.0,0.0,0.0,0.0,0.0,0.0,0.0
15,0.0,0.0,0.0,0.0,0.0,0.0,0.0,0.0,0.0,0.0,0.0,0.0,0.7266267542184335,-1.8906076731445571,-0.9216230950818709,0.0,0.0,0.0,0.0,0.0,0.0,0.0,0.0,0.0,0.0,0.0
16,0.0,0.0,0.0,0.0,0.0,0.0,0.0,0.0,0.0,0.0,0.0,0.0,0.0,0.0,0.0,0.0,0.0,0.0,-0.7406664486427088,0.0,0.22059797420950789,0.21709788963881443,0.0,0.0,-0.5340980604435865,0.0
17,0.0,0.0,0.0,0.0,0.0,0.0,0.0,0.0,0.0,0.0,0.0,0.0,0.0,0.0,-1.964339366729207,0.0,0.0,0.0,0.5914127367492541,-1.2304256922171029,-1.0601031343564176,-2.041073250905624,-0.6349995897229757,0.0,0.0,0.0
18,0.0,0.0,0.0,0.0,0.0,0.0,0.0,0.0,0.0,0.0,0.0,0.0,0.0,0.0,0.0,0.0,-0.7406664486427088,0.5914127367492541,0.0,0.0,0.3904014293379515,0.0,0.0,0.0,0.0,0.0
19,0.0,0.0,0.0,0.0,0.0,0.0,0.0,0.0,0.0,0.0,0.0,0.0,0.0,0.0,0.0,0.0,0.0,-1.2304256922171029,0.0,0.0,-0.5408830458741283,-1.1356994783688,-1.352997638570235,-2.247957508040591,0.0,-1.7126668193565593
20,0.0,0.0,0.0,0.0,0.0,0.0,0.0,0.0,0.0,0.0,0.0,0.0,0.0,0.0,0.0,0.0,0.22059797420950789,-1.0601031343564176,0.3904014293379515,-0.5408830458741283,0.0,-1.4791396921111977,0.0,-0.8466221550787741,0.0,0.0
21,0.0,0.0,0.0,0.0,0.0,0.0,0.0,0.0,0.0,0.0,0.0,0.0,0.0,0.0,0.0,0.0,0.21709788963881443,-2.041073250905624,0.0,-1.1356994783688,-1.4791396921111977,0.0,-0.5634699730023796,-1.3958107759981102,0.0,-1.091207286269919
22,0.0,0.0,0.0,0.0,0.0,0.0,0.0,0.0,0.0,0.0,0.0,0.0,0.0,0.0,0.0,0.0,0.0,-0.6349995897229757,0.0,-1.352997638570235,0.0,-0.5634699730023796,0.0,0.0,0.0,0.0
23,0.0,0.0,0.0,0.0,0.0,0.0,0.0,0.0,0.0,0.0,0.0,0.0,0.0,0.0,0.0,0.0,0.0,0.0,0.0,-2.247957508040591,-0.8466221550787741,-1.3958107759981102,0.0,0.0,0.27402600771169905,-1.3095439493702927
24,0.0,0.0,0.0,0.0,0.0,0.0,0.0,0.0,0.0,0.0,0.0,0.0,0.0,0.0,0.0,0.0,-0.5340980604435865,0.0,0.0,0.0,0.0,0.0,0.0,0.27402600771169905,0.0,0.4105396963785394
25,0.0,0.0,0.0,0.0,0.0,0.0,0.0,0.0,0.0,0.0,0.0,0.0,0.0,0.0,0.0,0.0,0.0,0.0,0.0,-1.7126668193565593,0.0,-1.091207286269919,0.0,-1.3095439493702927,0.4105396963785394,0.0
