,0,1,2,3,4,5,6,7,8,9,10,11,12,13,14,15,16,17
0,0.0,3.9170636329760833,3.833581066511626,3.053036061531115,0.0,0.0,0.0,0.0,0.0,0.0,0.0,0.0,0.0,0.0,0.0,0.0,0.0,0.0
1,3.9170636329760833,0.0,0.45270075225510253,-0.1610055728941926,0.0,0.0,0.0,0.0,0.0,0.0,0.0,0.0,0.0,0.0,0.0,0.0,0.0,0.0
2,3.833581066511626,0.45270075225510253,0.0,-1.0210366203626329,0.0,0.0,0.0,0.0,0.0,0.0,0.0,0.0,0.0,0.0,0.0,0.0,0.0,0.0
3,3.053036061531115,-0.1610055728941926,-1.0210366203626329,0.0,-1.101976087998832,-0.889751321219783,-0.8285414391895364,0.0,0.0,0.0,0.0,0.0,0.0,0.0,0.0,0.0,0.0,0.0
4,0.0,0.0,0.0,-1.101976087998832,0.0,-0.5096859337897427,-0.5945288462725731,-0.6657183120059342,0.0,0.0,0.0,0.0,0.0,0.0,0.0,0.0,0.0,0.0
5,0.0,0.0,0.0,-0.889751321219783,-0.5096859337897427,0.0,-0.46966579709408746,-0.6229347013709594,0.0,0.0,0.0,0.0,0.0,0.0,0.0,0.0,0.0,0.0
6,0.0,0.0,0.0,-0.8285414391895364,-0.5945288462725731,-0.46966579709408746,0.0,-2.4577674491146406,-0.4818967777093442,0.0,0.0,0.0,0.0,0.0,0.0,0.0,0.0,0.0
7,0.0,0.0,0.0,0.0,-0.6657183120059342,-0.6229347013709594,-2.4577674491146406,0.0,-0.4390355185164679,0.0,0.0,0.0,0.0,0.0,0.0,0.0,0.0,0.0
8,0.0,0.0,0.0,0.0,0.0,0.0,-0.4818967777093442,-0.4390355185164679,0.0,0.49510464004713106,0.0,0.0,0.0,0.0,0.0,0.0,0.0,0.0
9,0.0,0.0,0.0,0.0,0.0,0.0,0.0,0.0,0.49510464004713106,0.0,0.519324111743378,0.2167831869636614,-1.4348532534481244,0.0,0.0,0.0,0.0,0.0
10,0.0,0.0,0.0,0.0,0.0,0.0,0.0,0.0,0.0,0.519324111743378,0.0,-0.7606127276593294,0.0,0.0,0.0,-0.29821431081674193,0.0,0.0
11,0.0,0.0,0.0,0.0,0.0,0.0,0.0,0.0,0.0,0.2167831869636614,-0.7606127276593294,0.0,0.0,0.0,0.0,-0.171634624985166,0.0,0.0
12,0.0,0.0,0.0,0.0,0.0,0.0,0.0,0.0,0.0,-1.4348532534481244,0.0,0.0,0.0,-0.7354083923617611,-0.8053539611712696,0.06099122372674279,-1.7996360731390983,0.0
13,0.0,0.0,0.0,0.0,0.0,0.0,0.0,0.0,0.0,0.0,0.0,0.0,-0.7354083923617611,0.0,-0.7582049651128523,0.13716451844307886,-1.8270324890145713,-1.617878402637078
14,0.0,0.0,0.0,0.0,0.0,0.0,0.0,0.0,0.0,0.0,0.0,0.0,-0.8053539611712696,-0.7582049651128523,0.0,-0.34005043041147315,0.0,-1.6787856971497463
15,0.0,0.0,0.0,0.0,0.0,0.0,0.0,0.0,0.0,0.0,-0.29821431081674193,-0.171634624985166,0.06099122372674279,0.13716451844307886,-0.34005043041147315,0.0,0.0,0.0
16,0.0,0.0,0.0,0.0,0.0,0.0,0.0,0.0,0.0,0.0,0.0,0.0,-1.7996360731390983,-1.8270324890145713,0.0,0.0,0.0,-1.3689720620932446
17,0.0,0.0,0.0,0.0,0.0,0.0,0.0,0.0,0.0,0.0,0.0,0.0,0.0,-1.617878402637078,-1.6787856971497463,0.0,-1.3689720620932446,0.0
