,0,1,2,3,4,5,6,7,8,9,10,11,12,13,14,15
0,0.0,2.921499456943762,2.5572653717525746,2.3319625960895296,0.0,0.0,0.0,0.0,0.0,0.0,0.0,0.0,0.0,0.0,0.0,0.0
1,2.921499456943762,0.0,1.1021834489891207,1.2396517254287989,-0.13374983065779328,0.0,0.0,0.0,0.0,0.0,0.0,0.0,0.0,0.0,0.0,0.0
2,2.5572653717525746,1.1021834489891207,0.0,0.5072485441003942,0.6926080414061996,0.0,0.0,0.0,0.0,0.0,0.0,0.0,0.0,0.0,0.0,0.0
3,2.3319625960895296,1.2396517254287989,0.5072485441003942,0.0,1.0346290440177852,0.4408695204275372,0.0,0.0,0.0,0.0,0.0,0.0,0.0,0.0,0.0,0.0
4,0.0,-0.13374983065779328,0.6926080414061996,1.0346290440177852,0.0,0.5584778600235651,0.0,0.2897319252106644,0.0,0.0,0.0,0.0,0.0,0.0,0.0,0.0
5,0.0,0.0,0.0,0.4408695204275372,0.5584778600235651,0.0,1.1393510738588932,0.42473280325980795,0.781833416312281,0.0,0.0,0.0,0.0,0.0,0.0,0.0
6,0.0,0.0,0.0,0.0,0.0,1.1393510738588932,0.0,1.015726072816888,-0.6090403743325653,0.0,0.0,0.0,0.0,0.0,0.0,0.0
7,0.0,0.0,0.0,0.0,0.2897319252106644,0.42473280325980795,1.015726072816888,0.0,0.74980360772206,0.0,0.0,0.0,0.0,0.0,0.0,0.0
8,0.0,0.0,0.0,0.0,0.0,0.781833416312281,-0.6090403743325653,0.74980360772206,0.0,0.0,0.0,0.0,0.0,0.0,0.0,0.0
9,0.0,0.0,0.0,0.0,0.0,0.0,0.0,0.0,0.0,0.0,-0.5211274205698809,0.0,0.0,-1.3713045318034303,-0.26918423573797007,0.0
10,0.0,0.0,0.0,0.0,0.0,0.0,0.0,0.0,0.0,-0.5211274205698809,0.0,0.6139716347705335,-0.4551674226973347,-1.4406136072506381,-1.0247281245737154,-0.11850738993807354
11,0.0,0.0,0.0,0.0,0.0,0.0,0.0,0.0,0.0,0.0,0.6139716347705335,0.0,0.05685648070666235,0.0,0.0,-0.3467928337195855
12,0.0,0.0,0.0,0.0,0.0,0.0,0.0,0.0,0.0,0.0,-0.4551674226973347,0.05685648070666235,0.0,0.0,-1.2759009455619217,-0.4111448123154041
13,0.0,0.0,0.0,0.0,0.0,0.0,0.0,0.0,0.0,-1.3713045318034303,-1.4406136072506381,0.0,0.0,0.0,-0.5737448955730639,0.0
14,0.0,0.0,0.0,0.0,0.0,0.0,0.0,0.0,0.0,-0.26918423573797007,-1.0247281245737154,0.0,-1.2759009455619217,-0.5737448955730639,0.0,-0.5821961033682355
15,0.0,0.0,0.0,0.0,0.0,0.0,0.0,0.0,0.0,0.0,-0.11850738993807354,-0.3467928337195855,-0.4111448123154041,0.0,-0.5821961033682355,0.0
