,0,1,2,3,4,5,6,7,8,9,10,11,12,13,14,15,16,17,18,19
0,0.0,3.3955848748935447,2.8122623834852982,2.5103758076894853,0.0,0.0,0.0,0.0,0.0,0.0,0.0,0.0,0.0,0.0,0.0,0.0,0.0,0.0,0.0,0.0
1,3.3955848748935447,0.0,1.2803410478790085,0.930212929019813,0.0,0.6864022715007339,0.0,0.0,0.0,0.0,0.0,0.0,0.0,0.0,0.0,0.0,0.0,0.0,0.0,0.0
2,2.8122623834852982,1.2803410478790085,0.0,-1.92458959523051,1.824946958586959,-0.6291874770839144,0.0,0.0,0.0,0.0,0.0,0.0,0.0,0.0,0.0,0.0,0.0,0.0,0.0,0.0
3,2.5103758076894853,0.930212929019813,-1.92458959523051,0.0,1.828226367749494,-0.5761395674910751,0.0,0.0,0.0,0.0,0.0,0.0,0.0,0.0,0.0,0.0,0.0,0.0,0.0,0.0
4,0.0,0.0,1.824946958586959,1.828226367749494,0.0,1.7347919893137504,1.8181083953628208,1.443971686500284,0.0,0.0,0.0,0.0,0.0,0.0,0.0,0.0,0.0,0.0,0.0,0.0
5,0.0,0.6864022715007339,-0.6291874770839144,-0.5761395674910751,1.7347919893137504,0.0,-0.11737206481252628,-0.4899544439370123,0.0,0.0,0.0,0.0,0.0,0.0,0.0,0.0,0.0,0.0,0.0,0.0
6,0.0,0.0,0.0,0.0,1.8181083953628208,-0.11737206481252628,0.0,-0.21557450941392747,0.0,0.0,0.0,0.0,0.0,0.0,0.0,0.0,0.0,0.0,0.0,0.0
7,0.0,0.0,0.0,0.0,1.443971686500284,-0.4899544439370123,-0.21557450941392747,0.0,-1.6534709650671575,1.2648513544160587,0.0,0.0,0.0,0.0,0.0,0.0,0.0,0.0,0.0,0.0
8,0.0,0.0,0.0,0.0,0.0,0.0,0.0,-1.6534709650671575,0.0,1.2581834660637754,-1.327494978264945,0.0,0.0,0.0,0.0,0.0,0.0,0.0,0.0,0.0
9,0.0,0.0,0.0,0.0,0.0,0.0,0.0,1.2648513544160587,1.2581834660637754,0.0,1.0793855972668194,0.9099331424305026,0.0,0.0,0.0,0.0,0.0,0.0,0.0,0.0
10,0.0,0.0,0.0,0.0,0.0,0.0,0.0,0.0,-1.327494978264945,1.0793855972668194,0.0,-1.5027641386035842,-1.4230610228107672,0.0,0.0,0.0,0.0,0.0,0.0,0.0
11,0.0,0.0,0.0,0.0,0.0,0.0,0.0,0.0,0.0,0.9099331424305026,-1.5027641386035842,0.0,-1.005277460636805,-2.1988392365069243,0.0,0.0,0.0,0.0,0.0,0.0
12,0.0,0.0,0.0,0.0,0.0,0.0,0.0,0.0,0.0,0.0,-1.4230610228107672,-1.005277460636805,0.0,-2.062051356879247,0.0,0.0,0.0,0.0,0.0,0.0
13,0.0,0.0,0.0,0.0,0.0,0.0,0.0,0.0,0.0,0.0,0.0,-2.1988392365069243,-2.062051356879247,0.0,-0.003688073753873838,-0.2407280760807886,-0.357076591075087,0.0,0.0,0.0
14,0.0,0.0,0.0,0.0,0.0,0.0,0.0,0.0,0.0,0.0,0.0,0.0,0.0,-0.003688073753873838,0.0,0.06002382348362335,-0.32493476201429,0.0,0.0,0.0
15,0.0,0.0,0.0,0.0,0.0,0.0,0.0,0.0,0.0,0.0,0.0,0.0,0.0,-0.2407280760807886,0.06002382348362335,0.0,-1.5978786758208854,0.0,-0.8806641814790259,-2.867354324957178
16,0.0,0.0,0.0,0.0,0.0,0.0,0.0,0.0,0.0,0.0,0.0,0.0,0.0,-0.357076591075087,-0.32493476201429,-1.5978786758208854,0.0,-0.20408180592338707,-0.7467279270437679,-2.5688060635884313
17,0.0,0.0,0.0,0.0,0.0,0.0,0.0,0.0,0.0,0.0,0.0,0.0,0.0,0.0,0.0,0.0,-0.20408180592338707,0.0,-2.4968910497713503,-0.7551992722553019
18,0.0,0.0,0.0,0.0,0.0,0.0,0.0,0.0,0.0,0.0,0.0,0.0,0.0,0.0,0.0,-0.8806641814790259,-0.7467279270437679,-2.4968910497713503,0.0,-0.8654796146207333
19,0.0,0.0,0.0,0.0,0.0,0.0,0.0,0.0,0.0,0.0,0.0,0.0,0.0,0.0,0.0,-2.867354324957178,-2.5688060635884313,-0.7551992722553019,-0.8654796146207333,0.0
