,0,1,2,3,4,5,6,7,8,9,10,11,12,13,14,15,16,17,18
0,0.0,3.400219753282831,3.072022574722309,2.4223480065254805,0.0,0.0,0.0,0.0,0.0,0.0,0.0,0.0,0.0,0.0,0.0,0.0,0.0,0.0,0.0
1,3.400219753282831,0.0,1.269965590691981,1.5356013315956616,0.12526781510322826,0.0,0.0,0.0,0.0,0.0,0.0,0.0,0.0,0.0,0.0,0.0,0.0,0.0,0.0
2,3.072022574722309,1.269965590691981,0.0,1.1051541898757269,-1.5693824983784421,0.0,0.0,0.0,0.0,0.0,0.0,0.0,0.0,0.0,0.0,0.0,0.0,0.0,0.0
3,2.4223480065254805,1.5356013315956616,1.1051541898757269,0.0,0.3408349887880092,0.3374114460375477,0.26342800710436637,0.0,0.0,0.0,0.0,0.0,0.0,0.0,0.0,0.0,0.0,0.0,0.0
4,0.0,0.12526781510322826,-1.5693824983784421,0.3408349887880092,0.0,-1.0269549385976633,-0.6072203385539326,-1.9086130969595991,0.0,0.0,0.0,0.0,0.0,0.0,0.0,0.0,0.0,0.0,0.0
5,0.0,0.0,0.0,0.3374114460375477,-1.0269549385976633,0.0,-0.8075912568373507,-1.6835972538530557,0.0,0.0,0.0,0.0,0.0,0.0,0.0,0.0,0.0,0.0,0.0
6,0.0,0.0,0.0,0.26342800710436637,-0.6072203385539326,-0.8075912568373507,0.0,-1.0580275228324274,0.0,-0.8105775920519738,-0.7000510957709495,0.0,0.0,0.0,0.0,0.0,0.0,0.0,0.0
7,0.0,0.0,0.0,0.0,-1.9086130969595991,-1.6835972538530557,-1.0580275228324274,0.0,1.0365358297627112,-0.6937755490951483,-1.5732703941378554,-3.0077166393576733,0.0,0.0,0.0,0.0,0.0,0.0,0.0
8,0.0,0.0,0.0,0.0,0.0,0.0,0.0,1.0365358297627112,0.0,1.149484907120579,0.9177785655940304,0.0,0.0,0.0,0.0,0.0,0.0,0.0,0.0
9,0.0,0.0,0.0,0.0,0.0,0.0,-0.8105775920519738,-0.6937755490951483,1.149484907120579,0.0,-0.39994539439316185,-0.9169608694742868,0.0,0.0,0.0,0.0,0.0,0.0,0.0
10,0.0,0.0,0.0,0.0,0.0,0.0,-0.7000510957709495,-1.5732703941378554,0.9177785655940304,-0.39994539439316185,0.0,-1.8432517015596097,0.0,0.0,0.0,0.0,0.0,0.0,0.0
11,0.0,0.0,0.0,0.0,0.0,0.0,0.0,-3.0077166393576733,0.0,-0.9169608694742868,-1.8432517015596097,0.0,0.0,0.0,0.0,0.0,0.0,0.0,0.0
12,0.0,0.0,0.0,0.0,0.0,0.0,0.0,0.0,0.0,0.0,0.0,0.0,0.0,-0.2249557009964608,-1.736588835906053,-1.3354934567415069,0.0,0.0,0.0
13,0.0,0.0,0.0,0.0,0.0,0.0,0.0,0.0,0.0,0.0,0.0,0.0,-0.2249557009964608,0.0,-1.18914070508113,-0.4071478807439615,0.0,0.0,0.0
14,0.0,0.0,0.0,0.0,0.0,0.0,0.0,0.0,0.0,0.0,0.0,0.0,-1.736588835906053,-1.18914070508113,0.0,-0.9580425729095933,-1.385354835228179,-0.7426228096770753,-0.5501030267917868
15,0.0,0.0,0.0,0.0,0.0,0.0,0.0,0.0,0.0,0.0,0.0,0.0,-1.3354934567415069,-0.4071478807439615,-0.9580425729095933,0.0,-2.032676751007373,-0.5235243418830935,0.0
16,0.0,0.0,0.0,0.0,0.0,0.0,0.0,0.0,0.0,0.0,0.0,0.0,0.0,0.0,-1.385354835228179,-2.032676751007373,0.0,-0.6792161587787751,-0.3084389783338861
17,0.0,0.0,0.0,0.0,0.0,0.0,0.0,0.0,0.0,0.0,0.0,0.0,0.0,0.0,-0.7426228096770753,-0.5235243418830935,-0.6792161587787751,0.0,-0.5079188792151481
18,0.0,0.0,0.0,0.0,0.0,0.0,0.0,0.0,0.0,0.0,0.0,0.0,0.0,0.0,-0.5501030267917868,0.0,-0.3084389783338861,-0.5079188792151481,0.0
