,0,1,2,3,4,5,6,7,8,9,10,11,12,13,14
0,0.0,-1.9450674003093313,2.9346362619823974,0.5282824663835526,0.0,0.0,0.0,0.0,0.0,0.0,0.0,0.0,0.0,0.0,0.0
1,-1.9450674003093313,0.0,2.9392378087496063,0.5953667459730375,1.0429579021976139,0.0,0.0,0.0,0.0,0.0,0.0,0.0,0.0,0.0,0.0
2,2.9346362619823974,2.9392378087496063,0.0,2.8060767779999094,2.3758460889171538,0.0,0.0,0.0,0.0,0.0,0.0,0.0,0.0,0.0,0.0
3,0.5282824663835526,0.5953667459730375,2.8060767779999094,0.0,1.1322735377459632,0.0,0.0,0.0,0.0,0.0,0.0,0.0,0.0,0.0,0.0
4,0.0,1.0429579021976139,2.3758460889171538,1.1322735377459632,0.0,0.734247767263256,-1.5180272044008438,-0.565710096885113,0.0,0.0,0.0,0.0,0.0,0.0,0.0
5,0.0,0.0,0.0,0.0,0.734247767263256,0.0,-1.1613528829592772,-2.175059544109924,0.0,0.0,0.0,0.0,0.0,0.0,0.0
6,0.0,0.0,0.0,0.0,-1.5180272044008438,-1.1613528829592772,0.0,-0.9798651487707835,1.0404684130525184,-0.6958334963127661,0.0,0.0,0.0,0.0,0.0
7,0.0,0.0,0.0,0.0,-0.565710096885113,-2.175059544109924,-0.9798651487707835,0.0,0.9698375889360563,-0.9975739933720239,0.0,0.0,0.0,0.0,0.0
8,0.0,0.0,0.0,0.0,0.0,0.0,1.0404684130525184,0.9698375889360563,0.0,0.7543260753703557,0.10718456186966047,0.35075842647409344,0.0,0.0,0.0
9,0.0,0.0,0.0,0.0,0.0,0.0,-0.6958334963127661,-0.9975739933720239,0.7543260753703557,0.0,0.7019928804292422,-1.781760204632809,0.0,0.0,0.0
10,0.0,0.0,0.0,0.0,0.0,0.0,0.0,0.0,0.10718456186966047,0.7019928804292422,0.0,0.4812432996994474,0.0,0.0,0.0
11,0.0,0.0,0.0,0.0,0.0,0.0,0.0,0.0,0.35075842647409344,-1.781760204632809,0.4812432996994474,0.0,-2.0053490583033935,-0.497799020866119,-0.41301484968621005
12,0.0,0.0,0.0,0.0,0.0,0.0,0.0,0.0,0.0,0.0,0.0,-2.0053490583033935,0.0,-0.670073610312433,-0.44742529517465146
13,0.0,0.0,0.0,0.0,0.0,0.0,0.0,0.0,0.0,0.0,0.0,-0.497799020866119,-0.670073610312433,0.0,-0.6707542964054833
14,0.0,0.0,0.0,0.0,0.0,0.0,0.0,0.0,0.0,0.0,0.0,-0.41301484968621005,-0.44742529517465146,-0.6707542964054833,0.0
