,0,1,2,3,4,5,6,7,8,9,10,11,12,13,14,15,16,17,18
0,0.0,4.395148471012299,3.47477591981468,3.312584753119728,0.0,0.0,0.0,0.0,0.0,0.0,0.0,0.0,0.0,0.0,0.0,0.0,0.0,0.0,0.0
1,4.395148471012299,0.0,0.2945565146112377,0.20859206439592234,0.0,0.0,0.0,0.0,0.0,0.0,0.0,0.0,0.0,0.0,0.0,0.0,0.0,0.0,0.0
2,3.47477591981468,0.2945565146112377,0.0,-0.1556370683155859,0.6700357002943123,-0.8684897232481974,0.0,0.0,0.0,0.0,0.0,0.0,0.0,0.0,0.0,0.0,0.0,0.0,0.0
3,3.312584753119728,0.20859206439592234,-0.1556370683155859,0.0,0.7317839631922121,-0.6588634535749021,0.0,0.0,0.0,0.0,0.0,0.0,0.0,0.0,0.0,0.0,0.0,0.0,0.0
4,0.0,0.0,0.6700357002943123,0.7317839631922121,0.0,0.518982742054474,0.002176916382682441,1.023486822530717,0.0,0.0,0.0,0.0,0.0,0.0,0.0,0.0,0.0,0.0,0.0
5,0.0,0.0,-0.8684897232481974,-0.6588634535749021,0.518982742054474,0.0,-0.42862792615985573,0.6262334799583756,1.400898630581613,0.0,0.0,0.0,0.0,0.0,0.0,0.0,0.0,0.0,0.0
6,0.0,0.0,0.0,0.0,0.002176916382682441,-0.42862792615985573,0.0,0.7251609699230613,1.4448179651034885,0.0,0.0,0.0,0.0,0.0,0.0,0.0,0.0,0.0,0.0
7,0.0,0.0,0.0,0.0,1.023486822530717,0.6262334799583756,0.7251609699230613,0.0,0.8086832785114406,0.6703556049335824,0.0,0.0,0.0,0.0,0.0,0.0,0.0,0.0,0.0
8,0.0,0.0,0.0,0.0,0.0,1.400898630581613,1.4448179651034885,0.8086832785114406,0.0,1.378949704241566,0.0,0.0,0.0,0.0,0.0,0.0,0.0,0.0,0.0
9,0.0,0.0,0.0,0.0,0.0,0.0,0.0,0.6703556049335824,1.378949704241566,0.0,0.21953899122453574,0.0,0.0,0.0,0.0,0.0,0.0,0.0,0.0
10,0.0,0.0,0.0,0.0,0.0,0.0,0.0,0.0,0.0,0.21953899122453574,0.0,1.0158177595414088,-1.3784098622389147,0.0,0.0,0.0,0.0,0.0,0.0
11,0.0,0.0,0.0,0.0,0.0,0.0,0.0,0.0,0.0,0.0,1.0158177595414088,0.0,1.0303249827766385,-0.48753200347342945,0.1702706600705193,0.0,0.0,0.0,0.0
12,0.0,0.0,0.0,0.0,0.0,0.0,0.0,0.0,0.0,0.0,-1.3784098622389147,1.0303249827766385,0.0,0.7984136026733459,-0.1730387694199111,0.0,0.0,0.0,0.0
13,0.0,0.0,0.0,0.0,0.0,0.0,0.0,0.0,0.0,0.0,0.0,-0.48753200347342945,0.7984136026733459,0.0,0.026020955686558617,0.0,0.0,0.0,0.0
14,0.0,0.0,0.0,0.0,0.0,0.0,0.0,0.0,0.0,0.0,0.0,0.1702706600705193,-0.1730387694199111,0.026020955686558617,0.0,0.0,0.0,0.0,0.0
15,0.0,0.0,0.0,0.0,0.0,0.0,0.0,0.0,0.0,0.0,0.0,0.0,0.0,0.0,0.0,0.0,-0.1235631391949088,-0.7637789076323601,-0.504027707370915
16,0.0,0.0,0.0,0.0,0.0,0.0,0.0,0.0,0.0,0.0,0.0,0.0,0.0,0.0,0.0,-0.1235631391949088,0.0,-0.5928607326632805,0.19412677169647738
17,0.0,0.0,0.0,0.0,0.0,0.0,0.0,0.0,0.0,0.0,0.0,0.0,0.0,0.0,0.0,-0.7637789076323601,-0.5928607326632805,0.0,-0.2649082334951216
18,0.0,0.0,0.0,0.0,0.0,0.0,0.0,0.0,0.0,0.0,0.0,0.0,0.0,0.0,0.0,-0.504027707370915,0.19412677169647738,-0.2649082334951216,0.0
