,0,1,2,3,4,5,6,7,8,9,10,11,12,13,14,15,16,17,18,19
0,0.0,2.398043789173661,0.4035809629710531,-0.18792034227597326,0.0,0.0,0.0,0.0,0.0,0.0,0.0,0.0,0.0,0.0,0.0,0.0,0.0,0.0,0.0,0.0
1,2.398043789173661,0.0,1.7776066789337817,1.5333591297734661,0.0,0.0,0.0,0.0,0.0,0.0,0.0,0.0,0.0,0.0,0.0,0.0,0.0,0.0,0.0,0.0
2,0.4035809629710531,1.7776066789337817,0.0,-0.9041940269122815,-0.24155456007306098,-0.06801303529898994,0.0,0.0,0.0,0.0,0.0,0.0,0.0,0.0,0.0,0.0,0.0,0.0,0.0,0.0
3,-0.18792034227597326,1.5333591297734661,-0.9041940269122815,0.0,-0.19225958009379857,-0.3771026978882292,0.0,0.0,0.0,0.0,0.0,0.0,0.0,0.0,0.0,0.0,0.0,0.0,0.0,0.0
4,0.0,0.0,-0.24155456007306098,-0.19225958009379857,0.0,0.06328319693545538,-0.8924538571039017,0.0,0.0,0.0,0.0,0.0,0.0,0.0,0.0,0.0,0.0,0.0,0.0,0.0
5,0.0,0.0,-0.06801303529898994,-0.3771026978882292,0.06328319693545538,0.0,-0.4465831392707095,-0.8842138223363007,0.0,0.0,0.0,0.0,0.0,0.0,0.0,0.0,0.0,0.0,0.0,0.0
6,0.0,0.0,0.0,0.0,-0.8924538571039017,-0.4465831392707095,0.0,-0.3418944558945228,-0.2146397274281537,0.0,0.0,0.0,0.0,0.0,0.0,0.0,0.0,0.0,0.0,0.0
7,0.0,0.0,0.0,0.0,0.0,-0.8842138223363007,-0.3418944558945228,0.0,-0.6422567309935558,0.0,0.0,0.0,0.0,0.0,0.0,0.0,0.0,0.0,0.0,0.0
8,0.0,0.0,0.0,0.0,0.0,0.0,-0.2146397274281537,-0.6422567309935558,0.0,0.7746220195809036,0.0,0.0,0.0,0.0,0.0,0.0,0.0,0.0,0.0,0.0
9,0.0,0.0,0.0,0.0,0.0,0.0,0.0,0.0,0.7746220195809036,0.0,0.9243555069661304,0.9006602875887955,0.0,-0.3249359847939018,0.0,0.0,0.0,0.0,0.0,0.0
10,0.0,0.0,0.0,0.0,0.0,0.0,0.0,0.0,0.0,0.9243555069661304,0.0,0.8533647666254947,0.8097186415726926,0.0,0.0,0.0,0.0,0.0,0.0,0.0
11,0.0,0.0,0.0,0.0,0.0,0.0,0.0,0.0,0.0,0.9006602875887955,0.8533647666254947,0.0,0.14087668142940266,0.8531915313844546,-0.3967071163429686,0.0,0.0,0.0,0.0,0.0
12,0.0,0.0,0.0,0.0,0.0,0.0,0.0,0.0,0.0,0.0,0.8097186415726926,0.14087668142940266,0.0,0.0,0.24601054999278132,0.0,0.0,0.0,0.0,0.0
13,0.0,0.0,0.0,0.0,0.0,0.0,0.0,0.0,0.0,-0.3249359847939018,0.0,0.8531915313844546,0.0,0.0,0.0,0.5609339108366524,0.0,0.0,0.0,0.0
14,0.0,0.0,0.0,0.0,0.0,0.0,0.0,0.0,0.0,0.0,0.0,-0.3967071163429686,0.24601054999278132,0.0,0.0,0.7133722884941829,0.07659881147542429,0.0,0.0,0.0
15,0.0,0.0,0.0,0.0,0.0,0.0,0.0,0.0,0.0,0.0,0.0,0.0,0.0,0.5609339108366524,0.7133722884941829,0.0,0.3598356997012715,0.0,0.0,0.0
16,0.0,0.0,0.0,0.0,0.0,0.0,0.0,0.0,0.0,0.0,0.0,0.0,0.0,0.0,0.07659881147542429,0.3598356997012715,0.0,-0.21693671262458028,-0.6978733458911331,-0.12536011176924425
17,0.0,0.0,0.0,0.0,0.0,0.0,0.0,0.0,0.0,0.0,0.0,0.0,0.0,0.0,0.0,0.0,-0.21693671262458028,0.0,-1.3825769336085802,0.08842617420543619
18,0.0,0.0,0.0,0.0,0.0,0.0,0.0,0.0,0.0,0.0,0.0,0.0,0.0,0.0,0.0,0.0,-0.6978733458911331,-1.3825769336085802,0.0,-0.12758754426328997
19,0.0,0.0,0.0,0.0,0.0,0.0,0.0,0.0,0.0,0.0,0.0,0.0,0.0,0.0,0.0,0.0,-0.12536011176924425,0.08842617420543619,-0.12758754426328997,0.0
