,0,1,2,3,4,5,6,7,8,9,10,11,12,13
0,0.0,2.9107980172022008,2.6926560440994187,1.3388261263444405,0.0,0.0,0.0,0.0,0.0,0.0,0.0,0.0,0.0,0.0
1,2.9107980172022008,0.0,0.43669122364369695,-0.8513541111191482,-1.1525828464037877,0.0,0.0,0.0,0.0,0.0,0.0,0.0,0.0,0.0
2,2.6926560440994187,0.43669122364369695,0.0,-0.30513222584365435,-0.6576756480156594,0.0,0.0,0.0,0.0,0.0,0.0,0.0,0.0,0.0
3,1.3388261263444405,-0.8513541111191482,-0.30513222584365435,0.0,-0.5548355324331864,-1.2675389251326528,-0.9787861725245931,0.0,0.0,0.0,0.0,0.0,0.0,0.0
4,0.0,-1.1525828464037877,-0.6576756480156594,-0.5548355324331864,0.0,-2.037894387723622,-1.4551062825664651,0.0,0.0,0.0,0.0,0.0,0.0,0.0
5,0.0,0.0,0.0,-1.2675389251326528,-2.037894387723622,0.0,-1.2268256207461707,0.0,0.0,0.0,0.24628244145320122,0.0,0.0,0.0
6,0.0,0.0,0.0,-0.9787861725245931,-1.4551062825664651,-1.2268256207461707,0.0,-1.6657415959313169,-1.080473752713013,-2.4699722755889053,0.11335304298977605,0.0,0.0,0.0
7,0.0,0.0,0.0,0.0,0.0,0.0,-1.6657415959313169,0.0,-1.7421242639547636,-1.6209379172486775,0.19822092952900275,0.0,0.0,0.0
8,0.0,0.0,0.0,0.0,0.0,0.0,-1.080473752713013,-1.7421242639547636,0.0,-1.0490332271417304,0.0,-1.7665488373542304,-1.0378065203964728,0.0
9,0.0,0.0,0.0,0.0,0.0,0.0,-2.4699722755889053,-1.6209379172486775,-1.0490332271417304,0.0,0.05591968014774795,0.0,0.0,-0.607584397471703
10,0.0,0.0,0.0,0.0,0.0,0.24628244145320122,0.11335304298977605,0.19822092952900275,0.0,0.05591968014774795,0.0,0.0,0.0,0.0
11,0.0,0.0,0.0,0.0,0.0,0.0,0.0,0.0,-1.7665488373542304,0.0,0.0,0.0,-0.6966907600964602,-0.2782334483083455
12,0.0,0.0,0.0,0.0,0.0,0.0,0.0,0.0,-1.0378065203964728,0.0,0.0,-0.6966907600964602,0.0,-0.8865179479070762
13,0.0,0.0,0.0,0.0,0.0,0.0,0.0,0.0,0.0,-0.607584397471703,0.0,-0.2782334483083455,-0.8865179479070762,0.0
