,0,1,2,3,4,5,6,7,8,9,10,11,12,13,14,15,16,17,18
0,0.0,2.9800590658630566,2.6678114388483856,2.6359309852513437,0.0,0.0,0.0,0.0,0.0,0.0,0.0,0.0,0.0,0.0,0.0,0.0,0.0,0.0,0.0
1,2.9800590658630566,0.0,0.16404191304759683,-0.0334790106634617,0.36169924405095105,0.0,0.0,0.0,0.0,0.0,0.0,0.0,0.0,0.0,0.0,0.0,0.0,0.0,0.0
2,2.6678114388483856,0.16404191304759683,0.0,-0.47792543783089037,0.7070890148286653,0.0,0.0,0.0,0.0,0.0,0.0,0.0,0.0,0.0,0.0,0.0,0.0,0.0,0.0
3,2.6359309852513437,-0.0334790106634617,-0.47792543783089037,0.0,0.45691368576283814,0.0,0.0,0.0,0.0,0.0,0.0,0.0,0.0,0.0,0.0,0.0,0.0,0.0,0.0
4,0.0,0.36169924405095105,0.7070890148286653,0.45691368576283814,0.0,0.21913209743865758,0.0,0.0,0.0,0.0,0.0,0.0,0.0,0.0,0.0,0.0,0.0,0.0,0.0
5,0.0,0.0,0.0,0.0,0.21913209743865758,0.0,-1.9266098948444936,-0.7924756568531758,-1.6065857104453818,0.0,0.0,0.0,0.0,0.0,0.0,0.0,0.0,0.0,0.0
6,0.0,0.0,0.0,0.0,0.0,-1.9266098948444936,0.0,-0.9445933599285383,-1.2732311688208249,0.0,0.0,0.0,0.0,0.0,0.0,0.0,0.0,0.0,0.0
7,0.0,0.0,0.0,0.0,0.0,-0.7924756568531758,-0.9445933599285383,0.0,-0.5902168209853526,-0.7748506999468862,-0.6102694105009372,0.0,0.0,0.0,0.0,0.0,0.0,0.0,0.0
8,0.0,0.0,0.0,0.0,0.0,-1.6065857104453818,-1.2732311688208249,-0.5902168209853526,0.0,-3.2799508848190486,-1.1383471920244488,0.0,0.0,0.0,0.0,0.0,0.0,0.0,0.0
9,0.0,0.0,0.0,0.0,0.0,0.0,0.0,-0.7748506999468862,-3.2799508848190486,0.0,-1.2482348403654113,-1.0894769132442934,0.0,0.0,0.0,0.0,0.0,0.0,0.0
10,0.0,0.0,0.0,0.0,0.0,0.0,0.0,-0.6102694105009372,-1.1383471920244488,-1.2482348403654113,0.0,-0.9691392867815876,0.0,-0.6908753867316032,0.0,0.0,0.0,0.0,0.0
11,0.0,0.0,0.0,0.0,0.0,0.0,0.0,0.0,0.0,-1.0894769132442934,-0.9691392867815876,0.0,-1.2829867299084579,-0.8086264126212437,-0.9503300376071858,0.0,0.0,0.0,0.0
12,0.0,0.0,0.0,0.0,0.0,0.0,0.0,0.0,0.0,0.0,0.0,-1.2829867299084579,0.0,-0.8370731891468977,-1.6902245445927746,-0.6956668640989322,0.0,0.0,0.0
13,0.0,0.0,0.0,0.0,0.0,0.0,0.0,0.0,0.0,0.0,-0.6908753867316032,-0.8086264126212437,-0.8370731891468977,0.0,-0.7506011126142376,0.0,0.0,0.0,0.0
14,0.0,0.0,0.0,0.0,0.0,0.0,0.0,0.0,0.0,0.0,0.0,-0.9503300376071858,-1.6902245445927746,-0.7506011126142376,0.0,-0.645826075644569,-0.6142652790170201,0.0,0.0
15,0.0,0.0,0.0,0.0,0.0,0.0,0.0,0.0,0.0,0.0,0.0,0.0,-0.6956668640989322,0.0,-0.645826075644569,0.0,-0.7293290269699482,-0.5485494260604605,-1.5219122515999692
16,0.0,0.0,0.0,0.0,0.0,0.0,0.0,0.0,0.0,0.0,0.0,0.0,0.0,0.0,-0.6142652790170201,-0.7293290269699482,0.0,-0.5866749110209247,-1.802058055313023
17,0.0,0.0,0.0,0.0,0.0,0.0,0.0,0.0,0.0,0.0,0.0,0.0,0.0,0.0,0.0,-0.5485494260604605,-0.5866749110209247,0.0,-1.58361870913384
18,0.0,0.0,0.0,0.0,0.0,0.0,0.0,0.0,0.0,0.0,0.0,0.0,0.0,0.0,0.0,-1.5219122515999692,-1.802058055313023,-1.58361870913384,0.0
