,0,1,2,3,4,5,6,7,8,9,10,11,12,13,14
0,0.0,3.83347364943493,2.6515986217676915,2.3193515198392416,0.0,0.0,0.0,0.0,0.0,0.0,0.0,0.0,0.0,0.0,0.0
1,3.83347364943493,0.0,0.020200724209817007,-1.1910872053369455,0.0,0.0,0.0,0.0,0.0,0.0,0.0,0.0,0.0,0.0,0.0
2,2.6515986217676915,0.020200724209817007,0.0,-0.2747084027462358,-1.5815230428076072,-0.2875855320116601,0.0,0.0,0.0,0.0,0.0,0.0,0.0,0.0,0.0
3,2.3193515198392416,-1.1910872053369455,-0.2747084027462358,0.0,-0.38400958320283485,-0.8264941864704061,0.0,0.0,0.0,0.0,0.0,0.0,0.0,0.0,0.0
4,0.0,0.0,-1.5815230428076072,-0.38400958320283485,0.0,-0.3930254082832262,-3.1786081656348664,0.0,0.0,0.0,0.0,0.0,0.0,0.0,0.0
5,0.0,0.0,-0.2875855320116601,-0.8264941864704061,-0.3930254082832262,0.0,-1.10097725024821,-0.893996306292487,0.0,0.0,0.0,0.0,0.0,0.0,0.0
6,0.0,0.0,0.0,0.0,-3.1786081656348664,-1.10097725024821,0.0,-0.7333336976895377,-1.8365435098074898,-2.092987815775838,0.0,0.0,0.0,0.0,0.0
7,0.0,0.0,0.0,0.0,0.0,-0.893996306292487,-0.7333336976895377,0.0,-0.8404770379045605,-0.9418853239037779,0.0,0.0,0.0,0.0,0.0
8,0.0,0.0,0.0,0.0,0.0,0.0,-1.8365435098074898,-0.8404770379045605,0.0,-1.845522695559598,0.0,0.0,0.0,0.0,0.0
9,0.0,0.0,0.0,0.0,0.0,0.0,-2.092987815775838,-0.9418853239037779,-1.845522695559598,0.0,0.6435209289485317,-2.2856578545567925,-1.485668106427516,0.0,0.0
10,0.0,0.0,0.0,0.0,0.0,0.0,0.0,0.0,0.0,0.6435209289485317,0.0,0.03329187284092187,0.21824868652718146,0.0,0.0
11,0.0,0.0,0.0,0.0,0.0,0.0,0.0,0.0,0.0,-2.2856578545567925,0.03329187284092187,0.0,-1.2127235274365107,-1.4961246634244405,-2.880763553992767
12,0.0,0.0,0.0,0.0,0.0,0.0,0.0,0.0,0.0,-1.485668106427516,0.21824868652718146,-1.2127235274365107,0.0,-2.284830629482952,-1.874740725318297
13,0.0,0.0,0.0,0.0,0.0,0.0,0.0,0.0,0.0,0.0,0.0,-1.4961246634244405,-2.284830629482952,0.0,-1.9424485954640003
14,0.0,0.0,0.0,0.0,0.0,0.0,0.0,0.0,0.0,0.0,0.0,-2.880763553992767,-1.874740725318297,-1.9424485954640003,0.0
