,0,1,2,3,4,5,6,7,8,9,10,11,12,13,14,15,16,17,18,19,20,21
0,0.0,2.033568562285488,1.628432802291839,1.7209128584396525,0.0,0.0,0.0,0.0,0.0,0.0,0.0,0.0,0.0,0.0,0.0,0.0,0.0,0.0,0.0,0.0,0.0,0.0
1,2.033568562285488,0.0,-0.10322371491815692,-0.4643183212781132,-1.1374037087381585,0.0,0.0,0.0,0.0,0.0,0.0,0.0,0.0,0.0,0.0,0.0,0.0,0.0,0.0,0.0,0.0,0.0
2,1.628432802291839,-0.10322371491815692,0.0,-0.08473490767219642,-0.37090853786903005,0.24746419160108155,0.0,0.0,0.0,0.0,0.0,0.0,0.0,0.0,0.0,0.0,0.0,0.0,0.0,0.0,0.0,0.0
3,1.7209128584396525,-0.4643183212781132,-0.08473490767219642,0.0,-1.0637031204561325,0.2864202517017229,0.0,0.0,0.0,0.0,0.0,0.0,0.0,0.0,0.0,0.0,0.0,0.0,0.0,0.0,0.0,0.0
4,0.0,-1.1374037087381585,-0.37090853786903005,-1.0637031204561325,0.0,0.06802767641700078,0.44420394999896756,0.0,0.0,0.0,0.0,0.0,0.0,0.0,0.0,0.0,0.0,0.0,0.0,0.0,0.0,0.0
5,0.0,0.0,0.24746419160108155,0.2864202517017229,0.06802767641700078,0.0,0.5072535139930721,0.27537872930826357,0.0,0.0,0.0,0.0,0.0,0.0,0.0,0.0,0.0,0.0,0.0,0.0,0.0,0.0
6,0.0,0.0,0.0,0.0,0.44420394999896756,0.5072535139930721,0.0,-0.889739214630846,0.0,0.0,0.0,0.0,0.0,0.0,0.0,0.0,0.0,0.0,0.0,0.0,0.0,0.0
7,0.0,0.0,0.0,0.0,0.0,0.27537872930826357,-0.889739214630846,0.0,-1.2431996403243752,0.0,0.0,0.0,0.0,0.0,0.0,0.0,0.0,0.0,0.0,0.0,0.0,0.0
8,0.0,0.0,0.0,0.0,0.0,0.0,0.0,-1.2431996403243752,0.0,-0.3602693254829442,-0.7290418007835355,0.0,0.0,0.0,0.0,0.0,0.0,0.0,0.0,0.0,0.0,0.0
9,0.0,0.0,0.0,0.0,0.0,0.0,0.0,0.0,-0.3602693254829442,0.0,-0.08213025902392115,0.0,-0.37158623655247,0.0,0.0,0.0,0.0,0.0,0.0,0.0,0.0,0.0
10,0.0,0.0,0.0,0.0,0.0,0.0,0.0,0.0,-0.7290418007835355,-0.08213025902392115,0.0,-0.7155184626539663,-0.666897933530448,-0.7176667206198858,0.0,0.0,0.0,0.0,0.0,0.0,0.0,0.0
11,0.0,0.0,0.0,0.0,0.0,0.0,0.0,0.0,0.0,0.0,-0.7155184626539663,0.0,-1.8024858592895303,-1.496501340387649,0.0,0.0,0.0,0.0,0.0,0.0,0.0,0.0
12,0.0,0.0,0.0,0.0,0.0,0.0,0.0,0.0,0.0,-0.37158623655247,-0.666897933530448,-1.8024858592895303,0.0,-0.957703030011992,0.0,0.0,0.0,0.0,0.0,0.0,0.0,0.0
13,0.0,0.0,0.0,0.0,0.0,0.0,0.0,0.0,0.0,0.0,-0.7176667206198858,-1.496501340387649,-0.957703030011992,0.0,0.0,0.0,0.0,0.0,0.0,0.0,0.0,0.0
14,0.0,0.0,0.0,0.0,0.0,0.0,0.0,0.0,0.0,0.0,0.0,0.0,0.0,0.0,0.0,-0.7063681672305375,-2.0563625936914347,-1.106587623507133,0.0,-0.3968673410685071,0.0,0.0
15,0.0,0.0,0.0,0.0,0.0,0.0,0.0,0.0,0.0,0.0,0.0,0.0,0.0,0.0,-0.7063681672305375,0.0,-0.9521733946436395,-1.6279985667273804,0.0,-0.8083312620292901,0.0,0.0
16,0.0,0.0,0.0,0.0,0.0,0.0,0.0,0.0,0.0,0.0,0.0,0.0,0.0,0.0,-2.0563625936914347,-0.9521733946436395,0.0,-1.2468524922561819,-1.8433537348138573,0.0,0.0,0.0
17,0.0,0.0,0.0,0.0,0.0,0.0,0.0,0.0,0.0,0.0,0.0,0.0,0.0,0.0,-1.106587623507133,-1.6279985667273804,-1.2468524922561819,0.0,-1.3334014020508278,0.0,0.0,0.0
18,0.0,0.0,0.0,0.0,0.0,0.0,0.0,0.0,0.0,0.0,0.0,0.0,0.0,0.0,0.0,0.0,-1.8433537348138573,-1.3334014020508278,0.0,-0.8211707444268005,-1.5209808408190761,-2.2472609198235727
19,0.0,0.0,0.0,0.0,0.0,0.0,0.0,0.0,0.0,0.0,0.0,0.0,0.0,0.0,-0.3968673410685071,-0.8083312620292901,0.0,0.0,-0.8211707444268005,0.0,-0.6098586205431529,-0.955753352899258
20,0.0,0.0,0.0,0.0,0.0,0.0,0.0,0.0,0.0,0.0,0.0,0.0,0.0,0.0,0.0,0.0,0.0,0.0,-1.5209808408190761,-0.6098586205431529,0.0,-2.11397378802432
21,0.0,0.0,0.0,0.0,0.0,0.0,0.0,0.0,0.0,0.0,0.0,0.0,0.0,0.0,0.0,0.0,0.0,0.0,-2.2472609198235727,-0.955753352899258,-2.11397378802432,0.0
