,0,1,2,3,4,5,6,7,8,9,10,11,12,13,14,15,16,17
0,0.0,3.599270179825196,3.478324054770894,3.076286046334734,0.0,0.0,0.0,0.0,0.0,0.0,0.0,0.0,0.0,0.0,0.0,0.0,0.0,0.0
1,3.599270179825196,0.0,0.624594816144393,-1.127717067035449,-0.3988821904672535,0.0,0.0,0.0,0.0,0.0,0.0,0.0,0.0,0.0,0.0,0.0,0.0,0.0
2,3.478324054770894,0.624594816144393,0.0,0.0642237758087535,-0.6690333452865145,0.0,0.0,0.0,0.0,0.0,0.0,0.0,0.0,0.0,0.0,0.0,0.0,0.0
3,3.076286046334734,-1.127717067035449,0.0642237758087535,0.0,-0.5683040319665215,-0.371519041704966,0.0,0.0,0.0,0.0,0.0,0.0,0.0,0.0,0.0,0.0,0.0,0.0
4,0.0,-0.3988821904672535,-0.6690333452865145,-0.5683040319665215,0.0,-0.16662705603836775,0.0,0.0,0.0,0.0,0.0,0.0,0.0,0.0,0.0,0.0,0.0,0.0
5,0.0,0.0,0.0,-0.371519041704966,-0.16662705603836775,0.0,-1.0089496136742984,0.0,-0.4581487343754709,0.0,0.0,0.0,0.0,0.0,0.0,0.0,0.0,0.0
6,0.0,0.0,0.0,0.0,0.0,-1.0089496136742984,0.0,0.13509352339959008,-0.20196276210000327,-0.8276210261230087,0.0,0.0,0.0,0.0,0.0,0.0,0.0,0.0
7,0.0,0.0,0.0,0.0,0.0,0.0,0.13509352339959008,0.0,-0.18869476616400624,-0.4662291315603655,-0.10477994182167791,0.0,0.0,0.0,0.0,0.0,0.0,0.0
8,0.0,0.0,0.0,0.0,0.0,-0.4581487343754709,-0.20196276210000327,-0.18869476616400624,0.0,-0.13421779861865404,-0.6532116875181774,0.0,0.0,0.0,0.0,0.0,0.0,0.0
9,0.0,0.0,0.0,0.0,0.0,0.0,-0.8276210261230087,-0.4662291315603655,-0.13421779861865404,0.0,0.1739288591909077,0.0,0.0,0.0,0.0,0.0,0.0,0.0
10,0.0,0.0,0.0,0.0,0.0,0.0,0.0,-0.10477994182167791,-0.6532116875181774,0.1739288591909077,0.0,-0.5808170091909534,0.0,-0.4179180124468021,0.0,0.0,0.0,0.0
11,0.0,0.0,0.0,0.0,0.0,0.0,0.0,0.0,0.0,0.0,-0.5808170091909534,0.0,-1.2430775488943382,-0.7043779851724348,0.0,-0.1015909517965954,0.0,0.0
12,0.0,0.0,0.0,0.0,0.0,0.0,0.0,0.0,0.0,0.0,0.0,-1.2430775488943382,0.0,-1.3083749884161184,-0.2701026633871743,-0.2938002660820189,-2.0623376178885535,-1.086549546884892
13,0.0,0.0,0.0,0.0,0.0,0.0,0.0,0.0,0.0,0.0,-0.4179180124468021,-0.7043779851724348,-1.3083749884161184,0.0,-0.5352160269034767,-0.5030850881689563,-2.028748323114478,0.0
14,0.0,0.0,0.0,0.0,0.0,0.0,0.0,0.0,0.0,0.0,0.0,0.0,-0.2701026633871743,-0.5352160269034767,0.0,-2.0622122271795655,0.0,0.0
15,0.0,0.0,0.0,0.0,0.0,0.0,0.0,0.0,0.0,0.0,0.0,-0.1015909517965954,-0.2938002660820189,-0.5030850881689563,-2.0622122271795655,0.0,0.0,-2.0097571232598965
16,0.0,0.0,0.0,0.0,0.0,0.0,0.0,0.0,0.0,0.0,0.0,0.0,-2.0623376178885535,-2.028748323114478,0.0,0.0,0.0,-1.0143528406804423
17,0.0,0.0,0.0,0.0,0.0,0.0,0.0,0.0,0.0,0.0,0.0,0.0,-1.086549546884892,0.0,0.0,-2.0097571232598965,-1.0143528406804423,0.0
