,0,1,2,3,4,5,6,7,8,9,10,11,12,13,14,15,16,17,18,19,20
0,0.0,3.5049512209119325,2.8690097480726324,2.7527936515286444,0.0,0.0,0.0,0.0,0.0,0.0,0.0,0.0,0.0,0.0,0.0,0.0,0.0,0.0,0.0,0.0,0.0
1,3.5049512209119325,0.0,2.6984588495464883,2.4050590682485997,0.0,-0.5355481192412127,0.0,0.0,0.0,0.0,0.0,0.0,0.0,0.0,0.0,0.0,0.0,0.0,0.0,0.0,0.0
2,2.8690097480726324,2.6984588495464883,0.0,0.21245039972460764,0.0,2.184186596150097,0.0,0.0,0.0,0.0,0.0,0.0,0.0,0.0,0.0,0.0,0.0,0.0,0.0,0.0,0.0
3,2.7527936515286444,2.4050590682485997,0.21245039972460764,0.0,0.43823002906647035,2.0846411072334474,0.0,0.0,0.0,0.0,0.0,0.0,0.0,0.0,0.0,0.0,0.0,0.0,0.0,0.0,0.0
4,0.0,0.0,0.0,0.43823002906647035,0.0,1.929221159056663,-0.20946245265032462,0.09748867640223322,0.0,0.0,0.0,0.0,0.0,0.0,0.0,0.0,0.0,0.0,0.0,0.0,0.0
5,0.0,-0.5355481192412127,2.184186596150097,2.0846411072334474,1.929221159056663,0.0,1.8479340936279343,1.8698532025530281,0.0,0.0,0.0,0.0,0.0,0.0,0.0,0.0,0.0,0.0,0.0,0.0,0.0
6,0.0,0.0,0.0,0.0,-0.20946245265032462,1.8479340936279343,0.0,-1.1001504785421135,-1.1326588385266763,0.0,0.0,0.0,0.0,0.0,0.0,0.0,0.0,0.0,0.0,0.0,0.0
7,0.0,0.0,0.0,0.0,0.09748867640223322,1.8698532025530281,-1.1001504785421135,0.0,-2.7518038892908243,0.0,0.0,0.0,0.0,0.0,0.0,0.0,0.0,0.0,0.0,0.0,0.0
8,0.0,0.0,0.0,0.0,0.0,0.0,-1.1326588385266763,-2.7518038892908243,0.0,1.355499638320565,0.0,0.0,0.0,0.0,0.0,0.0,0.0,0.0,0.0,0.0,0.0
9,0.0,0.0,0.0,0.0,0.0,0.0,0.0,0.0,1.355499638320565,0.0,0.9810930498138825,-0.2895380782149834,0.0,0.0,0.0,0.0,0.0,0.0,0.0,0.0,0.0
10,0.0,0.0,0.0,0.0,0.0,0.0,0.0,0.0,0.0,0.9810930498138825,0.0,0.8683446023111691,-0.0070597758874805,-1.3426321605445546,0.0,0.0,0.0,0.0,0.0,0.0,0.0
11,0.0,0.0,0.0,0.0,0.0,0.0,0.0,0.0,0.0,-0.2895380782149834,0.8683446023111691,0.0,-0.26982631253945016,0.30471060500961933,0.0,0.0,0.0,0.0,0.0,0.0,0.0
12,0.0,0.0,0.0,0.0,0.0,0.0,0.0,0.0,0.0,0.0,-0.0070597758874805,-0.26982631253945016,0.0,-0.38842384294656046,0.0,0.0,0.0,0.0,0.0,0.0,0.0
13,0.0,0.0,0.0,0.0,0.0,0.0,0.0,0.0,0.0,0.0,-1.3426321605445546,0.30471060500961933,-0.38842384294656046,0.0,-1.4950034182001517,-0.32531439693319714,0.0,0.0,0.0,0.0,0.0
14,0.0,0.0,0.0,0.0,0.0,0.0,0.0,0.0,0.0,0.0,0.0,0.0,0.0,-1.4950034182001517,0.0,-0.10519435391709432,0.013121482881716703,0.0,-0.3963657388961751,0.0,0.0
15,0.0,0.0,0.0,0.0,0.0,0.0,0.0,0.0,0.0,0.0,0.0,0.0,0.0,-0.32531439693319714,-0.10519435391709432,0.0,-0.978987617501965,0.0,-2.4070271928917015,0.0,0.0
16,0.0,0.0,0.0,0.0,0.0,0.0,0.0,0.0,0.0,0.0,0.0,0.0,0.0,0.0,0.013121482881716703,-0.978987617501965,0.0,0.0,-1.4982295156722687,0.0,0.0
17,0.0,0.0,0.0,0.0,0.0,0.0,0.0,0.0,0.0,0.0,0.0,0.0,0.0,0.0,0.0,0.0,0.0,0.0,1.0500840391143231,0.5741397875466857,-0.2984719585676731
18,0.0,0.0,0.0,0.0,0.0,0.0,0.0,0.0,0.0,0.0,0.0,0.0,0.0,0.0,-0.3963657388961751,-2.4070271928917015,-1.4982295156722687,1.0500840391143231,0.0,-1.4951645128825866,-1.032908765555896
19,0.0,0.0,0.0,0.0,0.0,0.0,0.0,0.0,0.0,0.0,0.0,0.0,0.0,0.0,0.0,0.0,0.0,0.5741397875466857,-1.4951645128825866,0.0,-0.9751625947394358
20,0.0,0.0,0.0,0.0,0.0,0.0,0.0,0.0,0.0,0.0,0.0,0.0,0.0,0.0,0.0,0.0,0.0,-0.2984719585676731,-1.032908765555896,-0.9751625947394358,0.0
