,0,1,2,3,4,5,6,7,8,9,10,11,12,13,14,15,16
0,0.0,1.70728196471546,1.499117870563811,1.4193189711018501,0.0,0.0,0.0,0.0,0.0,0.0,0.0,0.0,0.0,0.0,0.0,0.0,0.0
1,1.70728196471546,0.0,-0.9978729567798186,-1.0409846428304663,-1.962554672786919,0.0,0.0,0.0,0.0,0.0,0.0,0.0,0.0,0.0,0.0,0.0,0.0
2,1.499117870563811,-0.9978729567798186,0.0,-0.732226929901989,-1.7260234963276562,-1.8659082194894325,0.0,0.0,0.0,0.0,0.0,0.0,0.0,0.0,0.0,0.0,0.0
3,1.4193189711018501,-1.0409846428304663,-0.732226929901989,0.0,-1.25758114538618,-0.6202716524827534,0.0,0.0,0.0,0.0,0.0,0.0,0.0,0.0,0.0,0.0,0.0
4,0.0,-1.962554672786919,-1.7260234963276562,-1.25758114538618,0.0,-1.193162519688022,0.0,0.0,0.0,0.0,0.0,0.0,0.0,0.0,0.0,0.0,0.0
5,0.0,0.0,-1.8659082194894325,-0.6202716524827534,-1.193162519688022,0.0,0.0,-1.442516705820164,-0.7173421841144763,0.0,0.0,0.0,0.0,0.0,0.0,0.0,0.0
6,0.0,0.0,0.0,0.0,0.0,0.0,0.0,0.0,0.0,0.0,0.9850219677141266,0.0,0.8463098607936753,0.8316402069144097,0.0,0.0,0.0
7,0.0,0.0,0.0,0.0,0.0,-1.442516705820164,0.0,0.0,-0.8448040454066525,-0.9527823672559533,0.0,-0.3550634948027748,0.0,0.0,0.0,0.0,0.0
8,0.0,0.0,0.0,0.0,0.0,-0.7173421841144763,0.0,-0.8448040454066525,0.0,-2.845719563337199,0.0,-0.6440881940796513,0.0,0.0,0.0,0.0,0.0
9,0.0,0.0,0.0,0.0,0.0,0.0,0.0,-0.9527823672559533,-2.845719563337199,0.0,0.0,-0.7287633741046232,0.0,0.0,0.0,0.0,0.0
10,0.0,0.0,0.0,0.0,0.0,0.0,0.9850219677141266,0.0,0.0,0.0,0.0,0.0,-0.9668557282514897,-0.9313433123246798,-0.6120764891858784,0.0,0.0
11,0.0,0.0,0.0,0.0,0.0,0.0,0.0,-0.3550634948027748,-0.6440881940796513,-0.7287633741046232,0.0,0.0,-0.6875468571451991,-0.6701487672412496,0.0,0.0,0.0
12,0.0,0.0,0.0,0.0,0.0,0.0,0.8463098607936753,0.0,0.0,0.0,-0.9668557282514897,-0.6875468571451991,0.0,-3.1893561027752577,-1.6064403172154929,-2.3712448574066345,-0.12016967275444368
13,0.0,0.0,0.0,0.0,0.0,0.0,0.8316402069144097,0.0,0.0,0.0,-0.9313433123246798,-0.6701487672412496,-3.1893561027752577,0.0,-1.6314419122331933,-2.758524915945234,0.0
14,0.0,0.0,0.0,0.0,0.0,0.0,0.0,0.0,0.0,0.0,-0.6120764891858784,0.0,-1.6064403172154929,-1.6314419122331933,0.0,-1.5617176185168191,-0.1781250147225273
15,0.0,0.0,0.0,0.0,0.0,0.0,0.0,0.0,0.0,0.0,0.0,0.0,-2.3712448574066345,-2.758524915945234,-1.5617176185168191,0.0,-0.20599342802090828
16,0.0,0.0,0.0,0.0,0.0,0.0,0.0,0.0,0.0,0.0,0.0,0.0,-0.12016967275444368,0.0,-0.1781250147225273,-0.20599342802090828,0.0
