,0,1,2,3,4,5,6,7,8,9,10,11,12
0,0.0,3.976880463644196,3.4658442307083064,2.7320661991792226,0.0,0.0,0.0,0.0,0.0,0.0,0.0,0.0,0.0
1,3.976880463644196,0.0,0.5464481892474052,0.2978679688749799,-1.2254429354920924,0.0,0.0,0.0,0.0,0.0,0.0,0.0,0.0
2,3.4658442307083064,0.5464481892474052,0.0,-0.321992668948374,-0.339009518312811,0.0,0.0,0.0,0.0,0.0,0.0,0.0,0.0
3,2.7320661991792226,0.2978679688749799,-0.321992668948374,0.0,0.21564896705981518,-0.66896979826165,-1.592458536136892,0.0,0.0,0.0,0.0,0.0,0.0
4,0.0,-1.2254429354920924,-0.339009518312811,0.21564896705981518,0.0,-0.6194892232774032,-0.5228623533591649,0.0,0.0,0.0,0.0,0.0,0.0
5,0.0,0.0,0.0,-0.66896979826165,-0.6194892232774032,0.0,-0.9263473045058941,0.0,0.0,0.0,0.0,0.0,0.0
6,0.0,0.0,0.0,-1.592458536136892,-0.5228623533591649,-0.9263473045058941,0.0,-1.4391527385543712,-1.4264962177302396,0.0,0.0,0.1968488756853295,0.0
7,0.0,0.0,0.0,0.0,0.0,0.0,-1.4391527385543712,0.0,-2.0874241779431886,0.0,0.0,0.25556586827457206,0.0
8,0.0,0.0,0.0,0.0,0.0,0.0,-1.4264962177302396,-2.0874241779431886,0.0,0.0,0.0,0.2584391906223598,0.0
9,0.0,0.0,0.0,0.0,0.0,0.0,0.0,0.0,0.0,0.0,0.4333472866725706,0.3791593736619164,-0.5193980821158872
10,0.0,0.0,0.0,0.0,0.0,0.0,0.0,0.0,0.0,0.4333472866725706,0.0,0.1688404275836621,-2.169664426412236
11,0.0,0.0,0.0,0.0,0.0,0.0,0.1968488756853295,0.25556586827457206,0.2584391906223598,0.3791593736619164,0.1688404275836621,0.0,-0.5431627001526713
12,0.0,0.0,0.0,0.0,0.0,0.0,0.0,0.0,0.0,-0.5193980821158872,-2.169664426412236,-0.5431627001526713,0.0
