,0,1,2,3,4,5,6,7,8,9,10,11,12,13,14,15,16,17,18
0,0.0,3.7723004047342905,3.037980249159866,2.499537622170326,0.0,0.0,0.0,0.0,0.0,0.0,0.0,0.0,0.0,0.0,0.0,0.0,0.0,0.0,0.0
1,3.7723004047342905,0.0,0.08264141783571344,-0.0717882833450555,-0.6831382282979107,0.0,0.0,0.0,0.0,0.0,0.0,0.0,0.0,0.0,0.0,0.0,0.0,0.0,0.0
2,3.037980249159866,0.08264141783571344,0.0,0.4118448939286925,-0.08432384792226295,0.2157118647623155,0.0,0.0,0.0,0.0,0.0,0.0,0.0,0.0,0.0,0.0,0.0,0.0,0.0
3,2.499537622170326,-0.0717882833450555,0.4118448939286925,0.0,0.2138447024486243,-1.1872227187980107,0.0,-0.01149267913313676,0.0,0.0,0.0,0.0,0.0,0.0,0.0,0.0,0.0,0.0,0.0
4,0.0,-0.6831382282979107,-0.08432384792226295,0.2138447024486243,0.0,0.21800308671075938,0.0,-0.19472535282218473,0.0,0.0,0.0,0.0,0.0,0.0,0.0,0.0,0.0,0.0,0.0
5,0.0,0.0,0.2157118647623155,-1.1872227187980107,0.21800308671075938,0.0,0.0,-0.12024033731146919,0.0,0.0,0.0,0.0,0.0,0.0,0.0,0.0,0.0,0.0,0.0
6,0.0,0.0,0.0,0.0,0.0,0.0,0.0,0.37446952345731677,0.0,1.4644688222355622,0.0,0.6412443478326805,0.0,0.0,0.0,0.0,0.0,0.0,0.0
7,0.0,0.0,0.0,-0.01149267913313676,-0.19472535282218473,-0.12024033731146919,0.37446952345731677,0.0,0.0,1.3585790739560084,0.0,0.5213311470027485,0.0,0.0,0.0,0.0,0.0,0.0,0.0
8,0.0,0.0,0.0,0.0,0.0,0.0,0.0,0.0,0.0,1.4853831858357365,0.0,0.6451820018578809,0.8837943010785982,0.0,0.0,0.0,0.0,0.0,0.0
9,0.0,0.0,0.0,0.0,0.0,0.0,1.4644688222355622,1.3585790739560084,1.4853831858357365,0.0,0.0,0.3838911847590909,0.2650143699788205,-0.3185799671671381,0.0,0.0,0.0,0.0,0.0
10,0.0,0.0,0.0,0.0,0.0,0.0,0.0,0.0,0.0,0.0,0.0,0.8009067034462622,0.8834796891574447,0.5421399173967032,-0.9551843269566275,0.0,0.0,0.0,0.0
11,0.0,0.0,0.0,0.0,0.0,0.0,0.6412443478326805,0.5213311470027485,0.6451820018578809,0.3838911847590909,0.8009067034462622,0.0,0.5584241875334537,-0.9461936062979709,0.0,0.0,0.0,0.0,0.0
12,0.0,0.0,0.0,0.0,0.0,0.0,0.0,0.0,0.8837943010785982,0.2650143699788205,0.8834796891574447,0.5584241875334537,0.0,0.2564746130207818,0.0,0.0,0.0,0.0,0.0
13,0.0,0.0,0.0,0.0,0.0,0.0,0.0,0.0,0.0,-0.3185799671671381,0.5421399173967032,-0.9461936062979709,0.2564746130207818,0.0,0.0,0.0,0.0,0.0,0.0
14,0.0,0.0,0.0,0.0,0.0,0.0,0.0,0.0,0.0,0.0,-0.9551843269566275,0.0,0.0,0.0,0.0,-1.0284895785272734,-0.844956294126156,-0.8027739777056969,0.0
15,0.0,0.0,0.0,0.0,0.0,0.0,0.0,0.0,0.0,0.0,0.0,0.0,0.0,0.0,-1.0284895785272734,0.0,-0.4401035222952012,-1.4165350395472889,-1.5081313770863214
16,0.0,0.0,0.0,0.0,0.0,0.0,0.0,0.0,0.0,0.0,0.0,0.0,0.0,0.0,-0.844956294126156,-0.4401035222952012,0.0,-0.17128063220405007,-0.7244236232942994
17,0.0,0.0,0.0,0.0,0.0,0.0,0.0,0.0,0.0,0.0,0.0,0.0,0.0,0.0,-0.8027739777056969,-1.4165350395472889,-0.17128063220405007,0.0,-1.025259680224919
18,0.0,0.0,0.0,0.0,0.0,0.0,0.0,0.0,0.0,0.0,0.0,0.0,0.0,0.0,0.0,-1.5081313770863214,-0.7244236232942994,-1.025259680224919,0.0
