,0,1,2,3,4,5,6,7,8,9,10,11,12,13,14,15,16,17,18,19
0,0.0,3.274954219991595,0.9125105142400783,2.0460489984668317,0.0,0.0,0.0,0.0,0.0,0.0,0.0,0.0,0.0,0.0,0.0,0.0,0.0,0.0,0.0,0.0
1,3.274954219991595,0.0,2.1582052546068557,0.06467040590731131,0.0,0.0,0.8226722450241064,0.0,0.0,0.0,0.0,0.0,0.0,0.0,0.0,0.0,0.0,0.0,0.0,0.0
2,0.9125105142400783,2.1582052546068557,0.0,1.941321144064571,-1.0004667060955215,0.0,1.4909405588063356,0.0,0.0,0.0,0.0,0.0,0.0,0.0,0.0,0.0,0.0,0.0,0.0,0.0
3,2.0460489984668317,0.06467040590731131,1.941321144064571,0.0,1.3569977922587069,0.0,1.02340987470674,0.0,0.0,0.0,0.0,0.0,0.0,0.0,0.0,0.0,0.0,0.0,0.0,0.0
4,0.0,0.0,-1.0004667060955215,1.3569977922587069,0.0,-0.46670370235984754,1.4357731298998364,0.2776730869587537,0.0,0.0,0.0,0.0,0.0,0.0,0.0,0.0,0.0,0.0,0.0,0.0
5,0.0,0.0,0.0,0.0,-0.46670370235984754,0.0,1.5539469497411387,0.39243268033581263,0.0,0.0,0.0,0.0,0.0,0.0,0.0,0.0,0.0,0.0,0.0,0.0
6,0.0,0.8226722450241064,1.4909405588063356,1.02340987470674,1.4357731298998364,1.5539469497411387,0.0,1.2907769498538353,0.0,0.0,0.0,0.0,0.0,0.0,0.0,0.0,0.0,0.0,0.0,0.0
7,0.0,0.0,0.0,0.0,0.2776730869587537,0.39243268033581263,1.2907769498538353,0.0,0.5217834281413926,0.8341078002979615,0.08437525339297167,0.0,0.0,0.0,0.0,0.0,0.0,0.0,0.0,0.0
8,0.0,0.0,0.0,0.0,0.0,0.0,0.0,0.5217834281413926,0.0,0.7856385804257766,-0.6902475774267426,0.0,0.0,0.0,0.0,0.0,0.0,0.0,0.0,0.0
9,0.0,0.0,0.0,0.0,0.0,0.0,0.0,0.8341078002979615,0.7856385804257766,0.0,0.2304417107805912,-0.10462271397039442,0.0,0.0,0.0,0.0,0.0,0.0,0.0,0.0
10,0.0,0.0,0.0,0.0,0.0,0.0,0.0,0.08437525339297167,-0.6902475774267426,0.2304417107805912,0.0,0.735361301829608,-1.3938651373908353,-1.4494386811605506,0.0,0.0,0.0,0.0,0.0,0.0
11,0.0,0.0,0.0,0.0,0.0,0.0,0.0,0.0,0.0,-0.10462271397039442,0.735361301829608,0.0,0.5317825976636186,0.4480206181549379,0.0,0.0,0.0,0.0,0.0,0.0
12,0.0,0.0,0.0,0.0,0.0,0.0,0.0,0.0,0.0,0.0,-1.3938651373908353,0.5317825976636186,0.0,-2.610712517140113,-0.5807456366384833,-0.829282101846114,-1.6077397821884698,0.0,0.0,0.0
13,0.0,0.0,0.0,0.0,0.0,0.0,0.0,0.0,0.0,0.0,-1.4494386811605506,0.4480206181549379,-2.610712517140113,0.0,-0.659172549775051,-0.8778097002882567,-1.447134031724356,0.0,0.0,0.0
14,0.0,0.0,0.0,0.0,0.0,0.0,0.0,0.0,0.0,0.0,0.0,0.0,-0.5807456366384833,-0.659172549775051,0.0,-1.772864422378023,0.0,0.0,0.0,0.0
15,0.0,0.0,0.0,0.0,0.0,0.0,0.0,0.0,0.0,0.0,0.0,0.0,-0.829282101846114,-0.8778097002882567,-1.772864422378023,0.0,-1.202431051878847,0.0,0.0,0.0
16,0.0,0.0,0.0,0.0,0.0,0.0,0.0,0.0,0.0,0.0,0.0,0.0,-1.6077397821884698,-1.447134031724356,0.0,-1.202431051878847,0.0,-2.7572596466738495,-1.4268645694155777,-0.7929883229664907
17,0.0,0.0,0.0,0.0,0.0,0.0,0.0,0.0,0.0,0.0,0.0,0.0,0.0,0.0,0.0,0.0,-2.7572596466738495,0.0,-1.215706911086126,-0.775659966149019
18,0.0,0.0,0.0,0.0,0.0,0.0,0.0,0.0,0.0,0.0,0.0,0.0,0.0,0.0,0.0,0.0,-1.4268645694155777,-1.215706911086126,0.0,-0.776639575938984
19,0.0,0.0,0.0,0.0,0.0,0.0,0.0,0.0,0.0,0.0,0.0,0.0,0.0,0.0,0.0,0.0,-0.7929883229664907,-0.775659966149019,-0.776639575938984,0.0
