,0,1,2,3,4,5,6,7,8,9,10,11,12,13,14,15,16,17,18,19,20,21,22,23,24,25,26
0,0.0,3.3372324291733153,1.802468332866525,1.5083263880711,0.0,0.0,0.0,0.0,0.0,0.0,0.0,0.0,0.0,0.0,0.0,0.0,0.0,0.0,0.0,0.0,0.0,0.0,0.0,0.0,0.0,0.0,0.0
1,3.3372324291733153,0.0,-0.14421926954509706,-0.4233518985348458,-1.514399934004318,0.0,0.0,0.0,0.0,0.0,0.0,0.0,0.0,0.0,0.0,0.0,0.0,0.0,0.0,0.0,0.0,0.0,0.0,0.0,0.0,0.0,0.0
2,1.802468332866525,-0.14421926954509706,0.0,-0.3900336962022727,-0.9564214308804683,0.03526179289538411,0.0,0.0,0.0,0.0,0.0,0.0,0.0,0.0,0.0,0.0,0.0,0.0,0.0,0.0,0.0,0.0,0.0,0.0,0.0,0.0,0.0
3,1.5083263880711,-0.4233518985348458,-0.3900336962022727,0.0,-0.6771089498615211,0.2797968274827301,0.0,0.0,0.0,0.0,0.0,0.0,0.0,0.0,0.0,0.0,0.0,0.0,0.0,0.0,0.0,0.0,0.0,0.0,0.0,0.0,0.0
4,0.0,-1.514399934004318,-0.9564214308804683,-0.6771089498615211,0.0,0.31560181073209226,0.0,1.0730649260343896,0.0,0.0,0.0,0.0,0.0,0.0,0.0,0.0,0.0,0.0,0.0,0.0,0.0,0.0,0.0,0.0,0.0,0.0,0.0
5,0.0,0.0,0.03526179289538411,0.2797968274827301,0.31560181073209226,0.0,0.6373038598567866,0.0,0.0,0.5232469458487574,-0.1107474660714274,0.0,0.0,0.0,0.0,0.0,0.0,0.0,0.0,0.0,0.0,0.0,0.0,0.0,0.0,0.0,0.0
6,0.0,0.0,0.0,0.0,0.0,0.6373038598567866,0.0,0.8219767576931977,0.0,-1.1543656055191003,0.0,0.0,0.0,0.0,0.0,0.0,0.0,0.0,0.0,0.0,0.0,0.0,0.0,0.0,0.0,0.0,0.0
7,0.0,0.0,0.0,0.0,1.0730649260343896,0.0,0.8219767576931977,0.0,0.0,0.7754974276363451,1.057758980511852,1.0024190904651658,0.0,0.0,0.0,0.0,0.0,0.0,0.0,0.0,0.0,0.0,0.0,0.0,0.0,0.0,0.0
8,0.0,0.0,0.0,0.0,0.0,0.0,0.0,0.0,0.0,-0.21370496485561133,-3.1316683916566537,-0.7448815921766937,0.0,0.0,0.0,0.0,0.0,0.0,0.0,0.0,0.0,0.0,0.0,0.0,0.0,0.0,0.0
9,0.0,0.0,0.0,0.0,0.0,0.5232469458487574,-1.1543656055191003,0.7754974276363451,-0.21370496485561133,0.0,-0.23426937764128472,-0.05498561183071517,0.0,0.0,0.0,0.0,0.0,0.0,0.0,0.0,0.0,0.0,0.0,0.0,0.0,0.0,0.0
10,0.0,0.0,0.0,0.0,0.0,-0.1107474660714274,0.0,1.057758980511852,-3.1316683916566537,-0.23426937764128472,0.0,-0.6619107989401953,0.0,0.0,0.0,0.0,0.0,0.0,0.0,0.0,0.0,0.0,0.0,0.0,0.0,0.0,0.0
11,0.0,0.0,0.0,0.0,0.0,0.0,0.0,1.0024190904651658,-0.7448815921766937,-0.05498561183071517,-0.6619107989401953,0.0,-2.00701059670892,0.0,0.0,0.0,0.0,0.0,0.0,0.0,0.0,0.0,0.0,0.0,0.0,0.0,0.0
12,0.0,0.0,0.0,0.0,0.0,0.0,0.0,0.0,0.0,0.0,0.0,-2.00701059670892,0.0,-0.6623133685142931,-1.3414756101290743,0.0,0.0,0.0,0.0,0.0,0.0,0.0,0.0,0.0,0.0,0.0,0.0
13,0.0,0.0,0.0,0.0,0.0,0.0,0.0,0.0,0.0,0.0,0.0,0.0,-0.6623133685142931,0.0,-0.5209624604934908,-0.30588874078509226,0.0,0.0,0.0,0.0,0.0,0.0,0.0,0.0,0.0,0.0,0.0
14,0.0,0.0,0.0,0.0,0.0,0.0,0.0,0.0,0.0,0.0,0.0,0.0,-1.3414756101290743,-0.5209624604934908,0.0,-1.4416033696517354,-0.6550017787832904,0.0,-1.9140505275074857,0.0,0.0,0.0,0.0,0.0,0.0,0.0,0.0
15,0.0,0.0,0.0,0.0,0.0,0.0,0.0,0.0,0.0,0.0,0.0,0.0,0.0,-0.30588874078509226,-1.4416033696517354,0.0,-0.5794390594790098,0.0,-1.8727893343765587,0.0,0.0,0.0,0.0,0.0,0.0,0.0,0.0
16,0.0,0.0,0.0,0.0,0.0,0.0,0.0,0.0,0.0,0.0,0.0,0.0,0.0,0.0,-0.6550017787832904,-0.5794390594790098,0.0,0.0,-1.5392890022137338,0.0,0.0,0.0,0.0,0.0,0.0,0.0,0.0
17,0.0,0.0,0.0,0.0,0.0,0.0,0.0,0.0,0.0,0.0,0.0,0.0,0.0,0.0,0.0,0.0,0.0,0.0,-1.4893904410613483,0.18238253898834256,-3.265617973994934,-1.3816538797009463,0.0,0.0,0.0,0.0,0.0
18,0.0,0.0,0.0,0.0,0.0,0.0,0.0,0.0,0.0,0.0,0.0,0.0,0.0,0.0,-1.9140505275074857,-1.8727893343765587,-1.5392890022137338,-1.4893904410613483,0.0,0.2213311706347602,0.0,-1.5480698188594415,0.0,0.0,0.0,0.0,0.0
19,0.0,0.0,0.0,0.0,0.0,0.0,0.0,0.0,0.0,0.0,0.0,0.0,0.0,0.0,0.0,0.0,0.0,0.18238253898834256,0.2213311706347602,0.0,0.03975609914243874,0.19694982910918726,0.0,0.0,0.0,0.0,-0.3877083845283095
20,0.0,0.0,0.0,0.0,0.0,0.0,0.0,0.0,0.0,0.0,0.0,0.0,0.0,0.0,0.0,0.0,0.0,-3.265617973994934,0.0,0.03975609914243874,0.0,-1.3587354763117303,-1.6567884728511508,-2.842734246315821,0.0,0.0,-1.3053100918824336
21,0.0,0.0,0.0,0.0,0.0,0.0,0.0,0.0,0.0,0.0,0.0,0.0,0.0,0.0,0.0,0.0,0.0,-1.3816538797009463,-1.5480698188594415,0.19694982910918726,-1.3587354763117303,0.0,0.0,-1.919403107064297,0.0,0.0,0.0
22,0.0,0.0,0.0,0.0,0.0,0.0,0.0,0.0,0.0,0.0,0.0,0.0,0.0,0.0,0.0,0.0,0.0,0.0,0.0,0.0,-1.6567884728511508,0.0,0.0,-1.4691571467570452,-1.7405866417436402,-1.7533524196566266,0.0
23,0.0,0.0,0.0,0.0,0.0,0.0,0.0,0.0,0.0,0.0,0.0,0.0,0.0,0.0,0.0,0.0,0.0,0.0,0.0,0.0,-2.842734246315821,-1.919403107064297,-1.4691571467570452,0.0,-1.601539415541314,-2.1403414218939214,-1.2684948421570397
24,0.0,0.0,0.0,0.0,0.0,0.0,0.0,0.0,0.0,0.0,0.0,0.0,0.0,0.0,0.0,0.0,0.0,0.0,0.0,0.0,0.0,0.0,-1.7405866417436402,-1.601539415541314,0.0,-2.481091913591513,0.0
25,0.0,0.0,0.0,0.0,0.0,0.0,0.0,0.0,0.0,0.0,0.0,0.0,0.0,0.0,0.0,0.0,0.0,0.0,0.0,0.0,0.0,0.0,-1.7533524196566266,-2.1403414218939214,-2.481091913591513,0.0,0.0
26,0.0,0.0,0.0,0.0,0.0,0.0,0.0,0.0,0.0,0.0,0.0,0.0,0.0,0.0,0.0,0.0,0.0,0.0,0.0,-0.3877083845283095,-1.3053100918824336,0.0,0.0,-1.2684948421570397,0.0,0.0,0.0
