,0,1,2,3,4,5,6,7,8,9,10,11,12,13,14,15,16,17,18,19,20,21
0,0.0,3.3758395302347624,2.995846201609884,2.8946225315160365,0.0,0.0,0.0,0.0,0.0,0.0,0.0,0.0,0.0,0.0,0.0,0.0,0.0,0.0,0.0,0.0,0.0,0.0
1,3.3758395302347624,0.0,0.4864070002103907,-1.1822148848439338,0.2711184015862818,0.0,0.0,0.0,0.0,0.0,0.0,0.0,0.0,0.0,0.0,0.0,0.0,0.0,0.0,0.0,0.0,0.0
2,2.995846201609884,0.4864070002103907,0.0,0.3838375568923665,-0.5391682412265941,0.9511816872465463,0.0,0.0,0.0,0.0,0.0,0.0,0.0,0.0,0.0,0.0,0.0,0.0,0.0,0.0,0.0,0.0
3,2.8946225315160365,-1.1822148848439338,0.3838375568923665,0.0,0.2773918765501191,1.0384203618443026,0.0,0.0,0.0,0.0,0.0,0.0,0.0,0.0,0.0,0.0,0.0,0.0,0.0,0.0,0.0,0.0
4,0.0,0.2711184015862818,-0.5391682412265941,0.2773918765501191,0.0,1.0895031786737681,0.0,0.0,0.0,0.0,0.0,0.0,0.0,0.0,0.0,0.0,0.0,0.0,0.0,0.0,0.0,0.0
5,0.0,0.0,0.9511816872465463,1.0384203618443026,1.0895031786737681,0.0,0.8891763437817178,0.20745111886679252,-0.3568872972608971,0.0,0.0,0.0,0.0,0.0,0.0,0.0,0.0,0.0,0.0,0.0,0.0,0.0
6,0.0,0.0,0.0,0.0,0.0,0.8891763437817178,0.0,1.1612349865633542,0.6933691805323524,0.0,0.0,0.0,0.0,0.0,0.0,0.0,0.0,0.0,0.0,0.0,0.0,0.0
7,0.0,0.0,0.0,0.0,0.0,0.20745111886679252,1.1612349865633542,0.0,0.22611916751004005,0.0,0.0,0.0,0.0,0.0,0.0,0.0,0.0,0.0,0.0,0.0,0.0,0.0
8,0.0,0.0,0.0,0.0,0.0,-0.3568872972608971,0.6933691805323524,0.22611916751004005,0.0,0.24983133673939162,0.0,0.0,0.0,0.0,0.0,0.0,0.0,0.0,0.0,0.0,0.0,0.0
9,0.0,0.0,0.0,0.0,0.0,0.0,0.0,0.0,0.24983133673939162,0.0,-0.03031218602245928,-1.208776856882017,0.6173182642127579,0.0,0.0,0.0,0.0,0.0,0.0,0.0,0.0,0.0
10,0.0,0.0,0.0,0.0,0.0,0.0,0.0,0.0,0.0,-0.03031218602245928,0.0,0.1351154639530328,0.9095611633437539,0.0,0.0,0.0,0.0,0.0,0.0,0.0,0.0,0.0
11,0.0,0.0,0.0,0.0,0.0,0.0,0.0,0.0,0.0,-1.208776856882017,0.1351154639530328,0.0,0.48577056805211827,-0.9218990576796843,0.0,0.0,0.0,0.0,0.0,0.0,0.0,0.0
12,0.0,0.0,0.0,0.0,0.0,0.0,0.0,0.0,0.0,0.6173182642127579,0.9095611633437539,0.48577056805211827,0.0,0.6257762516759314,0.3249453148596404,0.2671834709822401,0.0,0.0,0.0,0.0,0.0,0.0
13,0.0,0.0,0.0,0.0,0.0,0.0,0.0,0.0,0.0,0.0,0.0,-0.9218990576796843,0.6257762516759314,0.0,-1.2041746124600297,-2.2273064401987073,0.0,0.0,0.0,0.0,0.0,0.0
14,0.0,0.0,0.0,0.0,0.0,0.0,0.0,0.0,0.0,0.0,0.0,0.0,0.3249453148596404,-1.2041746124600297,0.0,-0.9646420527078906,-2.1817569042260594,0.0,0.0,0.0,0.0,0.0
15,0.0,0.0,0.0,0.0,0.0,0.0,0.0,0.0,0.0,0.0,0.0,0.0,0.2671834709822401,-2.2273064401987073,-0.9646420527078906,0.0,-1.7675908932594095,0.0,-2.189499958493327,0.0,0.0,0.0
16,0.0,0.0,0.0,0.0,0.0,0.0,0.0,0.0,0.0,0.0,0.0,0.0,0.0,0.0,-2.1817569042260594,-1.7675908932594095,0.0,-1.1301306623616048,-2.232541255020434,0.0,0.0,0.0
17,0.0,0.0,0.0,0.0,0.0,0.0,0.0,0.0,0.0,0.0,0.0,0.0,0.0,0.0,0.0,0.0,-1.1301306623616048,0.0,-1.6571925728126928,-1.4858825387004166,0.0,0.0
18,0.0,0.0,0.0,0.0,0.0,0.0,0.0,0.0,0.0,0.0,0.0,0.0,0.0,0.0,0.0,-2.189499958493327,-2.232541255020434,-1.6571925728126928,0.0,-2.1560976865341073,-3.185409316990648,-2.569254121799353
19,0.0,0.0,0.0,0.0,0.0,0.0,0.0,0.0,0.0,0.0,0.0,0.0,0.0,0.0,0.0,0.0,0.0,-1.4858825387004166,-2.1560976865341073,0.0,-2.148316745557863,-3.350632891696696
20,0.0,0.0,0.0,0.0,0.0,0.0,0.0,0.0,0.0,0.0,0.0,0.0,0.0,0.0,0.0,0.0,0.0,0.0,-3.185409316990648,-2.148316745557863,0.0,-2.2857496571594753
21,0.0,0.0,0.0,0.0,0.0,0.0,0.0,0.0,0.0,0.0,0.0,0.0,0.0,0.0,0.0,0.0,0.0,0.0,-2.569254121799353,-3.350632891696696,-2.2857496571594753,0.0
