,0,1,2,3,4,5,6,7,8,9,10,11,12,13,14,15,16,17,18
0,0.0,3.308839998552343,3.383287721223024,2.9176194471664263,0.0,0.0,0.0,0.0,0.0,0.0,0.0,0.0,0.0,0.0,0.0,0.0,0.0,0.0,0.0
1,3.308839998552343,0.0,0.968338559916569,-1.1023007725836926,-0.10679588411321597,0.0,0.0,0.0,0.0,0.0,0.0,0.0,0.0,0.0,0.0,0.0,0.0,0.0,0.0
2,3.383287721223024,0.968338559916569,0.0,0.4187551065850937,0.06971202625246027,0.0,0.0,0.0,0.0,0.0,0.0,0.0,0.0,0.0,0.0,0.0,0.0,0.0,0.0
3,2.9176194471664263,-1.1023007725836926,0.4187551065850937,0.0,-0.04423368242047475,0.0,0.0,0.0,0.0,0.0,0.0,0.0,0.0,0.0,0.0,0.0,0.0,0.0,0.0
4,0.0,-0.10679588411321597,0.06971202625246027,-0.04423368242047475,0.0,-0.06198541465194642,-0.3166799369600407,0.0,-2.7003963833605367,0.0,0.0,0.0,0.0,0.0,0.0,0.0,0.0,0.0,0.0
5,0.0,0.0,0.0,0.0,-0.06198541465194642,0.0,0.25446222218893855,0.0,-1.133121126679644,0.0,0.0,0.0,0.0,0.0,0.0,0.0,0.0,0.0,0.0
6,0.0,0.0,0.0,0.0,-0.3166799369600407,0.25446222218893855,0.0,-0.23989304201010714,-0.6300212066450344,0.0,0.0,0.0,0.0,0.0,0.0,0.0,0.0,0.0,0.0
7,0.0,0.0,0.0,0.0,0.0,0.0,-0.23989304201010714,0.0,-1.3438826681410747,-2.647384735304133,-2.3118525840840722,0.0,0.0,0.0,0.0,0.0,0.0,0.0,0.0
8,0.0,0.0,0.0,0.0,-2.7003963833605367,-1.133121126679644,-0.6300212066450344,-1.3438826681410747,0.0,-1.155197094847151,-1.5203630080947457,0.0,0.0,0.0,0.0,0.0,0.0,0.0,0.0
9,0.0,0.0,0.0,0.0,0.0,0.0,0.0,-2.647384735304133,-1.155197094847151,0.0,-1.9073969274623308,-1.5615218868567928,0.0,0.0,0.0,0.0,0.0,0.0,0.0
10,0.0,0.0,0.0,0.0,0.0,0.0,0.0,-2.3118525840840722,-1.5203630080947457,-1.9073969274623308,0.0,-2.3498237298551574,0.0,0.0,0.0,0.0,0.0,0.0,0.0
11,0.0,0.0,0.0,0.0,0.0,0.0,0.0,0.0,0.0,-1.5615218868567928,-2.3498237298551574,0.0,0.0,0.0,-1.8586294366709752,0.0,0.0,0.0,0.0
12,0.0,0.0,0.0,0.0,0.0,0.0,0.0,0.0,0.0,0.0,0.0,0.0,0.0,-2.291709891135847,-1.2255443240472867,-0.8298117668018056,0.0020506316130040375,0.0,0.0
13,0.0,0.0,0.0,0.0,0.0,0.0,0.0,0.0,0.0,0.0,0.0,0.0,-2.291709891135847,0.0,-1.0041150293327659,-0.7482472757968274,0.06643988859016738,0.0,0.0
14,0.0,0.0,0.0,0.0,0.0,0.0,0.0,0.0,0.0,0.0,0.0,-1.8586294366709752,-1.2255443240472867,-1.0041150293327659,0.0,-1.4086532745558886,0.0,-1.6509157099600822,-2.084044391806289
15,0.0,0.0,0.0,0.0,0.0,0.0,0.0,0.0,0.0,0.0,0.0,0.0,-0.8298117668018056,-0.7482472757968274,-1.4086532745558886,0.0,-0.06378253730058533,-3.4735638584513477,-1.5837144168366881
16,0.0,0.0,0.0,0.0,0.0,0.0,0.0,0.0,0.0,0.0,0.0,0.0,0.0020506316130040375,0.06643988859016738,0.0,-0.06378253730058533,0.0,0.0,0.0
17,0.0,0.0,0.0,0.0,0.0,0.0,0.0,0.0,0.0,0.0,0.0,0.0,0.0,0.0,-1.6509157099600822,-3.4735638584513477,0.0,0.0,-1.4901672493141571
18,0.0,0.0,0.0,0.0,0.0,0.0,0.0,0.0,0.0,0.0,0.0,0.0,0.0,0.0,-2.084044391806289,-1.5837144168366881,0.0,-1.4901672493141571,0.0
