,0,1,2,3,4,5,6,7,8,9,10,11,12,13,14,15,16,17,18,19,20,21,22,23,24,25,26,27,28
0,0.0,2.3978710514675043,1.9558759141410262,2.0762136286277046,0.0,0.0,0.0,0.0,0.0,0.0,0.0,0.0,0.0,0.0,0.0,0.0,0.0,0.0,0.0,0.0,0.0,0.0,0.0,0.0,0.0,0.0,0.0,0.0,0.0
1,2.3978710514675043,0.0,0.5711853113012045,0.906652253351585,0.18338842810270753,0.0,0.0,0.0,0.0,0.0,0.0,0.0,0.0,0.0,0.0,0.0,0.0,0.0,0.0,0.0,0.0,0.0,0.0,0.0,0.0,0.0,0.0,0.0,0.0
2,1.9558759141410262,0.5711853113012045,0.0,1.145562178986824,-0.2709656992067004,-0.5966936653623722,0.0,0.0,0.0,0.0,0.0,0.0,0.0,0.0,0.0,0.0,0.0,0.0,0.0,0.0,0.0,0.0,0.0,0.0,0.0,0.0,0.0,0.0,0.0
3,2.0762136286277046,0.906652253351585,1.145562178986824,0.0,0.31712450108755214,0.3872837890957399,0.0,0.0,0.0,0.0,0.0,0.0,0.0,0.0,0.0,0.0,0.0,0.0,0.0,0.0,0.0,0.0,0.0,0.0,0.0,0.0,0.0,0.0,0.0
4,0.0,0.18338842810270753,-0.2709656992067004,0.31712450108755214,0.0,-0.06303631163062991,0.06809223811178065,-0.9300026164364351,0.0,0.0,0.0,0.0,0.0,0.0,0.0,0.0,0.0,0.0,0.0,0.0,0.0,0.0,0.0,0.0,0.0,0.0,0.0,0.0,0.0
5,0.0,0.0,-0.5966936653623722,0.3872837890957399,-0.06303631163062991,0.0,-1.4694678115200812,-0.5512760842664273,0.0,0.0,0.0,0.0,0.0,0.0,0.0,0.0,0.0,0.0,0.0,0.0,0.0,0.0,0.0,0.0,0.0,0.0,0.0,0.0,0.0
6,0.0,0.0,0.0,0.0,0.06809223811178065,-1.4694678115200812,0.0,-0.27062461252464504,0.0,0.0,0.0,0.0,0.0,0.0,0.0,0.0,0.0,0.0,0.0,0.0,0.0,0.0,0.0,0.0,0.0,0.0,0.0,0.0,0.0
7,0.0,0.0,0.0,0.0,-0.9300026164364351,-0.5512760842664273,-0.27062461252464504,0.0,0.0,0.0,0.0,0.0,0.0,0.0,0.0,0.0,0.0,0.0,0.0,0.0,0.0,0.0,0.0,0.0,0.0,0.0,0.0,0.0,0.0
8,0.0,0.0,0.0,0.0,0.0,0.0,0.0,0.0,0.0,1.4949342898430504,-1.0315766062717298,0.38458468902973114,0.0,0.0,0.0,0.0,0.0,0.0,0.0,0.0,0.0,0.0,0.0,0.0,0.0,0.0,0.0,0.0,0.0
9,0.0,0.0,0.0,0.0,0.0,0.0,0.0,0.0,1.4949342898430504,0.0,1.176518500290189,1.5000629242750236,0.0,0.0,0.0,0.0,0.0,0.0,0.0,0.0,0.0,0.0,0.0,0.0,0.0,0.0,0.0,0.0,0.0
10,0.0,0.0,0.0,0.0,0.0,0.0,0.0,0.0,-1.0315766062717298,1.176518500290189,0.0,0.5814874946562462,0.9300831654094422,-1.9827483854359313,0.0,0.0,0.0,0.0,0.0,0.0,0.0,0.0,0.0,0.0,0.0,0.0,0.0,0.0,0.0
11,0.0,0.0,0.0,0.0,0.0,0.0,0.0,0.0,0.38458468902973114,1.5000629242750236,0.5814874946562462,0.0,1.258325639841294,0.06563423191513772,0.0,0.0,0.0,0.0,0.0,0.0,0.0,0.0,0.0,0.0,0.0,0.0,0.0,0.0,0.0
12,0.0,0.0,0.0,0.0,0.0,0.0,0.0,0.0,0.0,0.0,0.9300831654094422,1.258325639841294,0.0,0.7293427472177566,-0.8989028718331286,0.0,0.3966286620847397,0.0,0.0,0.0,0.0,0.0,0.0,0.0,0.0,0.0,0.0,0.0,0.0
13,0.0,0.0,0.0,0.0,0.0,0.0,0.0,0.0,0.0,0.0,-1.9827483854359313,0.06563423191513772,0.7293427472177566,0.0,0.0,-2.4884860843325667,-0.803611756440692,0.8779589349246653,0.0,-2.023718385812062,0.0,0.0,0.0,0.0,0.0,0.0,0.0,0.0,0.0
14,0.0,0.0,0.0,0.0,0.0,0.0,0.0,0.0,0.0,0.0,0.0,0.0,-0.8989028718331286,0.0,0.0,0.0,0.5532030299957599,0.0,-1.1048908977442133,0.0,0.0,0.0,0.0,0.0,0.0,0.0,0.0,0.0,0.0
15,0.0,0.0,0.0,0.0,0.0,0.0,0.0,0.0,0.0,0.0,0.0,0.0,0.0,-2.4884860843325667,0.0,0.0,-0.6417448172110979,0.0,0.0,-2.2260967439445216,0.0,0.0,0.0,0.0,0.0,0.0,0.0,0.0,0.0
16,0.0,0.0,0.0,0.0,0.0,0.0,0.0,0.0,0.0,0.0,0.0,0.0,0.3966286620847397,-0.803611756440692,0.5532030299957599,-0.6417448172110979,0.0,0.0,0.21396674259646262,0.0,0.0,0.0,0.0,0.0,0.0,0.0,0.0,0.0,0.0
17,0.0,0.0,0.0,0.0,0.0,0.0,0.0,0.0,0.0,0.0,0.0,0.0,0.0,0.8779589349246653,0.0,0.0,0.0,0.0,0.0,0.5662472722359936,0.6469054602304901,0.0,0.0,0.0,0.0,0.0,0.0,0.0,0.0
18,0.0,0.0,0.0,0.0,0.0,0.0,0.0,0.0,0.0,0.0,0.0,0.0,0.0,0.0,-1.1048908977442133,0.0,0.21396674259646262,0.0,0.0,0.38388694275806723,0.0,0.0,0.0,0.0,0.0,0.0,0.0,0.0,0.0
19,0.0,0.0,0.0,0.0,0.0,0.0,0.0,0.0,0.0,0.0,0.0,0.0,0.0,-2.023718385812062,0.0,-2.2260967439445216,0.0,0.5662472722359936,0.38388694275806723,0.0,0.6242840352402325,-1.332235410881763,-0.11116901400567333,-1.136216177542057,0.0,0.0,0.0,0.0,0.0
20,0.0,0.0,0.0,0.0,0.0,0.0,0.0,0.0,0.0,0.0,0.0,0.0,0.0,0.0,0.0,0.0,0.0,0.6469054602304901,0.0,0.6242840352402325,0.0,0.0,0.568217513602317,0.0,-0.5028671736408198,0.0,0.0,0.0,0.0
21,0.0,0.0,0.0,0.0,0.0,0.0,0.0,0.0,0.0,0.0,0.0,0.0,0.0,0.0,0.0,0.0,0.0,0.0,0.0,-1.332235410881763,0.0,0.0,-0.31274584086835633,-0.7236226440553738,0.0,0.0,0.0,0.0,0.0
22,0.0,0.0,0.0,0.0,0.0,0.0,0.0,0.0,0.0,0.0,0.0,0.0,0.0,0.0,0.0,0.0,0.0,0.0,0.0,-0.11116901400567333,0.568217513602317,-0.31274584086835633,0.0,0.09718876022279405,0.6906613406896731,-0.90056064776698,0.0,0.0,0.0
23,0.0,0.0,0.0,0.0,0.0,0.0,0.0,0.0,0.0,0.0,0.0,0.0,0.0,0.0,0.0,0.0,0.0,0.0,0.0,-1.136216177542057,0.0,-0.7236226440553738,0.09718876022279405,0.0,0.6964064646643627,-0.46910383595070215,-3.1552853374107093,-0.38616793058928667,0.0
24,0.0,0.0,0.0,0.0,0.0,0.0,0.0,0.0,0.0,0.0,0.0,0.0,0.0,0.0,0.0,0.0,0.0,0.0,0.0,0.0,-0.5028671736408198,0.0,0.6906613406896731,0.6964064646643627,0.0,0.0,0.0,0.0,0.0
25,0.0,0.0,0.0,0.0,0.0,0.0,0.0,0.0,0.0,0.0,0.0,0.0,0.0,0.0,0.0,0.0,0.0,0.0,0.0,0.0,0.0,0.0,-0.90056064776698,-0.46910383595070215,0.0,0.0,-0.6181719317307494,0.0,-0.3560120572528176
26,0.0,0.0,0.0,0.0,0.0,0.0,0.0,0.0,0.0,0.0,0.0,0.0,0.0,0.0,0.0,0.0,0.0,0.0,0.0,0.0,0.0,0.0,0.0,-3.1552853374107093,0.0,-0.6181719317307494,0.0,-0.3569660006803543,-0.19283885875903778
27,0.0,0.0,0.0,0.0,0.0,0.0,0.0,0.0,0.0,0.0,0.0,0.0,0.0,0.0,0.0,0.0,0.0,0.0,0.0,0.0,0.0,0.0,0.0,-0.38616793058928667,0.0,0.0,-0.3569660006803543,0.0,-0.10770605415768966
28,0.0,0.0,0.0,0.0,0.0,0.0,0.0,0.0,0.0,0.0,0.0,0.0,0.0,0.0,0.0,0.0,0.0,0.0,0.0,0.0,0.0,0.0,0.0,0.0,0.0,-0.3560120572528176,-0.19283885875903778,-0.10770605415768966,0.0
