,0,1,2,3,4,5,6,7,8,9,10,11,12,13,14,15,16,17,18,19,20,21
0,0.0,3.0697074914187903,3.0870279605774305,3.0636454471357153,0.0,0.0,0.0,0.0,0.0,0.0,0.0,0.0,0.0,0.0,0.0,0.0,0.0,0.0,0.0,0.0,0.0,0.0
1,3.0697074914187903,0.0,1.4309374275495035,1.356708621375008,1.1037624581193244,0.0,0.0,0.0,0.0,0.0,0.0,0.0,0.0,0.0,0.0,0.0,0.0,0.0,0.0,0.0,0.0,0.0
2,3.0870279605774305,1.4309374275495035,0.0,-0.29892489388294935,0.1422572969187577,0.0,0.0,0.0,0.0,0.0,0.0,0.0,0.0,0.0,0.0,0.0,0.0,0.0,0.0,0.0,0.0,0.0
3,3.0636454471357153,1.356708621375008,-0.29892489388294935,0.0,-0.0021702294684945067,0.0,0.0,0.0,0.0,0.0,0.0,0.0,0.0,0.0,0.0,0.0,0.0,0.0,0.0,0.0,0.0,0.0
4,0.0,1.1037624581193244,0.1422572969187577,-0.0021702294684945067,0.0,-0.21965397208098733,-0.2628543464087843,-1.4160825425709787,0.0,0.0,0.0,0.0,0.0,0.0,0.0,0.0,0.0,0.0,0.0,0.0,0.0,0.0
5,0.0,0.0,0.0,0.0,-0.21965397208098733,0.0,-0.6650761261741612,-0.5646890041619804,-1.6241201193672057,0.0,0.0,0.0,0.0,0.0,0.0,0.0,0.0,0.0,0.0,0.0,0.0,0.0
6,0.0,0.0,0.0,0.0,-0.2628543464087843,-0.6650761261741612,0.0,-0.749038182047185,-1.4695148304654162,0.0,0.0,0.0,0.0,0.0,0.0,0.0,0.0,0.0,0.0,0.0,0.0,0.0
7,0.0,0.0,0.0,0.0,-1.4160825425709787,-0.5646890041619804,-0.749038182047185,0.0,-0.5666943328713285,0.0,-0.9671398280547268,-0.3494307565076325,0.0,0.0,0.0,0.0,0.0,0.0,0.0,0.0,0.0,0.0
8,0.0,0.0,0.0,0.0,0.0,-1.6241201193672057,-1.4695148304654162,-0.5666943328713285,0.0,0.29027130231281295,-1.5571660837177346,-0.9977165523716404,0.0,0.0,0.0,0.0,0.0,0.0,0.0,0.0,0.0,0.0
9,0.0,0.0,0.0,0.0,0.0,0.0,0.0,0.0,0.29027130231281295,0.0,0.2484470774358345,0.29846235361599405,0.0,0.0,0.0,0.0,0.0,0.0,0.0,0.0,0.0,0.0
10,0.0,0.0,0.0,0.0,0.0,0.0,0.0,-0.9671398280547268,-1.5571660837177346,0.2484470774358345,0.0,-0.6005874178025138,-0.7175265566799034,0.0,0.0,0.0,0.0,0.0,0.0,0.0,0.0,0.0
11,0.0,0.0,0.0,0.0,0.0,0.0,0.0,-0.3494307565076325,-0.9977165523716404,0.29846235361599405,-0.6005874178025138,0.0,-0.19227579564572816,-0.710681550611275,0.0,0.0,0.0,0.0,0.0,0.0,0.0,0.0
12,0.0,0.0,0.0,0.0,0.0,0.0,0.0,0.0,0.0,0.0,-0.7175265566799034,-0.19227579564572816,0.0,0.02844170088466752,-1.0069078299179828,0.0,0.0,0.0,0.0,0.0,0.0,0.0
13,0.0,0.0,0.0,0.0,0.0,0.0,0.0,0.0,0.0,0.0,0.0,-0.710681550611275,0.02844170088466752,0.0,-0.4857136907313989,-0.3744550516565858,0.0,0.0,0.0,0.0,0.0,0.0
14,0.0,0.0,0.0,0.0,0.0,0.0,0.0,0.0,0.0,0.0,0.0,0.0,-1.0069078299179828,-0.4857136907313989,0.0,-1.1543424737063495,0.0,0.0,0.0,0.0,0.0,0.0
15,0.0,0.0,0.0,0.0,0.0,0.0,0.0,0.0,0.0,0.0,0.0,0.0,0.0,-0.3744550516565858,-1.1543424737063495,0.0,-2.037032974874327,0.0,0.0,0.0,0.0,0.0
16,0.0,0.0,0.0,0.0,0.0,0.0,0.0,0.0,0.0,0.0,0.0,0.0,0.0,0.0,0.0,-2.037032974874327,0.0,-1.3332407329267624,-1.631284288706692,-1.4096373680478067,0.0,0.0
17,0.0,0.0,0.0,0.0,0.0,0.0,0.0,0.0,0.0,0.0,0.0,0.0,0.0,0.0,0.0,0.0,-1.3332407329267624,0.0,-2.262885112857322,-5.972815958313979,0.0,-1.6823420930987287
18,0.0,0.0,0.0,0.0,0.0,0.0,0.0,0.0,0.0,0.0,0.0,0.0,0.0,0.0,0.0,0.0,-1.631284288706692,-2.262885112857322,0.0,-2.318574212908535,-0.6962446217316531,-1.8685368562786961
19,0.0,0.0,0.0,0.0,0.0,0.0,0.0,0.0,0.0,0.0,0.0,0.0,0.0,0.0,0.0,0.0,-1.4096373680478067,-5.972815958313979,-2.318574212908535,0.0,-0.6842381086579554,-1.6875468488808987
20,0.0,0.0,0.0,0.0,0.0,0.0,0.0,0.0,0.0,0.0,0.0,0.0,0.0,0.0,0.0,0.0,0.0,0.0,-0.6962446217316531,-0.6842381086579554,0.0,-0.5670106145816595
21,0.0,0.0,0.0,0.0,0.0,0.0,0.0,0.0,0.0,0.0,0.0,0.0,0.0,0.0,0.0,0.0,0.0,-1.6823420930987287,-1.8685368562786961,-1.6875468488808987,-0.5670106145816595,0.0
