,0,1,2,3,4,5,6,7,8,9,10,11,12,13,14,15,16,17,18,19
0,0.0,0.7042271945605884,3.2859798794555872,2.945845950225361,0.0,0.0,0.0,0.0,0.0,0.0,0.0,0.0,0.0,0.0,0.0,0.0,0.0,0.0,0.0,0.0
1,0.7042271945605884,0.0,3.2610620072916214,2.9182494416138867,0.0,0.0,0.0,0.0,0.0,0.0,0.0,0.0,0.0,0.0,0.0,0.0,0.0,0.0,0.0,0.0
2,3.2859798794555872,3.2610620072916214,0.0,0.6461744357414791,-0.7349847908647514,-0.27920531702324075,0.0,0.0,0.0,0.0,0.0,0.0,0.0,0.0,0.0,0.0,0.0,0.0,0.0,0.0
3,2.945845950225361,2.9182494416138867,0.6461744357414791,0.0,-0.4183079933304347,-1.0579377820941074,0.0,0.0,0.0,0.0,0.0,0.0,0.0,0.0,0.0,0.0,0.0,0.0,0.0,0.0
4,0.0,0.0,-0.7349847908647514,-0.4183079933304347,0.0,-0.9548066523869352,-2.1825973026699947,0.0,0.0,0.0,0.0,0.0,0.0,0.0,0.0,0.0,0.0,0.0,0.0,0.0
5,0.0,0.0,-0.27920531702324075,-1.0579377820941074,-0.9548066523869352,0.0,-2.0294141057889363,-1.6010360387651432,0.0,0.0,0.0,0.0,0.0,0.0,0.0,0.0,0.0,0.0,0.0,0.0
6,0.0,0.0,0.0,0.0,-2.1825973026699947,-2.0294141057889363,0.0,-2.2316674361557434,-1.0591122939283806,-0.6870173506195443,0.0,0.0,0.0,0.0,0.0,0.0,0.0,0.0,0.0,0.0
7,0.0,0.0,0.0,0.0,0.0,-1.6010360387651432,-2.2316674361557434,0.0,-0.8519543051093602,-0.5794706043591639,-2.0603019950909567,0.0,0.0,0.0,0.0,0.0,0.0,0.0,0.0,0.0
8,0.0,0.0,0.0,0.0,0.0,0.0,-1.0591122939283806,-0.8519543051093602,0.0,-0.42929749554206764,-1.0055112125251713,-0.3530576194442438,0.0,0.0,0.0,0.0,0.0,0.0,0.0,0.0
9,0.0,0.0,0.0,0.0,0.0,0.0,-0.6870173506195443,-0.5794706043591639,-0.42929749554206764,0.0,-0.4324468994060509,0.0,0.0,0.0,0.0,0.0,0.0,0.0,0.0,0.0
10,0.0,0.0,0.0,0.0,0.0,0.0,0.0,-2.0603019950909567,-1.0055112125251713,-0.4324468994060509,0.0,-0.9240324754305843,0.0,0.0,0.0,0.0,0.0,0.0,0.0,0.0
11,0.0,0.0,0.0,0.0,0.0,0.0,0.0,0.0,-0.3530576194442438,0.0,-0.9240324754305843,0.0,-1.1510147220259417,0.0,0.0,0.0,0.0,0.0,0.0,0.0
12,0.0,0.0,0.0,0.0,0.0,0.0,0.0,0.0,0.0,0.0,0.0,-1.1510147220259417,0.0,-1.8687836708944594,0.2921594133775205,0.0,0.0,0.0,0.0,0.0
13,0.0,0.0,0.0,0.0,0.0,0.0,0.0,0.0,0.0,0.0,0.0,0.0,-1.8687836708944594,0.0,0.3072718693115051,-0.7867925305595381,-3.107670811196327,0.0,0.0,0.0
14,0.0,0.0,0.0,0.0,0.0,0.0,0.0,0.0,0.0,0.0,0.0,0.0,0.2921594133775205,0.3072718693115051,0.0,0.4249207051553002,0.0,0.0,0.0,0.0
15,0.0,0.0,0.0,0.0,0.0,0.0,0.0,0.0,0.0,0.0,0.0,0.0,0.0,-0.7867925305595381,0.4249207051553002,0.0,-0.8624524568288906,-0.5568462561104824,0.0,0.0
16,0.0,0.0,0.0,0.0,0.0,0.0,0.0,0.0,0.0,0.0,0.0,0.0,0.0,-3.107670811196327,0.0,-0.8624524568288906,0.0,-1.3341598928820142,-2.625056903605661,-0.5640426309241144
17,0.0,0.0,0.0,0.0,0.0,0.0,0.0,0.0,0.0,0.0,0.0,0.0,0.0,0.0,0.0,-0.5568462561104824,-1.3341598928820142,0.0,-1.7825027641351985,-0.6693884328467671
18,0.0,0.0,0.0,0.0,0.0,0.0,0.0,0.0,0.0,0.0,0.0,0.0,0.0,0.0,0.0,0.0,-2.625056903605661,-1.7825027641351985,0.0,-0.4604530083565154
19,0.0,0.0,0.0,0.0,0.0,0.0,0.0,0.0,0.0,0.0,0.0,0.0,0.0,0.0,0.0,0.0,-0.5640426309241144,-0.6693884328467671,-0.4604530083565154,0.0
