,0,1,2,3,4,5,6,7,8,9,10,11,12,13,14,15,16,17,18
0,0.0,-3.796972951082853,-3.629919127025593,-3.1008644877596194,0.0,0.0,0.0,0.0,0.0,0.0,0.0,0.0,0.0,0.0,0.0,0.0,0.0,0.0,0.0
1,-3.796972951082853,0.0,-5.053935258159649,-3.6784658568460564,0.0,0.0,0.0,0.0,0.0,0.0,0.0,0.0,0.0,0.0,0.0,0.0,0.0,0.0,0.0
2,-3.629919127025593,-5.053935258159649,0.0,-3.6270809495545757,-4.340668650815346,-3.891037595010548,0.0,0.0,0.0,0.0,0.0,0.0,0.0,0.0,0.0,0.0,0.0,0.0,0.0
3,-3.1008644877596194,-3.6784658568460564,-3.6270809495545757,0.0,-3.2296444240271427,-3.9677245225103355,-3.4404318154882936,0.0,0.0,0.0,0.0,0.0,0.0,0.0,0.0,0.0,0.0,0.0,0.0
4,0.0,0.0,-4.340668650815346,-3.2296444240271427,0.0,-3.495564119380854,-4.4547152532589624,0.0,0.0,0.0,0.0,0.0,0.0,0.0,0.0,0.0,0.0,0.0,0.0
5,0.0,0.0,-3.891037595010548,-3.9677245225103355,-3.495564119380854,0.0,-3.9441066804834635,0.0,0.0,0.0,0.0,0.0,0.0,0.0,0.0,0.0,0.0,0.0,0.0
6,0.0,0.0,0.0,-3.4404318154882936,-4.4547152532589624,-3.9441066804834635,0.0,0.0,0.0,0.0,0.0,0.0,0.0,0.0,0.0,0.0,0.0,0.0,0.0
7,0.0,0.0,0.0,0.0,0.0,0.0,0.0,0.0,-4.369916015327875,-5.094051917400376,0.0,-3.6978075292040744,0.0,0.0,0.0,0.0,0.0,0.0,0.0
8,0.0,0.0,0.0,0.0,0.0,0.0,0.0,-4.369916015327875,0.0,-4.6971228620669345,0.0,-3.2860677619240515,0.0,0.0,0.0,0.0,0.0,0.0,0.0
9,0.0,0.0,0.0,0.0,0.0,0.0,0.0,-5.094051917400376,-4.6971228620669345,0.0,0.0,-3.530572756240817,-2.5218943341371407,0.0,0.0,0.0,0.0,0.0,0.0
10,0.0,0.0,0.0,0.0,0.0,0.0,0.0,0.0,0.0,0.0,0.0,-0.5871057873561472,0.0,-1.1708355233851289,-0.5184024835631545,0.0,0.0,0.0,0.0
11,0.0,0.0,0.0,0.0,0.0,0.0,0.0,-3.6978075292040744,-3.2860677619240515,-3.530572756240817,-0.5871057873561472,0.0,-2.6117198606475105,-1.394012018612178,-1.9785637727156238,0.0,0.0,0.0,0.0
12,0.0,0.0,0.0,0.0,0.0,0.0,0.0,0.0,0.0,-2.5218943341371407,0.0,-2.6117198606475105,0.0,-1.2566306729121528,-1.604204314409001,0.0,0.0,0.0,0.0
13,0.0,0.0,0.0,0.0,0.0,0.0,0.0,0.0,0.0,0.0,-1.1708355233851289,-1.394012018612178,-1.2566306729121528,0.0,-1.155489204751172,-1.2770383219362755,0.0,0.0,0.0
14,0.0,0.0,0.0,0.0,0.0,0.0,0.0,0.0,0.0,0.0,-0.5184024835631545,-1.9785637727156238,-1.604204314409001,-1.155489204751172,0.0,-1.951182557655609,0.0,0.0,0.0
15,0.0,0.0,0.0,0.0,0.0,0.0,0.0,0.0,0.0,0.0,0.0,0.0,0.0,-1.2770383219362755,-1.951182557655609,0.0,-1.0895978965299309,-1.5397989357379582,-1.850350627694129
16,0.0,0.0,0.0,0.0,0.0,0.0,0.0,0.0,0.0,0.0,0.0,0.0,0.0,0.0,0.0,-1.0895978965299309,0.0,-1.5764811592552619,-1.6638825769272279
17,0.0,0.0,0.0,0.0,0.0,0.0,0.0,0.0,0.0,0.0,0.0,0.0,0.0,0.0,0.0,-1.5397989357379582,-1.5764811592552619,0.0,-2.4335728917933945
18,0.0,0.0,0.0,0.0,0.0,0.0,0.0,0.0,0.0,0.0,0.0,0.0,0.0,0.0,0.0,-1.850350627694129,-1.6638825769272279,-2.4335728917933945,0.0
