,0,1,2,3,4,5,6,7,8,9,10,11,12,13,14,15,16,17,18
0,0.0,-0.5742326479368124,-1.2497792457493988,-1.2847887830420166,0.0,0.0,0.0,0.0,0.0,0.0,0.0,0.0,0.0,0.0,0.0,0.0,0.0,0.0,0.0
1,-0.5742326479368124,0.0,-0.21734773624458528,-0.21928904269199956,0.0015617891267150495,0.0,0.0,0.0,0.0,0.0,0.0,0.0,0.0,0.0,0.0,0.0,0.0,0.0,0.0
2,-1.2497792457493988,-0.21734773624458528,0.0,-3.9295404041396265,-1.5058350859545244,-2.4821972469673943,0.0,0.0,0.0,0.0,0.0,0.0,0.0,0.0,0.0,0.0,0.0,0.0,0.0
3,-1.2847887830420166,-0.21928904269199956,-3.9295404041396265,0.0,-1.5414368477531115,-2.6757802835826507,0.0,0.0,0.0,0.0,0.0,0.0,0.0,0.0,0.0,0.0,0.0,0.0,0.0
4,0.0,0.0015617891267150495,-1.5058350859545244,-1.5414368477531115,0.0,-1.8792887455996632,-0.10265312460517807,0.0,0.0,0.0,-0.8099272569535102,0.0,0.0,0.0,0.0,0.0,0.0,0.0,0.0
5,0.0,0.0,-2.4821972469673943,-2.6757802835826507,-1.8792887455996632,0.0,-0.2838880499067153,0.0,0.0,0.0,-1.1820869799305926,0.0,0.0,0.0,0.0,0.0,0.0,0.0,0.0
6,0.0,0.0,0.0,0.0,-0.10265312460517807,-0.2838880499067153,0.0,-1.8389069147897816,-2.955406384168326,0.0,-0.7536033361853627,0.0,0.0,0.0,0.0,0.0,0.0,0.0,0.0
7,0.0,0.0,0.0,0.0,0.0,0.0,-1.8389069147897816,0.0,-2.116078618234458,0.0,0.0,0.0,-2.231492331899884,0.0,0.0,0.0,0.0,0.0,0.0
8,0.0,0.0,0.0,0.0,0.0,0.0,-2.955406384168326,-2.116078618234458,0.0,0.0,-0.651956576096941,0.0,-4.10582493467627,0.0,0.0,0.0,0.0,0.0,0.0
9,0.0,0.0,0.0,0.0,0.0,0.0,0.0,0.0,0.0,0.0,-1.1561028505253235,-3.3246021829836323,-0.21640755910976603,0.0,0.0,0.0,0.0,0.0,0.0
10,0.0,0.0,0.0,0.0,-0.8099272569535102,-1.1820869799305926,-0.7536033361853627,0.0,-0.651956576096941,-1.1561028505253235,0.0,-1.0497373429031762,-0.620832919753355,0.0,0.0,0.0,0.0,0.0,0.0
11,0.0,0.0,0.0,0.0,0.0,0.0,0.0,0.0,0.0,-3.3246021829836323,-1.0497373429031762,0.0,-0.17382841647228142,0.0,0.0,0.0,0.0,0.0,0.0
12,0.0,0.0,0.0,0.0,0.0,0.0,0.0,-2.231492331899884,-4.10582493467627,-0.21640755910976603,-0.620832919753355,-0.17382841647228142,0.0,0.0,0.0,0.0,0.0,0.0,0.0
13,0.0,0.0,0.0,0.0,0.0,0.0,0.0,0.0,0.0,0.0,0.0,0.0,0.0,0.0,-2.707561558234272,-0.0767490985922485,-3.763385355152273,0.0,0.0
14,0.0,0.0,0.0,0.0,0.0,0.0,0.0,0.0,0.0,0.0,0.0,0.0,0.0,-2.707561558234272,0.0,-0.035602881626620383,-3.1226554934819406,-0.2277413356035232,0.0
15,0.0,0.0,0.0,0.0,0.0,0.0,0.0,0.0,0.0,0.0,0.0,0.0,0.0,-0.0767490985922485,-0.035602881626620383,0.0,0.0,0.0,-0.8155652161179437
16,0.0,0.0,0.0,0.0,0.0,0.0,0.0,0.0,0.0,0.0,0.0,0.0,0.0,-3.763385355152273,-3.1226554934819406,0.0,0.0,-0.27793025570185326,-0.31261990460597616
17,0.0,0.0,0.0,0.0,0.0,0.0,0.0,0.0,0.0,0.0,0.0,0.0,0.0,0.0,-0.2277413356035232,0.0,-0.27793025570185326,0.0,-2.7189472620736144
18,0.0,0.0,0.0,0.0,0.0,0.0,0.0,0.0,0.0,0.0,0.0,0.0,0.0,0.0,0.0,-0.8155652161179437,-0.31261990460597616,-2.7189472620736144,0.0
