,0,1,2,3,4,5,6,7,8,9,10,11,12,13,14,15,16,17,18,19,20,21,22
0,0.0,-1.7870410270642325,-1.5442412157067142,-1.5799517851751905,0.0,0.0,0.0,0.0,0.0,0.0,0.0,0.0,0.0,0.0,0.0,0.0,0.0,0.0,0.0,0.0,0.0,0.0,0.0
1,-1.7870410270642325,0.0,-2.2614614601213923,-1.9229471841218986,-2.1552179211654385,0.0,0.0,0.0,0.0,0.0,0.0,0.0,0.0,0.0,0.0,0.0,0.0,0.0,0.0,0.0,0.0,0.0,0.0
2,-1.5442412157067142,-2.2614614601213923,0.0,-2.8332679133711234,-3.986444260122904,-3.497355667601942,0.0,0.0,0.0,0.0,0.0,0.0,0.0,0.0,0.0,0.0,0.0,0.0,0.0,0.0,0.0,0.0,0.0
3,-1.5799517851751905,-1.9229471841218986,-2.8332679133711234,0.0,-3.212528300754755,-2.605152381415047,0.0,0.0,0.0,0.0,0.0,0.0,0.0,0.0,0.0,0.0,0.0,0.0,0.0,0.0,0.0,0.0,0.0
4,0.0,-2.1552179211654385,-3.986444260122904,-3.212528300754755,0.0,-3.217769903612474,-1.0967161954688123,0.0,-2.7177982522913933,0.0,0.0,0.0,0.0,0.0,0.0,0.0,0.0,0.0,0.0,0.0,0.0,0.0,0.0
5,0.0,0.0,-3.497355667601942,-2.605152381415047,-3.217769903612474,0.0,-1.1879739832561553,0.0,-2.968196126187593,0.0,0.0,0.0,0.0,0.0,0.0,0.0,0.0,0.0,0.0,0.0,0.0,0.0,0.0
6,0.0,0.0,0.0,0.0,-1.0967161954688123,-1.1879739832561553,0.0,-1.2318473592597683,-1.0709004043735337,-1.558355198698136,0.0,0.0,0.0,0.0,0.0,0.0,0.0,0.0,0.0,0.0,0.0,0.0,0.0
7,0.0,0.0,0.0,0.0,0.0,0.0,-1.2318473592597683,0.0,0.0,-1.3716892084486745,-0.8175177199752824,0.0,0.0,0.0,0.0,0.0,0.0,0.0,0.0,0.0,0.0,0.0,0.0
8,0.0,0.0,0.0,0.0,-2.7177982522913933,-2.968196126187593,-1.0709004043735337,0.0,0.0,-1.4081277997851263,-2.2719407157656843,0.0,0.0,0.0,0.0,0.0,0.0,0.0,0.0,0.0,0.0,0.0,0.0
9,0.0,0.0,0.0,0.0,0.0,0.0,-1.558355198698136,-1.3716892084486745,-1.4081277997851263,0.0,-1.5947721841328513,-1.6105031465874997,0.0,0.0,0.0,0.0,0.0,0.0,0.0,0.0,0.0,0.0,0.0
10,0.0,0.0,0.0,0.0,0.0,0.0,0.0,-0.8175177199752824,-2.2719407157656843,-1.5947721841328513,0.0,-1.1910208864830072,0.0,-3.148701097781475,0.0,0.0,0.0,0.0,0.0,0.0,0.0,0.0,0.0
11,0.0,0.0,0.0,0.0,0.0,0.0,0.0,0.0,0.0,-1.6105031465874997,-1.1910208864830072,0.0,-2.271707840124569,0.0,0.0,0.0,0.0,0.0,0.0,0.0,0.0,0.0,0.0
12,0.0,0.0,0.0,0.0,0.0,0.0,0.0,0.0,0.0,0.0,0.0,-2.271707840124569,0.0,-0.8925022884834256,-0.8004669674049294,0.0,0.0,0.0,0.0,0.0,0.0,0.0,0.0
13,0.0,0.0,0.0,0.0,0.0,0.0,0.0,0.0,0.0,0.0,-3.148701097781475,0.0,-0.8925022884834256,0.0,-2.1608102908181372,0.0,0.0,0.0,0.0,0.0,0.0,0.0,0.0
14,0.0,0.0,0.0,0.0,0.0,0.0,0.0,0.0,0.0,0.0,0.0,0.0,-0.8004669674049294,-2.1608102908181372,0.0,0.0,-1.8626126544346515,0.0,0.0,0.0,0.0,0.0,0.0
15,0.0,0.0,0.0,0.0,0.0,0.0,0.0,0.0,0.0,0.0,0.0,0.0,0.0,0.0,0.0,0.0,-0.9537075101246615,-0.9908912780462746,-1.1141355411695881,-0.7409740177132544,0.0,0.0,0.0
16,0.0,0.0,0.0,0.0,0.0,0.0,0.0,0.0,0.0,0.0,0.0,0.0,0.0,0.0,-1.8626126544346515,-0.9537075101246615,0.0,-1.294687495775405,0.0,0.0,0.0,0.0,0.0
17,0.0,0.0,0.0,0.0,0.0,0.0,0.0,0.0,0.0,0.0,0.0,0.0,0.0,0.0,0.0,-0.9908912780462746,-1.294687495775405,0.0,-2.933029520474539,-0.3505144162019222,-2.9129107661062017,0.0,0.0
18,0.0,0.0,0.0,0.0,0.0,0.0,0.0,0.0,0.0,0.0,0.0,0.0,0.0,0.0,0.0,-1.1141355411695881,0.0,-2.933029520474539,0.0,-0.3707962513386792,-2.2336633918480904,-1.4162103626944238,-1.2331239197925752
19,0.0,0.0,0.0,0.0,0.0,0.0,0.0,0.0,0.0,0.0,0.0,0.0,0.0,0.0,0.0,-0.7409740177132544,0.0,-0.3505144162019222,-0.3707962513386792,0.0,0.0,0.0,0.0
20,0.0,0.0,0.0,0.0,0.0,0.0,0.0,0.0,0.0,0.0,0.0,0.0,0.0,0.0,0.0,0.0,0.0,-2.9129107661062017,-2.2336633918480904,0.0,0.0,-1.8964897048941973,-0.988224284878346
21,0.0,0.0,0.0,0.0,0.0,0.0,0.0,0.0,0.0,0.0,0.0,0.0,0.0,0.0,0.0,0.0,0.0,0.0,-1.4162103626944238,0.0,-1.8964897048941973,0.0,-0.649981234758096
22,0.0,0.0,0.0,0.0,0.0,0.0,0.0,0.0,0.0,0.0,0.0,0.0,0.0,0.0,0.0,0.0,0.0,0.0,-1.2331239197925752,0.0,-0.988224284878346,-0.649981234758096,0.0
