,0,1,2,3,4,5,6,7,8,9,10,11,12,13,14,15,16,17,18,19,20,21,22,23,24,25,26
0,0.0,-3.0911612917517353,-1.0381370952281008,-1.1965150329857863,0.0,0.0,0.0,0.0,0.0,0.0,0.0,0.0,0.0,0.0,0.0,0.0,0.0,0.0,0.0,0.0,0.0,0.0,0.0,0.0,0.0,0.0,0.0
1,-3.0911612917517353,0.0,-1.1746414323377732,-1.2578161914871895,-1.3795710190787098,0.0,0.0,0.0,0.0,0.0,0.0,0.0,0.0,0.0,0.0,0.0,0.0,0.0,0.0,0.0,0.0,0.0,0.0,0.0,0.0,0.0,0.0
2,-1.0381370952281008,-1.1746414323377732,0.0,-0.9895724772116292,-2.5725999230983234,0.0,0.0,0.0,0.0,0.0,0.0,0.0,0.0,0.0,0.0,0.0,0.0,0.0,0.0,0.0,0.0,0.0,0.0,0.0,0.0,0.0,0.0
3,-1.1965150329857863,-1.2578161914871895,-0.9895724772116292,0.0,-0.9871654014969767,-0.9727649866697757,-1.0326457859909908,0.0,0.0,0.0,0.0,0.0,0.0,0.0,0.0,0.0,0.0,0.0,0.0,0.0,0.0,0.0,0.0,0.0,0.0,0.0,0.0
4,0.0,-1.3795710190787098,-2.5725999230983234,-0.9871654014969767,0.0,-2.7094640535928143,-2.7665408351244727,0.0,0.0,0.0,0.0,0.0,0.0,0.0,0.0,0.0,0.0,0.0,0.0,0.0,0.0,0.0,0.0,0.0,0.0,0.0,0.0
5,0.0,0.0,0.0,-0.9727649866697757,-2.7094640535928143,0.0,-3.8033779943469233,-1.1496857316791163,0.0,0.0,0.0,0.0,0.0,0.0,0.0,0.0,0.0,0.0,0.0,0.0,0.0,0.0,0.0,0.0,0.0,0.0,0.0
6,0.0,0.0,0.0,-1.0326457859909908,-2.7665408351244727,-3.8033779943469233,0.0,-1.2094250456136668,-2.5366528005727176,-2.350024729600996,0.0,0.0,0.0,0.0,0.0,0.0,0.0,0.0,0.0,0.0,0.0,0.0,0.0,0.0,0.0,0.0,0.0
7,0.0,0.0,0.0,0.0,0.0,-1.1496857316791163,-1.2094250456136668,0.0,-1.505263073495414,-1.514652652197031,0.0,0.0,0.0,0.0,0.0,0.0,0.0,0.0,0.0,0.0,0.0,0.0,0.0,0.0,0.0,0.0,0.0
8,0.0,0.0,0.0,0.0,0.0,0.0,-2.5366528005727176,-1.505263073495414,0.0,-3.5335194259096223,-1.0305396444336632,-1.2382619902471685,0.0,0.0,0.0,0.0,0.0,0.0,0.0,0.0,0.0,0.0,0.0,0.0,0.0,0.0,0.0
9,0.0,0.0,0.0,0.0,0.0,0.0,-2.350024729600996,-1.514652652197031,-3.5335194259096223,0.0,-1.068779831416611,-1.223031263321433,0.0,0.0,0.0,0.0,0.0,0.0,0.0,0.0,0.0,0.0,0.0,0.0,0.0,0.0,0.0
10,0.0,0.0,0.0,0.0,0.0,0.0,0.0,0.0,-1.0305396444336632,-1.068779831416611,0.0,-1.5786831702259367,0.0,0.0,0.0,0.0,0.0,0.0,0.0,0.0,0.0,0.0,0.0,0.0,0.0,0.0,0.0
11,0.0,0.0,0.0,0.0,0.0,0.0,0.0,0.0,-1.2382619902471685,-1.223031263321433,-1.5786831702259367,0.0,0.0,-1.9236575711144654,0.0,0.0,0.0,0.0,0.0,0.0,0.0,0.0,0.0,0.0,0.0,0.0,0.0
12,0.0,0.0,0.0,0.0,0.0,0.0,0.0,0.0,0.0,0.0,0.0,0.0,0.0,-1.8294686579393933,-1.018028268347217,0.0,-0.9879653546465542,0.0,0.0,0.0,0.0,0.0,0.0,0.0,0.0,0.0,0.0
13,0.0,0.0,0.0,0.0,0.0,0.0,0.0,0.0,0.0,0.0,0.0,-1.9236575711144654,-1.8294686579393933,0.0,-0.750334773696914,0.0,-0.7909016877214219,0.0,0.0,0.0,0.0,0.0,0.0,0.0,0.0,0.0,0.0
14,0.0,0.0,0.0,0.0,0.0,0.0,0.0,0.0,0.0,0.0,0.0,0.0,-1.018028268347217,-0.750334773696914,0.0,-2.9623300167765447,-2.3444640604527884,-1.8674142429320097,0.0,0.0,0.0,0.0,0.0,0.0,0.0,0.0,0.0
15,0.0,0.0,0.0,0.0,0.0,0.0,0.0,0.0,0.0,0.0,0.0,0.0,0.0,0.0,-2.9623300167765447,0.0,-2.389795671499294,-2.2731643809610125,-0.4279014921713437,0.0,0.0,0.0,0.0,0.0,0.0,0.0,0.0
16,0.0,0.0,0.0,0.0,0.0,0.0,0.0,0.0,0.0,0.0,0.0,0.0,-0.9879653546465542,-0.7909016877214219,-2.3444640604527884,-2.389795671499294,0.0,-1.9331664913524362,-0.44948919044744307,0.0,0.0,0.0,0.0,0.0,0.0,0.0,0.0
17,0.0,0.0,0.0,0.0,0.0,0.0,0.0,0.0,0.0,0.0,0.0,0.0,0.0,0.0,-1.8674142429320097,-2.2731643809610125,-1.9331664913524362,0.0,-0.588340509092614,0.0,0.0,0.0,0.0,0.0,0.0,0.0,0.0
18,0.0,0.0,0.0,0.0,0.0,0.0,0.0,0.0,0.0,0.0,0.0,0.0,0.0,0.0,0.0,-0.4279014921713437,-0.44948919044744307,-0.588340509092614,0.0,0.0,0.0,0.0,0.0,0.0,0.0,0.0,0.0
19,0.0,0.0,0.0,0.0,0.0,0.0,0.0,0.0,0.0,0.0,0.0,0.0,0.0,0.0,0.0,0.0,0.0,0.0,0.0,0.0,-1.8741764970815618,-2.084604177774281,-3.4347724776849704,0.0,0.0,0.0,0.0
20,0.0,0.0,0.0,0.0,0.0,0.0,0.0,0.0,0.0,0.0,0.0,0.0,0.0,0.0,0.0,0.0,0.0,0.0,0.0,-1.8741764970815618,0.0,-1.9818857931439675,-1.8277087285850764,0.0,0.0,0.0,0.0
21,0.0,0.0,0.0,0.0,0.0,0.0,0.0,0.0,0.0,0.0,0.0,0.0,0.0,0.0,0.0,0.0,0.0,0.0,0.0,-2.084604177774281,-1.9818857931439675,0.0,-2.28937166298256,0.0,0.0,-1.0827679069155047,0.0
22,0.0,0.0,0.0,0.0,0.0,0.0,0.0,0.0,0.0,0.0,0.0,0.0,0.0,0.0,0.0,0.0,0.0,0.0,0.0,-3.4347724776849704,-1.8277087285850764,-2.28937166298256,0.0,-0.188264945817225,-0.27520236937847237,-1.1795919422398033,-0.19613171748368055
23,0.0,0.0,0.0,0.0,0.0,0.0,0.0,0.0,0.0,0.0,0.0,0.0,0.0,0.0,0.0,0.0,0.0,0.0,0.0,0.0,0.0,0.0,-0.188264945817225,0.0,0.4375438949115259,-0.14166743875501875,-0.2708806829054227
24,0.0,0.0,0.0,0.0,0.0,0.0,0.0,0.0,0.0,0.0,0.0,0.0,0.0,0.0,0.0,0.0,0.0,0.0,0.0,0.0,0.0,0.0,-0.27520236937847237,0.4375438949115259,0.0,-0.35298484519803375,0.0
25,0.0,0.0,0.0,0.0,0.0,0.0,0.0,0.0,0.0,0.0,0.0,0.0,0.0,0.0,0.0,0.0,0.0,0.0,0.0,0.0,0.0,-1.0827679069155047,-1.1795919422398033,-0.14166743875501875,-0.35298484519803375,0.0,-0.5381944689250733
26,0.0,0.0,0.0,0.0,0.0,0.0,0.0,0.0,0.0,0.0,0.0,0.0,0.0,0.0,0.0,0.0,0.0,0.0,0.0,0.0,0.0,0.0,-0.19613171748368055,-0.2708806829054227,0.0,-0.5381944689250733,0.0
