,0,1,2,3,4,5,6,7,8,9,10,11,12,13,14,15,16,17,18,19
0,0.0,-1.942770333058461,-1.77053993970523,-1.8832296115809188,0.0,0.0,0.0,0.0,0.0,0.0,0.0,0.0,0.0,0.0,0.0,0.0,0.0,0.0,0.0,0.0
1,-1.942770333058461,0.0,-3.613975447572501,-4.152108403908727,-2.4760882916753664,0.0,0.0,0.0,0.0,0.0,0.0,0.0,0.0,0.0,0.0,0.0,0.0,0.0,0.0,0.0
2,-1.77053993970523,-3.613975447572501,0.0,-3.7498690689452996,-2.4068887631947544,0.0,0.0,0.0,0.0,0.0,0.0,0.0,0.0,0.0,0.0,0.0,0.0,0.0,0.0,0.0
3,-1.8832296115809188,-4.152108403908727,-3.7498690689452996,0.0,-2.637530300995239,-2.619490783901698,0.0,-4.420051185637223,0.0,0.0,0.0,0.0,0.0,0.0,0.0,0.0,0.0,0.0,0.0,0.0
4,0.0,-2.4760882916753664,-2.4068887631947544,-2.637530300995239,0.0,-1.9840115549519128,0.0,-2.607661325749906,0.0,0.0,0.0,0.0,0.0,0.0,0.0,0.0,0.0,0.0,0.0,0.0
5,0.0,0.0,0.0,-2.619490783901698,-1.9840115549519128,0.0,-2.220402973251479,-2.724917326114006,-0.49195301411038067,0.0,0.0,0.0,0.0,0.0,0.0,0.0,0.0,0.0,0.0,0.0
6,0.0,0.0,0.0,0.0,0.0,-2.220402973251479,0.0,-2.912693322352102,-0.3534826443725971,-2.5487401927348605,0.0,0.0,0.0,0.0,0.0,0.0,0.0,0.0,0.0,0.0
7,0.0,0.0,0.0,-4.420051185637223,-2.607661325749906,-2.724917326114006,-2.912693322352102,0.0,-0.4338816508499472,-2.961057707594619,0.0,0.0,0.0,0.0,0.0,0.0,0.0,0.0,0.0,0.0
8,0.0,0.0,0.0,0.0,0.0,-0.49195301411038067,-0.3534826443725971,-0.4338816508499472,0.0,-0.43301751901217433,0.0,-1.9933316991794972,0.0,0.0,0.0,-1.201062164388906,0.0,0.0,0.0,0.0
9,0.0,0.0,0.0,0.0,0.0,0.0,-2.5487401927348605,-2.961057707594619,-0.43301751901217433,0.0,-2.639584728158379,0.0,0.0,-1.0991797202414635,-1.555382566588134,0.0,0.0,0.0,0.0,0.0
10,0.0,0.0,0.0,0.0,0.0,0.0,0.0,0.0,0.0,-2.639584728158379,0.0,0.0,0.0,0.0,0.0,-0.4655338360799561,-0.5443931757966577,-3.8811847982568346,0.0,0.0
11,0.0,0.0,0.0,0.0,0.0,0.0,0.0,0.0,-1.9933316991794972,0.0,0.0,0.0,0.0,-0.9189313109537006,0.0,-1.7122372509588526,0.0,0.0,0.0,0.0
12,0.0,0.0,0.0,0.0,0.0,0.0,0.0,0.0,0.0,0.0,0.0,0.0,0.0,-0.7477858563779057,-0.942507974275165,0.0,0.0,-1.3393531372733272,-0.34058723169174826,0.0
13,0.0,0.0,0.0,0.0,0.0,0.0,0.0,0.0,0.0,-1.0991797202414635,0.0,-0.9189313109537006,-0.7477858563779057,0.0,-1.4772524681428159,-1.1608800287567573,0.0,0.0,-1.1129420863307944,0.0
14,0.0,0.0,0.0,0.0,0.0,0.0,0.0,0.0,0.0,-1.555382566588134,0.0,0.0,-0.942507974275165,-1.4772524681428159,0.0,0.0,0.0,0.0,-0.5854995371606722,0.0
15,0.0,0.0,0.0,0.0,0.0,0.0,0.0,0.0,-1.201062164388906,0.0,-0.4655338360799561,-1.7122372509588526,0.0,-1.1608800287567573,0.0,0.0,-1.9005878533667766,0.0,0.0,0.0
16,0.0,0.0,0.0,0.0,0.0,0.0,0.0,0.0,0.0,0.0,-0.5443931757966577,0.0,0.0,0.0,0.0,-1.9005878533667766,0.0,0.0,0.0,-1.8051534234351534
17,0.0,0.0,0.0,0.0,0.0,0.0,0.0,0.0,0.0,0.0,-3.8811847982568346,0.0,-1.3393531372733272,0.0,0.0,0.0,0.0,0.0,0.0,-0.6579498065388366
18,0.0,0.0,0.0,0.0,0.0,0.0,0.0,0.0,0.0,0.0,0.0,0.0,-0.34058723169174826,-1.1129420863307944,-0.5854995371606722,0.0,0.0,0.0,0.0,-1.9566712994254516
19,0.0,0.0,0.0,0.0,0.0,0.0,0.0,0.0,0.0,0.0,0.0,0.0,0.0,0.0,0.0,0.0,-1.8051534234351534,-0.6579498065388366,-1.9566712994254516,0.0
