,0,1,2,3,4,5,6,7,8,9,10,11,12,13,14,15,16,17,18,19,20
0,0.0,-5.0279569699652935,-1.0822909934846539,-1.0873724036125438,0.0,0.0,0.0,0.0,0.0,0.0,0.0,0.0,0.0,0.0,0.0,0.0,0.0,0.0,0.0,0.0,0.0
1,-5.0279569699652935,0.0,-1.0957798992869012,-1.1016149378939786,-3.7470425631369375,0.0,0.0,0.0,0.0,0.0,0.0,0.0,0.0,0.0,0.0,0.0,0.0,0.0,0.0,0.0,0.0
2,-1.0822909934846539,-1.0957798992869012,0.0,-4.094619309829562,-1.0972521277183387,-1.402843297115391,0.0,0.0,0.0,0.0,0.0,0.0,0.0,0.0,0.0,0.0,0.0,0.0,0.0,0.0,0.0
3,-1.0873724036125438,-1.1016149378939786,-4.094619309829562,0.0,-1.0995610777796094,-1.3513072694219688,0.0,0.0,0.0,0.0,0.0,0.0,0.0,0.0,0.0,0.0,0.0,0.0,0.0,0.0,0.0
4,0.0,-3.7470425631369375,-1.0972521277183387,-1.0995610777796094,0.0,-0.626150081981577,-3.0182035671219913,0.0,0.0,0.0,0.0,0.0,0.0,0.0,0.0,0.0,0.0,0.0,0.0,0.0,0.0
5,0.0,0.0,-1.402843297115391,-1.3513072694219688,-0.626150081981577,0.0,-0.6079537963833723,-0.5862409214481801,0.0,0.0,0.0,0.0,0.0,0.0,0.0,0.0,0.0,0.0,0.0,0.0,0.0
6,0.0,0.0,0.0,0.0,-3.0182035671219913,-0.6079537963833723,0.0,-3.42351745219725,-2.751148064955941,-2.724251103074304,0.0,0.0,0.0,0.0,0.0,0.0,0.0,0.0,0.0,0.0,0.0
7,0.0,0.0,0.0,0.0,0.0,-0.5862409214481801,-3.42351745219725,0.0,-3.277389716376567,-2.487531262392668,0.0,0.0,0.0,0.0,0.0,0.0,0.0,0.0,0.0,0.0,0.0
8,0.0,0.0,0.0,0.0,0.0,0.0,-2.751148064955941,-3.277389716376567,0.0,-2.442528406849063,0.0,0.0,0.0,0.0,0.0,0.0,0.0,0.0,0.0,0.0,0.0
9,0.0,0.0,0.0,0.0,0.0,0.0,-2.724251103074304,-2.487531262392668,-2.442528406849063,0.0,-2.593361374232792,0.0,0.0,0.0,0.0,0.0,0.0,0.0,0.0,0.0,0.0
10,0.0,0.0,0.0,0.0,0.0,0.0,0.0,0.0,0.0,-2.593361374232792,0.0,-3.372083903231684,-3.265698756539349,-3.493367659665394,0.0,0.0,0.0,0.0,0.0,0.0,0.0
11,0.0,0.0,0.0,0.0,0.0,0.0,0.0,0.0,0.0,0.0,-3.372083903231684,0.0,-2.7319323417440566,-3.6460259171823095,0.0,0.0,0.0,0.0,0.0,0.0,0.0
12,0.0,0.0,0.0,0.0,0.0,0.0,0.0,0.0,0.0,0.0,-3.265698756539349,-2.7319323417440566,0.0,-2.6809424836615063,0.0,0.0,0.0,0.0,0.0,0.0,0.0
13,0.0,0.0,0.0,0.0,0.0,0.0,0.0,0.0,0.0,0.0,-3.493367659665394,-3.6460259171823095,-2.6809424836615063,0.0,-4.491656989664253,0.0,0.0,0.0,0.0,0.0,0.0
14,0.0,0.0,0.0,0.0,0.0,0.0,0.0,0.0,0.0,0.0,0.0,0.0,0.0,-4.491656989664253,0.0,-1.09849857772718,-3.4622727479525404,-1.126493833089783,0.0,0.0,0.0
15,0.0,0.0,0.0,0.0,0.0,0.0,0.0,0.0,0.0,0.0,0.0,0.0,0.0,0.0,-1.09849857772718,0.0,-1.011878306668436,-3.751476435205321,0.0,0.0,0.0
16,0.0,0.0,0.0,0.0,0.0,0.0,0.0,0.0,0.0,0.0,0.0,0.0,0.0,0.0,-3.4622727479525404,-1.011878306668436,0.0,-1.036164096997907,0.0,0.0,0.0
17,0.0,0.0,0.0,0.0,0.0,0.0,0.0,0.0,0.0,0.0,0.0,0.0,0.0,0.0,-1.126493833089783,-3.751476435205321,-1.036164096997907,0.0,-1.0196837885836767,-1.0344523752396604,-1.0968257903797536
18,0.0,0.0,0.0,0.0,0.0,0.0,0.0,0.0,0.0,0.0,0.0,0.0,0.0,0.0,0.0,0.0,0.0,-1.0196837885836767,0.0,-2.4664342223534206,-3.0811846284895084
19,0.0,0.0,0.0,0.0,0.0,0.0,0.0,0.0,0.0,0.0,0.0,0.0,0.0,0.0,0.0,0.0,0.0,-1.0344523752396604,-2.4664342223534206,0.0,-3.0047291664358773
20,0.0,0.0,0.0,0.0,0.0,0.0,0.0,0.0,0.0,0.0,0.0,0.0,0.0,0.0,0.0,0.0,0.0,-1.0968257903797536,-3.0811846284895084,-3.0047291664358773,0.0
