,0,1,2,3,4,5,6,7,8,9,10,11,12,13
0,0.0,-1.1059074274924119,-1.4476909253422503,-1.4556981908950852,0.0,0.0,0.0,0.0,0.0,0.0,0.0,0.0,0.0,0.0
1,-1.1059074274924119,0.0,-1.1404729363841701,-1.1476969768247796,-1.138102090492574,0.0,0.0,0.0,0.0,0.0,0.0,0.0,0.0,0.0
2,-1.4476909253422503,-1.1404729363841701,0.0,-5.95150376489718,-3.7956473655048417,-1.1038849768615746,0.0,0.0,0.0,0.0,0.0,0.0,0.0,0.0
3,-1.4556981908950852,-1.1476969768247796,-5.95150376489718,0.0,-3.7385928345517363,-1.1107412950368318,0.0,0.0,0.0,0.0,0.0,0.0,0.0,0.0
4,0.0,-1.138102090492574,-3.7956473655048417,-3.7385928345517363,0.0,-1.103596689303203,0.0,0.0,0.0,0.0,0.0,0.0,0.0,0.0
5,0.0,0.0,-1.1038849768615746,-1.1107412950368318,-1.103596689303203,0.0,-2.7751481025495157,0.0,0.0,0.0,0.0,0.0,0.0,0.0
6,0.0,0.0,0.0,0.0,0.0,-2.7751481025495157,0.0,-1.5851999451813907,-1.7860530730852406,-2.6666903623743448,0.0,0.0,0.0,0.0
7,0.0,0.0,0.0,0.0,0.0,0.0,-1.5851999451813907,0.0,-2.2700026364886416,-1.7993547949114892,-0.446346396108825,0.0,0.0,0.0
8,0.0,0.0,0.0,0.0,0.0,0.0,-1.7860530730852406,-2.2700026364886416,0.0,-2.2724324010569865,-0.5444630026144034,0.0,0.0,0.0
9,0.0,0.0,0.0,0.0,0.0,0.0,-2.6666903623743448,-1.7993547949114892,-2.2724324010569865,0.0,-0.7314422062004343,-1.7893309519465102,-1.465286997254685,0.0
10,0.0,0.0,0.0,0.0,0.0,0.0,0.0,-0.446346396108825,-0.5444630026144034,-0.7314422062004343,0.0,-1.149095428961843,0.0,-0.6840009178877298
11,0.0,0.0,0.0,0.0,0.0,0.0,0.0,0.0,0.0,-1.7893309519465102,-1.149095428961843,0.0,-1.3120997323172108,-1.4095390346566647
12,0.0,0.0,0.0,0.0,0.0,0.0,0.0,0.0,0.0,-1.465286997254685,0.0,-1.3120997323172108,0.0,-2.4262122064829037
13,0.0,0.0,0.0,0.0,0.0,0.0,0.0,0.0,0.0,0.0,-0.6840009178877298,-1.4095390346566647,-2.4262122064829037,0.0
