,0,1,2,3,4,5,6,7,8,9,10,11,12,13,14,15,16,17,18,19
0,0.0,-2.012769741541113,-1.9295171896049592,-1.9631594214407184,0.0,0.0,0.0,0.0,0.0,0.0,0.0,0.0,0.0,0.0,0.0,0.0,0.0,0.0,0.0,0.0
1,-2.012769741541113,0.0,-4.361516961028366,-4.325597184911027,-4.274281788145933,0.0,0.0,0.0,0.0,0.0,0.0,0.0,0.0,0.0,0.0,0.0,0.0,0.0,0.0,0.0
2,-1.9295171896049592,-4.361516961028366,0.0,-4.021632433032696,-3.722124834117969,0.0,0.0,0.0,0.0,0.0,0.0,0.0,0.0,0.0,0.0,0.0,0.0,0.0,0.0,0.0
3,-1.9631594214407184,-4.325597184911027,-4.021632433032696,0.0,-4.61349049282662,-3.6968098910868994,0.0,0.0,0.0,0.0,0.0,0.0,0.0,0.0,0.0,0.0,0.0,0.0,0.0,0.0
4,0.0,-4.274281788145933,-3.722124834117969,-4.61349049282662,0.0,-4.116959234638554,0.0,0.0,0.0,0.0,0.0,0.0,0.0,0.0,0.0,0.0,0.0,0.0,0.0,0.0
5,0.0,0.0,0.0,-3.6968098910868994,-4.116959234638554,0.0,-2.954742157136019,-2.9812294462883684,-1.946236282108315,0.0,0.0,0.0,0.0,0.0,0.0,0.0,0.0,0.0,0.0,0.0
6,0.0,0.0,0.0,0.0,0.0,-2.954742157136019,0.0,-3.4734034308140607,-2.1401127497451857,0.0,-2.5045246106725774,0.0,0.0,0.0,0.0,0.0,0.0,0.0,0.0,0.0
7,0.0,0.0,0.0,0.0,0.0,-2.9812294462883684,-3.4734034308140607,0.0,-2.3515216538233723,-2.5750193419380967,0.0,0.0,0.0,0.0,0.0,0.0,0.0,0.0,0.0,0.0
8,0.0,0.0,0.0,0.0,0.0,-1.946236282108315,-2.1401127497451857,-2.3515216538233723,0.0,-3.390217027012808,-2.6285400485744015,-2.012410250430607,0.0,0.0,0.0,0.0,0.0,0.0,0.0,0.0
9,0.0,0.0,0.0,0.0,0.0,0.0,0.0,-2.5750193419380967,-3.390217027012808,0.0,-3.2041493996643293,-2.169603134770517,0.0,0.0,0.0,0.0,0.0,0.0,0.0,0.0
10,0.0,0.0,0.0,0.0,0.0,0.0,-2.5045246106725774,0.0,-2.6285400485744015,-3.2041493996643293,0.0,-2.4810293172746576,-2.530211303526809,-3.0583960898296008,0.0,0.0,0.0,0.0,0.0,0.0
11,0.0,0.0,0.0,0.0,0.0,0.0,0.0,0.0,-2.012410250430607,-2.169603134770517,-2.4810293172746576,0.0,-4.669104564940923,-2.1560923977889486,0.0,0.0,0.0,0.0,0.0,0.0
12,0.0,0.0,0.0,0.0,0.0,0.0,0.0,0.0,0.0,0.0,-2.530211303526809,-4.669104564940923,0.0,-2.216883247232714,-1.4215098185451633,0.0,0.0,0.0,0.0,0.0
13,0.0,0.0,0.0,0.0,0.0,0.0,0.0,0.0,0.0,0.0,-3.0583960898296008,-2.1560923977889486,-2.216883247232714,0.0,-2.018170650167655,0.0,0.0,0.0,0.0,0.0
14,0.0,0.0,0.0,0.0,0.0,0.0,0.0,0.0,0.0,0.0,0.0,0.0,-1.4215098185451633,-2.018170650167655,0.0,-1.3628853483481593,0.0,0.0,0.0,0.0
15,0.0,0.0,0.0,0.0,0.0,0.0,0.0,0.0,0.0,0.0,0.0,0.0,0.0,0.0,-1.3628853483481593,0.0,-3.159874665284573,-1.9665711753460076,0.0,0.0
16,0.0,0.0,0.0,0.0,0.0,0.0,0.0,0.0,0.0,0.0,0.0,0.0,0.0,0.0,0.0,-3.159874665284573,0.0,-1.7137763269689195,-3.4308630488833645,-2.854864074593362
17,0.0,0.0,0.0,0.0,0.0,0.0,0.0,0.0,0.0,0.0,0.0,0.0,0.0,0.0,0.0,-1.9665711753460076,-1.7137763269689195,0.0,-1.7618799650614767,-2.0915390398167975
18,0.0,0.0,0.0,0.0,0.0,0.0,0.0,0.0,0.0,0.0,0.0,0.0,0.0,0.0,0.0,0.0,-3.4308630488833645,-1.7618799650614767,0.0,-2.978970284342137
19,0.0,0.0,0.0,0.0,0.0,0.0,0.0,0.0,0.0,0.0,0.0,0.0,0.0,0.0,0.0,0.0,-2.854864074593362,-2.0915390398167975,-2.978970284342137,0.0
