,0,1,2,3,4,5,6,7,8,9,10,11,12,13,14,15,16,17,18,19
0,0.0,-1.8405114177239366,-1.9562354145372698,-1.3177061372786039,0.0,0.0,0.0,0.0,0.0,0.0,0.0,0.0,0.0,0.0,0.0,0.0,0.0,0.0,0.0,0.0
1,-1.8405114177239366,0.0,-2.69779282154297,-0.859817894425874,-3.593605901868788,0.0,0.0,0.0,0.0,0.0,0.0,0.0,0.0,0.0,0.0,0.0,0.0,0.0,0.0,0.0
2,-1.9562354145372698,-2.69779282154297,0.0,-0.9488513607994916,-2.640783497180498,0.0,0.0,0.0,0.0,0.0,0.0,0.0,0.0,0.0,0.0,0.0,0.0,0.0,0.0,0.0
3,-1.3177061372786039,-0.859817894425874,-0.9488513607994916,0.0,-0.8101431823981444,-3.7865596088746107,-0.78286258195122,0.0,0.0,0.0,0.0,0.0,0.0,0.0,0.0,0.0,0.0,0.0,0.0,0.0
4,0.0,-3.593605901868788,-2.640783497180498,-0.8101431823981444,0.0,-0.8305377156633535,-2.7005877728755157,0.0,0.0,0.0,0.0,0.0,0.0,0.0,0.0,0.0,0.0,0.0,0.0,0.0
5,0.0,0.0,0.0,-3.7865596088746107,-0.8305377156633535,0.0,-0.7957016446168291,0.0,0.0,0.0,0.0,0.0,0.0,0.0,0.0,0.0,0.0,0.0,0.0,0.0
6,0.0,0.0,0.0,-0.78286258195122,-2.7005877728755157,-0.7957016446168291,0.0,-0.818150313025214,0.0,0.0,0.0,0.0,0.0,0.0,0.0,0.0,0.0,0.0,0.0,0.0
7,0.0,0.0,0.0,0.0,0.0,0.0,-0.818150313025214,0.0,-1.8975908401411374,-4.383123635003845,-1.0060509852634645,0.0,0.0,0.0,0.0,0.0,0.0,0.0,0.0,0.0
8,0.0,0.0,0.0,0.0,0.0,0.0,0.0,-1.8975908401411374,0.0,-1.8175981541107475,-1.5073050059754123,-3.2045555320232877,0.0,0.0,0.0,0.0,0.0,0.0,0.0,0.0
9,0.0,0.0,0.0,0.0,0.0,0.0,0.0,-4.383123635003845,-1.8175981541107475,0.0,-0.9732600499640192,-2.1001398608425603,0.0,0.0,0.0,0.0,0.0,0.0,0.0,0.0
10,0.0,0.0,0.0,0.0,0.0,0.0,0.0,-1.0060509852634645,-1.5073050059754123,-0.9732600499640192,0.0,-1.3560227301735095,0.0,0.0,0.0,0.0,0.0,0.0,0.0,0.0
11,0.0,0.0,0.0,0.0,0.0,0.0,0.0,0.0,-3.2045555320232877,-2.1001398608425603,-1.3560227301735095,0.0,-2.230521346908071,0.0,0.0,0.0,0.0,0.0,0.0,0.0
12,0.0,0.0,0.0,0.0,0.0,0.0,0.0,0.0,0.0,0.0,0.0,-2.230521346908071,0.0,-0.5024409867442381,-2.52365977530279,0.0,0.0,0.0,0.0,0.0
13,0.0,0.0,0.0,0.0,0.0,0.0,0.0,0.0,0.0,0.0,0.0,0.0,-0.5024409867442381,0.0,-0.49284827513676777,-1.8219384101298524,0.0,0.0,0.0,0.0
14,0.0,0.0,0.0,0.0,0.0,0.0,0.0,0.0,0.0,0.0,0.0,0.0,-2.52365977530279,-0.49284827513676777,0.0,-0.507523955366373,-0.25052919083223313,0.0,-1.0257656533447148,-0.9253202437990407
15,0.0,0.0,0.0,0.0,0.0,0.0,0.0,0.0,0.0,0.0,0.0,0.0,0.0,-1.8219384101298524,-0.507523955366373,0.0,-0.41364384826937906,-0.4513860958985334,-1.4117002215612082,-0.11177474446339783
16,0.0,0.0,0.0,0.0,0.0,0.0,0.0,0.0,0.0,0.0,0.0,0.0,0.0,0.0,-0.25052919083223313,-0.41364384826937906,0.0,0.0,-0.4225404637707593,0.0
17,0.0,0.0,0.0,0.0,0.0,0.0,0.0,0.0,0.0,0.0,0.0,0.0,0.0,0.0,0.0,-0.4513860958985334,0.0,0.0,-0.8796494977636877,-1.3395889951236328
18,0.0,0.0,0.0,0.0,0.0,0.0,0.0,0.0,0.0,0.0,0.0,0.0,0.0,0.0,-1.0257656533447148,-1.4117002215612082,-0.4225404637707593,-0.8796494977636877,0.0,-0.39031838250701784
19,0.0,0.0,0.0,0.0,0.0,0.0,0.0,0.0,0.0,0.0,0.0,0.0,0.0,0.0,-0.9253202437990407,-0.11177474446339783,0.0,-1.3395889951236328,-0.39031838250701784,0.0
