,0,1,2,3,4,5,6,7,8,9,10,11,12,13,14,15,16,17,18,19,20,21
0,0.0,-1.542649990692272,-1.506150062346561,-1.4234454487929649,0.0,0.0,0.0,0.0,0.0,0.0,0.0,0.0,0.0,0.0,0.0,0.0,0.0,0.0,0.0,0.0,0.0,0.0
1,-1.542649990692272,0.0,-4.830263556087281,-1.1704296406359453,0.0,0.0,0.0,0.0,0.0,0.0,0.0,0.0,0.0,0.0,0.0,0.0,0.0,0.0,0.0,0.0,0.0,0.0
2,-1.506150062346561,-4.830263556087281,0.0,-1.1522970850421108,-4.0875054652002,-3.9746363174522608,0.0,0.0,0.0,0.0,0.0,0.0,0.0,0.0,0.0,0.0,0.0,0.0,0.0,0.0,0.0,0.0
3,-1.4234454487929649,-1.1704296406359453,-1.1522970850421108,0.0,-1.1823666563121644,-1.1308103266611422,0.0,0.0,0.0,0.0,0.0,0.0,0.0,0.0,0.0,0.0,0.0,0.0,0.0,0.0,0.0,0.0
4,0.0,0.0,-4.0875054652002,-1.1823666563121644,0.0,-4.103065534440665,-3.2926932792999626,-1.6360270716795065,0.0,0.0,0.0,0.0,0.0,0.0,0.0,0.0,0.0,0.0,0.0,0.0,0.0,0.0
5,0.0,0.0,-3.9746363174522608,-1.1308103266611422,-4.103065534440665,0.0,-3.276322546301283,-1.6247183223171382,0.0,0.0,0.0,0.0,0.0,0.0,0.0,0.0,0.0,0.0,0.0,0.0,0.0,0.0
6,0.0,0.0,0.0,0.0,-3.2926932792999626,-3.276322546301283,0.0,-1.4620111278319388,-0.8504122739768578,0.0,0.0,0.0,0.0,0.0,0.0,0.0,0.0,0.0,0.0,0.0,0.0,0.0
7,0.0,0.0,0.0,0.0,-1.6360270716795065,-1.6247183223171382,-1.4620111278319388,0.0,-1.6323495698697823,-1.5590728387861346,0.0,0.0,0.0,0.0,0.0,0.0,0.0,0.0,0.0,0.0,0.0,0.0
8,0.0,0.0,0.0,0.0,0.0,0.0,-0.8504122739768578,-1.6323495698697823,0.0,-2.9240808209259166,-2.681422152201907,-2.0799866689614404,0.0,0.0,0.0,0.0,0.0,0.0,0.0,0.0,0.0,0.0
9,0.0,0.0,0.0,0.0,0.0,0.0,0.0,-1.5590728387861346,-2.9240808209259166,0.0,-2.8710381113035512,-1.8751928054395524,0.0,0.0,0.0,0.0,0.0,0.0,0.0,0.0,0.0,0.0
10,0.0,0.0,0.0,0.0,0.0,0.0,0.0,0.0,-2.681422152201907,-2.8710381113035512,0.0,-2.2407091949317315,0.0,0.0,0.0,0.0,0.0,0.0,0.0,0.0,0.0,0.0
11,0.0,0.0,0.0,0.0,0.0,0.0,0.0,0.0,-2.0799866689614404,-1.8751928054395524,-2.2407091949317315,0.0,-1.219700855413542,-1.4583544288626367,-2.4127860296147854,0.0,0.0,0.0,0.0,0.0,0.0,0.0
12,0.0,0.0,0.0,0.0,0.0,0.0,0.0,0.0,0.0,0.0,0.0,-1.219700855413542,0.0,-2.46818190596224,-0.9756724394709072,0.0,0.0,0.0,0.0,0.0,0.0,0.0
13,0.0,0.0,0.0,0.0,0.0,0.0,0.0,0.0,0.0,0.0,0.0,-1.4583544288626367,-2.46818190596224,0.0,-1.1823483902389678,0.0,0.0,0.0,0.0,0.0,0.0,0.0
14,0.0,0.0,0.0,0.0,0.0,0.0,0.0,0.0,0.0,0.0,0.0,-2.4127860296147854,-0.9756724394709072,-1.1823483902389678,0.0,-3.2939177038831433,-2.4826228610498293,0.0,0.0,0.0,0.0,0.0
15,0.0,0.0,0.0,0.0,0.0,0.0,0.0,0.0,0.0,0.0,0.0,0.0,0.0,0.0,-3.2939177038831433,0.0,-2.898994625603986,-0.2943525746871209,-2.508658437630442,0.0,0.0,0.0
16,0.0,0.0,0.0,0.0,0.0,0.0,0.0,0.0,0.0,0.0,0.0,0.0,0.0,0.0,-2.4826228610498293,-2.898994625603986,0.0,-0.27929104826198164,-2.0505861334071938,0.0,0.0,0.0
17,0.0,0.0,0.0,0.0,0.0,0.0,0.0,0.0,0.0,0.0,0.0,0.0,0.0,0.0,0.0,-0.2943525746871209,-0.27929104826198164,0.0,-0.23729128636229146,0.0,0.0,0.0
18,0.0,0.0,0.0,0.0,0.0,0.0,0.0,0.0,0.0,0.0,0.0,0.0,0.0,0.0,0.0,-2.508658437630442,-2.0505861334071938,-0.23729128636229146,0.0,-0.03740012592151361,-1.2307868297662634,-0.10943445941858988
19,0.0,0.0,0.0,0.0,0.0,0.0,0.0,0.0,0.0,0.0,0.0,0.0,0.0,0.0,0.0,0.0,0.0,0.0,-0.03740012592151361,0.0,-0.1886632182172238,-2.4524506226296183
20,0.0,0.0,0.0,0.0,0.0,0.0,0.0,0.0,0.0,0.0,0.0,0.0,0.0,0.0,0.0,0.0,0.0,0.0,-1.2307868297662634,-0.1886632182172238,0.0,-0.2901854702781891
21,0.0,0.0,0.0,0.0,0.0,0.0,0.0,0.0,0.0,0.0,0.0,0.0,0.0,0.0,0.0,0.0,0.0,0.0,-0.10943445941858988,-2.4524506226296183,-0.2901854702781891,0.0
