,0,1,2,3,4,5,6,7,8,9,10,11,12,13,14,15,16,17,18,19,20,21,22,23,24,25,26
0,0.0,-1.591750876821576,-1.6158308391217282,-1.2197295686918943,0.0,0.0,0.0,0.0,0.0,0.0,0.0,0.0,0.0,0.0,0.0,0.0,0.0,0.0,0.0,0.0,0.0,0.0,0.0,0.0,0.0,0.0,0.0
1,-1.591750876821576,0.0,-1.0226260135080412,-0.8281180320839793,-3.9050644064764666,0.0,0.0,0.0,0.0,0.0,0.0,0.0,0.0,0.0,0.0,0.0,0.0,0.0,0.0,0.0,0.0,0.0,0.0,0.0,0.0,0.0,0.0
2,-1.6158308391217282,-1.0226260135080412,0.0,-2.30820677183699,-0.9682784175944179,0.0,0.0,0.0,0.0,0.0,0.0,0.0,0.0,0.0,0.0,0.0,0.0,0.0,0.0,0.0,0.0,0.0,0.0,0.0,0.0,0.0,0.0
3,-1.2197295686918943,-0.8281180320839793,-2.30820677183699,0.0,-0.7841846606881927,0.0,0.0,0.0,0.0,0.0,0.0,0.0,0.0,0.0,0.0,0.0,0.0,0.0,0.0,0.0,0.0,0.0,0.0,0.0,0.0,0.0,0.0
4,0.0,-3.9050644064764666,-0.9682784175944179,-0.7841846606881927,0.0,-2.658923358108047,-0.8565569034465337,-1.0440528167984668,0.0,0.0,0.0,0.0,0.0,0.0,0.0,0.0,0.0,0.0,0.0,0.0,0.0,0.0,0.0,0.0,0.0,0.0,0.0
5,0.0,0.0,0.0,0.0,-2.658923358108047,0.0,-0.7059837229118544,-0.8747469054073489,0.0,0.0,0.0,0.0,0.0,0.0,0.0,0.0,0.0,0.0,0.0,0.0,0.0,0.0,0.0,0.0,0.0,0.0,0.0
6,0.0,0.0,0.0,0.0,-0.8565569034465337,-0.7059837229118544,0.0,-2.1547597960227938,0.0,-2.596405962385193,0.0,-2.984497420701161,0.0,0.0,0.0,0.0,0.0,0.0,0.0,0.0,0.0,0.0,0.0,0.0,0.0,0.0,0.0
7,0.0,0.0,0.0,0.0,-1.0440528167984668,-0.8747469054073489,-2.1547597960227938,0.0,0.0,-3.120661032475401,-3.4511563535754086,-2.5725155260445978,0.0,0.0,0.0,0.0,0.0,0.0,0.0,0.0,0.0,0.0,0.0,0.0,0.0,0.0,0.0
8,0.0,0.0,0.0,0.0,0.0,0.0,0.0,0.0,0.0,0.0,0.0,-0.696869647204446,-1.0097970885725143,-0.7046339326017379,0.0,0.0,0.0,0.0,0.0,0.0,0.0,0.0,0.0,0.0,0.0,0.0,0.0
9,0.0,0.0,0.0,0.0,0.0,0.0,-2.596405962385193,-3.120661032475401,0.0,0.0,-2.6485422979168667,-3.0419741183575417,-1.291548840049682,0.0,0.0,0.0,0.0,0.0,0.0,0.0,0.0,0.0,0.0,0.0,0.0,0.0,0.0
10,0.0,0.0,0.0,0.0,0.0,0.0,0.0,-3.4511563535754086,0.0,-2.6485422979168667,0.0,-2.226899025143764,0.0,0.0,0.0,0.0,0.0,0.0,0.0,0.0,0.0,0.0,0.0,0.0,0.0,0.0,0.0
11,0.0,0.0,0.0,0.0,0.0,0.0,-2.984497420701161,-2.5725155260445978,-0.696869647204446,-3.0419741183575417,-2.226899025143764,0.0,-1.2081098946571862,-2.6659950171723854,0.0,0.0,0.0,0.0,0.0,0.0,0.0,0.0,0.0,0.0,0.0,0.0,0.0
12,0.0,0.0,0.0,0.0,0.0,0.0,0.0,0.0,-1.0097970885725143,-1.291548840049682,0.0,-1.2081098946571862,0.0,-1.0582710051402224,-1.1480791883825712,0.0,0.0,0.0,0.0,0.0,0.0,0.0,0.0,0.0,0.0,0.0,0.0
13,0.0,0.0,0.0,0.0,0.0,0.0,0.0,0.0,-0.7046339326017379,0.0,0.0,-2.6659950171723854,-1.0582710051402224,0.0,-3.293495168336176,0.0,0.0,0.0,0.0,0.0,0.0,0.0,0.0,0.0,0.0,0.0,0.0
14,0.0,0.0,0.0,0.0,0.0,0.0,0.0,0.0,0.0,0.0,0.0,0.0,-1.1480791883825712,-3.293495168336176,0.0,0.0,0.0,-1.4275034344178776,0.0,0.0,0.0,0.0,0.0,0.0,0.0,0.0,0.0
15,0.0,0.0,0.0,0.0,0.0,0.0,0.0,0.0,0.0,0.0,0.0,0.0,0.0,0.0,0.0,0.0,-3.7308530198964456,-1.770162420199107,0.0,0.0,-0.926408530203872,0.0,0.0,0.0,0.0,0.0,0.0
16,0.0,0.0,0.0,0.0,0.0,0.0,0.0,0.0,0.0,0.0,0.0,0.0,0.0,0.0,0.0,-3.7308530198964456,0.0,-1.795104105628406,0.0,0.0,-0.9442137566849438,0.0,0.0,0.0,0.0,0.0,0.0
17,0.0,0.0,0.0,0.0,0.0,0.0,0.0,0.0,0.0,0.0,0.0,0.0,0.0,0.0,-1.4275034344178776,-1.770162420199107,-1.795104105628406,0.0,-1.1232572195061812,0.0,-1.4845571858790718,0.0,0.0,0.0,0.0,0.0,0.0
18,0.0,0.0,0.0,0.0,0.0,0.0,0.0,0.0,0.0,0.0,0.0,0.0,0.0,0.0,0.0,0.0,0.0,-1.1232572195061812,0.0,-0.5582923077369099,-2.179724168453213,0.0,0.0,0.0,0.0,0.0,0.0
19,0.0,0.0,0.0,0.0,0.0,0.0,0.0,0.0,0.0,0.0,0.0,0.0,0.0,0.0,0.0,0.0,0.0,0.0,-0.5582923077369099,0.0,0.0,-0.7232173374247018,-1.0862837627693906,-0.8422882165996658,0.0,0.0,0.0
20,0.0,0.0,0.0,0.0,0.0,0.0,0.0,0.0,0.0,0.0,0.0,0.0,0.0,0.0,0.0,-0.926408530203872,-0.9442137566849438,-1.4845571858790718,-2.179724168453213,0.0,0.0,-1.2777803408012205,0.0,0.0,0.0,0.0,0.0
21,0.0,0.0,0.0,0.0,0.0,0.0,0.0,0.0,0.0,0.0,0.0,0.0,0.0,0.0,0.0,0.0,0.0,0.0,0.0,-0.7232173374247018,-1.2777803408012205,0.0,-1.064448643946097,-1.2133306225285212,0.0,0.0,0.0
22,0.0,0.0,0.0,0.0,0.0,0.0,0.0,0.0,0.0,0.0,0.0,0.0,0.0,0.0,0.0,0.0,0.0,0.0,0.0,-1.0862837627693906,0.0,-1.064448643946097,0.0,-0.6699912874400453,0.0,-1.6707770694360784,0.0
23,0.0,0.0,0.0,0.0,0.0,0.0,0.0,0.0,0.0,0.0,0.0,0.0,0.0,0.0,0.0,0.0,0.0,0.0,0.0,-0.8422882165996658,0.0,-1.2133306225285212,-0.6699912874400453,0.0,-1.114491431805293,0.0,-1.5698756393146187
24,0.0,0.0,0.0,0.0,0.0,0.0,0.0,0.0,0.0,0.0,0.0,0.0,0.0,0.0,0.0,0.0,0.0,0.0,0.0,0.0,0.0,0.0,0.0,-1.114491431805293,0.0,-0.46920684833043136,-0.8955603722663551
25,0.0,0.0,0.0,0.0,0.0,0.0,0.0,0.0,0.0,0.0,0.0,0.0,0.0,0.0,0.0,0.0,0.0,0.0,0.0,0.0,0.0,0.0,-1.6707770694360784,0.0,-0.46920684833043136,0.0,-1.5134925953823788
26,0.0,0.0,0.0,0.0,0.0,0.0,0.0,0.0,0.0,0.0,0.0,0.0,0.0,0.0,0.0,0.0,0.0,0.0,0.0,0.0,0.0,0.0,0.0,-1.5698756393146187,-0.8955603722663551,-1.5134925953823788,0.0
