,0,1,2,3,4,5,6,7,8,9,10,11,12,13,14,15,16,17,18,19
0,0.0,-1.2428742450228458,-2.6559306672816136,-4.369768020708952,0.0,0.0,0.0,0.0,0.0,0.0,0.0,0.0,0.0,0.0,0.0,0.0,0.0,0.0,0.0,0.0
1,-1.2428742450228458,0.0,-1.379182016670279,-1.287531792960811,0.0,0.0,0.0,0.0,0.0,0.0,0.0,0.0,0.0,0.0,0.0,0.0,0.0,0.0,0.0,0.0
2,-2.6559306672816136,-1.379182016670279,0.0,-2.775251316741368,-2.867240462477893,-5.161223644660512,0.0,0.0,0.0,0.0,0.0,0.0,0.0,0.0,0.0,0.0,0.0,0.0,0.0,0.0
3,-4.369768020708952,-1.287531792960811,-2.775251316741368,0.0,-4.265182536804429,-2.737272950359087,-3.563117390183722,0.0,0.0,0.0,0.0,0.0,0.0,0.0,0.0,0.0,0.0,0.0,0.0,0.0
4,0.0,0.0,-2.867240462477893,-4.265182536804429,0.0,-2.807972166280749,-3.835416774775114,-2.948742045446231,0.0,0.0,0.0,0.0,0.0,0.0,0.0,0.0,0.0,0.0,0.0,0.0
5,0.0,0.0,-5.161223644660512,-2.737272950359087,-2.807972166280749,0.0,-2.5212258653983763,-3.721042074977535,0.0,0.0,0.0,0.0,0.0,0.0,0.0,0.0,0.0,0.0,0.0,0.0
6,0.0,0.0,0.0,-3.563117390183722,-3.835416774775114,-2.5212258653983763,0.0,-2.6801606243099965,-2.407245565168058,0.0,0.0,0.0,0.0,0.0,0.0,0.0,0.0,0.0,0.0,0.0
7,0.0,0.0,0.0,0.0,-2.948742045446231,-3.721042074977535,-2.6801606243099965,0.0,-3.2260909051646216,0.0,0.0,0.0,0.0,0.0,0.0,0.0,0.0,0.0,0.0,0.0
8,0.0,0.0,0.0,0.0,0.0,0.0,-2.407245565168058,-3.2260909051646216,0.0,-4.518744076343495,0.0,-3.3401248643939656,-4.802178864634805,0.0,0.0,0.0,0.0,0.0,0.0,0.0
9,0.0,0.0,0.0,0.0,0.0,0.0,0.0,0.0,-4.518744076343495,0.0,-3.5951325505282234,-3.670775461186742,-4.599986086305617,-2.8287280231724807,0.0,0.0,0.0,0.0,0.0,0.0
10,0.0,0.0,0.0,0.0,0.0,0.0,0.0,0.0,0.0,-3.5951325505282234,0.0,-3.080523408196102,-4.022036023634138,0.0,0.0,0.0,0.0,0.0,0.0,0.0
11,0.0,0.0,0.0,0.0,0.0,0.0,0.0,0.0,-3.3401248643939656,-3.670775461186742,-3.080523408196102,0.0,-3.513335331059958,-3.2395931715272335,0.0,0.0,0.0,0.0,0.0,0.0
12,0.0,0.0,0.0,0.0,0.0,0.0,0.0,0.0,-4.802178864634805,-4.599986086305617,-4.022036023634138,-3.513335331059958,0.0,-2.7081400649437732,0.0,0.0,0.0,0.0,0.0,0.0
13,0.0,0.0,0.0,0.0,0.0,0.0,0.0,0.0,0.0,-2.8287280231724807,0.0,-3.2395931715272335,-2.7081400649437732,0.0,0.0,0.0,0.0,0.0,0.0,0.0
14,0.0,0.0,0.0,0.0,0.0,0.0,0.0,0.0,0.0,0.0,0.0,0.0,0.0,0.0,0.0,-3.0521063681824887,-1.0292766906132984,-2.3558838237941715,0.0,0.0
15,0.0,0.0,0.0,0.0,0.0,0.0,0.0,0.0,0.0,0.0,0.0,0.0,0.0,0.0,-3.0521063681824887,0.0,-1.1709008033712178,-2.483694292898304,0.0,0.0
16,0.0,0.0,0.0,0.0,0.0,0.0,0.0,0.0,0.0,0.0,0.0,0.0,0.0,0.0,-1.0292766906132984,-1.1709008033712178,0.0,-1.1453048816097253,-1.0112094590005678,-1.0969338549152767
17,0.0,0.0,0.0,0.0,0.0,0.0,0.0,0.0,0.0,0.0,0.0,0.0,0.0,0.0,-2.3558838237941715,-2.483694292898304,-1.1453048816097253,0.0,-2.580467953661413,-2.172263814946807
18,0.0,0.0,0.0,0.0,0.0,0.0,0.0,0.0,0.0,0.0,0.0,0.0,0.0,0.0,0.0,0.0,-1.0112094590005678,-2.580467953661413,0.0,-2.7134430889361676
19,0.0,0.0,0.0,0.0,0.0,0.0,0.0,0.0,0.0,0.0,0.0,0.0,0.0,0.0,0.0,0.0,-1.0969338549152767,-2.172263814946807,-2.7134430889361676,0.0
