,0,1,2,3,4,5,6,7,8,9,10,11,12,13,14,15,16,17,18,19,20,21,22,23
0,0.0,-6.606421251638832,-1.5870483224064453,0.0,-1.706692337456902,0.0,0.0,0.0,0.0,0.0,0.0,0.0,0.0,0.0,0.0,0.0,0.0,0.0,0.0,0.0,0.0,0.0,0.0,0.0
1,-6.606421251638832,0.0,-1.580461564751521,-1.3256210990195842,-1.699290590252481,0.0,0.0,0.0,0.0,0.0,0.0,0.0,0.0,0.0,0.0,0.0,0.0,0.0,0.0,0.0,0.0,0.0,0.0,0.0
2,-1.5870483224064453,-1.580461564751521,0.0,-0.8707601033485347,-3.6396025017809337,-3.042921243202287,0.0,0.0,0.0,0.0,0.0,0.0,0.0,0.0,0.0,0.0,0.0,0.0,0.0,0.0,0.0,0.0,0.0,0.0
3,0.0,-1.3256210990195842,-0.8707601033485347,0.0,-0.9028626713384926,-0.8089997814717159,0.0,0.0,0.0,0.0,0.0,0.0,0.0,0.0,0.0,0.0,0.0,0.0,0.0,0.0,0.0,0.0,0.0,0.0
4,-1.706692337456902,-1.699290590252481,-3.6396025017809337,-0.9028626713384926,0.0,-3.151016925324349,0.0,0.0,0.0,0.0,0.0,0.0,0.0,0.0,0.0,0.0,0.0,0.0,0.0,0.0,0.0,0.0,0.0,0.0
5,0.0,0.0,-3.042921243202287,-0.8089997814717159,-3.151016925324349,0.0,-2.416853232114932,-2.1468344779623134,-2.8880341592459713,0.0,0.0,0.0,0.0,0.0,0.0,0.0,0.0,0.0,0.0,0.0,0.0,0.0,0.0,0.0
6,0.0,0.0,0.0,0.0,0.0,-2.416853232114932,0.0,-2.3821864493544522,-3.32668858828523,0.0,0.0,0.0,0.0,0.0,0.0,0.0,0.0,0.0,0.0,0.0,0.0,0.0,0.0,0.0
7,0.0,0.0,0.0,0.0,0.0,-2.1468344779623134,-2.3821864493544522,0.0,-2.4896705834693105,0.0,0.0,0.0,0.0,0.0,0.0,0.0,0.0,0.0,0.0,0.0,0.0,0.0,0.0,0.0
8,0.0,0.0,0.0,0.0,0.0,-2.8880341592459713,-3.32668858828523,-2.4896705834693105,0.0,-1.554836625782607,-3.0501552219147663,-1.2742416703464061,0.0,0.0,0.0,0.0,0.0,0.0,0.0,0.0,0.0,0.0,0.0,0.0
9,0.0,0.0,0.0,0.0,0.0,0.0,0.0,0.0,-1.554836625782607,0.0,-1.3647632918704513,-2.6382260484447575,0.0,0.0,0.0,0.0,0.0,0.0,0.0,0.0,0.0,0.0,0.0,0.0
10,0.0,0.0,0.0,0.0,0.0,0.0,0.0,0.0,-3.0501552219147663,-1.3647632918704513,0.0,-1.1325628237413703,0.0,0.0,0.0,0.0,0.0,0.0,0.0,0.0,0.0,0.0,0.0,0.0
11,0.0,0.0,0.0,0.0,0.0,0.0,0.0,0.0,-1.2742416703464061,-2.6382260484447575,-1.1325628237413703,0.0,-1.4275462202241591,-1.5128817621520056,-3.8093771636531626,0.0,0.0,0.0,0.0,0.0,0.0,0.0,0.0,0.0
12,0.0,0.0,0.0,0.0,0.0,0.0,0.0,0.0,0.0,0.0,0.0,-1.4275462202241591,0.0,-2.6228155061765865,0.0,-3.74820932436109,-2.1264272661792494,0.0,0.0,0.0,0.0,0.0,0.0,0.0
13,0.0,0.0,0.0,0.0,0.0,0.0,0.0,0.0,0.0,0.0,0.0,-1.5128817621520056,-2.6228155061765865,0.0,-1.5214853687451357,-3.011388475626402,-2.0749565150742106,0.0,0.0,0.0,0.0,0.0,0.0,0.0
14,0.0,0.0,0.0,0.0,0.0,0.0,0.0,0.0,0.0,0.0,0.0,-3.8093771636531626,0.0,-1.5214853687451357,0.0,-1.503663721736413,0.0,-0.4495100751379904,-2.0211740444147264,0.0,0.0,0.0,0.0,0.0
15,0.0,0.0,0.0,0.0,0.0,0.0,0.0,0.0,0.0,0.0,0.0,0.0,-3.74820932436109,-3.011388475626402,-1.503663721736413,0.0,-2.1293678063749053,0.0,-2.337921865560097,0.0,0.0,0.0,0.0,0.0
16,0.0,0.0,0.0,0.0,0.0,0.0,0.0,0.0,0.0,0.0,0.0,0.0,-2.1264272661792494,-2.0749565150742106,0.0,-2.1293678063749053,0.0,0.0,0.0,0.0,0.0,0.0,0.0,0.0
17,0.0,0.0,0.0,0.0,0.0,0.0,0.0,0.0,0.0,0.0,0.0,0.0,0.0,0.0,-0.4495100751379904,0.0,0.0,0.0,-0.2820383209672446,-0.1377058134207312,0.0,0.0,0.0,0.0
18,0.0,0.0,0.0,0.0,0.0,0.0,0.0,0.0,0.0,0.0,0.0,0.0,0.0,0.0,-2.0211740444147264,-2.337921865560097,0.0,-0.2820383209672446,0.0,-1.9726522609403068,0.0,0.0,0.0,0.0
19,0.0,0.0,0.0,0.0,0.0,0.0,0.0,0.0,0.0,0.0,0.0,0.0,0.0,0.0,0.0,0.0,0.0,-0.1377058134207312,-1.9726522609403068,0.0,-3.027986826669878,-2.1627901263683365,0.0,0.0
20,0.0,0.0,0.0,0.0,0.0,0.0,0.0,0.0,0.0,0.0,0.0,0.0,0.0,0.0,0.0,0.0,0.0,0.0,0.0,-3.027986826669878,0.0,-2.0680231792491788,-2.2959202027320056,-2.7181334980948075
21,0.0,0.0,0.0,0.0,0.0,0.0,0.0,0.0,0.0,0.0,0.0,0.0,0.0,0.0,0.0,0.0,0.0,0.0,0.0,-2.1627901263683365,-2.0680231792491788,0.0,-2.7213772946095856,-2.698707765221194
22,0.0,0.0,0.0,0.0,0.0,0.0,0.0,0.0,0.0,0.0,0.0,0.0,0.0,0.0,0.0,0.0,0.0,0.0,0.0,0.0,-2.2959202027320056,-2.7213772946095856,0.0,-3.245842878486068
23,0.0,0.0,0.0,0.0,0.0,0.0,0.0,0.0,0.0,0.0,0.0,0.0,0.0,0.0,0.0,0.0,0.0,0.0,0.0,0.0,-2.7181334980948075,-2.698707765221194,-3.245842878486068,0.0
