,0,1,2,3,4,5,6,7,8,9,10,11,12,13,14,15,16,17,18,19,20,21
0,0.0,-3.2383408305621466,-1.8517713951209362,-4.223096111488494,0.0,0.0,0.0,0.0,0.0,0.0,0.0,0.0,0.0,0.0,0.0,0.0,0.0,0.0,0.0,0.0,0.0,0.0
1,-3.2383408305621466,0.0,-1.7319668160443316,-3.0197187200102737,-0.9033815630108956,0.0,0.0,0.0,0.0,0.0,0.0,0.0,0.0,0.0,0.0,0.0,0.0,0.0,0.0,0.0,0.0,0.0
2,-1.8517713951209362,-1.7319668160443316,0.0,-1.9485142774806885,-1.0028562037551316,-1.065054173730784,0.0,0.0,0.0,0.0,0.0,0.0,0.0,0.0,0.0,0.0,0.0,0.0,0.0,0.0,0.0,0.0
3,-4.223096111488494,-3.0197187200102737,-1.9485142774806885,0.0,-1.0166263280640266,-1.0727479923582304,0.0,0.0,0.0,0.0,0.0,0.0,0.0,0.0,0.0,0.0,0.0,0.0,0.0,0.0,0.0,0.0
4,0.0,-0.9033815630108956,-1.0028562037551316,-1.0166263280640266,0.0,-3.809015334664312,0.0,0.0,0.0,0.0,0.0,0.0,0.0,0.0,0.0,0.0,0.0,0.0,0.0,0.0,0.0,0.0
5,0.0,0.0,-1.065054173730784,-1.0727479923582304,-3.809015334664312,0.0,0.0,0.0,0.0,0.0,0.0,0.0,0.0,0.0,0.0,0.0,0.0,0.0,0.0,0.0,0.0,0.0
6,0.0,0.0,0.0,0.0,0.0,0.0,0.0,-0.8597773566670444,-4.060247554756669,-1.0668164140725755,0.0,0.0,0.0,0.0,0.0,0.0,0.0,0.0,0.0,0.0,0.0,0.0
7,0.0,0.0,0.0,0.0,0.0,0.0,-0.8597773566670444,0.0,-0.8511737051135518,-2.4003644558175927,-0.828370871316168,0.0,0.0,0.0,0.0,0.0,0.0,0.0,0.0,0.0,0.0,0.0
8,0.0,0.0,0.0,0.0,0.0,0.0,-4.060247554756669,-0.8511737051135518,0.0,-1.0616913728224677,0.0,0.0,0.0,0.0,0.0,0.0,0.0,0.0,0.0,0.0,0.0,0.0
9,0.0,0.0,0.0,0.0,0.0,0.0,-1.0668164140725755,-2.4003644558175927,-1.0616913728224677,0.0,-1.038853425425681,0.0,0.0,0.0,0.0,0.0,0.0,0.0,0.0,0.0,0.0,0.0
10,0.0,0.0,0.0,0.0,0.0,0.0,0.0,-0.828370871316168,0.0,-1.038853425425681,0.0,-3.700084468152793,-3.9687914298665996,-1.1700329143130315,0.0,0.0,0.0,0.0,0.0,0.0,0.0,0.0
11,0.0,0.0,0.0,0.0,0.0,0.0,0.0,0.0,0.0,0.0,-3.700084468152793,0.0,-4.482569917605403,-1.2241617988721936,0.0,0.0,0.0,0.0,0.0,0.0,0.0,0.0
12,0.0,0.0,0.0,0.0,0.0,0.0,0.0,0.0,0.0,0.0,-3.9687914298665996,-4.482569917605403,0.0,-1.2283075383065387,-2.4962795045615027,0.0,0.0,0.0,0.0,0.0,0.0,0.0
13,0.0,0.0,0.0,0.0,0.0,0.0,0.0,0.0,0.0,0.0,-1.1700329143130315,-1.2241617988721936,-1.2283075383065387,0.0,-1.295116388459872,-1.2874482559584526,-1.2826557927251103,0.0,0.0,0.0,0.0,0.0
14,0.0,0.0,0.0,0.0,0.0,0.0,0.0,0.0,0.0,0.0,0.0,0.0,-2.4962795045615027,-1.295116388459872,0.0,-2.4878158274924003,-2.4772890809213663,0.0,0.0,0.0,0.0,0.0
15,0.0,0.0,0.0,0.0,0.0,0.0,0.0,0.0,0.0,0.0,0.0,0.0,0.0,-1.2874482559584526,-2.4878158274924003,0.0,-6.519112335245399,0.0,0.0,0.0,0.0,0.0
16,0.0,0.0,0.0,0.0,0.0,0.0,0.0,0.0,0.0,0.0,0.0,0.0,0.0,-1.2826557927251103,-2.4772890809213663,-6.519112335245399,0.0,0.0,0.0,0.0,0.0,0.0
17,0.0,0.0,0.0,0.0,0.0,0.0,0.0,0.0,0.0,0.0,0.0,0.0,0.0,0.0,0.0,0.0,0.0,0.0,-0.22219183760542846,-0.5358203455179735,-2.3306612441111594,0.0
18,0.0,0.0,0.0,0.0,0.0,0.0,0.0,0.0,0.0,0.0,0.0,0.0,0.0,0.0,0.0,0.0,0.0,-0.22219183760542846,0.0,-0.8445493579708994,-0.12641419983902552,-0.679417905237491
19,0.0,0.0,0.0,0.0,0.0,0.0,0.0,0.0,0.0,0.0,0.0,0.0,0.0,0.0,0.0,0.0,0.0,-0.5358203455179735,-0.8445493579708994,0.0,-0.46397107522870173,-2.0546171211655797
20,0.0,0.0,0.0,0.0,0.0,0.0,0.0,0.0,0.0,0.0,0.0,0.0,0.0,0.0,0.0,0.0,0.0,-2.3306612441111594,-0.12641419983902552,-0.46397107522870173,0.0,-0.6877981372295743
21,0.0,0.0,0.0,0.0,0.0,0.0,0.0,0.0,0.0,0.0,0.0,0.0,0.0,0.0,0.0,0.0,0.0,0.0,-0.679417905237491,-2.0546171211655797,-0.6877981372295743,0.0
