,0,1,2,3,4,5,6,7,8,9,10,11,12,13
0,0.0,-1.1527391230356225,-1.182435952422244,-1.212704748031889,0.0,0.0,0.0,0.0,0.0,0.0,0.0,0.0,0.0,0.0
1,-1.1527391230356225,0.0,-2.75234636387884,-3.994901902384872,-2.6191441276275103,0.0,0.0,0.0,0.0,0.0,0.0,0.0,0.0,0.0
2,-1.182435952422244,-2.75234636387884,0.0,-2.7986219275701703,-4.636003207761081,-3.4077268377730525,0.0,0.0,0.0,0.0,0.0,0.0,0.0,0.0
3,-1.212704748031889,-3.994901902384872,-2.7986219275701703,0.0,-2.67753161907161,-2.3686186521829398,0.0,0.0,0.0,0.0,0.0,0.0,0.0,0.0
4,0.0,-2.6191441276275103,-4.636003207761081,-2.67753161907161,0.0,-3.691673519392359,-0.8621729193678214,0.0,0.0,0.0,0.0,0.0,0.0,0.0
5,0.0,0.0,-3.4077268377730525,-2.3686186521829398,-3.691673519392359,0.0,-0.8732703759207652,-0.160971428258726,0.0,0.0,0.0,0.0,0.0,0.0
6,0.0,0.0,0.0,0.0,-0.8621729193678214,-0.8732703759207652,0.0,0.0,-0.854719361010756,-0.8559755648395404,0.0,0.0,0.0,0.0
7,0.0,0.0,0.0,0.0,0.0,-0.160971428258726,0.0,0.0,-0.18683638441239894,-0.18227585810317648,0.0,0.0,0.0,0.0
8,0.0,0.0,0.0,0.0,0.0,0.0,-0.854719361010756,-0.18683638441239894,0.0,-5.262140656739495,-3.6380261982829745,0.0,0.0,0.0
9,0.0,0.0,0.0,0.0,0.0,0.0,-0.8559755648395404,-0.18227585810317648,-5.262140656739495,0.0,-3.46958942240332,-4.316180866737338,0.0,0.0
10,0.0,0.0,0.0,0.0,0.0,0.0,0.0,0.0,-3.6380261982829745,-3.46958942240332,0.0,-3.6807714113214116,-2.30517580752656,-3.2240559185773137
11,0.0,0.0,0.0,0.0,0.0,0.0,0.0,0.0,0.0,-4.316180866737338,-3.6807714113214116,0.0,-2.5754016156624595,-3.78301546251795
12,0.0,0.0,0.0,0.0,0.0,0.0,0.0,0.0,0.0,0.0,-2.30517580752656,-2.5754016156624595,0.0,-2.525611190811685
13,0.0,0.0,0.0,0.0,0.0,0.0,0.0,0.0,0.0,0.0,-3.2240559185773137,-3.78301546251795,-2.525611190811685,0.0
