,0,1,2,3,4,5,6,7,8,9,10,11,12,13,14,15,16,17,18,19,20,21,22,23
0,0.0,-2.6173488386552446,-2.387872309229841,-0.760290894435405,0.0,0.0,0.0,0.0,0.0,0.0,0.0,0.0,0.0,0.0,0.0,0.0,0.0,0.0,0.0,0.0,0.0,0.0,0.0,0.0
1,-2.6173488386552446,0.0,-3.9515916328894316,-0.6531816635378851,-0.9300074268712052,0.0,0.0,0.0,0.0,0.0,0.0,0.0,0.0,0.0,0.0,0.0,0.0,0.0,0.0,0.0,0.0,0.0,0.0,0.0
2,-2.387872309229841,-3.9515916328894316,0.0,-0.6311896012292351,-0.9077324678620016,0.0,0.0,0.0,0.0,0.0,0.0,0.0,0.0,0.0,0.0,0.0,0.0,0.0,0.0,0.0,0.0,0.0,0.0,0.0
3,-0.760290894435405,-0.6531816635378851,-0.6311896012292351,0.0,-1.910574055097574,-0.6093203351341259,-3.286124704703277,0.0,0.0,0.0,0.0,0.0,0.0,0.0,0.0,0.0,0.0,0.0,0.0,0.0,0.0,0.0,0.0,0.0
4,0.0,-0.9300074268712052,-0.9077324678620016,-1.910574055097574,0.0,-0.8770147678335003,-2.195442586017887,-2.084528047740029,0.0,0.0,0.0,0.0,0.0,0.0,0.0,0.0,0.0,0.0,0.0,0.0,0.0,0.0,0.0,0.0
5,0.0,0.0,0.0,-0.6093203351341259,-0.8770147678335003,0.0,-0.6773432437716009,0.0,0.0,-3.6156345176755345,0.0,0.0,0.0,0.0,0.0,0.0,0.0,0.0,0.0,0.0,0.0,0.0,0.0,0.0
6,0.0,0.0,0.0,-3.286124704703277,-2.195442586017887,-0.6773432437716009,0.0,-2.976641914453452,-3.16100479322684,-0.6355672199817591,0.0,0.0,0.0,0.0,0.0,0.0,0.0,0.0,0.0,0.0,0.0,0.0,0.0,0.0
7,0.0,0.0,0.0,0.0,-2.084528047740029,0.0,-2.976641914453452,0.0,-2.658676970809118,-0.6809443617818547,0.0,0.0,0.0,0.0,0.0,0.0,0.0,0.0,0.0,0.0,0.0,0.0,0.0,0.0
8,0.0,0.0,0.0,0.0,0.0,0.0,-3.16100479322684,-2.658676970809118,0.0,-0.700539888271938,0.0,-2.530730677816807,0.0,0.0,0.0,0.0,0.0,0.0,0.0,0.0,0.0,0.0,0.0,0.0
9,0.0,0.0,0.0,0.0,0.0,-3.6156345176755345,-0.6355672199817591,-0.6809443617818547,-0.700539888271938,0.0,-3.74848692499898,0.0,0.0,0.0,0.0,0.0,0.0,0.0,0.0,0.0,0.0,0.0,0.0,0.0
10,0.0,0.0,0.0,0.0,0.0,0.0,0.0,0.0,0.0,-3.74848692499898,0.0,-0.7309308193682238,-3.2718424202854637,0.0,0.0,0.0,0.0,0.0,0.0,0.0,0.0,0.0,0.0,0.0
11,0.0,0.0,0.0,0.0,0.0,0.0,0.0,0.0,-2.530730677816807,0.0,-0.7309308193682238,0.0,-0.8020582206834052,0.0,0.0,-1.489180910349092,0.0,0.0,0.0,0.0,0.0,0.0,0.0,0.0
12,0.0,0.0,0.0,0.0,0.0,0.0,0.0,0.0,0.0,0.0,-3.2718424202854637,-0.8020582206834052,0.0,-1.8490730086825682,-0.7693880821569202,-0.3948086756899651,-0.9824935515038242,0.0,0.0,0.0,0.0,0.0,0.0,0.0
13,0.0,0.0,0.0,0.0,0.0,0.0,0.0,0.0,0.0,0.0,0.0,0.0,-1.8490730086825682,0.0,-1.1757798976699887,-0.2828269490017707,-1.5117990445353,0.0,0.0,0.0,0.0,0.0,0.0,0.0
14,0.0,0.0,0.0,0.0,0.0,0.0,0.0,0.0,0.0,0.0,0.0,0.0,-0.7693880821569202,-1.1757798976699887,0.0,0.0,-2.418482726153018,0.0,0.0,0.0,0.0,0.0,0.0,0.0
15,0.0,0.0,0.0,0.0,0.0,0.0,0.0,0.0,0.0,0.0,0.0,-1.489180910349092,-0.3948086756899651,-0.2828269490017707,0.0,0.0,-0.15746675494045645,0.0,0.0,0.0,0.0,0.0,0.0,0.0
16,0.0,0.0,0.0,0.0,0.0,0.0,0.0,0.0,0.0,0.0,0.0,0.0,-0.9824935515038242,-1.5117990445353,-2.418482726153018,-0.15746675494045645,0.0,0.0,0.0,0.0,0.0,0.0,0.0,0.0
17,0.0,0.0,0.0,0.0,0.0,0.0,0.0,0.0,0.0,0.0,0.0,0.0,0.0,0.0,0.0,0.0,0.0,0.0,-1.4220993302379987,-1.223652980389468,-2.2755491997969175,0.0,0.0,0.0
18,0.0,0.0,0.0,0.0,0.0,0.0,0.0,0.0,0.0,0.0,0.0,0.0,0.0,0.0,0.0,0.0,0.0,-1.4220993302379987,0.0,-1.501792120495484,-1.5277819020755234,-1.104729336265454,0.0,-0.5916603249906562
19,0.0,0.0,0.0,0.0,0.0,0.0,0.0,0.0,0.0,0.0,0.0,0.0,0.0,0.0,0.0,0.0,0.0,-1.223652980389468,-1.501792120495484,0.0,-1.061149937807534,-1.068767667929718,0.0,0.0
20,0.0,0.0,0.0,0.0,0.0,0.0,0.0,0.0,0.0,0.0,0.0,0.0,0.0,0.0,0.0,0.0,0.0,-2.2755491997969175,-1.5277819020755234,-1.061149937807534,0.0,-1.7140894185154902,-0.6884524238176652,0.0
21,0.0,0.0,0.0,0.0,0.0,0.0,0.0,0.0,0.0,0.0,0.0,0.0,0.0,0.0,0.0,0.0,0.0,0.0,-1.104729336265454,-1.068767667929718,-1.7140894185154902,0.0,-0.5770971484368759,-0.23958641667585245
22,0.0,0.0,0.0,0.0,0.0,0.0,0.0,0.0,0.0,0.0,0.0,0.0,0.0,0.0,0.0,0.0,0.0,0.0,0.0,0.0,-0.6884524238176652,-0.5770971484368759,0.0,-1.348318234377713
23,0.0,0.0,0.0,0.0,0.0,0.0,0.0,0.0,0.0,0.0,0.0,0.0,0.0,0.0,0.0,0.0,0.0,0.0,-0.5916603249906562,0.0,0.0,-0.23958641667585245,-1.348318234377713,0.0
