,0,1,2,3,4,5,6,7,8,9,10,11,12,13,14,15,16,17,18,19,20,21,22,23
0,0.0,-3.451048391169429,-3.186512065698821,-0.8557328409065732,0.0,0.0,0.0,0.0,0.0,0.0,0.0,0.0,0.0,0.0,0.0,0.0,0.0,0.0,0.0,0.0,0.0,0.0,0.0,0.0
1,-3.451048391169429,0.0,-2.840596856003237,-0.9152003333832065,-2.6343706645378253,0.0,0.0,0.0,0.0,0.0,0.0,0.0,0.0,0.0,0.0,0.0,0.0,0.0,0.0,0.0,0.0,0.0,0.0,0.0
2,-3.186512065698821,-2.840596856003237,0.0,-0.779169313272143,-2.081798439726394,0.0,0.0,0.0,0.0,0.0,0.0,0.0,0.0,0.0,0.0,0.0,0.0,0.0,0.0,0.0,0.0,0.0,0.0,0.0
3,-0.8557328409065732,-0.9152003333832065,-0.779169313272143,0.0,-1.0649616694267268,0.0,0.0,-1.5776922188841975,0.0,0.0,0.0,0.0,0.0,0.0,0.0,0.0,0.0,0.0,0.0,0.0,0.0,0.0,0.0,0.0
4,0.0,-2.6343706645378253,-2.081798439726394,-1.0649616694267268,0.0,-2.259986304482034,-4.121976798741682,-1.16995421292973,0.0,0.0,0.0,0.0,0.0,0.0,0.0,0.0,0.0,0.0,0.0,0.0,0.0,0.0,0.0,0.0
5,0.0,0.0,0.0,0.0,-2.259986304482034,0.0,-2.1155730480149937,-0.9040534055264798,-2.497223076752339,0.0,0.0,0.0,0.0,0.0,0.0,0.0,0.0,0.0,0.0,0.0,0.0,0.0,0.0,0.0
6,0.0,0.0,0.0,0.0,-4.121976798741682,-2.1155730480149937,0.0,-1.2165711062648608,0.0,0.0,0.0,0.0,0.0,0.0,0.0,0.0,0.0,0.0,0.0,0.0,0.0,0.0,0.0,0.0
7,0.0,0.0,0.0,-1.5776922188841975,-1.16995421292973,-0.9040534055264798,-1.2165711062648608,0.0,0.0,0.0,0.0,0.0,0.0,0.0,0.0,0.0,0.0,0.0,0.0,0.0,0.0,0.0,0.0,0.0
8,0.0,0.0,0.0,0.0,0.0,-2.497223076752339,0.0,0.0,0.0,-2.635298460562774,0.0,-0.9072267999407684,0.0,0.0,0.0,0.0,0.0,0.0,0.0,0.0,0.0,0.0,0.0,0.0
9,0.0,0.0,0.0,0.0,0.0,0.0,0.0,0.0,-2.635298460562774,0.0,-2.70603225558617,-0.9579738991209872,-0.8253315597571144,0.0,0.0,0.0,0.0,0.0,0.0,0.0,0.0,0.0,0.0,0.0
10,0.0,0.0,0.0,0.0,0.0,0.0,0.0,0.0,0.0,-2.70603225558617,0.0,-0.9465711794557028,-0.8146674135949296,0.0,0.0,0.0,0.0,0.0,0.0,0.0,0.0,0.0,0.0,0.0
11,0.0,0.0,0.0,0.0,0.0,0.0,0.0,0.0,-0.9072267999407684,-0.9579738991209872,-0.9465711794557028,0.0,-2.904453956480142,0.0,0.0,0.0,0.0,0.0,0.0,0.0,0.0,0.0,0.0,0.0
12,0.0,0.0,0.0,0.0,0.0,0.0,0.0,0.0,0.0,-0.8253315597571144,-0.8146674135949296,-2.904453956480142,0.0,-2.7526958603638394,0.0,0.0,0.0,0.0,0.0,0.0,0.0,0.0,0.0,0.0
13,0.0,0.0,0.0,0.0,0.0,0.0,0.0,0.0,0.0,0.0,0.0,0.0,-2.7526958603638394,0.0,-2.76300201493029,-5.77059204697013,0.0,-2.7138381711676516,0.0,0.0,0.0,0.0,0.0,0.0
14,0.0,0.0,0.0,0.0,0.0,0.0,0.0,0.0,0.0,0.0,0.0,0.0,0.0,-2.76300201493029,0.0,-2.7189289030789006,0.0,-2.0828512978264313,0.0,0.0,0.0,0.0,0.0,0.0
15,0.0,0.0,0.0,0.0,0.0,0.0,0.0,0.0,0.0,0.0,0.0,0.0,0.0,-5.77059204697013,-2.7189289030789006,0.0,0.0,-2.739583136498405,0.0,0.0,0.0,0.0,0.0,0.0
16,0.0,0.0,0.0,0.0,0.0,0.0,0.0,0.0,0.0,0.0,0.0,0.0,0.0,0.0,0.0,0.0,0.0,-1.1709313569547695,-1.3869619244382088,-0.8912987329899502,0.0,0.0,0.0,0.0
17,0.0,0.0,0.0,0.0,0.0,0.0,0.0,0.0,0.0,0.0,0.0,0.0,0.0,-2.7138381711676516,-2.0828512978264313,-2.739583136498405,-1.1709313569547695,0.0,-2.666304242197685,0.0,0.0,0.0,0.0,0.0
18,0.0,0.0,0.0,0.0,0.0,0.0,0.0,0.0,0.0,0.0,0.0,0.0,0.0,0.0,0.0,0.0,-1.3869619244382088,-2.666304242197685,0.0,-1.8138192586035888,0.0,0.0,0.0,0.0
19,0.0,0.0,0.0,0.0,0.0,0.0,0.0,0.0,0.0,0.0,0.0,0.0,0.0,0.0,0.0,0.0,-0.8912987329899502,0.0,-1.8138192586035888,0.0,-0.19426414059885702,0.0,-1.0335227780365275,0.0
20,0.0,0.0,0.0,0.0,0.0,0.0,0.0,0.0,0.0,0.0,0.0,0.0,0.0,0.0,0.0,0.0,0.0,0.0,0.0,-0.19426414059885702,0.0,-0.10943712162179942,-0.648436165612602,0.36085884287425674
21,0.0,0.0,0.0,0.0,0.0,0.0,0.0,0.0,0.0,0.0,0.0,0.0,0.0,0.0,0.0,0.0,0.0,0.0,0.0,0.0,-0.10943712162179942,0.0,-0.515603608312146,-0.5813343095648312
22,0.0,0.0,0.0,0.0,0.0,0.0,0.0,0.0,0.0,0.0,0.0,0.0,0.0,0.0,0.0,0.0,0.0,0.0,0.0,-1.0335227780365275,-0.648436165612602,-0.515603608312146,0.0,0.029564988445244147
23,0.0,0.0,0.0,0.0,0.0,0.0,0.0,0.0,0.0,0.0,0.0,0.0,0.0,0.0,0.0,0.0,0.0,0.0,0.0,0.0,0.36085884287425674,-0.5813343095648312,0.029564988445244147,0.0
