,0,1,2,3,4,5,6,7,8,9,10,11,12,13,14,15,16,17,18,19
0,0.0,-3.129188684519,-2.758910951656753,-2.7422470395451852,0.0,0.0,0.0,0.0,0.0,0.0,0.0,0.0,0.0,0.0,0.0,0.0,0.0,0.0,0.0,0.0
1,-3.129188684519,0.0,-3.3843359606650316,-2.8687542382844096,0.0,-1.5931127885019583,0.0,0.0,0.0,0.0,0.0,0.0,0.0,0.0,0.0,0.0,0.0,0.0,0.0,0.0
2,-2.758910951656753,-3.3843359606650316,0.0,-2.4024036371298725,0.0,-1.4428820736961216,0.0,0.0,0.0,0.0,0.0,0.0,0.0,0.0,0.0,0.0,0.0,0.0,0.0,0.0
3,-2.7422470395451852,-2.8687542382844096,-2.4024036371298725,0.0,-3.51420608386787,-1.9161180081587383,-1.7047721143126422,0.0,0.0,0.0,0.0,0.0,0.0,0.0,0.0,0.0,0.0,0.0,0.0,0.0
4,0.0,0.0,0.0,-3.51420608386787,0.0,-1.7906445029006548,-1.568158438129375,-2.2361099210830977,0.0,0.0,0.0,0.0,0.0,0.0,0.0,0.0,0.0,0.0,0.0,0.0
5,0.0,-1.5931127885019583,-1.4428820736961216,-1.9161180081587383,-1.7906445029006548,0.0,-2.566318798987869,-2.406028968370694,0.0,0.0,0.0,0.0,0.0,0.0,0.0,0.0,0.0,0.0,0.0,0.0
6,0.0,0.0,0.0,-1.7047721143126422,-1.568158438129375,-2.566318798987869,0.0,-1.830140669503278,0.0,0.0,0.0,0.0,0.0,0.0,0.0,0.0,0.0,0.0,0.0,0.0
7,0.0,0.0,0.0,0.0,-2.2361099210830977,-2.406028968370694,-1.830140669503278,0.0,0.0,0.0,0.0,0.0,0.0,0.0,0.0,0.0,0.0,0.0,0.0,0.0
8,0.0,0.0,0.0,0.0,0.0,0.0,0.0,0.0,0.0,-2.17143198562916,-0.7189124475793374,-0.28726587541102,-0.3957682165512072,0.0,0.0,0.0,0.0,0.0,0.0,0.0
9,0.0,0.0,0.0,0.0,0.0,0.0,0.0,0.0,-2.17143198562916,0.0,-0.6223482667939237,-0.2660166641505934,0.0,0.0,0.0,0.0,0.0,0.0,0.0,0.0
10,0.0,0.0,0.0,0.0,0.0,0.0,0.0,0.0,-0.7189124475793374,-0.6223482667939237,0.0,-1.1650394632695031,-1.459622129111148,-1.5375382166272824,0.0,0.0,0.0,0.0,0.0,0.0
11,0.0,0.0,0.0,0.0,0.0,0.0,0.0,0.0,-0.28726587541102,-0.2660166641505934,-1.1650394632695031,0.0,-2.5146925719779687,-1.6649138719766114,0.0,-0.5189690974430409,0.0,0.0,0.0,0.0
12,0.0,0.0,0.0,0.0,0.0,0.0,0.0,0.0,-0.3957682165512072,0.0,-1.459622129111148,-2.5146925719779687,0.0,-1.8803375701874607,0.0,0.0,0.0,0.0,0.0,0.0
13,0.0,0.0,0.0,0.0,0.0,0.0,0.0,0.0,0.0,0.0,-1.5375382166272824,-1.6649138719766114,-1.8803375701874607,0.0,-0.40344632626999943,0.0,0.0,0.0,0.0,0.0
14,0.0,0.0,0.0,0.0,0.0,0.0,0.0,0.0,0.0,0.0,0.0,0.0,0.0,-0.40344632626999943,0.0,-1.2543281730246594,0.0,-0.6431700477390777,-0.6171956410645967,-1.674257399767334
15,0.0,0.0,0.0,0.0,0.0,0.0,0.0,0.0,0.0,0.0,0.0,-0.5189690974430409,0.0,0.0,-1.2543281730246594,0.0,-2.841714411383797,0.0,0.0,0.0
16,0.0,0.0,0.0,0.0,0.0,0.0,0.0,0.0,0.0,0.0,0.0,0.0,0.0,0.0,0.0,-2.841714411383797,0.0,-0.9893184447221753,-0.7885795958867526,-1.684806402143461
17,0.0,0.0,0.0,0.0,0.0,0.0,0.0,0.0,0.0,0.0,0.0,0.0,0.0,0.0,-0.6431700477390777,0.0,-0.9893184447221753,0.0,-2.1540788954057377,-0.6947197040867642
18,0.0,0.0,0.0,0.0,0.0,0.0,0.0,0.0,0.0,0.0,0.0,0.0,0.0,0.0,-0.6171956410645967,0.0,-0.7885795958867526,-2.1540788954057377,0.0,-0.5936085498554533
19,0.0,0.0,0.0,0.0,0.0,0.0,0.0,0.0,0.0,0.0,0.0,0.0,0.0,0.0,-1.674257399767334,0.0,-1.684806402143461,-0.6947197040867642,-0.5936085498554533,0.0
