,0,1,2,3,4,5,6
0,0.0,-1.2678274244594498,-1.2854997787206344,-1.3258418466616086,0.0,0.0,0.0
1,-1.2678274244594498,0.0,-5.27572238103773,-3.4810417436095147,-4.488412926593369,0.0,0.0
2,-1.2854997787206344,-5.27572238103773,0.0,-3.6074317263963405,-4.367637772443629,-3.8307234877299856,0.0
3,-1.3258418466616086,-3.4810417436095147,-3.6074317263963405,0.0,-3.230362008136679,-4.169025367198587,-3.173595843838689
4,0.0,-4.488412926593369,-4.367637772443629,-3.230362008136679,0.0,-3.3856697150316797,-3.0417030526129154
5,0.0,0.0,-3.8307234877299856,-4.169025367198587,-3.3856697150316797,0.0,-2.937092707623862
6,0.0,0.0,0.0,-3.173595843838689,-3.0417030526129154,-2.937092707623862,0.0
