,0,1,2,3,4,5,6,7,8,9,10,11,12,13,14,15,16,17,18
0,0.0,-1.2549592586723668,-1.231774034999828,-1.0095649495280472,0.0,0.0,0.0,0.0,0.0,0.0,0.0,0.0,0.0,0.0,0.0,0.0,0.0,0.0,0.0
1,-1.2549592586723668,0.0,-4.80799710629707,-2.5310236717481978,-3.377441334073841,0.0,0.0,0.0,0.0,0.0,0.0,0.0,0.0,0.0,0.0,0.0,0.0,0.0,0.0
2,-1.231774034999828,-4.80799710629707,0.0,-2.6225239569021297,-3.1642489388847315,-3.9480171781839757,0.0,0.0,0.0,0.0,0.0,0.0,0.0,0.0,0.0,0.0,0.0,0.0,0.0
3,-1.0095649495280472,-2.5310236717481978,-2.6225239569021297,0.0,-2.2188592128747295,-2.5521796477510112,-3.9029603930831684,0.0,0.0,0.0,0.0,0.0,0.0,0.0,0.0,0.0,0.0,0.0,0.0
4,0.0,-3.377441334073841,-3.1642489388847315,-2.2188592128747295,0.0,-3.4795454167391693,-2.2305807319119237,0.0,0.0,0.0,0.0,0.0,0.0,0.0,0.0,0.0,0.0,0.0,0.0
5,0.0,0.0,-3.9480171781839757,-2.5521796477510112,-3.4795454167391693,0.0,-2.558891559533809,-3.3214797631001263,0.0,0.0,0.0,0.0,0.0,0.0,0.0,0.0,0.0,0.0,0.0
6,0.0,0.0,0.0,-3.9029603930831684,-2.2305807319119237,-2.558891559533809,0.0,-2.4488461351375803,0.0,0.0,0.0,0.0,0.0,0.0,0.0,0.0,0.0,0.0,0.0
7,0.0,0.0,0.0,0.0,0.0,-3.3214797631001263,-2.4488461351375803,0.0,-2.6409880782738373,0.0,0.0,0.0,0.0,0.0,0.0,0.0,0.0,0.0,0.0
8,0.0,0.0,0.0,0.0,0.0,0.0,0.0,-2.6409880782738373,0.0,-3.2628948444260955,-2.1692773559121994,-2.4203070146168106,0.0,0.0,0.0,0.0,0.0,0.0,0.0
9,0.0,0.0,0.0,0.0,0.0,0.0,0.0,0.0,-3.2628948444260955,0.0,-2.0459839361995935,-2.9077162687060105,0.0,0.0,0.0,0.7016513458754607,0.0,0.0,0.0
10,0.0,0.0,0.0,0.0,0.0,0.0,0.0,0.0,-2.1692773559121994,-2.0459839361995935,0.0,-1.9836377070394229,-2.269791699591751,-3.1670426751804985,0.0,0.7473552944029044,0.0,0.0,0.0
11,0.0,0.0,0.0,0.0,0.0,0.0,0.0,0.0,-2.4203070146168106,-2.9077162687060105,-1.9836377070394229,0.0,-2.3895992627145697,-1.9802020339670687,0.0,0.6838478872019468,0.0,0.0,0.0
12,0.0,0.0,0.0,0.0,0.0,0.0,0.0,0.0,0.0,0.0,-2.269791699591751,-2.3895992627145697,0.0,-2.575891950441758,0.0,0.0,0.0,0.0,0.0
13,0.0,0.0,0.0,0.0,0.0,0.0,0.0,0.0,0.0,0.0,-3.1670426751804985,-1.9802020339670687,-2.575891950441758,0.0,-2.0638662703400987,0.0,-2.7412631707173434,0.0,0.0
14,0.0,0.0,0.0,0.0,0.0,0.0,0.0,0.0,0.0,0.0,0.0,0.0,0.0,-2.0638662703400987,0.0,0.0,-2.1265741269153042,-0.5345945979019205,-0.7287698149529219
15,0.0,0.0,0.0,0.0,0.0,0.0,0.0,0.0,0.0,0.7016513458754607,0.7473552944029044,0.6838478872019468,0.0,0.0,0.0,0.0,0.0,0.0,0.0
16,0.0,0.0,0.0,0.0,0.0,0.0,0.0,0.0,0.0,0.0,0.0,0.0,0.0,-2.7412631707173434,-2.1265741269153042,0.0,0.0,-0.5698840418379046,-0.9440163279090541
17,0.0,0.0,0.0,0.0,0.0,0.0,0.0,0.0,0.0,0.0,0.0,0.0,0.0,0.0,-0.5345945979019205,0.0,-0.5698840418379046,0.0,-0.9589805859090259
18,0.0,0.0,0.0,0.0,0.0,0.0,0.0,0.0,0.0,0.0,0.0,0.0,0.0,0.0,-0.7287698149529219,0.0,-0.9440163279090541,-0.9589805859090259,0.0
