,0,1,2,3,4,5,6,7,8,9,10,11,12,13,14,15,16,17,18,19
0,0.0,-1.2349849036490894,-1.2491254957324642,-1.3520154246299492,0.0,0.0,0.0,0.0,0.0,0.0,0.0,0.0,0.0,0.0,0.0,0.0,0.0,0.0,0.0,0.0
1,-1.2349849036490894,0.0,-4.873748164915678,-0.8698308554853341,-0.873669074690811,0.0,0.0,0.0,0.0,0.0,0.0,0.0,0.0,0.0,0.0,0.0,0.0,0.0,0.0,0.0
2,-1.2491254957324642,-4.873748164915678,0.0,-0.8681960072023424,-0.8717518543971075,0.0,0.0,0.0,0.0,0.0,0.0,0.0,0.0,0.0,0.0,0.0,0.0,0.0,0.0,0.0
3,-1.3520154246299492,-0.8698308554853341,-0.8681960072023424,0.0,-5.030202660603885,-3.6844618171289834,0.0,0.0,0.0,0.0,0.0,0.0,0.0,0.0,0.0,0.0,0.0,0.0,0.0,0.0
4,0.0,-0.873669074690811,-0.8717518543971075,-5.030202660603885,0.0,-3.4543450341146684,-4.661097848092662,0.0,0.0,0.0,0.0,0.0,0.0,0.0,0.0,0.0,0.0,0.0,0.0,0.0
5,0.0,0.0,0.0,-3.6844618171289834,-3.4543450341146684,0.0,-3.5926581210979505,-2.687210057060871,0.0,-2.75925468715622,0.0,0.0,0.0,0.0,0.0,0.0,0.0,0.0,0.0,0.0
6,0.0,0.0,0.0,0.0,-4.661097848092662,-3.5926581210979505,0.0,-2.8971166181140107,-1.5784562444898884,-3.1369025246065654,0.0,0.0,0.0,0.0,0.0,0.0,0.0,0.0,0.0,0.0
7,0.0,0.0,0.0,0.0,0.0,-2.687210057060871,-2.8971166181140107,0.0,-1.8830256124015787,-3.9101510814325455,0.0,0.0,0.0,0.0,0.0,0.0,0.0,0.0,0.0,0.0
8,0.0,0.0,0.0,0.0,0.0,0.0,-1.5784562444898884,-1.8830256124015787,0.0,-1.7753873531132076,-1.4388747180679193,-1.5821979980057708,0.0,0.0,0.0,0.0,0.0,0.0,0.0,0.0
9,0.0,0.0,0.0,0.0,0.0,-2.75925468715622,-3.1369025246065654,-3.9101510814325455,-1.7753873531132076,0.0,0.0,0.0,0.0,0.0,0.0,0.0,0.0,0.0,0.0,0.0
10,0.0,0.0,0.0,0.0,0.0,0.0,0.0,0.0,-1.4388747180679193,0.0,0.0,-0.8149045027218144,-2.017939062816319,-1.2114825614439642,0.0,0.0,0.0,0.0,0.0,0.0
11,0.0,0.0,0.0,0.0,0.0,0.0,0.0,0.0,-1.5821979980057708,0.0,-0.8149045027218144,0.0,-1.0230109308789084,-1.7286406596550477,0.0,0.0,0.0,0.0,0.0,0.0
12,0.0,0.0,0.0,0.0,0.0,0.0,0.0,0.0,0.0,0.0,-2.017939062816319,-1.0230109308789084,0.0,-1.3496236877479093,0.0,0.0,0.0,0.0,0.0,0.0
13,0.0,0.0,0.0,0.0,0.0,0.0,0.0,0.0,0.0,0.0,-1.2114825614439642,-1.7286406596550477,-1.3496236877479093,0.0,-0.2728620592660543,0.0,0.0,0.0,0.0,0.0
14,0.0,0.0,0.0,0.0,0.0,0.0,0.0,0.0,0.0,0.0,0.0,0.0,0.0,-0.2728620592660543,0.0,0.42473025803615794,-0.04515123455037508,-0.10012741049118706,-0.6573746485020842,0.0
15,0.0,0.0,0.0,0.0,0.0,0.0,0.0,0.0,0.0,0.0,0.0,0.0,0.0,0.0,0.42473025803615794,0.0,-0.31068620150460324,-0.29308840723290663,0.0,-0.014805338503840136
16,0.0,0.0,0.0,0.0,0.0,0.0,0.0,0.0,0.0,0.0,0.0,0.0,0.0,0.0,-0.04515123455037508,-0.31068620150460324,0.0,-2.8331219071229885,0.0,-0.4721280315084441
17,0.0,0.0,0.0,0.0,0.0,0.0,0.0,0.0,0.0,0.0,0.0,0.0,0.0,0.0,-0.10012741049118706,-0.29308840723290663,-2.8331219071229885,0.0,-0.20788592433801936,-0.38412038724633524
18,0.0,0.0,0.0,0.0,0.0,0.0,0.0,0.0,0.0,0.0,0.0,0.0,0.0,0.0,-0.6573746485020842,0.0,0.0,-0.20788592433801936,0.0,0.15589529739555946
19,0.0,0.0,0.0,0.0,0.0,0.0,0.0,0.0,0.0,0.0,0.0,0.0,0.0,0.0,0.0,-0.014805338503840136,-0.4721280315084441,-0.38412038724633524,0.15589529739555946,0.0
