,0,1,2,3,4,5,6,7,8,9,10,11,12,13,14,15,16,17,18,19,20,21
0,0.0,-2.7001280748600496,-2.599115527772597,-2.298429613838914,0.0,0.0,0.0,0.0,0.0,0.0,0.0,0.0,0.0,0.0,0.0,0.0,0.0,0.0,0.0,0.0,0.0,0.0
1,-2.7001280748600496,0.0,-4.832989114608887,-1.903109252175274,-4.733613757033217,0.0,0.0,0.0,0.0,0.0,0.0,0.0,0.0,0.0,0.0,0.0,0.0,0.0,0.0,0.0,0.0,0.0
2,-2.599115527772597,-4.832989114608887,0.0,-1.8768505376186428,-4.0970952909594835,-3.6780747354831367,0.0,0.0,0.0,0.0,0.0,0.0,0.0,0.0,0.0,0.0,0.0,0.0,0.0,0.0,0.0,0.0
3,-2.298429613838914,-1.903109252175274,-1.8768505376186428,0.0,-1.9433330366750718,-2.0084201216536792,0.0,0.0,0.0,0.0,0.0,0.0,0.0,0.0,0.0,0.0,0.0,0.0,0.0,0.0,0.0,0.0
4,0.0,-4.733613757033217,-4.0970952909594835,-1.9433330366750718,0.0,-4.629040076265549,0.0,0.0,0.0,0.0,0.0,0.0,0.0,0.0,0.0,0.0,0.0,0.0,0.0,0.0,0.0,0.0
5,0.0,0.0,-3.6780747354831367,-2.0084201216536792,-4.629040076265549,0.0,-3.7350103210130565,-5.129545462062873,0.0,0.0,0.0,0.0,0.0,0.0,0.0,0.0,0.0,0.0,0.0,0.0,0.0,0.0
6,0.0,0.0,0.0,0.0,0.0,-3.7350103210130565,0.0,-3.559823752240283,-2.219567531654301,0.0,0.0,0.0,0.0,0.0,0.0,0.0,0.0,0.0,0.0,0.0,0.0,0.0
7,0.0,0.0,0.0,0.0,0.0,-5.129545462062873,-3.559823752240283,0.0,-2.014198910292977,0.0,0.0,0.0,0.0,0.0,0.0,0.0,0.0,0.0,0.0,0.0,0.0,0.0
8,0.0,0.0,0.0,0.0,0.0,0.0,-2.219567531654301,-2.014198910292977,0.0,-2.145888072781319,-2.798568202073795,-2.4838277803525464,0.0,0.0,0.0,0.0,0.0,0.0,0.0,0.0,0.0,0.0
9,0.0,0.0,0.0,0.0,0.0,0.0,0.0,0.0,-2.145888072781319,0.0,-2.750736052721157,-1.607737355934082,-2.1066619929693164,0.0,0.0,0.0,0.0,0.0,0.0,0.0,0.0,0.0
10,0.0,0.0,0.0,0.0,0.0,0.0,0.0,0.0,-2.798568202073795,-2.750736052721157,0.0,-1.948321862808214,-2.462581802716118,0.0,0.0,0.0,0.0,0.0,0.0,0.0,0.0,0.0
11,0.0,0.0,0.0,0.0,0.0,0.0,0.0,0.0,-2.4838277803525464,-1.607737355934082,-1.948321862808214,0.0,0.0,0.0,0.0,0.0,0.0,0.0,0.0,0.0,0.0,0.0
12,0.0,0.0,0.0,0.0,0.0,0.0,0.0,0.0,0.0,-2.1066619929693164,-2.462581802716118,0.0,0.0,-1.8990757253110113,0.0,0.0,0.0,0.0,0.0,0.0,0.0,0.0
13,0.0,0.0,0.0,0.0,0.0,0.0,0.0,0.0,0.0,0.0,0.0,0.0,-1.8990757253110113,0.0,-1.3436625945683556,-1.8299627345916927,0.0,0.0,-0.5525322481897008,0.0,0.0,0.0
14,0.0,0.0,0.0,0.0,0.0,0.0,0.0,0.0,0.0,0.0,0.0,0.0,0.0,-1.3436625945683556,0.0,-2.2834222886848523,0.0,-0.30971911482427333,-0.7113862521303945,0.0,0.0,0.0
15,0.0,0.0,0.0,0.0,0.0,0.0,0.0,0.0,0.0,0.0,0.0,0.0,0.0,-1.8299627345916927,-2.2834222886848523,0.0,-2.5302539260467576,-0.24296236019537482,0.0,0.0,0.0,0.0
16,0.0,0.0,0.0,0.0,0.0,0.0,0.0,0.0,0.0,0.0,0.0,0.0,0.0,0.0,0.0,-2.5302539260467576,0.0,-0.3490708387856909,0.0,-1.428326794948416,-0.38905774036437035,-2.253264019711394
17,0.0,0.0,0.0,0.0,0.0,0.0,0.0,0.0,0.0,0.0,0.0,0.0,0.0,0.0,-0.30971911482427333,-0.24296236019537482,-0.3490708387856909,0.0,-0.9499951545293488,0.0,0.0,0.0
18,0.0,0.0,0.0,0.0,0.0,0.0,0.0,0.0,0.0,0.0,0.0,0.0,0.0,-0.5525322481897008,-0.7113862521303945,0.0,0.0,-0.9499951545293488,0.0,0.0,0.0,0.0
19,0.0,0.0,0.0,0.0,0.0,0.0,0.0,0.0,0.0,0.0,0.0,0.0,0.0,0.0,0.0,0.0,-1.428326794948416,0.0,0.0,0.0,-0.656461279273192,-1.8397726968310686
20,0.0,0.0,0.0,0.0,0.0,0.0,0.0,0.0,0.0,0.0,0.0,0.0,0.0,0.0,0.0,0.0,-0.38905774036437035,0.0,0.0,-0.656461279273192,0.0,-0.5545135340024243
21,0.0,0.0,0.0,0.0,0.0,0.0,0.0,0.0,0.0,0.0,0.0,0.0,0.0,0.0,0.0,0.0,-2.253264019711394,0.0,0.0,-1.8397726968310686,-0.5545135340024243,0.0
