,0,1,2,3,4,5,6,7,8,9,10,11,12,13,14,15,16
0,0.0,-1.2463173334222666,-1.277175187729353,-1.2165493797612104,0.0,0.0,0.0,0.0,0.0,0.0,0.0,0.0,0.0,0.0,0.0,0.0,0.0
1,-1.2463173334222666,0.0,-4.620239835293044,-4.725494570712473,-2.5087895227674686,0.0,0.0,0.0,0.0,0.0,0.0,0.0,0.0,0.0,0.0,0.0,0.0
2,-1.277175187729353,-4.620239835293044,0.0,-4.036296680519427,-2.403436192748967,-1.3979979077036537,0.0,0.0,0.0,0.0,0.0,0.0,0.0,0.0,0.0,0.0,0.0
3,-1.2165493797612104,-4.725494570712473,-4.036296680519427,0.0,-2.620131710421334,-1.4100373825341295,0.0,0.0,0.0,0.0,0.0,0.0,0.0,0.0,0.0,0.0,0.0
4,0.0,-2.5087895227674686,-2.403436192748967,-2.620131710421334,0.0,-1.3811490522926169,-2.295325978023183,-1.7723567995743084,0.0,0.0,0.0,0.0,0.0,0.0,0.0,0.0,0.0
5,0.0,0.0,-1.3979979077036537,-1.4100373825341295,-1.3811490522926169,0.0,-1.5375044037215582,-2.5066099537788054,0.0,0.0,0.0,0.0,0.0,0.0,0.0,0.0,0.0
6,0.0,0.0,0.0,0.0,-2.295325978023183,-1.5375044037215582,0.0,-1.9204900316061007,-3.038315619503453,0.0,0.0,0.0,0.0,0.0,0.0,0.0,0.0
7,0.0,0.0,0.0,0.0,-1.7723567995743084,-2.5066099537788054,-1.9204900316061007,0.0,-1.9797424824201417,-1.642943684280819,0.0,0.0,0.0,0.0,0.0,0.0,0.0
8,0.0,0.0,0.0,0.0,0.0,0.0,-3.038315619503453,-1.9797424824201417,0.0,-2.8557041444969253,0.0,0.0,0.0,0.0,0.0,0.0,0.0
9,0.0,0.0,0.0,0.0,0.0,0.0,0.0,-1.642943684280819,-2.8557041444969253,0.0,-1.1826863300012236,-2.13150730602893,-1.2604135917005568,0.0,0.0,0.0,0.0
10,0.0,0.0,0.0,0.0,0.0,0.0,0.0,0.0,0.0,-1.1826863300012236,0.0,-1.6687920747598126,-3.3931715139732472,0.0,0.0,0.0,0.0
11,0.0,0.0,0.0,0.0,0.0,0.0,0.0,0.0,0.0,-2.13150730602893,-1.6687920747598126,0.0,-1.7855784410367,-2.8577623221652617,-1.9858899401256194,0.0,0.0
12,0.0,0.0,0.0,0.0,0.0,0.0,0.0,0.0,0.0,-1.2604135917005568,-3.3931715139732472,-1.7855784410367,0.0,-1.5892091676036402,-1.2840247136316392,0.0,0.0
13,0.0,0.0,0.0,0.0,0.0,0.0,0.0,0.0,0.0,0.0,0.0,-2.8577623221652617,-1.5892091676036402,0.0,-2.5152942890240193,-2.858029208508127,-0.7586012672681215
14,0.0,0.0,0.0,0.0,0.0,0.0,0.0,0.0,0.0,0.0,0.0,-1.9858899401256194,-1.2840247136316392,-2.5152942890240193,0.0,-2.8811944156335163,-0.6580700710111747
15,0.0,0.0,0.0,0.0,0.0,0.0,0.0,0.0,0.0,0.0,0.0,0.0,0.0,-2.858029208508127,-2.8811944156335163,0.0,-0.6451921525695743
16,0.0,0.0,0.0,0.0,0.0,0.0,0.0,0.0,0.0,0.0,0.0,0.0,0.0,-0.7586012672681215,-0.6580700710111747,-0.6451921525695743,0.0
