,0,1,2,3,4,5,6,7,8,9,10,11,12
0,0.0,-1.3027772797714086,-1.7846423978724404,-1.7981776705115917,0.0,0.0,0.0,0.0,0.0,0.0,0.0,0.0,0.0
1,-1.3027772797714086,0.0,-1.633617173293003,-1.7084101992014407,-5.188945025421132,0.0,0.0,0.0,0.0,0.0,0.0,0.0,0.0
2,-1.7846423978724404,-1.633617173293003,0.0,-4.210153743778783,-1.6203589305371628,0.0,0.0,0.0,0.0,0.0,0.0,0.0,0.0
3,-1.7981776705115917,-1.7084101992014407,-4.210153743778783,0.0,-1.6947789577816006,0.0,0.0,0.0,0.0,0.0,0.0,0.0,0.0
4,0.0,-5.188945025421132,-1.6203589305371628,-1.6947789577816006,0.0,-2.8372705887101075,0.0,0.0,0.0,0.0,0.0,0.0,0.0
5,0.0,0.0,0.0,0.0,-2.8372705887101075,0.0,-1.6704404297409599,-2.817446791980038,0.0,0.0,0.0,0.0,0.0
6,0.0,0.0,0.0,0.0,0.0,-1.6704404297409599,0.0,-1.6756800023119949,-2.7253121755561214,-1.599974794224745,0.0,0.0,0.0
7,0.0,0.0,0.0,0.0,0.0,-2.817446791980038,-1.6756800023119949,0.0,-1.7197621068364586,-3.1067894024624634,0.0,0.0,0.0
8,0.0,0.0,0.0,0.0,0.0,0.0,-2.7253121755561214,-1.7197621068364586,0.0,-1.5746330965381414,-1.8879007152248104,-1.133859000017382,0.0
9,0.0,0.0,0.0,0.0,0.0,0.0,-1.599974794224745,-3.1067894024624634,-1.5746330965381414,0.0,-2.589472199357323,-2.036877276765197,-0.9688257462103099
10,0.0,0.0,0.0,0.0,0.0,0.0,0.0,0.0,-1.8879007152248104,-2.589472199357323,0.0,-1.5824158772050791,-1.0785124166192899
11,0.0,0.0,0.0,0.0,0.0,0.0,0.0,0.0,-1.133859000017382,-2.036877276765197,-1.5824158772050791,0.0,-0.7616034464637708
12,0.0,0.0,0.0,0.0,0.0,0.0,0.0,0.0,0.0,-0.9688257462103099,-1.0785124166192899,-0.7616034464637708,0.0
