,0,1,2,3,4,5,6,7,8,9,10,11,12,13,14,15,16,17
0,0.0,-1.923421676875466,-1.9433807348215761,-1.9683509714318508,0.0,0.0,0.0,0.0,0.0,0.0,0.0,0.0,0.0,0.0,0.0,0.0,0.0,0.0
1,-1.923421676875466,0.0,-4.890817706252561,-4.304792915421365,-1.351099366375427,0.0,0.0,0.0,0.0,0.0,0.0,0.0,0.0,0.0,0.0,0.0,0.0,0.0
2,-1.9433807348215761,-4.890817706252561,0.0,-5.098526874671375,-1.331491957553479,0.0,0.0,0.0,0.0,0.0,0.0,0.0,0.0,0.0,0.0,0.0,0.0,0.0
3,-1.9683509714318508,-4.304792915421365,-5.098526874671375,0.0,-1.3118487192230743,-4.008688363190257,-1.2651612721661767,0.0,0.0,0.0,0.0,0.0,0.0,0.0,0.0,0.0,0.0,0.0
4,0.0,-1.351099366375427,-1.331491957553479,-1.3118487192230743,0.0,-1.321712325402488,-3.857636208826586,0.0,0.0,0.0,0.0,0.0,0.0,0.0,0.0,0.0,0.0,0.0
5,0.0,0.0,0.0,-4.008688363190257,-1.321712325402488,0.0,-1.2785817401632755,-4.133209556536296,-3.638690092631218,0.0,0.0,0.0,0.0,0.0,0.0,0.0,0.0,0.0
6,0.0,0.0,0.0,-1.2651612721661767,-3.857636208826586,-1.2785817401632755,0.0,-1.3225921911691676,0.0,-2.8186652445418483,-1.8788859752498772,0.0,0.0,0.0,0.0,0.0,0.0,0.0
7,0.0,0.0,0.0,0.0,0.0,-4.133209556536296,-1.3225921911691676,0.0,-4.562515155301672,-1.572644319022974,-1.8756906446779416,0.0,0.0,0.0,0.0,0.0,0.0,0.0
8,0.0,0.0,0.0,0.0,0.0,-3.638690092631218,0.0,-4.562515155301672,0.0,-1.6161891271754496,-1.9101723342940289,-3.0301803751508074,0.0,0.0,0.0,0.0,0.0,0.0
9,0.0,0.0,0.0,0.0,0.0,0.0,-2.8186652445418483,-1.572644319022974,-1.6161891271754496,0.0,-2.3056410331219053,0.0,0.0,0.0,0.0,0.0,0.0,0.0
10,0.0,0.0,0.0,0.0,0.0,0.0,-1.8788859752498772,-1.8756906446779416,-1.9101723342940289,-2.3056410331219053,0.0,-1.7179334732854497,0.0,0.0,0.0,0.0,0.0,0.0
11,0.0,0.0,0.0,0.0,0.0,0.0,0.0,0.0,-3.0301803751508074,0.0,-1.7179334732854497,0.0,-2.906211212259432,-1.6344780962098215,0.0,0.0,0.0,0.0
12,0.0,0.0,0.0,0.0,0.0,0.0,0.0,0.0,0.0,0.0,0.0,-2.906211212259432,0.0,-1.9463138773445865,-1.5556239909210285,0.0,0.0,0.0
13,0.0,0.0,0.0,0.0,0.0,0.0,0.0,0.0,0.0,0.0,0.0,-1.6344780962098215,-1.9463138773445865,0.0,-2.3580714491144406,0.0,0.0,0.0
14,0.0,0.0,0.0,0.0,0.0,0.0,0.0,0.0,0.0,0.0,0.0,0.0,-1.5556239909210285,-2.3580714491144406,0.0,-2.0894645414447384,-2.172031199767774,-2.462025420885429
15,0.0,0.0,0.0,0.0,0.0,0.0,0.0,0.0,0.0,0.0,0.0,0.0,0.0,0.0,-2.0894645414447384,0.0,-4.023419268432205,-2.3827762352030644
16,0.0,0.0,0.0,0.0,0.0,0.0,0.0,0.0,0.0,0.0,0.0,0.0,0.0,0.0,-2.172031199767774,-4.023419268432205,0.0,-2.342853856564521
17,0.0,0.0,0.0,0.0,0.0,0.0,0.0,0.0,0.0,0.0,0.0,0.0,0.0,0.0,-2.462025420885429,-2.3827762352030644,-2.342853856564521,0.0
