,0,1,2,3,4,5,6,7,8,9,10,11,12,13,14,15,16
0,0.0,-1.0969201747374102,-1.1835852492502994,0.0,0.0,-0.6149730571034466,0.0,0.0,0.0,0.0,0.0,0.0,0.0,0.0,0.0,0.0,0.0
1,-1.0969201747374102,0.0,-3.2004681622781748,0.0,0.0,-0.6543684529647497,0.0,0.0,0.0,0.0,0.0,0.0,0.0,0.0,0.0,0.0,0.0
2,-1.1835852492502994,-3.2004681622781748,0.0,-1.2149284535802198,-3.392889093237876,-0.7233305203514739,0.0,0.0,0.0,0.0,0.0,0.0,0.0,0.0,0.0,0.0,0.0
3,0.0,0.0,-1.2149284535802198,0.0,-1.1493717892488415,-0.6629930280079777,-1.0859412522098228,0.0,0.0,0.0,0.0,0.0,0.0,0.0,0.0,0.0,0.0
4,0.0,0.0,-3.392889093237876,-1.1493717892488415,0.0,-0.6610108274532792,-3.42000745040539,0.0,0.0,0.0,0.0,0.0,0.0,0.0,0.0,0.0,0.0
5,-0.6149730571034466,-0.6543684529647497,-0.7233305203514739,-0.6629930280079777,-0.6610108274532792,0.0,0.0,0.0,0.0,0.0,0.0,0.0,0.0,0.0,0.0,0.0,0.0
6,0.0,0.0,0.0,-1.0859412522098228,-3.42000745040539,0.0,0.0,-1.9229747439928615,0.0,0.0,0.0,0.0,0.0,0.0,0.0,0.0,0.0
7,0.0,0.0,0.0,0.0,0.0,0.0,-1.9229747439928615,0.0,-1.4105996104589218,-0.9631395864985037,0.0,-1.9027679734869773,0.0,0.0,0.0,0.0,0.0
8,0.0,0.0,0.0,0.0,0.0,0.0,0.0,-1.4105996104589218,0.0,-1.8423758792379434,0.0,-1.6712465325287256,0.0,0.0,0.0,0.0,0.0
9,0.0,0.0,0.0,0.0,0.0,0.0,0.0,-0.9631395864985037,-1.8423758792379434,0.0,-2.205668216864687,-1.2927295904959268,-2.324718870795628,0.0,0.0,0.0,0.0
10,0.0,0.0,0.0,0.0,0.0,0.0,0.0,0.0,0.0,-2.205668216864687,0.0,-1.4033340270665875,-4.3483961713967725,0.0,0.0,0.0,0.0
11,0.0,0.0,0.0,0.0,0.0,0.0,0.0,-1.9027679734869773,-1.6712465325287256,-1.2927295904959268,-1.4033340270665875,0.0,-1.4138568868155552,0.0,0.0,0.0,0.0
12,0.0,0.0,0.0,0.0,0.0,0.0,0.0,0.0,0.0,-2.324718870795628,-4.3483961713967725,-1.4138568868155552,0.0,-1.3453292196390465,-0.844733235027069,-1.2469708413829736,0.0
13,0.0,0.0,0.0,0.0,0.0,0.0,0.0,0.0,0.0,0.0,0.0,0.0,-1.3453292196390465,0.0,-1.5118749199225878,-1.2324975350802163,0.20567064195952892
14,0.0,0.0,0.0,0.0,0.0,0.0,0.0,0.0,0.0,0.0,0.0,0.0,-0.844733235027069,-1.5118749199225878,0.0,-0.672239263540787,0.3697096996134234
15,0.0,0.0,0.0,0.0,0.0,0.0,0.0,0.0,0.0,0.0,0.0,0.0,-1.2469708413829736,-1.2324975350802163,-0.672239263540787,0.0,-0.049391195966708594
16,0.0,0.0,0.0,0.0,0.0,0.0,0.0,0.0,0.0,0.0,0.0,0.0,0.0,0.20567064195952892,0.3697096996134234,-0.049391195966708594,0.0
