,0,1,2,3,4,5,6,7,8,9,10,11,12,13,14,15,16,17,18,19,20,21,22,23,24
0,0.0,-4.850331197440906,-0.9662916348340227,-1.5098538248268607,0.0,0.0,0.0,0.0,0.0,0.0,0.0,0.0,0.0,0.0,0.0,0.0,0.0,0.0,0.0,0.0,0.0,0.0,0.0,0.0,0.0
1,-4.850331197440906,0.0,-0.9870532788014543,-1.5322528523794923,0.0,0.0,0.0,0.0,0.0,0.0,0.0,0.0,0.0,0.0,0.0,0.0,0.0,0.0,0.0,0.0,0.0,0.0,0.0,0.0,0.0
2,-0.9662916348340227,-0.9870532788014543,0.0,-1.1908622304512777,-1.0153318260545325,-1.0927366780508287,0.0,0.0,0.0,0.0,0.0,0.0,0.0,0.0,0.0,0.0,0.0,0.0,0.0,0.0,0.0,0.0,0.0,0.0,0.0
3,-1.5098538248268607,-1.5322528523794923,-1.1908622304512777,0.0,-1.5157214867880122,-3.1687869360083156,0.0,0.0,0.0,0.0,0.0,0.0,0.0,0.0,0.0,0.0,0.0,0.0,0.0,0.0,0.0,0.0,0.0,0.0,0.0
4,0.0,0.0,-1.0153318260545325,-1.5157214867880122,0.0,-1.3757075735765694,-1.3962357409169868,0.0,0.0,0.0,0.0,0.0,0.0,0.0,0.0,0.0,0.0,0.0,0.0,0.0,0.0,0.0,0.0,0.0,0.0
5,0.0,0.0,-1.0927366780508287,-3.1687869360083156,-1.3757075735765694,0.0,-4.619284636678432,-1.367491335123075,0.0,0.0,0.0,0.0,0.0,0.0,0.0,0.0,0.0,0.0,0.0,0.0,0.0,0.0,0.0,0.0,0.0
6,0.0,0.0,0.0,0.0,-1.3962357409169868,-4.619284636678432,0.0,-1.3884507000183415,-1.4667155445056768,0.0,0.0,0.0,0.0,0.0,0.0,0.0,0.0,0.0,0.0,0.0,0.0,0.0,0.0,0.0,0.0
7,0.0,0.0,0.0,0.0,0.0,-1.367491335123075,-1.3884507000183415,0.0,-3.9623134658086845,-3.333273198746919,0.0,0.0,0.0,0.0,0.0,0.0,0.0,0.0,0.0,0.0,0.0,0.0,0.0,0.0,0.0
8,0.0,0.0,0.0,0.0,0.0,0.0,-1.4667155445056768,-3.9623134658086845,0.0,-3.3721397269460502,0.0,0.0,0.0,0.0,0.0,0.0,0.0,0.0,0.0,0.0,0.0,0.0,0.0,0.0,0.0
9,0.0,0.0,0.0,0.0,0.0,0.0,0.0,-3.333273198746919,-3.3721397269460502,0.0,-2.679283167099333,0.0,0.0,0.0,0.0,0.0,0.0,0.0,0.0,0.0,0.0,0.0,0.0,0.0,0.0
10,0.0,0.0,0.0,0.0,0.0,0.0,0.0,0.0,0.0,-2.679283167099333,0.0,-1.0233157651451614,-1.0721967031816224,-2.5411988071397023,0.0,0.0,0.0,0.0,0.0,0.0,0.0,0.0,0.0,0.0,0.0
11,0.0,0.0,0.0,0.0,0.0,0.0,0.0,0.0,0.0,0.0,-1.0233157651451614,0.0,-3.2246594709764227,-1.189974299844262,0.0,0.0,0.0,0.0,0.0,0.0,0.0,0.0,0.0,0.0,0.0
12,0.0,0.0,0.0,0.0,0.0,0.0,0.0,0.0,0.0,0.0,-1.0721967031816224,-3.2246594709764227,0.0,-1.2680388099195825,-1.1190520711994338,0.0,0.0,0.0,0.0,0.0,0.0,0.0,0.0,0.0,0.0
13,0.0,0.0,0.0,0.0,0.0,0.0,0.0,0.0,0.0,0.0,-2.5411988071397023,-1.189974299844262,-1.2680388099195825,0.0,-3.07075125071902,-1.4207284401651745,0.0,0.0,0.0,0.0,0.0,0.0,0.0,0.0,0.0
14,0.0,0.0,0.0,0.0,0.0,0.0,0.0,0.0,0.0,0.0,0.0,0.0,-1.1190520711994338,-3.07075125071902,0.0,-1.2506396933058037,0.0,-1.8610424973006663,0.0,0.0,0.0,0.0,0.0,0.0,0.0
15,0.0,0.0,0.0,0.0,0.0,0.0,0.0,0.0,0.0,0.0,0.0,0.0,0.0,-1.4207284401651745,-1.2506396933058037,0.0,-2.0004271426428226,-1.9808182073874092,0.0,0.0,0.0,0.0,0.0,0.0,0.0
16,0.0,0.0,0.0,0.0,0.0,0.0,0.0,0.0,0.0,0.0,0.0,0.0,0.0,0.0,0.0,-2.0004271426428226,0.0,-1.4042197095073787,-2.3141793695678134,-1.569296520924798,0.0,0.0,0.0,0.0,0.0
17,0.0,0.0,0.0,0.0,0.0,0.0,0.0,0.0,0.0,0.0,0.0,0.0,0.0,0.0,-1.8610424973006663,-1.9808182073874092,-1.4042197095073787,0.0,-1.4149993895248183,-1.7094080333393749,0.0,0.0,0.0,0.0,0.0
18,0.0,0.0,0.0,0.0,0.0,0.0,0.0,0.0,0.0,0.0,0.0,0.0,0.0,0.0,0.0,0.0,-2.3141793695678134,-1.4149993895248183,0.0,-2.0160984363473062,0.0,-1.657248205583345,-1.0070642582382519,0.0,0.0
19,0.0,0.0,0.0,0.0,0.0,0.0,0.0,0.0,0.0,0.0,0.0,0.0,0.0,0.0,0.0,0.0,-1.569296520924798,-1.7094080333393749,-2.0160984363473062,0.0,-0.7057785853734294,0.0,0.0,-2.092577929073604,-1.207674789793049
20,0.0,0.0,0.0,0.0,0.0,0.0,0.0,0.0,0.0,0.0,0.0,0.0,0.0,0.0,0.0,0.0,0.0,0.0,0.0,-0.7057785853734294,0.0,-0.7618226090363845,0.0,-0.6241788919917335,0.0
21,0.0,0.0,0.0,0.0,0.0,0.0,0.0,0.0,0.0,0.0,0.0,0.0,0.0,0.0,0.0,0.0,0.0,0.0,-1.657248205583345,0.0,-0.7618226090363845,0.0,-0.6764099484270581,-2.460794404088179,0.0
22,0.0,0.0,0.0,0.0,0.0,0.0,0.0,0.0,0.0,0.0,0.0,0.0,0.0,0.0,0.0,0.0,0.0,0.0,-1.0070642582382519,0.0,0.0,-0.6764099484270581,0.0,0.0,-1.646714533474707
23,0.0,0.0,0.0,0.0,0.0,0.0,0.0,0.0,0.0,0.0,0.0,0.0,0.0,0.0,0.0,0.0,0.0,0.0,0.0,-2.092577929073604,-0.6241788919917335,-2.460794404088179,0.0,0.0,-1.1525110120440818
24,0.0,0.0,0.0,0.0,0.0,0.0,0.0,0.0,0.0,0.0,0.0,0.0,0.0,0.0,0.0,0.0,0.0,0.0,0.0,-1.207674789793049,0.0,0.0,-1.646714533474707,-1.1525110120440818,0.0
