,0,1,2,3,4,5,6,7,8,9,10,11,12,13,14,15,16,17,18,19,20,21,22
0,0.0,-2.096216572584226,-2.8427069997185614,-3.216312331530391,0.0,0.0,0.0,0.0,0.0,0.0,0.0,0.0,0.0,0.0,0.0,0.0,0.0,0.0,0.0,0.0,0.0,0.0,0.0
1,-2.096216572584226,0.0,-2.1928422706721116,-2.224410929806704,0.0,0.0,0.0,0.0,0.0,0.0,0.0,0.0,0.0,0.0,0.0,0.0,0.0,0.0,0.0,0.0,0.0,0.0,0.0
2,-2.8427069997185614,-2.1928422706721116,0.0,-3.9748515210346365,-3.312105876418247,-1.6857799957655233,0.0,0.0,0.0,0.0,0.0,0.0,0.0,0.0,0.0,0.0,0.0,0.0,0.0,0.0,0.0,0.0,0.0
3,-3.216312331530391,-2.224410929806704,-3.9748515210346365,0.0,-2.9836394458772775,-1.7900526609862613,0.0,0.0,0.0,0.0,0.0,0.0,0.0,0.0,0.0,0.0,0.0,0.0,0.0,0.0,0.0,0.0,0.0
4,0.0,0.0,-3.312105876418247,-2.9836394458772775,0.0,-1.5841526863371942,-1.3886626435322638,-2.6224411606700015,0.0,0.0,0.0,0.0,0.0,0.0,0.0,0.0,0.0,0.0,0.0,0.0,0.0,0.0,0.0
5,0.0,0.0,-1.6857799957655233,-1.7900526609862613,-1.5841526863371942,0.0,-2.2968534780437353,-2.019214677507693,0.0,0.0,0.0,0.0,0.0,0.0,0.0,0.0,0.0,0.0,0.0,0.0,0.0,0.0,0.0
6,0.0,0.0,0.0,0.0,-1.3886626435322638,-2.2968534780437353,0.0,-1.7018901996268125,-1.849200393092506,0.0,0.0,0.0,0.0,0.0,0.0,0.0,0.0,0.0,0.0,0.0,0.0,0.0,0.0
7,0.0,0.0,0.0,0.0,-2.6224411606700015,-2.019214677507693,-1.7018901996268125,0.0,-3.6791728383280278,-3.618324645218878,0.0,0.0,0.0,0.0,0.0,0.0,0.0,0.0,0.0,0.0,0.0,0.0,0.0
8,0.0,0.0,0.0,0.0,0.0,0.0,-1.849200393092506,-3.6791728383280278,0.0,-3.140828875957619,-0.33117557991973373,-2.018199029305719,0.0,0.0,0.0,0.0,0.0,0.0,0.0,0.0,0.0,0.0,0.0
9,0.0,0.0,0.0,0.0,0.0,0.0,0.0,-3.618324645218878,-3.140828875957619,0.0,-0.3928753766216048,-1.7740882970604848,-3.1253758524003534,0.0,0.0,0.0,0.0,0.0,0.0,0.0,0.0,0.0,0.0
10,0.0,0.0,0.0,0.0,0.0,0.0,0.0,0.0,-0.33117557991973373,-0.3928753766216048,0.0,0.0,-0.32999664615792224,0.0,0.0,0.0,0.0,0.0,0.0,0.0,0.0,0.0,0.0
11,0.0,0.0,0.0,0.0,0.0,0.0,0.0,0.0,-2.018199029305719,-1.7740882970604848,0.0,0.0,-2.0129747013467387,-2.516170597703277,-1.3675356515244548,0.0,0.0,0.0,0.0,0.0,0.0,0.0,0.0
12,0.0,0.0,0.0,0.0,0.0,0.0,0.0,0.0,0.0,-3.1253758524003534,-0.32999664615792224,-2.0129747013467387,0.0,-1.9728647646055069,-1.9326330318740952,0.0,0.0,0.0,0.0,0.0,0.0,0.0,0.0
13,0.0,0.0,0.0,0.0,0.0,0.0,0.0,0.0,0.0,0.0,0.0,-2.516170597703277,-1.9728647646055069,0.0,-1.5405200823881378,-1.606718467647797,0.0,0.0,0.0,0.0,0.0,0.0,0.0
14,0.0,0.0,0.0,0.0,0.0,0.0,0.0,0.0,0.0,0.0,0.0,-1.3675356515244548,-1.9326330318740952,-1.5405200823881378,0.0,-1.9506079822920184,-1.2668761085067488,0.0,0.0,0.0,0.0,0.0,0.0
15,0.0,0.0,0.0,0.0,0.0,0.0,0.0,0.0,0.0,0.0,0.0,0.0,0.0,-1.606718467647797,-1.9506079822920184,0.0,-1.5531110159541464,0.0,0.0,0.0,0.0,0.0,0.0
16,0.0,0.0,0.0,0.0,0.0,0.0,0.0,0.0,0.0,0.0,0.0,0.0,0.0,0.0,-1.2668761085067488,-1.5531110159541464,0.0,-0.6931542003836314,0.0,0.0,0.0,0.0,0.0
17,0.0,0.0,0.0,0.0,0.0,0.0,0.0,0.0,0.0,0.0,0.0,0.0,0.0,0.0,0.0,0.0,-0.6931542003836314,0.0,-0.6220663161153369,0.0,0.0,-1.2062948937429305,0.0
18,0.0,0.0,0.0,0.0,0.0,0.0,0.0,0.0,0.0,0.0,0.0,0.0,0.0,0.0,0.0,0.0,0.0,-0.6220663161153369,0.0,-3.3782341420020057,-0.8084293593957234,0.0,-2.2383831314296976
19,0.0,0.0,0.0,0.0,0.0,0.0,0.0,0.0,0.0,0.0,0.0,0.0,0.0,0.0,0.0,0.0,0.0,0.0,-3.3782341420020057,0.0,-0.8724393111569151,-0.20113243302818376,-2.0835148989559458
20,0.0,0.0,0.0,0.0,0.0,0.0,0.0,0.0,0.0,0.0,0.0,0.0,0.0,0.0,0.0,0.0,0.0,0.0,-0.8084293593957234,-0.8724393111569151,0.0,-0.42940006044846896,-0.8238264605462388
21,0.0,0.0,0.0,0.0,0.0,0.0,0.0,0.0,0.0,0.0,0.0,0.0,0.0,0.0,0.0,0.0,0.0,-1.2062948937429305,0.0,-0.20113243302818376,-0.42940006044846896,0.0,-0.32079736191660957
22,0.0,0.0,0.0,0.0,0.0,0.0,0.0,0.0,0.0,0.0,0.0,0.0,0.0,0.0,0.0,0.0,0.0,0.0,-2.2383831314296976,-2.0835148989559458,-0.8238264605462388,-0.32079736191660957,0.0
