,0,1,2,3,4,5,6,7,8,9,10,11,12,13,14,15,16,17,18,19,20,21,22,23,24,25
0,0.0,-1.141238258272098,-1.096880031333981,-1.1086048634618428,0.0,0.0,0.0,0.0,0.0,0.0,0.0,0.0,0.0,0.0,0.0,0.0,0.0,0.0,0.0,0.0,0.0,0.0,0.0,0.0,0.0,0.0
1,-1.141238258272098,0.0,-3.9308878887060597,-3.4248206837785276,0.0,0.0,-2.7377633959327796,0.0,0.0,0.0,0.0,0.0,0.0,0.0,0.0,0.0,0.0,0.0,0.0,0.0,0.0,0.0,0.0,0.0,0.0,0.0
2,-1.096880031333981,-3.9308878887060597,0.0,-3.0993821564008517,-0.8510645007070902,0.0,-2.571169919731523,0.0,0.0,0.0,0.0,0.0,0.0,0.0,0.0,0.0,0.0,0.0,0.0,0.0,0.0,0.0,0.0,0.0,0.0,0.0
3,-1.1086048634618428,-3.4248206837785276,-3.0993821564008517,0.0,-0.7883644104141861,0.0,-2.4450574459536862,0.0,0.0,0.0,0.0,0.0,0.0,0.0,0.0,0.0,0.0,0.0,0.0,0.0,0.0,0.0,0.0,0.0,0.0,0.0
4,0.0,0.0,-0.8510645007070902,-0.7883644104141861,0.0,-3.002895208060934,-0.993953958217403,0.0,-0.8791083875347646,0.0,0.0,0.0,0.0,0.0,0.0,0.0,0.0,0.0,0.0,0.0,0.0,0.0,0.0,0.0,0.0,0.0
5,0.0,0.0,0.0,0.0,-3.002895208060934,0.0,-1.1187783926713262,-2.5586582830138087,-0.9838367238849713,0.0,0.0,0.0,0.0,0.0,0.0,0.0,0.0,0.0,0.0,0.0,0.0,0.0,0.0,0.0,0.0,0.0
6,0.0,-2.7377633959327796,-2.571169919731523,-2.4450574459536862,-0.993953958217403,-1.1187783926713262,0.0,0.0,-2.891265369220315,0.0,0.0,0.0,0.0,0.0,0.0,0.0,0.0,0.0,0.0,0.0,0.0,0.0,0.0,0.0,0.0,0.0
7,0.0,0.0,0.0,0.0,0.0,-2.5586582830138087,0.0,0.0,-0.9009684980161775,-0.9230535770416697,0.0,0.0,0.0,0.0,0.0,0.0,0.0,0.0,0.0,0.0,0.0,0.0,0.0,0.0,0.0,0.0
8,0.0,0.0,0.0,0.0,-0.8791083875347646,-0.9838367238849713,-2.891265369220315,-0.9009684980161775,0.0,-4.185737634179055,0.0,0.0,0.0,0.0,0.0,0.0,0.0,0.0,0.0,0.0,0.0,0.0,0.0,0.0,0.0,0.0
9,0.0,0.0,0.0,0.0,0.0,0.0,0.0,-0.9230535770416697,-4.185737634179055,0.0,-2.019475956056616,0.0,0.0,0.0,0.0,0.0,0.0,0.0,0.0,0.0,0.0,0.0,0.0,0.0,0.0,0.0
10,0.0,0.0,0.0,0.0,0.0,0.0,0.0,0.0,0.0,-2.019475956056616,0.0,-2.1817282290251994,-1.5762290880872398,0.0,0.0,0.0,0.0,0.0,0.0,0.0,0.0,0.0,0.0,0.0,0.0,0.0
11,0.0,0.0,0.0,0.0,0.0,0.0,0.0,0.0,0.0,0.0,-2.1817282290251994,0.0,-1.577546209645284,0.0,-1.697491046349994,0.0,0.0,0.0,0.0,0.0,0.0,0.0,0.0,0.0,0.0,0.0
12,0.0,0.0,0.0,0.0,0.0,0.0,0.0,0.0,0.0,0.0,-1.5762290880872398,-1.577546209645284,0.0,0.0,-3.227476302557136,0.0,0.0,0.0,0.0,0.0,0.0,0.0,0.0,0.0,0.0,0.0
13,0.0,0.0,0.0,0.0,0.0,0.0,0.0,0.0,0.0,0.0,0.0,0.0,0.0,0.0,-0.26110725551020736,-0.19438468069278136,-0.6658433506482335,0.0,0.0,0.0,0.0,0.0,0.0,0.0,0.0,0.0
14,0.0,0.0,0.0,0.0,0.0,0.0,0.0,0.0,0.0,0.0,0.0,-1.697491046349994,-3.227476302557136,-0.26110725551020736,0.0,-2.910739969416543,-1.3421773055699198,-3.010215090268197,0.0,0.0,0.0,0.0,0.0,0.0,0.0,0.0
15,0.0,0.0,0.0,0.0,0.0,0.0,0.0,0.0,0.0,0.0,0.0,0.0,0.0,-0.19438468069278136,-2.910739969416543,0.0,-1.1532523854669212,-2.303363292224293,0.0,0.0,0.0,0.0,0.0,0.0,0.0,0.0
16,0.0,0.0,0.0,0.0,0.0,0.0,0.0,0.0,0.0,0.0,0.0,0.0,0.0,-0.6658433506482335,-1.3421773055699198,-1.1532523854669212,0.0,-1.501876548132641,-0.4438568602402255,0.0,-1.0668762636305102,-1.1194081862613932,0.0,0.0,0.0,0.0
17,0.0,0.0,0.0,0.0,0.0,0.0,0.0,0.0,0.0,0.0,0.0,0.0,0.0,0.0,-3.010215090268197,-2.303363292224293,-1.501876548132641,0.0,-0.8510319479873245,0.0,0.0,-2.238189824120267,-0.2386214810662258,0.0,0.0,0.0
18,0.0,0.0,0.0,0.0,0.0,0.0,0.0,0.0,0.0,0.0,0.0,0.0,0.0,0.0,0.0,0.0,-0.4438568602402255,-0.8510319479873245,0.0,0.0,0.0,-1.0625921269107919,-0.7162697714781967,0.0,0.0,0.0
19,0.0,0.0,0.0,0.0,0.0,0.0,0.0,0.0,0.0,0.0,0.0,0.0,0.0,0.0,0.0,0.0,0.0,0.0,0.0,0.0,-0.2726776350631813,-0.6651136082499105,0.0,-0.5461724872520173,-0.6909685890375532,0.0
20,0.0,0.0,0.0,0.0,0.0,0.0,0.0,0.0,0.0,0.0,0.0,0.0,0.0,0.0,0.0,0.0,-1.0668762636305102,0.0,0.0,-0.2726776350631813,0.0,-0.4285484262799337,0.0,0.0,0.0,-1.0646109047233725
21,0.0,0.0,0.0,0.0,0.0,0.0,0.0,0.0,0.0,0.0,0.0,0.0,0.0,0.0,0.0,0.0,-1.1194081862613932,-2.238189824120267,-1.0625921269107919,-0.6651136082499105,-0.4285484262799337,0.0,-0.28111485479457,0.0,0.0,0.0
22,0.0,0.0,0.0,0.0,0.0,0.0,0.0,0.0,0.0,0.0,0.0,0.0,0.0,0.0,0.0,0.0,0.0,-0.2386214810662258,-0.7162697714781967,0.0,0.0,-0.28111485479457,0.0,0.0,0.0,0.0
23,0.0,0.0,0.0,0.0,0.0,0.0,0.0,0.0,0.0,0.0,0.0,0.0,0.0,0.0,0.0,0.0,0.0,0.0,0.0,-0.5461724872520173,0.0,0.0,0.0,0.0,-0.7904981930471141,-0.33612580326422775
24,0.0,0.0,0.0,0.0,0.0,0.0,0.0,0.0,0.0,0.0,0.0,0.0,0.0,0.0,0.0,0.0,0.0,0.0,0.0,-0.6909685890375532,0.0,0.0,0.0,-0.7904981930471141,0.0,-1.3402387013420938
25,0.0,0.0,0.0,0.0,0.0,0.0,0.0,0.0,0.0,0.0,0.0,0.0,0.0,0.0,0.0,0.0,0.0,0.0,0.0,0.0,-1.0646109047233725,0.0,0.0,-0.33612580326422775,-1.3402387013420938,0.0
