,0,1,2,3,4,5,6,7,8,9,10,11,12,13,14,15,16,17,18,19,20
0,0.0,-3.014298163692624,-2.8198624301980346,-1.3368656540122026,0.0,0.0,0.0,0.0,0.0,0.0,0.0,0.0,0.0,0.0,0.0,0.0,0.0,0.0,0.0,0.0,0.0
1,-3.014298163692624,0.0,-3.81553473229779,-1.530839201092472,-1.5137531438847012,0.0,0.0,0.0,0.0,0.0,0.0,0.0,0.0,0.0,0.0,0.0,0.0,0.0,0.0,0.0,0.0
2,-2.8198624301980346,-3.81553473229779,0.0,-1.5193835093631731,-1.5064131200759445,-1.4565321048955162,0.0,0.0,0.0,0.0,0.0,0.0,0.0,0.0,0.0,0.0,0.0,0.0,0.0,0.0,0.0
3,-1.3368656540122026,-1.530839201092472,-1.5193835093631731,0.0,-4.6761848800336185,-3.6432697254410376,0.0,0.0,0.0,0.0,0.0,0.0,0.0,0.0,0.0,0.0,0.0,0.0,0.0,0.0,0.0
4,0.0,-1.5137531438847012,-1.5064131200759445,-4.6761848800336185,0.0,-4.0607139324422095,0.0,0.0,0.0,0.0,0.0,0.0,0.0,0.0,0.0,0.0,0.0,0.0,0.0,0.0,0.0
5,0.0,0.0,-1.4565321048955162,-3.6432697254410376,-4.0607139324422095,0.0,-4.601016419266022,-1.407433855573001,-5.019885907343967,0.0,0.0,0.0,0.0,0.0,0.0,0.0,0.0,0.0,0.0,0.0,0.0
6,0.0,0.0,0.0,0.0,0.0,-4.601016419266022,0.0,-1.3689476251653112,-4.5599611013372,0.0,0.0,0.0,0.0,0.0,0.0,0.0,0.0,0.0,0.0,0.0,0.0
7,0.0,0.0,0.0,0.0,0.0,-1.407433855573001,-1.3689476251653112,0.0,-1.3927417428274997,-1.429602921742012,0.0,0.0,0.0,0.0,0.0,0.0,0.0,0.0,0.0,0.0,0.0
8,0.0,0.0,0.0,0.0,0.0,-5.019885907343967,-4.5599611013372,-1.3927417428274997,0.0,-3.4677589637850685,0.0,0.0,0.0,0.0,0.0,0.0,0.0,0.0,0.0,0.0,0.0
9,0.0,0.0,0.0,0.0,0.0,0.0,0.0,-1.429602921742012,-3.4677589637850685,0.0,-1.3735631018652903,0.0,0.0,0.0,0.0,0.0,0.0,0.0,0.0,0.0,0.0
10,0.0,0.0,0.0,0.0,0.0,0.0,0.0,0.0,0.0,-1.3735631018652903,0.0,-4.506712490870064,-1.447365763895684,0.0,0.0,0.0,0.0,0.0,0.0,0.0,0.0
11,0.0,0.0,0.0,0.0,0.0,0.0,0.0,0.0,0.0,0.0,-4.506712490870064,0.0,-1.487353125389159,-5.65905872624022,-1.832180828559952,0.0,0.0,0.0,0.0,0.0,0.0
12,0.0,0.0,0.0,0.0,0.0,0.0,0.0,0.0,0.0,0.0,-1.447365763895684,-1.487353125389159,0.0,-1.4943781747732032,-2.282032131635724,0.0,0.0,0.0,0.0,0.0,0.0
13,0.0,0.0,0.0,0.0,0.0,0.0,0.0,0.0,0.0,0.0,0.0,-5.65905872624022,-1.4943781747732032,0.0,-1.8333625487695069,-2.48275255979278,0.0,0.0,0.0,0.0,0.0
14,0.0,0.0,0.0,0.0,0.0,0.0,0.0,0.0,0.0,0.0,0.0,-1.832180828559952,-2.282032131635724,-1.8333625487695069,0.0,-2.5478125009551245,0.0,0.0,0.0,0.0,0.0
15,0.0,0.0,0.0,0.0,0.0,0.0,0.0,0.0,0.0,0.0,0.0,0.0,0.0,-2.48275255979278,-2.5478125009551245,0.0,-2.85262034033358,0.0,0.0,0.0,0.0
16,0.0,0.0,0.0,0.0,0.0,0.0,0.0,0.0,0.0,0.0,0.0,0.0,0.0,0.0,0.0,-2.85262034033358,0.0,-1.751294023052371,-3.1307355989815893,0.0,0.0
17,0.0,0.0,0.0,0.0,0.0,0.0,0.0,0.0,0.0,0.0,0.0,0.0,0.0,0.0,0.0,0.0,-1.751294023052371,0.0,-1.5280641232534191,-2.6731858592781976,-1.3380073756943653
18,0.0,0.0,0.0,0.0,0.0,0.0,0.0,0.0,0.0,0.0,0.0,0.0,0.0,0.0,0.0,0.0,-3.1307355989815893,-1.5280641232534191,0.0,-1.2677136272609717,-2.6200213987949708
19,0.0,0.0,0.0,0.0,0.0,0.0,0.0,0.0,0.0,0.0,0.0,0.0,0.0,0.0,0.0,0.0,0.0,-2.6731858592781976,-1.2677136272609717,0.0,-1.1070256766850868
20,0.0,0.0,0.0,0.0,0.0,0.0,0.0,0.0,0.0,0.0,0.0,0.0,0.0,0.0,0.0,0.0,0.0,-1.3380073756943653,-2.6200213987949708,-1.1070256766850868,0.0
