,0,1,2,3,4,5,6,7,8,9,10,11,12,13,14,15,16,17,18,19
0,0.0,-4.133136009817063,-3.4007128522848196,-3.882763255621657,0.0,0.0,0.0,0.0,0.0,0.0,0.0,0.0,0.0,0.0,0.0,0.0,0.0,0.0,0.0,0.0
1,-4.133136009817063,0.0,-3.616687441847753,-3.7388258972440855,-3.941327088260931,0.0,0.0,0.0,0.0,0.0,0.0,0.0,0.0,0.0,0.0,0.0,0.0,0.0,0.0,0.0
2,-3.4007128522848196,-3.616687441847753,0.0,-4.032748748157938,-3.3273895791931722,-4.313170631580718,0.0,0.0,0.0,0.0,0.0,0.0,0.0,0.0,0.0,0.0,0.0,0.0,0.0,0.0
3,-3.882763255621657,-3.7388258972440855,-4.032748748157938,0.0,-3.819690476690215,-3.4825595148070483,0.0,0.0,0.0,0.0,0.0,0.0,0.0,0.0,0.0,0.0,0.0,0.0,0.0,0.0
4,0.0,-3.941327088260931,-3.3273895791931722,-3.819690476690215,0.0,-3.013260495778936,0.0,0.0,0.0,0.0,0.0,0.0,0.0,0.0,0.0,0.0,0.0,0.0,0.0,0.0
5,0.0,0.0,-4.313170631580718,-3.4825595148070483,-3.013260495778936,0.0,-0.8761150077052906,-3.556447273356011,-3.256849417481551,0.0,0.0,0.0,0.0,0.0,0.0,0.0,0.0,0.0,0.0,0.0
6,0.0,0.0,0.0,0.0,0.0,-0.8761150077052906,0.0,-0.8345333513143133,0.0,-1.141508442304216,0.0,0.0,0.0,0.0,0.0,0.0,0.0,0.0,0.0,0.0
7,0.0,0.0,0.0,0.0,0.0,-3.556447273356011,-0.8345333513143133,0.0,-3.88932587510634,-2.02727643506337,0.0,0.0,0.0,0.0,0.0,0.0,0.0,0.0,0.0,0.0
8,0.0,0.0,0.0,0.0,0.0,-3.256849417481551,0.0,-3.88932587510634,0.0,-2.1723792035950473,-1.354440739577199,0.0,0.0,0.0,0.0,0.0,0.0,0.0,0.0,0.0
9,0.0,0.0,0.0,0.0,0.0,0.0,-1.141508442304216,-2.02727643506337,-2.1723792035950473,0.0,-1.888459591005377,0.0,0.0,0.0,0.0,0.0,0.0,0.0,0.0,0.0
10,0.0,0.0,0.0,0.0,0.0,0.0,0.0,0.0,-1.354440739577199,-1.888459591005377,0.0,-2.695379439700941,0.0,0.0,0.0,0.0,0.0,0.0,0.0,0.0
11,0.0,0.0,0.0,0.0,0.0,0.0,0.0,0.0,0.0,0.0,-2.695379439700941,0.0,-2.225051447343939,-1.7703812945977544,-1.551730430847159,0.0,0.0,0.0,0.0,0.0
12,0.0,0.0,0.0,0.0,0.0,0.0,0.0,0.0,0.0,0.0,0.0,-2.225051447343939,0.0,-1.3544698727605342,-1.9871961154837305,-1.6276150084596301,-1.8849586092419879,0.0,0.0,0.0
13,0.0,0.0,0.0,0.0,0.0,0.0,0.0,0.0,0.0,0.0,0.0,-1.7703812945977544,-1.3544698727605342,0.0,-0.9663165094730276,-1.943238939293031,0.0,0.0,0.0,0.0
14,0.0,0.0,0.0,0.0,0.0,0.0,0.0,0.0,0.0,0.0,0.0,-1.551730430847159,-1.9871961154837305,-0.9663165094730276,0.0,-1.2692757371884253,-1.837955758313188,0.0,0.0,0.0
15,0.0,0.0,0.0,0.0,0.0,0.0,0.0,0.0,0.0,0.0,0.0,0.0,-1.6276150084596301,-1.943238939293031,-1.2692757371884253,0.0,-1.9318458492243646,-1.6544259277459583,0.0,0.0
16,0.0,0.0,0.0,0.0,0.0,0.0,0.0,0.0,0.0,0.0,0.0,0.0,-1.8849586092419879,0.0,-1.837955758313188,-1.9318458492243646,0.0,-1.1469138957778733,-2.6419316109959925,-1.4246419014891476
17,0.0,0.0,0.0,0.0,0.0,0.0,0.0,0.0,0.0,0.0,0.0,0.0,0.0,0.0,0.0,-1.6544259277459583,-1.1469138957778733,0.0,-0.9975213833302,-2.0555903220053975
18,0.0,0.0,0.0,0.0,0.0,0.0,0.0,0.0,0.0,0.0,0.0,0.0,0.0,0.0,0.0,0.0,-2.6419316109959925,-0.9975213833302,0.0,-1.1850014245068077
19,0.0,0.0,0.0,0.0,0.0,0.0,0.0,0.0,0.0,0.0,0.0,0.0,0.0,0.0,0.0,0.0,-1.4246419014891476,-2.0555903220053975,-1.1850014245068077,0.0
