,0,1,2,3,4,5,6,7,8,9,10,11,12,13,14,15,16,17,18,19,20,21,22,23,24,25,26,27
0,0.0,-4.262694409757699,-4.422354529260684,-2.864724802789041,0.0,0.0,0.0,0.0,0.0,0.0,0.0,0.0,0.0,0.0,0.0,0.0,0.0,0.0,0.0,0.0,0.0,0.0,0.0,0.0,0.0,0.0,0.0,0.0
1,-4.262694409757699,0.0,-3.802808368939608,-2.900214472163665,-3.6445701426180093,0.0,0.0,0.0,0.0,0.0,0.0,0.0,0.0,0.0,0.0,0.0,0.0,0.0,0.0,0.0,0.0,0.0,0.0,0.0,0.0,0.0,0.0,0.0
2,-4.422354529260684,-3.802808368939608,0.0,-3.0194823004889804,-3.4185279097519987,0.0,0.0,0.0,0.0,0.0,0.0,0.0,0.0,0.0,0.0,0.0,0.0,0.0,0.0,0.0,0.0,0.0,0.0,0.0,0.0,0.0,0.0,0.0
3,-2.864724802789041,-2.900214472163665,-3.0194823004889804,0.0,-2.5479515280064233,-2.593139724724111,0.0,-2.1211553739731523,0.0,0.0,0.0,0.0,0.0,0.0,0.0,0.0,0.0,0.0,0.0,0.0,0.0,0.0,0.0,0.0,0.0,0.0,0.0,0.0
4,0.0,-3.6445701426180093,-3.4185279097519987,-2.5479515280064233,0.0,-3.9760841155479167,0.0,-2.9612847521515846,0.0,0.0,0.0,0.0,0.0,0.0,0.0,0.0,0.0,0.0,0.0,0.0,0.0,0.0,0.0,0.0,0.0,0.0,0.0,0.0
5,0.0,0.0,0.0,-2.593139724724111,-3.9760841155479167,0.0,-1.9506457893390154,-2.6721976983710922,0.0,0.0,0.0,0.0,0.0,0.0,0.0,0.0,0.0,0.0,0.0,0.0,0.0,0.0,0.0,0.0,0.0,0.0,0.0,0.0
6,0.0,0.0,0.0,0.0,0.0,-1.9506457893390154,0.0,-1.5636057598751782,-1.7287910496811565,-2.0038265849141648,0.0,0.0,0.0,0.0,0.0,0.0,0.0,0.0,0.0,0.0,0.0,0.0,0.0,0.0,0.0,0.0,0.0,0.0
7,0.0,0.0,0.0,-2.1211553739731523,-2.9612847521515846,-2.6721976983710922,-1.5636057598751782,0.0,-2.6916412021996368,-2.561656457809613,0.0,0.0,0.0,0.0,0.0,0.0,0.0,0.0,0.0,0.0,0.0,0.0,0.0,0.0,0.0,0.0,0.0,0.0
8,0.0,0.0,0.0,0.0,0.0,0.0,-1.7287910496811565,-2.6916412021996368,0.0,-2.9556565778955908,0.0,0.0,0.0,0.0,0.0,0.0,0.0,0.0,0.0,0.0,0.0,0.0,0.0,0.0,0.0,0.0,0.0,0.0
9,0.0,0.0,0.0,0.0,0.0,0.0,-2.0038265849141648,-2.561656457809613,-2.9556565778955908,0.0,-2.4800012721831766,0.0,0.0,0.0,0.0,0.0,0.0,0.0,0.0,0.0,0.0,0.0,0.0,0.0,0.0,0.0,0.0,0.0
10,0.0,0.0,0.0,0.0,0.0,0.0,0.0,0.0,0.0,-2.4800012721831766,0.0,-1.7468057470475356,-2.3006702603368487,0.0,0.0,0.0,0.0,0.0,0.0,0.0,0.0,0.0,0.0,0.0,0.0,0.0,0.0,0.0
11,0.0,0.0,0.0,0.0,0.0,0.0,0.0,0.0,0.0,0.0,-1.7468057470475356,0.0,-1.355942230767104,-1.1007332928090536,0.0,0.0,0.0,0.0,0.0,0.0,0.0,0.0,0.0,0.0,0.0,0.0,0.0,0.0
12,0.0,0.0,0.0,0.0,0.0,0.0,0.0,0.0,0.0,0.0,-2.3006702603368487,-1.355942230767104,0.0,-0.7383271227012667,0.0,0.0,0.0,0.0,0.0,0.0,0.0,0.0,0.0,0.0,0.0,0.0,0.0,0.0
13,0.0,0.0,0.0,0.0,0.0,0.0,0.0,0.0,0.0,0.0,0.0,-1.1007332928090536,-0.7383271227012667,0.0,-0.9813805687560768,-1.1203160159721959,-1.9447623069386084,0.0,0.0,0.0,0.0,0.0,0.0,0.0,0.0,0.0,0.0,0.0
14,0.0,0.0,0.0,0.0,0.0,0.0,0.0,0.0,0.0,0.0,0.0,0.0,0.0,-0.9813805687560768,0.0,-0.41510883984121394,-1.2381750506326246,-0.2697083533160549,0.0,0.0,0.0,0.0,0.0,0.0,0.0,0.0,0.0,0.0
15,0.0,0.0,0.0,0.0,0.0,0.0,0.0,0.0,0.0,0.0,0.0,0.0,0.0,-1.1203160159721959,-0.41510883984121394,0.0,-0.7574886309680189,0.260274987182029,0.0,0.0,0.0,0.0,0.0,0.0,0.0,0.0,0.0,0.0
16,0.0,0.0,0.0,0.0,0.0,0.0,0.0,0.0,0.0,0.0,0.0,0.0,0.0,-1.9447623069386084,-1.2381750506326246,-0.7574886309680189,0.0,0.04880610970960928,-1.560369940549936,-1.72701008455046,0.0,0.0,0.0,0.0,0.0,0.0,0.0,0.0
17,0.0,0.0,0.0,0.0,0.0,0.0,0.0,0.0,0.0,0.0,0.0,0.0,0.0,0.0,-0.2697083533160549,0.260274987182029,0.04880610970960928,0.0,0.0,0.0,0.0,0.0,0.0,0.0,0.0,0.0,0.0,0.0
18,0.0,0.0,0.0,0.0,0.0,0.0,0.0,0.0,0.0,0.0,0.0,0.0,0.0,0.0,0.0,0.0,-1.560369940549936,0.0,0.0,-0.9498928463061036,-1.3611883281085244,-0.5776764508144734,0.0,0.0,0.0,0.0,0.0,0.0
19,0.0,0.0,0.0,0.0,0.0,0.0,0.0,0.0,0.0,0.0,0.0,0.0,0.0,0.0,0.0,0.0,-1.72701008455046,0.0,-0.9498928463061036,0.0,-1.350347211754521,0.0,0.0,0.0,-0.43325247114050885,0.0,0.0,0.0
20,0.0,0.0,0.0,0.0,0.0,0.0,0.0,0.0,0.0,0.0,0.0,0.0,0.0,0.0,0.0,0.0,0.0,0.0,-1.3611883281085244,-1.350347211754521,0.0,-0.3853516577053188,0.0,0.0,-0.5861305633358904,0.0,0.0,0.0
21,0.0,0.0,0.0,0.0,0.0,0.0,0.0,0.0,0.0,0.0,0.0,0.0,0.0,0.0,0.0,0.0,0.0,0.0,-0.5776764508144734,0.0,-0.3853516577053188,0.0,-0.7203968224280003,-0.8562853040906688,0.0,-0.8612078069810637,0.0,0.0
22,0.0,0.0,0.0,0.0,0.0,0.0,0.0,0.0,0.0,0.0,0.0,0.0,0.0,0.0,0.0,0.0,0.0,0.0,0.0,0.0,0.0,-0.7203968224280003,0.0,-2.328416908198098,0.0,-2.0624130948269785,-1.0343785566862924,-0.3923753392735178
23,0.0,0.0,0.0,0.0,0.0,0.0,0.0,0.0,0.0,0.0,0.0,0.0,0.0,0.0,0.0,0.0,0.0,0.0,0.0,0.0,0.0,-0.8562853040906688,-2.328416908198098,0.0,0.0,-3.4197320135107865,-0.9725255751265678,-0.39319255324479835
24,0.0,0.0,0.0,0.0,0.0,0.0,0.0,0.0,0.0,0.0,0.0,0.0,0.0,0.0,0.0,0.0,0.0,0.0,0.0,-0.43325247114050885,-0.5861305633358904,0.0,0.0,0.0,0.0,0.0,0.0,-0.8892140008669238
25,0.0,0.0,0.0,0.0,0.0,0.0,0.0,0.0,0.0,0.0,0.0,0.0,0.0,0.0,0.0,0.0,0.0,0.0,0.0,0.0,0.0,-0.8612078069810637,-2.0624130948269785,-3.4197320135107865,0.0,0.0,-0.980638378658843,0.0
26,0.0,0.0,0.0,0.0,0.0,0.0,0.0,0.0,0.0,0.0,0.0,0.0,0.0,0.0,0.0,0.0,0.0,0.0,0.0,0.0,0.0,0.0,-1.0343785566862924,-0.9725255751265678,0.0,-0.980638378658843,0.0,-1.1024671012561316
27,0.0,0.0,0.0,0.0,0.0,0.0,0.0,0.0,0.0,0.0,0.0,0.0,0.0,0.0,0.0,0.0,0.0,0.0,0.0,0.0,0.0,0.0,-0.3923753392735178,-0.39319255324479835,-0.8892140008669238,0.0,-1.1024671012561316,0.0
