,0,1,2,3,4,5,6,7,8,9,10,11,12,13,14,15,16,17,18
0,0.0,-4.052892375165063,-3.596230285476697,-4.639341731057448,0.0,0.0,0.0,0.0,0.0,0.0,0.0,0.0,0.0,0.0,0.0,0.0,0.0,0.0,0.0
1,-4.052892375165063,0.0,-3.111768420136292,-3.616548381984834,-3.8796319587280093,0.0,0.0,0.0,0.0,0.0,0.0,0.0,0.0,0.0,0.0,0.0,0.0,0.0,0.0
2,-3.596230285476697,-3.111768420136292,0.0,-4.030645257128626,-3.133734951094818,-4.1757580329210455,0.0,0.0,0.0,0.0,0.0,0.0,0.0,0.0,0.0,0.0,0.0,0.0,0.0
3,-4.639341731057448,-3.616548381984834,-4.030645257128626,0.0,-3.504896150439519,-5.152051640599722,-2.328998386541703,0.0,0.0,0.0,0.0,0.0,0.0,0.0,0.0,0.0,0.0,0.0,0.0
4,0.0,-3.8796319587280093,-3.133734951094818,-3.504896150439519,0.0,-3.3295381237976307,-2.213040554510783,0.0,0.0,0.0,0.0,0.0,0.0,0.0,0.0,0.0,0.0,0.0,0.0
5,0.0,0.0,-4.1757580329210455,-5.152051640599722,-3.3295381237976307,0.0,-2.3370601907485686,-3.7194669208567857,0.0,0.0,0.0,0.0,0.0,0.0,0.0,0.0,0.0,0.0,0.0
6,0.0,0.0,0.0,-2.328998386541703,-2.213040554510783,-2.3370601907485686,0.0,-2.151193064572972,-2.1135874946129904,-2.2752482425492353,0.0,0.0,0.0,0.0,0.0,0.0,0.0,0.0,0.0
7,0.0,0.0,0.0,0.0,0.0,-3.7194669208567857,-2.151193064572972,0.0,-1.5743793985694159,-4.2183913948680125,0.0,0.0,0.0,0.0,0.0,0.0,0.0,0.0,0.0
8,0.0,0.0,0.0,0.0,0.0,0.0,-2.1135874946129904,-1.5743793985694159,0.0,-1.6183883206745349,0.0,0.0,0.0,0.0,0.0,0.0,0.0,0.0,0.0
9,0.0,0.0,0.0,0.0,0.0,0.0,-2.2752482425492353,-4.2183913948680125,-1.6183883206745349,0.0,-1.3787432651512463,-1.3132648851726327,0.0,0.0,0.0,0.0,0.0,0.0,0.0
10,0.0,0.0,0.0,0.0,0.0,0.0,0.0,0.0,0.0,-1.3787432651512463,0.0,-1.6995613538402878,-1.18215932382248,-1.1838810994267386,0.0,0.0,0.0,0.0,0.0
11,0.0,0.0,0.0,0.0,0.0,0.0,0.0,0.0,0.0,-1.3132648851726327,-1.6995613538402878,0.0,-1.9797397150763074,-2.068360003781636,0.0,0.0,0.0,0.0,0.0
12,0.0,0.0,0.0,0.0,0.0,0.0,0.0,0.0,0.0,0.0,-1.18215932382248,-1.9797397150763074,0.0,-3.1374830313664557,0.0,0.0,0.0,0.0,0.0
13,0.0,0.0,0.0,0.0,0.0,0.0,0.0,0.0,0.0,0.0,-1.1838810994267386,-2.068360003781636,-3.1374830313664557,0.0,-1.004345678909201,-1.413909496633916,0.0,0.0,0.0
14,0.0,0.0,0.0,0.0,0.0,0.0,0.0,0.0,0.0,0.0,0.0,0.0,0.0,-1.004345678909201,0.0,-0.4956281952376424,-0.8093170550356227,-1.4166134186145727,0.0
15,0.0,0.0,0.0,0.0,0.0,0.0,0.0,0.0,0.0,0.0,0.0,0.0,0.0,-1.413909496633916,-0.4956281952376424,0.0,-1.8049658264929864,0.0,-1.471927581253855
16,0.0,0.0,0.0,0.0,0.0,0.0,0.0,0.0,0.0,0.0,0.0,0.0,0.0,0.0,-0.8093170550356227,-1.8049658264929864,0.0,-1.4587448912085905,-2.484060380242284
17,0.0,0.0,0.0,0.0,0.0,0.0,0.0,0.0,0.0,0.0,0.0,0.0,0.0,0.0,-1.4166134186145727,0.0,-1.4587448912085905,0.0,-1.5679212049326074
18,0.0,0.0,0.0,0.0,0.0,0.0,0.0,0.0,0.0,0.0,0.0,0.0,0.0,0.0,0.0,-1.471927581253855,-2.484060380242284,-1.5679212049326074,0.0
