,0,1,2,3,4,5,6,7,8,9,10,11,12,13,14,15,16,17,18,19,20,21,22,23
0,0.0,-5.186653311236067,-4.877794077125079,-2.407602378099143,0.0,0.0,0.0,0.0,0.0,0.0,0.0,0.0,0.0,0.0,0.0,0.0,0.0,0.0,0.0,0.0,0.0,0.0,0.0,0.0
1,-5.186653311236067,0.0,-4.390920277630748,-2.347508663455588,0.0,0.0,0.0,0.0,0.0,0.0,0.0,0.0,0.0,0.0,0.0,0.0,0.0,0.0,0.0,0.0,0.0,0.0,0.0,0.0
2,-4.877794077125079,-4.390920277630748,0.0,-2.466965490821316,-2.6741833881880486,-3.32792195134006,0.0,0.0,0.0,0.0,0.0,0.0,0.0,0.0,0.0,0.0,0.0,0.0,0.0,0.0,0.0,0.0,0.0,0.0
3,-2.407602378099143,-2.347508663455588,-2.466965490821316,0.0,-2.4183210690952035,-3.0137673479297384,0.0,-3.314961541703055,0.0,0.0,0.0,0.0,0.0,0.0,0.0,0.0,0.0,0.0,0.0,0.0,0.0,0.0,0.0,0.0
4,0.0,0.0,-2.6741833881880486,-2.4183210690952035,0.0,-2.7553213432094754,0.0,-2.752230106827531,0.0,0.0,0.0,0.0,0.0,0.0,0.0,0.0,0.0,0.0,0.0,0.0,0.0,0.0,0.0,0.0
5,0.0,0.0,-3.32792195134006,-3.0137673479297384,-2.7553213432094754,0.0,-1.0210500907877003,-4.282013897869995,0.0,0.0,0.0,0.0,0.0,0.0,0.0,0.0,0.0,0.0,0.0,0.0,0.0,0.0,0.0,0.0
6,0.0,0.0,0.0,0.0,0.0,-1.0210500907877003,0.0,-0.9885029597229107,-1.4206707299250991,0.0,0.0,0.0,0.0,0.0,0.0,0.0,0.0,0.0,0.0,0.0,0.0,0.0,0.0,0.0
7,0.0,0.0,0.0,-3.314961541703055,-2.752230106827531,-4.282013897869995,-0.9885029597229107,0.0,-1.8852779829368054,-2.0848591248884887,-1.5422891943841386,0.0,0.0,0.0,0.0,0.0,0.0,0.0,0.0,0.0,0.0,0.0,0.0,0.0
8,0.0,0.0,0.0,0.0,0.0,0.0,-1.4206707299250991,-1.8852779829368054,0.0,-1.5333324680282456,-1.119411680271781,0.0,0.0,0.0,0.0,0.0,0.0,0.0,0.0,0.0,0.0,0.0,0.0,0.0
9,0.0,0.0,0.0,0.0,0.0,0.0,0.0,-2.0848591248884887,-1.5333324680282456,0.0,-2.197642941283729,0.0,0.0,0.0,0.0,0.0,0.0,0.0,0.0,0.0,0.0,0.0,0.0,0.0
10,0.0,0.0,0.0,0.0,0.0,0.0,0.0,-1.5422891943841386,-1.119411680271781,-2.197642941283729,0.0,0.0,0.0,0.0,0.0,0.0,0.0,0.0,0.0,0.0,0.0,0.0,0.0,0.0
11,0.0,0.0,0.0,0.0,0.0,0.0,0.0,0.0,0.0,0.0,0.0,0.0,-1.3612294362699662,-2.65269270949433,-2.7561709614094774,0.0,0.0,0.0,0.0,0.0,0.0,0.0,0.0,0.0
12,0.0,0.0,0.0,0.0,0.0,0.0,0.0,0.0,0.0,0.0,0.0,-1.3612294362699662,0.0,-1.6018957246812215,-1.226739561905541,-1.6026125842705563,0.0,0.0,0.0,0.0,0.0,0.0,0.0,0.0
13,0.0,0.0,0.0,0.0,0.0,0.0,0.0,0.0,0.0,0.0,0.0,-2.65269270949433,-1.6018957246812215,0.0,-2.0367130330133505,-2.510541873635894,0.0,0.0,0.0,0.0,0.0,0.0,0.0,0.0
14,0.0,0.0,0.0,0.0,0.0,0.0,0.0,0.0,0.0,0.0,0.0,-2.7561709614094774,-1.226739561905541,-2.0367130330133505,0.0,-2.3856001101160254,0.0,0.0,0.0,0.0,0.0,0.0,0.0,0.0
15,0.0,0.0,0.0,0.0,0.0,0.0,0.0,0.0,0.0,0.0,0.0,0.0,-1.6026125842705563,-2.510541873635894,-2.3856001101160254,0.0,-2.3211625836768155,-1.8600794442067545,0.0,0.0,0.0,0.0,0.0,0.0
16,0.0,0.0,0.0,0.0,0.0,0.0,0.0,0.0,0.0,0.0,0.0,0.0,0.0,0.0,0.0,-2.3211625836768155,0.0,-2.5028537008031733,-2.425943262546249,0.0,0.0,0.0,0.0,0.0
17,0.0,0.0,0.0,0.0,0.0,0.0,0.0,0.0,0.0,0.0,0.0,0.0,0.0,0.0,0.0,-1.8600794442067545,-2.5028537008031733,0.0,-1.981561302702457,0.0,0.0,0.0,0.0,0.3431126335493776
18,0.0,0.0,0.0,0.0,0.0,0.0,0.0,0.0,0.0,0.0,0.0,0.0,0.0,0.0,0.0,0.0,-2.425943262546249,-1.981561302702457,0.0,-1.3744719761079605,-2.7905285573749445,-1.3237411726112882,0.0,0.38149889412782473
19,0.0,0.0,0.0,0.0,0.0,0.0,0.0,0.0,0.0,0.0,0.0,0.0,0.0,0.0,0.0,0.0,0.0,0.0,-1.3744719761079605,0.0,-1.1982650461361555,0.0,-1.3500753580082205,0.36509876096807103
20,0.0,0.0,0.0,0.0,0.0,0.0,0.0,0.0,0.0,0.0,0.0,0.0,0.0,0.0,0.0,0.0,0.0,0.0,-2.7905285573749445,-1.1982650461361555,0.0,-1.4036399751653874,-3.152256796038699,0.0
21,0.0,0.0,0.0,0.0,0.0,0.0,0.0,0.0,0.0,0.0,0.0,0.0,0.0,0.0,0.0,0.0,0.0,0.0,-1.3237411726112882,0.0,-1.4036399751653874,0.0,-1.270150001672565,0.0
22,0.0,0.0,0.0,0.0,0.0,0.0,0.0,0.0,0.0,0.0,0.0,0.0,0.0,0.0,0.0,0.0,0.0,0.0,0.0,-1.3500753580082205,-3.152256796038699,-1.270150001672565,0.0,0.0
23,0.0,0.0,0.0,0.0,0.0,0.0,0.0,0.0,0.0,0.0,0.0,0.0,0.0,0.0,0.0,0.0,0.0,0.3431126335493776,0.38149889412782473,0.36509876096807103,0.0,0.0,0.0,0.0
