,0,1,2,3,4,5,6,7,8,9,10,11,12,13,14,15,16,17,18
0,0.0,-4.341216512105042,-4.219225851700979,-3.505957993956157,0.0,0.0,0.0,0.0,0.0,0.0,0.0,0.0,0.0,0.0,0.0,0.0,0.0,0.0,0.0
1,-4.341216512105042,0.0,-3.676306976872304,-3.9834048499031294,-3.692927909943714,0.0,0.0,0.0,0.0,0.0,0.0,0.0,0.0,0.0,0.0,0.0,0.0,0.0,0.0
2,-4.219225851700979,-3.676306976872304,0.0,-3.28104121327182,-3.5771346553071455,0.0,0.0,0.0,0.0,0.0,0.0,0.0,0.0,0.0,0.0,0.0,0.0,0.0,0.0
3,-3.505957993956157,-3.9834048499031294,-3.28104121327182,0.0,-3.135250811755501,-4.257364081485604,0.0,0.0,0.0,0.0,0.0,0.0,0.0,0.0,0.0,0.0,0.0,0.0,0.0
4,0.0,-3.692927909943714,-3.5771346553071455,-3.135250811755501,0.0,-2.8538265395806475,-2.7525540404707045,0.0,0.0,0.0,0.0,0.0,0.0,0.0,0.0,0.0,0.0,0.0,0.0
5,0.0,0.0,0.0,-4.257364081485604,-2.8538265395806475,0.0,-2.1262271605124066,0.0,0.0,0.0,0.0,0.0,0.0,0.0,0.0,0.0,0.0,0.0,0.0
6,0.0,0.0,0.0,0.0,-2.7525540404707045,-2.1262271605124066,0.0,-2.1571096235876137,-1.9415062917868777,-2.3874573435937463,0.0,0.0,0.0,0.0,0.0,0.0,0.0,0.0,0.0
7,0.0,0.0,0.0,0.0,0.0,0.0,-2.1571096235876137,0.0,-3.522827730828328,-3.4603454995120146,0.0,0.0,0.0,0.0,0.0,0.0,0.0,0.0,0.0
8,0.0,0.0,0.0,0.0,0.0,0.0,-1.9415062917868777,-3.522827730828328,0.0,-2.927723490187778,-3.0480368864642737,0.0,0.0,0.0,0.0,0.0,0.0,0.0,0.0
9,0.0,0.0,0.0,0.0,0.0,0.0,-2.3874573435937463,-3.4603454995120146,-2.927723490187778,0.0,-3.2335881002691558,0.0,0.0,0.0,0.0,0.0,0.0,0.0,0.0
10,0.0,0.0,0.0,0.0,0.0,0.0,0.0,0.0,-3.0480368864642737,-3.2335881002691558,0.0,-2.476691148539926,0.0,0.0,0.0,0.0,0.0,0.0,0.0
11,0.0,0.0,0.0,0.0,0.0,0.0,0.0,0.0,0.0,0.0,-2.476691148539926,0.0,-2.913219036237293,-2.311465990404417,-2.9212275210254055,0.0,0.0,0.0,0.0
12,0.0,0.0,0.0,0.0,0.0,0.0,0.0,0.0,0.0,0.0,0.0,-2.913219036237293,0.0,-2.601284184399077,-2.261935721964938,0.0,0.0,0.0,0.0
13,0.0,0.0,0.0,0.0,0.0,0.0,0.0,0.0,0.0,0.0,0.0,-2.311465990404417,-2.601284184399077,0.0,-2.106893494384945,-1.364352129005965,0.0,0.0,0.0
14,0.0,0.0,0.0,0.0,0.0,0.0,0.0,0.0,0.0,0.0,0.0,-2.9212275210254055,-2.261935721964938,-2.106893494384945,0.0,-1.9256763035115543,-2.471935494466173,0.0,0.0
15,0.0,0.0,0.0,0.0,0.0,0.0,0.0,0.0,0.0,0.0,0.0,0.0,0.0,-1.364352129005965,-1.9256763035115543,0.0,-1.5370427132033324,-1.87292913723797,-1.0787900218023936
16,0.0,0.0,0.0,0.0,0.0,0.0,0.0,0.0,0.0,0.0,0.0,0.0,0.0,0.0,-2.471935494466173,-1.5370427132033324,0.0,-2.6050965582231354,-0.7011055234250808
17,0.0,0.0,0.0,0.0,0.0,0.0,0.0,0.0,0.0,0.0,0.0,0.0,0.0,0.0,0.0,-1.87292913723797,-2.6050965582231354,0.0,-0.7636954270839529
18,0.0,0.0,0.0,0.0,0.0,0.0,0.0,0.0,0.0,0.0,0.0,0.0,0.0,0.0,0.0,-1.0787900218023936,-0.7011055234250808,-0.7636954270839529,0.0
