,0,1,2,3,4,5,6,7,8,9,10,11,12,13,14,15,16,17,18,19,20,21,22
0,0.0,-4.572592235115723,-5.275255730955845,-2.962777324881449,0.0,0.0,0.0,0.0,0.0,0.0,0.0,0.0,0.0,0.0,0.0,0.0,0.0,0.0,0.0,0.0,0.0,0.0,0.0
1,-4.572592235115723,0.0,-5.0478134364526515,-3.0526706642934514,-4.318103560659805,0.0,0.0,0.0,0.0,0.0,0.0,0.0,0.0,0.0,0.0,0.0,0.0,0.0,0.0,0.0,0.0,0.0,0.0
2,-5.275255730955845,-5.0478134364526515,0.0,-3.0516384295711103,-4.319838681649184,-4.666606592697557,0.0,0.0,0.0,0.0,0.0,0.0,0.0,0.0,0.0,0.0,0.0,0.0,0.0,0.0,0.0,0.0,0.0
3,-2.962777324881449,-3.0526706642934514,-3.0516384295711103,0.0,-2.812276925588244,-3.2309783908786556,0.0,0.0,0.0,0.0,0.0,0.0,0.0,0.0,0.0,0.0,0.0,0.0,0.0,0.0,0.0,0.0,0.0
4,0.0,-4.318103560659805,-4.319838681649184,-2.812276925588244,0.0,-3.8767830226002267,-3.7350122327986446,-3.7525900673199115,0.0,0.0,0.0,0.0,0.0,0.0,0.0,0.0,0.0,0.0,0.0,0.0,0.0,0.0,0.0
5,0.0,0.0,-4.666606592697557,-3.2309783908786556,-3.8767830226002267,0.0,-3.4264978693603774,-5.063940190693502,0.0,0.0,0.0,0.0,0.0,0.0,0.0,0.0,0.0,0.0,0.0,0.0,0.0,0.0,0.0
6,0.0,0.0,0.0,0.0,-3.7350122327986446,-3.4264978693603774,0.0,-3.508661235131426,-3.828561611655588,0.0,0.0,0.0,0.0,0.0,0.0,0.0,0.0,0.0,0.0,0.0,0.0,0.0,0.0
7,0.0,0.0,0.0,0.0,-3.7525900673199115,-5.063940190693502,-3.508661235131426,0.0,-4.1868122069653495,-3.8586854653287648,0.0,0.0,0.0,0.0,0.0,0.0,0.0,0.0,0.0,0.0,0.0,0.0,0.0
8,0.0,0.0,0.0,0.0,0.0,0.0,-3.828561611655588,-4.1868122069653495,0.0,-3.9444329882250857,0.0,0.0,0.0,0.0,0.0,0.0,0.0,0.0,0.0,0.0,0.0,0.0,0.0
9,0.0,0.0,0.0,0.0,0.0,0.0,0.0,-3.8586854653287648,-3.9444329882250857,0.0,-3.9555617559298115,0.0,0.0,0.0,0.0,0.0,0.0,0.0,0.0,0.0,0.0,0.0,0.0
10,0.0,0.0,0.0,0.0,0.0,0.0,0.0,0.0,0.0,-3.9555617559298115,0.0,-3.231692238956848,-3.503503943200742,-3.453547888469048,0.0,0.0,0.0,0.0,0.0,0.0,0.0,0.0,0.0
11,0.0,0.0,0.0,0.0,0.0,0.0,0.0,0.0,0.0,0.0,-3.231692238956848,0.0,-3.018213924954837,-2.8312880927875783,0.0,0.0,0.0,0.0,0.0,0.0,0.0,0.0,0.0
12,0.0,0.0,0.0,0.0,0.0,0.0,0.0,0.0,0.0,0.0,-3.503503943200742,-3.018213924954837,0.0,-4.379670169480179,-2.601709283292006,-3.154155431654322,0.0,0.0,0.0,0.0,0.0,0.0,0.0
13,0.0,0.0,0.0,0.0,0.0,0.0,0.0,0.0,0.0,0.0,-3.453547888469048,-2.8312880927875783,-4.379670169480179,0.0,-2.7862858111605813,-3.269709123632294,0.0,0.0,0.0,0.0,0.0,0.0,0.0
14,0.0,0.0,0.0,0.0,0.0,0.0,0.0,0.0,0.0,0.0,0.0,0.0,-2.601709283292006,-2.7862858111605813,0.0,-2.7847241607598097,0.0,0.0,0.0,0.0,0.0,0.0,0.0
15,0.0,0.0,0.0,0.0,0.0,0.0,0.0,0.0,0.0,0.0,0.0,0.0,-3.154155431654322,-3.269709123632294,-2.7847241607598097,0.0,-0.9687326128971807,-1.9343396183282404,0.0,0.0,0.0,0.0,0.0
16,0.0,0.0,0.0,0.0,0.0,0.0,0.0,0.0,0.0,0.0,0.0,0.0,0.0,0.0,0.0,-0.9687326128971807,0.0,-0.9877557207546229,-1.1484556373163783,0.0,0.0,0.0,0.0
17,0.0,0.0,0.0,0.0,0.0,0.0,0.0,0.0,0.0,0.0,0.0,0.0,0.0,0.0,0.0,-1.9343396183282404,-0.9877557207546229,0.0,-2.1433698911377776,0.0,0.0,0.0,0.0
18,0.0,0.0,0.0,0.0,0.0,0.0,0.0,0.0,0.0,0.0,0.0,0.0,0.0,0.0,0.0,0.0,-1.1484556373163783,-2.1433698911377776,0.0,-2.3224091067615,0.0,0.0,0.0
19,0.0,0.0,0.0,0.0,0.0,0.0,0.0,0.0,0.0,0.0,0.0,0.0,0.0,0.0,0.0,0.0,0.0,0.0,-2.3224091067615,0.0,-0.2908400087770264,-0.8608234563338526,-0.29310112245478925
20,0.0,0.0,0.0,0.0,0.0,0.0,0.0,0.0,0.0,0.0,0.0,0.0,0.0,0.0,0.0,0.0,0.0,0.0,0.0,-0.2908400087770264,0.0,-0.07907047138516263,0.24377715034088426
21,0.0,0.0,0.0,0.0,0.0,0.0,0.0,0.0,0.0,0.0,0.0,0.0,0.0,0.0,0.0,0.0,0.0,0.0,0.0,-0.8608234563338526,-0.07907047138516263,0.0,0.10456727663277024
22,0.0,0.0,0.0,0.0,0.0,0.0,0.0,0.0,0.0,0.0,0.0,0.0,0.0,0.0,0.0,0.0,0.0,0.0,0.0,-0.29310112245478925,0.24377715034088426,0.10456727663277024,0.0
