,0,1,2,3,4,5,6,7,8,9,10,11,12,13,14,15,16,17,18,19,20
0,0.0,-5.410420076680421,-6.485304338077955,-5.872380389119533,0.0,0.0,0.0,0.0,0.0,0.0,0.0,0.0,0.0,0.0,0.0,0.0,0.0,0.0,0.0,0.0,0.0
1,-5.410420076680421,0.0,-5.229316847065461,-4.941036641599833,0.0,0.0,0.0,0.0,0.0,0.0,0.0,0.0,0.0,0.0,0.0,0.0,0.0,0.0,0.0,0.0,0.0
2,-6.485304338077955,-5.229316847065461,0.0,-6.269472514547198,-4.141602765651096,-5.321765241094928,0.0,0.0,0.0,0.0,0.0,0.0,0.0,0.0,0.0,0.0,0.0,0.0,0.0,0.0,0.0
3,-5.872380389119533,-4.941036641599833,-6.269472514547198,0.0,-4.266855156389334,-5.039389978651382,0.0,0.0,0.0,0.0,0.0,0.0,0.0,0.0,0.0,0.0,0.0,0.0,0.0,0.0,0.0
4,0.0,0.0,-4.141602765651096,-4.266855156389334,0.0,-3.9328884613187753,0.0,0.0,0.0,0.0,0.0,0.0,0.0,0.0,0.0,0.0,0.0,0.0,0.0,0.0,0.0
5,0.0,0.0,-5.321765241094928,-5.039389978651382,-3.9328884613187753,0.0,0.0,0.0,0.0,0.0,0.0,0.0,0.0,0.0,0.0,0.0,0.0,0.0,0.0,0.0,0.0
6,0.0,0.0,0.0,0.0,0.0,0.0,0.0,-2.4437786976319247,-2.433873055002713,0.0,-0.3554183566717599,0.0,0.0,0.0,0.0,0.0,0.0,0.0,0.0,0.0,0.0
7,0.0,0.0,0.0,0.0,0.0,0.0,-2.4437786976319247,0.0,-4.121872074055938,-3.070826588559189,-0.3218660638086036,0.0,0.0,0.0,0.0,0.0,0.0,0.0,0.0,0.0,0.0
8,0.0,0.0,0.0,0.0,0.0,0.0,-2.433873055002713,-4.121872074055938,0.0,-2.8755211701083336,-0.34346478595240165,-1.4292415088906205,0.0,0.0,0.0,0.0,0.0,0.0,0.0,0.0,0.0
9,0.0,0.0,0.0,0.0,0.0,0.0,0.0,-3.070826588559189,-2.8755211701083336,0.0,-0.3051147948788324,-1.5164090310621665,-3.515733143456652,0.0,0.0,0.0,0.0,0.0,0.0,0.0,0.0
10,0.0,0.0,0.0,0.0,0.0,0.0,-0.3554183566717599,-0.3218660638086036,-0.34346478595240165,-0.3051147948788324,0.0,0.0,0.0,0.0,0.0,0.0,0.0,0.0,0.0,0.0,0.0
11,0.0,0.0,0.0,0.0,0.0,0.0,0.0,0.0,-1.4292415088906205,-1.5164090310621665,0.0,0.0,-1.427585050356676,-0.6972023792536155,0.0,0.0,0.0,0.0,0.0,0.0,0.0
12,0.0,0.0,0.0,0.0,0.0,0.0,0.0,0.0,0.0,-3.515733143456652,0.0,-1.427585050356676,0.0,-0.8736888380140749,-1.2887830476875155,-1.971554075887077,0.0,0.0,0.0,0.0,0.0
13,0.0,0.0,0.0,0.0,0.0,0.0,0.0,0.0,0.0,0.0,0.0,-0.6972023792536155,-0.8736888380140749,0.0,-0.3760671252752427,-1.221918000731976,0.0,0.0,0.0,0.0,0.0
14,0.0,0.0,0.0,0.0,0.0,0.0,0.0,0.0,0.0,0.0,0.0,0.0,-1.2887830476875155,-0.3760671252752427,0.0,-0.9328953524368092,0.0,-0.6020036178376389,-1.1047867583910573,0.0,0.0
15,0.0,0.0,0.0,0.0,0.0,0.0,0.0,0.0,0.0,0.0,0.0,0.0,-1.971554075887077,-1.221918000731976,-0.9328953524368092,0.0,0.0,-0.49402776865795833,-2.616703538912223,-2.3062340994300805,-2.7058304642198543
16,0.0,0.0,0.0,0.0,0.0,0.0,0.0,0.0,0.0,0.0,0.0,0.0,0.0,0.0,0.0,0.0,0.0,0.0,-0.4268742307396748,-0.3844493817976392,-0.4340041165848735
17,0.0,0.0,0.0,0.0,0.0,0.0,0.0,0.0,0.0,0.0,0.0,0.0,0.0,0.0,-0.6020036178376389,-0.49402776865795833,0.0,0.0,-0.5972569879637818,0.0,0.0
18,0.0,0.0,0.0,0.0,0.0,0.0,0.0,0.0,0.0,0.0,0.0,0.0,0.0,0.0,-1.1047867583910573,-2.616703538912223,-0.4268742307396748,-0.5972569879637818,0.0,-3.2907334256257137,-3.71877094410153
19,0.0,0.0,0.0,0.0,0.0,0.0,0.0,0.0,0.0,0.0,0.0,0.0,0.0,0.0,0.0,-2.3062340994300805,-0.3844493817976392,0.0,-3.2907334256257137,0.0,-3.413782562586272
20,0.0,0.0,0.0,0.0,0.0,0.0,0.0,0.0,0.0,0.0,0.0,0.0,0.0,0.0,0.0,-2.7058304642198543,-0.4340041165848735,0.0,-3.71877094410153,-3.413782562586272,0.0
