,0,1,2,3,4,5,6,7,8,9,10,11,12,13
0,0.0,-4.694442650207896,-4.5729044904489085,-5.152856810009713,0.0,0.0,0.0,0.0,0.0,0.0,0.0,0.0,0.0,0.0
1,-4.694442650207896,0.0,-5.589109173807968,-5.20586411721628,0.0,0.0,0.0,0.0,0.0,0.0,0.0,0.0,0.0,0.0
2,-4.5729044904489085,-5.589109173807968,0.0,-4.764153709220153,-3.399483687802676,-3.6705760138594457,0.0,0.0,0.0,0.0,0.0,0.0,0.0,0.0
3,-5.152856810009713,-5.20586411721628,-4.764153709220153,0.0,-3.609558608260497,-4.032329497822308,0.0,0.0,0.0,0.0,0.0,0.0,0.0,0.0
4,0.0,0.0,-3.399483687802676,-3.609558608260497,0.0,-4.467778761174726,-3.005325472983779,-0.619806195056832,0.0,0.0,0.0,0.0,0.0,0.0
5,0.0,0.0,-3.6705760138594457,-4.032329497822308,-4.467778761174726,0.0,-3.0958561891567893,-0.604337445519165,0.0,0.0,0.0,0.0,0.0,0.0
6,0.0,0.0,0.0,0.0,-3.005325472983779,-3.0958561891567893,0.0,-0.5356829122292562,0.0,0.0,0.0,0.0,0.0,0.0
7,0.0,0.0,0.0,0.0,-0.619806195056832,-0.604337445519165,-0.5356829122292562,0.0,-0.43676729890109306,-0.38452757774653956,-1.046361507543284,0.0,0.0,0.0
8,0.0,0.0,0.0,0.0,0.0,0.0,0.0,-0.43676729890109306,0.0,-3.042510044040638,-0.10542308649544055,-0.3567044347355116,0.0,0.0
9,0.0,0.0,0.0,0.0,0.0,0.0,0.0,-0.38452757774653956,-3.042510044040638,0.0,-0.08071958849324716,-0.3094910711203318,-1.6264177304406846,-0.1877226935489609
10,0.0,0.0,0.0,0.0,0.0,0.0,0.0,-1.046361507543284,-0.10542308649544055,-0.08071958849324716,0.0,-1.176872079919533,0.0,0.0
11,0.0,0.0,0.0,0.0,0.0,0.0,0.0,0.0,-0.3567044347355116,-0.3094910711203318,-1.176872079919533,0.0,-0.5732892865346546,-1.2537730853790618
12,0.0,0.0,0.0,0.0,0.0,0.0,0.0,0.0,0.0,-1.6264177304406846,0.0,-0.5732892865346546,0.0,-0.45622554472808113
13,0.0,0.0,0.0,0.0,0.0,0.0,0.0,0.0,0.0,-0.1877226935489609,0.0,-1.2537730853790618,-0.45622554472808113,0.0
