,0,1,2,3,4,5,6,7,8,9,10,11,12,13,14,15
0,0.0,-3.0838556756398643,-2.9509453322218433,-2.8743175801906857,0.0,0.0,0.0,0.0,0.0,0.0,0.0,0.0,0.0,0.0,0.0,0.0
1,-3.0838556756398643,0.0,-4.588885596250574,-4.443334295207678,-2.4025445187987007,0.0,0.0,0.0,0.0,0.0,0.0,0.0,0.0,0.0,0.0,0.0
2,-2.9509453322218433,-4.588885596250574,0.0,-5.225098890746464,-2.4863945932865263,0.0,0.0,0.0,0.0,0.0,0.0,0.0,0.0,0.0,0.0,0.0
3,-2.8743175801906857,-4.443334295207678,-5.225098890746464,0.0,-2.4418174512493045,-1.7824128925192522,0.0,-2.5315321997652718,0.0,0.0,0.0,0.0,0.0,0.0,0.0,0.0
4,0.0,-2.4025445187987007,-2.4863945932865263,-2.4418174512493045,0.0,-2.493352326954108,-0.7833694406663813,-3.2224214929931847,0.0,0.0,0.0,0.0,0.0,0.0,0.0,0.0
5,0.0,0.0,0.0,-1.7824128925192522,-2.493352326954108,0.0,-0.6173942957356927,-2.189045122859386,-1.8388965302592197,0.0,0.0,0.0,0.0,0.0,0.0,0.0
6,0.0,0.0,0.0,0.0,-0.7833694406663813,-0.6173942957356927,0.0,-0.8418998148493597,-0.9664945007226905,0.0,0.0,0.0,0.0,0.0,0.0,0.0
7,0.0,0.0,0.0,-2.5315321997652718,-3.2224214929931847,-2.189045122859386,-0.8418998148493597,0.0,-2.8569368042694863,0.0,0.0,0.0,0.0,0.0,0.0,0.0
8,0.0,0.0,0.0,0.0,0.0,-1.8388965302592197,-0.9664945007226905,-2.8569368042694863,0.0,-0.4285848426566071,-3.0231661385029893,0.0,0.0,0.0,0.0,0.0
9,0.0,0.0,0.0,0.0,0.0,0.0,0.0,0.0,-0.4285848426566071,0.0,-0.4511648149441443,-0.5444162611183827,0.0,0.0,0.0,0.0
10,0.0,0.0,0.0,0.0,0.0,0.0,0.0,0.0,-3.0231661385029893,-0.4511648149441443,0.0,-2.5919393792762806,-0.6129324186895164,0.0,0.0,0.0
11,0.0,0.0,0.0,0.0,0.0,0.0,0.0,0.0,0.0,-0.5444162611183827,-2.5919393792762806,0.0,-0.5503443290263417,-1.9510027783614916,0.0,0.0
12,0.0,0.0,0.0,0.0,0.0,0.0,0.0,0.0,0.0,0.0,-0.6129324186895164,-0.5503443290263417,0.0,-0.8260516055617915,-0.682434327006582,-1.1632411275124812
13,0.0,0.0,0.0,0.0,0.0,0.0,0.0,0.0,0.0,0.0,0.0,-1.9510027783614916,-0.8260516055617915,0.0,-0.7773298864903545,-1.0850351269759495
14,0.0,0.0,0.0,0.0,0.0,0.0,0.0,0.0,0.0,0.0,0.0,0.0,-0.682434327006582,-0.7773298864903545,0.0,-0.39852299527947593
15,0.0,0.0,0.0,0.0,0.0,0.0,0.0,0.0,0.0,0.0,0.0,0.0,-1.1632411275124812,-1.0850351269759495,-0.39852299527947593,0.0
