,0,1,2,3,4,5,6,7,8,9,10,11
0,0.0,-4.079609031171287,-4.781436953233738,-2.5773787033166315,0.0,0.0,0.0,0.0,0.0,0.0,0.0,0.0
1,-4.079609031171287,0.0,-3.857915500190858,-2.5101205166867215,-4.146890910639712,0.0,0.0,0.0,0.0,0.0,0.0,0.0
2,-4.781436953233738,-3.857915500190858,0.0,-2.485324964339363,-4.208056133253063,0.0,0.0,0.0,0.0,0.0,0.0,0.0
3,-2.5773787033166315,-2.5101205166867215,-2.485324964339363,0.0,-2.6504310027714486,-1.6577834039228565,0.0,-0.2685684308838441,0.0,-2.7174063250062375,0.0,0.0
4,0.0,-4.146890910639712,-4.208056133253063,-2.6504310027714486,0.0,-2.0332796521269443,-1.0467375071244598,-0.25749494137865764,0.0,-2.0776990600235727,0.0,0.0
5,0.0,0.0,0.0,-1.6577834039228565,-2.0332796521269443,0.0,0.0,0.0,-1.1412120397494017,0.0,0.0,0.0
6,0.0,0.0,0.0,0.0,-1.0467375071244598,0.0,0.0,-0.7012536181672714,0.0,-1.0809021079440602,0.0,0.0
7,0.0,0.0,0.0,-0.2685684308838441,-0.25749494137865764,0.0,-0.7012536181672714,0.0,0.16925415646371797,-0.20957684484874678,0.2483000066768007,-0.023444177015216054
8,0.0,0.0,0.0,0.0,0.0,-1.1412120397494017,0.0,0.16925415646371797,0.0,-0.8994432705134462,-0.9825940319360337,0.0
9,0.0,0.0,0.0,-2.7174063250062375,-2.0776990600235727,0.0,-1.0809021079440602,-0.20957684484874678,-0.8994432705134462,0.0,-0.7151600197561236,-1.7699831851960104
10,0.0,0.0,0.0,0.0,0.0,0.0,0.0,0.2483000066768007,-0.9825940319360337,-0.7151600197561236,0.0,-1.1396157392756232
11,0.0,0.0,0.0,0.0,0.0,0.0,0.0,-0.023444177015216054,0.0,-1.7699831851960104,-1.1396157392756232,0.0
