,0,1,2,3,4,5,6,7,8,9,10,11,12,13,14,15,16,17,18
0,0.0,-4.284900137918894,-5.766752774663119,-4.807720362721009,0.0,0.0,0.0,0.0,0.0,0.0,0.0,0.0,0.0,0.0,0.0,0.0,0.0,0.0,0.0
1,-4.284900137918894,0.0,-4.427130591767784,-4.878166286663261,-4.845685104914203,0.0,0.0,0.0,0.0,0.0,0.0,0.0,0.0,0.0,0.0,0.0,0.0,0.0,0.0
2,-5.766752774663119,-4.427130591767784,0.0,-4.821364964901016,-3.923718084645855,0.0,0.0,0.0,0.0,0.0,0.0,0.0,0.0,0.0,0.0,0.0,0.0,0.0,0.0
3,-4.807720362721009,-4.878166286663261,-4.821364964901016,0.0,-4.264813620459131,-3.5250623117958497,-3.978695739068946,0.0,0.0,0.0,0.0,0.0,0.0,0.0,0.0,0.0,0.0,0.0,0.0
4,0.0,-4.845685104914203,-3.923718084645855,-4.264813620459131,0.0,-3.321288610541829,-4.456560934433108,0.0,0.0,0.0,0.0,0.0,0.0,0.0,0.0,0.0,0.0,0.0,0.0
5,0.0,0.0,0.0,-3.5250623117958497,-3.321288610541829,0.0,-3.0780855295852425,0.0,0.0,0.0,0.0,0.0,0.0,0.0,0.0,0.0,0.0,0.0,0.0
6,0.0,0.0,0.0,-3.978695739068946,-4.456560934433108,-3.0780855295852425,0.0,-2.954653404455081,-2.529366959349363,0.0,0.0,0.0,0.0,0.0,0.0,0.0,0.0,0.0,0.0
7,0.0,0.0,0.0,0.0,0.0,0.0,-2.954653404455081,0.0,-2.2096406574172063,-3.958962228102069,-2.7091169552775742,0.0,0.0,0.0,0.0,0.0,0.0,0.0,0.0
8,0.0,0.0,0.0,0.0,0.0,0.0,-2.529366959349363,-2.2096406574172063,0.0,-2.162361267863662,-2.492408012813918,-2.4319189983541336,0.0,0.0,0.0,0.0,0.0,0.0,0.0
9,0.0,0.0,0.0,0.0,0.0,0.0,0.0,-3.958962228102069,-2.162361267863662,0.0,-2.4806103041342125,-3.4921835356633504,0.0,0.0,0.0,0.0,0.0,0.0,0.0
10,0.0,0.0,0.0,0.0,0.0,0.0,0.0,-2.7091169552775742,-2.492408012813918,-2.4806103041342125,0.0,-2.866803120153731,-3.0651051253762422,0.0,0.0,0.0,0.0,0.0,0.0
11,0.0,0.0,0.0,0.0,0.0,0.0,0.0,0.0,-2.4319189983541336,-3.4921835356633504,-2.866803120153731,0.0,-2.458589804668595,-2.6523331702004387,0.0,0.0,0.0,0.0,0.0
12,0.0,0.0,0.0,0.0,0.0,0.0,0.0,0.0,0.0,0.0,-3.0651051253762422,-2.458589804668595,0.0,-2.61242318281244,-2.6761480899610035,0.0,0.0,0.0,0.0
13,0.0,0.0,0.0,0.0,0.0,0.0,0.0,0.0,0.0,0.0,0.0,-2.6523331702004387,-2.61242318281244,0.0,-3.66862585046267,-2.3905005018138628,0.0,0.0,0.0
14,0.0,0.0,0.0,0.0,0.0,0.0,0.0,0.0,0.0,0.0,0.0,0.0,-2.6761480899610035,-3.66862585046267,0.0,-2.710488199180172,-2.0107937714909467,0.0,0.0
15,0.0,0.0,0.0,0.0,0.0,0.0,0.0,0.0,0.0,0.0,0.0,0.0,0.0,-2.3905005018138628,-2.710488199180172,0.0,-1.6692052845462861,-1.9830887295825408,-1.9766370419157289
16,0.0,0.0,0.0,0.0,0.0,0.0,0.0,0.0,0.0,0.0,0.0,0.0,0.0,0.0,-2.0107937714909467,-1.6692052845462861,0.0,-2.765135115313016,-1.3293881634029403
17,0.0,0.0,0.0,0.0,0.0,0.0,0.0,0.0,0.0,0.0,0.0,0.0,0.0,0.0,0.0,-1.9830887295825408,-2.765135115313016,0.0,-1.6011136653316378
18,0.0,0.0,0.0,0.0,0.0,0.0,0.0,0.0,0.0,0.0,0.0,0.0,0.0,0.0,0.0,-1.9766370419157289,-1.3293881634029403,-1.6011136653316378,0.0
