,0,1,2,3,4,5,6,7,8,9,10,11
0,0.0,-4.080434803804796,-3.7751531342385034,-3.438763954920897,0.0,0.0,0.0,0.0,0.0,0.0,0.0,0.0
1,-4.080434803804796,0.0,-5.107859195215898,-4.106184070495477,-3.582727249501661,0.0,0.0,0.0,0.0,0.0,0.0,0.0
2,-3.7751531342385034,-5.107859195215898,0.0,-4.4734475233690505,-3.4280469839581666,0.0,0.0,0.0,0.0,0.0,0.0,0.0
3,-3.438763954920897,-4.106184070495477,-4.4734475233690505,0.0,-3.3037440747367595,0.0,0.0,0.0,0.0,0.0,0.0,0.0
4,0.0,-3.582727249501661,-3.4280469839581666,-3.3037440747367595,0.0,-4.6464795190007795,0.0,0.0,0.0,0.0,0.0,0.0
5,0.0,0.0,0.0,0.0,-4.6464795190007795,0.0,-2.440053204315044,-2.970821251479676,0.0,0.0,0.0,0.0
6,0.0,0.0,0.0,0.0,0.0,-2.440053204315044,0.0,-3.2087451985077764,-2.316800668869891,-2.3355644479540776,0.0,0.0
7,0.0,0.0,0.0,0.0,0.0,-2.970821251479676,-3.2087451985077764,0.0,-2.599265678145515,-2.1709148522170447,0.0,0.0
8,0.0,0.0,0.0,0.0,0.0,0.0,-2.316800668869891,-2.599265678145515,0.0,-1.6726221811942181,-2.186642189229136,-0.71733654312275
9,0.0,0.0,0.0,0.0,0.0,0.0,-2.3355644479540776,-2.1709148522170447,-1.6726221811942181,0.0,-2.2571621252760106,-0.5258111140889077
10,0.0,0.0,0.0,0.0,0.0,0.0,0.0,0.0,-2.186642189229136,-2.2571621252760106,0.0,-0.7087548716531021
11,0.0,0.0,0.0,0.0,0.0,0.0,0.0,0.0,-0.71733654312275,-0.5258111140889077,-0.7087548716531021,0.0
