,0,1,2,3,4,5,6,7,8,9,10,11,12,13,14,15,16,17,18,19,20,21
0,0.0,-3.2272004608081195,-2.50817443912765,-2.9151994493203954,0.0,0.0,0.0,0.0,0.0,0.0,0.0,0.0,0.0,0.0,0.0,0.0,0.0,0.0,0.0,0.0,0.0,0.0
1,-3.2272004608081195,0.0,-3.1245213422344134,-3.2568533250883256,-2.1599392073656456,0.0,0.0,0.0,0.0,0.0,0.0,0.0,0.0,0.0,0.0,0.0,0.0,0.0,0.0,0.0,0.0,0.0
2,-2.50817443912765,-3.1245213422344134,0.0,-2.645163615620303,-1.9176382247396315,-1.5771014382897082,0.0,0.0,0.0,0.0,0.0,0.0,0.0,0.0,0.0,0.0,0.0,0.0,0.0,0.0,0.0,0.0
3,-2.9151994493203954,-3.2568533250883256,-2.645163615620303,0.0,-2.5545498295107,-1.3774126614551807,0.0,-2.098253931428373,0.0,0.0,0.0,0.0,0.0,0.0,0.0,0.0,0.0,0.0,0.0,0.0,0.0,0.0
4,0.0,-2.1599392073656456,-1.9176382247396315,-2.5545498295107,0.0,-1.1270371928817253,-2.035250167755027,-1.6200260416449523,0.0,0.0,0.0,0.0,0.0,0.0,0.0,0.0,0.0,0.0,0.0,0.0,0.0,0.0
5,0.0,0.0,-1.5771014382897082,-1.3774126614551807,-1.1270371928817253,0.0,-1.6293023393037651,-2.0294278995226516,0.0,0.0,0.0,0.0,0.0,0.0,0.0,0.0,0.0,0.0,0.0,0.0,0.0,0.0
6,0.0,0.0,0.0,0.0,-2.035250167755027,-1.6293023393037651,0.0,-2.487926924454077,0.0,-2.4048358335412323,-1.268186048673658,0.0,0.0,0.0,0.0,0.0,0.0,0.0,0.0,0.0,0.0,0.0
7,0.0,0.0,0.0,-2.098253931428373,-1.6200260416449523,-2.0294278995226516,-2.487926924454077,0.0,-0.45554415700716167,-3.164158253072819,0.0,-2.382702813079946,0.0,0.0,0.0,0.0,0.0,0.0,0.0,0.0,0.0,0.0
8,0.0,0.0,0.0,0.0,0.0,0.0,0.0,-0.45554415700716167,0.0,0.0,-0.8698807651791113,0.0,-1.2334779096068,0.0,0.0,0.0,0.0,0.0,0.0,0.0,0.0,0.0
9,0.0,0.0,0.0,0.0,0.0,0.0,-2.4048358335412323,-3.164158253072819,0.0,0.0,-1.3889961330547336,0.0,0.0,0.0,0.0,0.0,0.0,0.0,0.0,0.0,0.0,0.0
10,0.0,0.0,0.0,0.0,0.0,0.0,-1.268186048673658,0.0,-0.8698807651791113,-1.3889961330547336,0.0,-1.1788500971269196,-1.482093193984936,-1.7710697574450873,0.0,0.0,0.0,0.0,0.0,0.0,0.0,0.0
11,0.0,0.0,0.0,0.0,0.0,0.0,0.0,-2.382702813079946,0.0,0.0,-1.1788500971269196,0.0,-0.7049181364078412,-0.945779194900932,0.0,0.0,0.0,0.0,0.0,0.0,0.0,0.0
12,0.0,0.0,0.0,0.0,0.0,0.0,0.0,0.0,-1.2334779096068,0.0,-1.482093193984936,-0.7049181364078412,0.0,-2.1634805450665944,0.0,0.0,0.0,0.0,0.0,0.0,0.0,0.0
13,0.0,0.0,0.0,0.0,0.0,0.0,0.0,0.0,0.0,0.0,-1.7710697574450873,-0.945779194900932,-2.1634805450665944,0.0,0.0,0.0,0.0,0.0,0.0,0.0,0.0,0.0
14,0.0,0.0,0.0,0.0,0.0,0.0,0.0,0.0,0.0,0.0,0.0,0.0,0.0,0.0,0.0,-1.1189322902891652,-1.9366369208543934,-1.3605659282190106,0.0,0.0,0.0,0.0
15,0.0,0.0,0.0,0.0,0.0,0.0,0.0,0.0,0.0,0.0,0.0,0.0,0.0,0.0,-1.1189322902891652,0.0,-0.9716281084699571,-1.4290077999020165,0.0,0.0,0.0,0.0
16,0.0,0.0,0.0,0.0,0.0,0.0,0.0,0.0,0.0,0.0,0.0,0.0,0.0,0.0,-1.9366369208543934,-0.9716281084699571,0.0,0.0,-1.934375760021336,0.0,0.0,0.0
17,0.0,0.0,0.0,0.0,0.0,0.0,0.0,0.0,0.0,0.0,0.0,0.0,0.0,0.0,-1.3605659282190106,-1.4290077999020165,0.0,0.0,-1.3132165402386644,-1.4319220229719614,-1.1774823403319552,-0.7978697762554718
18,0.0,0.0,0.0,0.0,0.0,0.0,0.0,0.0,0.0,0.0,0.0,0.0,0.0,0.0,0.0,0.0,-1.934375760021336,-1.3132165402386644,0.0,-1.457292154757304,-0.9710514511212736,0.0
19,0.0,0.0,0.0,0.0,0.0,0.0,0.0,0.0,0.0,0.0,0.0,0.0,0.0,0.0,0.0,0.0,0.0,-1.4319220229719614,-1.457292154757304,0.0,-1.9208766171055967,-0.6758166208182632
20,0.0,0.0,0.0,0.0,0.0,0.0,0.0,0.0,0.0,0.0,0.0,0.0,0.0,0.0,0.0,0.0,0.0,-1.1774823403319552,-0.9710514511212736,-1.9208766171055967,0.0,-0.4281090635549457
21,0.0,0.0,0.0,0.0,0.0,0.0,0.0,0.0,0.0,0.0,0.0,0.0,0.0,0.0,0.0,0.0,0.0,-0.7978697762554718,0.0,-0.6758166208182632,-0.4281090635549457,0.0
