,0,1,2,3,4,5,6,7,8,9,10,11,12,13,14,15,16,17,18,19,20
0,0.0,-5.664393735294749,-4.524121911229093,-3.9717712576605253,0.0,0.0,0.0,0.0,0.0,0.0,0.0,0.0,0.0,0.0,0.0,0.0,0.0,0.0,0.0,0.0,0.0
1,-5.664393735294749,0.0,-4.280058853413557,-3.8065988259569687,0.0,0.0,0.0,0.0,0.0,0.0,0.0,0.0,0.0,0.0,0.0,0.0,0.0,0.0,0.0,0.0,0.0
2,-4.524121911229093,-4.280058853413557,0.0,-4.655001662515018,0.0,0.0,0.0,0.0,0.0,0.0,0.0,0.0,0.0,0.0,0.0,0.0,0.0,0.0,0.0,0.0,0.0
3,-3.9717712576605253,-3.8065988259569687,-4.655001662515018,0.0,-4.375995091453774,-3.688398931780901,-3.463663917346913,0.0,0.0,0.0,0.0,0.0,0.0,0.0,0.0,0.0,0.0,0.0,0.0,0.0,0.0
4,0.0,0.0,0.0,-4.375995091453774,0.0,-4.151717129263775,-3.1922049562244728,-3.247636785326579,0.0,0.0,0.0,0.0,0.0,0.0,0.0,0.0,0.0,0.0,0.0,0.0,0.0
5,0.0,0.0,0.0,-3.688398931780901,-4.151717129263775,0.0,-2.8842571709540423,-2.9076911257372133,0.0,0.0,0.0,0.0,0.0,0.0,0.0,0.0,0.0,0.0,0.0,0.0,0.0
6,0.0,0.0,0.0,-3.463663917346913,-3.1922049562244728,-2.8842571709540423,0.0,-4.166517490753802,0.0,0.0,0.0,0.0,0.0,0.0,0.0,0.0,0.0,0.0,0.0,0.0,0.0
7,0.0,0.0,0.0,0.0,-3.247636785326579,-2.9076911257372133,-4.166517490753802,0.0,-4.902496605235808,-3.849139479356759,0.0,0.0,0.0,0.0,0.0,0.0,0.0,0.0,0.0,0.0,0.0
8,0.0,0.0,0.0,0.0,0.0,0.0,0.0,-4.902496605235808,0.0,-4.18924044255125,-4.827212927206054,0.0,0.0,0.0,0.0,0.0,0.0,0.0,0.0,0.0,0.0
9,0.0,0.0,0.0,0.0,0.0,0.0,0.0,-3.849139479356759,-4.18924044255125,0.0,-4.723074082563983,0.0,0.0,0.0,0.0,0.0,0.0,0.0,0.0,0.0,0.0
10,0.0,0.0,0.0,0.0,0.0,0.0,0.0,0.0,-4.827212927206054,-4.723074082563983,0.0,-2.379570822864246,-2.4437426798416344,-3.757944666477422,0.0,0.0,0.0,0.0,0.0,0.0,0.0
11,0.0,0.0,0.0,0.0,0.0,0.0,0.0,0.0,0.0,0.0,-2.379570822864246,0.0,-2.90675696974067,-2.637359271310983,0.0,0.0,0.0,0.0,0.0,0.0,0.0
12,0.0,0.0,0.0,0.0,0.0,0.0,0.0,0.0,0.0,0.0,-2.4437426798416344,-2.90675696974067,0.0,-2.5654289513661346,-2.6154560079683096,0.0,0.0,0.0,0.0,0.0,0.0
13,0.0,0.0,0.0,0.0,0.0,0.0,0.0,0.0,0.0,0.0,-3.757944666477422,-2.637359271310983,-2.5654289513661346,0.0,-3.0037762565008266,0.0,0.0,0.0,0.0,0.0,0.0
14,0.0,0.0,0.0,0.0,0.0,0.0,0.0,0.0,0.0,0.0,0.0,0.0,-2.6154560079683096,-3.0037762565008266,0.0,-3.7454660480714534,0.0,0.0,0.0,0.0,0.0
15,0.0,0.0,0.0,0.0,0.0,0.0,0.0,0.0,0.0,0.0,0.0,0.0,0.0,0.0,-3.7454660480714534,0.0,-1.4206867320898267,-0.9668294888520919,0.0,-4.334096865432614,0.0
16,0.0,0.0,0.0,0.0,0.0,0.0,0.0,0.0,0.0,0.0,0.0,0.0,0.0,0.0,0.0,-1.4206867320898267,0.0,-0.5625042308290583,-1.8423066867542572,-1.4633372838356447,-1.3262786531876698
17,0.0,0.0,0.0,0.0,0.0,0.0,0.0,0.0,0.0,0.0,0.0,0.0,0.0,0.0,0.0,-0.9668294888520919,-0.5625042308290583,0.0,0.0,-0.964581409380664,0.0
18,0.0,0.0,0.0,0.0,0.0,0.0,0.0,0.0,0.0,0.0,0.0,0.0,0.0,0.0,0.0,0.0,-1.8423066867542572,0.0,0.0,-2.562930495866875,-2.0794028895909467
19,0.0,0.0,0.0,0.0,0.0,0.0,0.0,0.0,0.0,0.0,0.0,0.0,0.0,0.0,0.0,-4.334096865432614,-1.4633372838356447,-0.964581409380664,-2.562930495866875,0.0,-2.8562958989331073
20,0.0,0.0,0.0,0.0,0.0,0.0,0.0,0.0,0.0,0.0,0.0,0.0,0.0,0.0,0.0,0.0,-1.3262786531876698,0.0,-2.0794028895909467,-2.8562958989331073,0.0
