,0,1,2,3,4,5,6,7,8,9,10,11,12,13,14,15,16
0,0.0,-3.1170122268275096,-4.686496356832582,-4.488150831561946,0.0,0.0,0.0,0.0,0.0,0.0,0.0,0.0,0.0,0.0,0.0,0.0,0.0
1,-3.1170122268275096,0.0,-2.9646664924196426,-2.899945362171975,-3.2498500342003926,0.0,0.0,0.0,0.0,0.0,0.0,0.0,0.0,0.0,0.0,0.0,0.0
2,-4.686496356832582,-2.9646664924196426,0.0,-5.430514961160916,-4.104091762077621,0.0,0.0,0.0,0.0,0.0,0.0,0.0,0.0,0.0,0.0,0.0,0.0
3,-4.488150831561946,-2.899945362171975,-5.430514961160916,0.0,-4.000546445249077,0.0,0.0,0.0,0.0,0.0,0.0,0.0,0.0,0.0,0.0,0.0,0.0
4,0.0,-3.2498500342003926,-4.104091762077621,-4.000546445249077,0.0,-3.93118277115717,0.0,-4.778816217579879,0.0,0.0,0.0,0.0,0.0,0.0,0.0,0.0,0.0
5,0.0,0.0,0.0,0.0,-3.93118277115717,0.0,-3.190905369275945,-4.418938053650273,0.0,0.0,0.0,0.0,0.0,0.0,0.0,0.0,0.0
6,0.0,0.0,0.0,0.0,0.0,-3.190905369275945,0.0,-3.2994625322986733,-3.13527415291415,-3.619995923347577,0.0,0.0,0.0,0.0,0.0,0.0,0.0
7,0.0,0.0,0.0,0.0,-4.778816217579879,-4.418938053650273,-3.2994625322986733,0.0,-3.6644763928940582,-4.053976586196259,0.0,0.0,0.0,0.0,0.0,0.0,0.0
8,0.0,0.0,0.0,0.0,0.0,0.0,-3.13527415291415,-3.6644763928940582,0.0,-3.247288950861088,0.0,0.0,0.0,0.0,0.0,0.0,0.0
9,0.0,0.0,0.0,0.0,0.0,0.0,-3.619995923347577,-4.053976586196259,-3.247288950861088,0.0,-3.4245914866045966,-2.3216760024453467,0.0,0.0,0.0,0.0,0.0
10,0.0,0.0,0.0,0.0,0.0,0.0,0.0,0.0,0.0,-3.4245914866045966,0.0,-2.5964547617548015,-3.7892295060823757,-2.4892573509105596,0.0,0.0,0.0
11,0.0,0.0,0.0,0.0,0.0,0.0,0.0,0.0,0.0,-2.3216760024453467,-2.5964547617548015,0.0,-2.3764720089299742,-4.757585681734218,0.0,0.0,0.0
12,0.0,0.0,0.0,0.0,0.0,0.0,0.0,0.0,0.0,0.0,-3.7892295060823757,-2.3764720089299742,0.0,-2.2929914775114004,-2.1463631477101734,0.0,0.0
13,0.0,0.0,0.0,0.0,0.0,0.0,0.0,0.0,0.0,0.0,-2.4892573509105596,-4.757585681734218,-2.2929914775114004,0.0,-2.694346471011004,-1.0834011901690246,-1.1647690130176331
14,0.0,0.0,0.0,0.0,0.0,0.0,0.0,0.0,0.0,0.0,0.0,0.0,-2.1463631477101734,-2.694346471011004,0.0,-1.0229570560184853,-1.152248220590323
15,0.0,0.0,0.0,0.0,0.0,0.0,0.0,0.0,0.0,0.0,0.0,0.0,0.0,-1.0834011901690246,-1.0229570560184853,0.0,-2.3808089056078403
16,0.0,0.0,0.0,0.0,0.0,0.0,0.0,0.0,0.0,0.0,0.0,0.0,0.0,-1.1647690130176331,-1.152248220590323,-2.3808089056078403,0.0
