,0,1,2,3,4,5,6,7,8,9,10,11,12,13,14,15,16
0,0.0,-3.301178111007975,-4.199942978590963,-3.5896370772243067,0.0,0.0,0.0,0.0,0.0,0.0,0.0,0.0,0.0,0.0,0.0,0.0,0.0
1,-3.301178111007975,0.0,-3.6724898308579457,-3.6285296582884947,-3.304812212147062,0.0,0.0,0.0,0.0,0.0,0.0,0.0,0.0,0.0,0.0,0.0,0.0
2,-4.199942978590963,-3.6724898308579457,0.0,-4.30239189746374,-4.276227419749979,0.0,0.0,0.0,0.0,0.0,0.0,0.0,0.0,0.0,0.0,0.0,0.0
3,-3.5896370772243067,-3.6285296582884947,-4.30239189746374,0.0,-3.645336805014021,-3.7914147733326735,-3.9764228030973268,0.0,0.0,0.0,0.0,0.0,0.0,0.0,0.0,0.0,0.0
4,0.0,-3.304812212147062,-4.276227419749979,-3.645336805014021,0.0,-5.146088036648746,-4.385234554536068,0.0,0.0,0.0,0.0,0.0,0.0,0.0,0.0,0.0,0.0
5,0.0,0.0,0.0,-3.7914147733326735,-5.146088036648746,0.0,-5.007626674744268,0.0,0.0,0.0,0.0,0.0,0.0,0.0,0.0,0.0,0.0
6,0.0,0.0,0.0,-3.9764228030973268,-4.385234554536068,-5.007626674744268,0.0,-0.9714072921958994,0.0,0.0,0.0,0.0,0.0,0.0,0.0,0.0,0.0
7,0.0,0.0,0.0,0.0,0.0,0.0,-0.9714072921958994,0.0,-0.7534998464095657,-1.4065306822391048,-1.2291752792476516,0.0,0.0,0.0,0.0,0.0,0.0
8,0.0,0.0,0.0,0.0,0.0,0.0,0.0,-0.7534998464095657,0.0,-0.34449055008833335,-0.2713491617565668,0.0,0.0,0.0,0.0,0.0,0.0
9,0.0,0.0,0.0,0.0,0.0,0.0,0.0,-1.4065306822391048,-0.34449055008833335,0.0,-2.1545781315052968,0.0,0.0,0.0,0.0,0.0,0.0
10,0.0,0.0,0.0,0.0,0.0,0.0,0.0,-1.2291752792476516,-0.2713491617565668,-2.1545781315052968,0.0,-1.7791304573584936,0.0,0.0,0.0,0.0,0.0
11,0.0,0.0,0.0,0.0,0.0,0.0,0.0,0.0,0.0,0.0,-1.7791304573584936,0.0,-0.6045228863934773,-0.2786853930263363,0.0,-1.47526336435134,0.0
12,0.0,0.0,0.0,0.0,0.0,0.0,0.0,0.0,0.0,0.0,0.0,-0.6045228863934773,0.0,-1.5527162857925012,-1.2432940649123334,0.0,0.0
13,0.0,0.0,0.0,0.0,0.0,0.0,0.0,0.0,0.0,0.0,0.0,-0.2786853930263363,-1.5527162857925012,0.0,-1.0327341255995275,-0.610539318082262,-0.7188854734904978
14,0.0,0.0,0.0,0.0,0.0,0.0,0.0,0.0,0.0,0.0,0.0,0.0,-1.2432940649123334,-1.0327341255995275,0.0,-0.6577925826891996,-1.6896142483046979
15,0.0,0.0,0.0,0.0,0.0,0.0,0.0,0.0,0.0,0.0,0.0,-1.47526336435134,0.0,-0.610539318082262,-0.6577925826891996,0.0,-0.8487913437111954
16,0.0,0.0,0.0,0.0,0.0,0.0,0.0,0.0,0.0,0.0,0.0,0.0,0.0,-0.7188854734904978,-1.6896142483046979,-0.8487913437111954,0.0
