,0,1,2,3,4,5,6,7,8,9,10,11,12,13,14,15,16,17,18,19
0,0.0,-4.1760937032482905,-4.492245055990122,-3.9517103156474653,0.0,0.0,0.0,0.0,0.0,0.0,0.0,0.0,0.0,0.0,0.0,0.0,0.0,0.0,0.0,0.0
1,-4.1760937032482905,0.0,-4.1325616108102,-3.5720465101442738,0.0,0.0,0.0,0.0,0.0,0.0,0.0,0.0,0.0,0.0,0.0,0.0,0.0,0.0,0.0,0.0
2,-4.492245055990122,-4.1325616108102,0.0,-4.417505006398523,-5.269869232445569,-3.9550571045770577,0.0,0.0,0.0,0.0,0.0,0.0,0.0,0.0,0.0,0.0,0.0,0.0,0.0,0.0
3,-3.9517103156474653,-3.5720465101442738,-4.417505006398523,0.0,-4.064585787169781,-4.223489778610958,0.0,0.0,0.0,0.0,0.0,0.0,0.0,0.0,0.0,0.0,0.0,0.0,0.0,0.0
4,0.0,0.0,-5.269869232445569,-4.064585787169781,0.0,-3.7609208691499254,-2.400474088206088,-4.503216416724409,0.0,0.0,0.0,0.0,0.0,0.0,0.0,0.0,0.0,0.0,0.0,0.0
5,0.0,0.0,-3.9550571045770577,-4.223489778610958,-3.7609208691499254,0.0,-2.5103895393249265,-3.4341415822934507,0.0,0.0,0.0,0.0,0.0,0.0,0.0,0.0,0.0,0.0,0.0,0.0
6,0.0,0.0,0.0,0.0,-2.400474088206088,-2.5103895393249265,0.0,-2.4191430743231708,-2.5857044103715516,-2.2624712254579236,0.0,0.0,0.0,0.0,0.0,0.0,0.0,0.0,0.0,0.0
7,0.0,0.0,0.0,0.0,-4.503216416724409,-3.4341415822934507,-2.4191430743231708,0.0,-4.232370447118955,-4.043064102803226,0.0,-1.6133876448964848,0.0,0.0,0.0,0.0,0.0,0.0,0.0,0.0
8,0.0,0.0,0.0,0.0,0.0,0.0,-2.5857044103715516,-4.232370447118955,0.0,-3.448839903813423,0.0,-1.5548397087576684,0.0,0.0,0.0,0.0,0.0,0.0,0.0,0.0
9,0.0,0.0,0.0,0.0,0.0,0.0,-2.2624712254579236,-4.043064102803226,-3.448839903813423,0.0,0.0,-1.699148799097732,0.0,0.0,0.0,0.0,0.0,0.0,0.0,0.0
10,0.0,0.0,0.0,0.0,0.0,0.0,0.0,0.0,0.0,0.0,0.0,-1.451567368408075,-0.4344854939257156,-2.79301935322464,-2.5170146701972547,-2.5656410204525884,0.0,0.0,0.0,0.0
11,0.0,0.0,0.0,0.0,0.0,0.0,0.0,-1.6133876448964848,-1.5548397087576684,-1.699148799097732,-1.451567368408075,0.0,0.0,-1.7217556077865623,-1.1911885217399028,0.0,0.0,0.0,0.0,0.0
12,0.0,0.0,0.0,0.0,0.0,0.0,0.0,0.0,0.0,0.0,-0.4344854939257156,0.0,0.0,-0.3443076548049964,-0.5604551551448644,0.0,0.0,0.0,0.0,0.0
13,0.0,0.0,0.0,0.0,0.0,0.0,0.0,0.0,0.0,0.0,-2.79301935322464,-1.7217556077865623,-0.3443076548049964,0.0,-1.958981466783871,-4.074280212539546,0.0,0.0,0.0,0.0
14,0.0,0.0,0.0,0.0,0.0,0.0,0.0,0.0,0.0,0.0,-2.5170146701972547,-1.1911885217399028,-0.5604551551448644,-1.958981466783871,0.0,-1.850139151085827,0.0,0.0,0.0,0.0
15,0.0,0.0,0.0,0.0,0.0,0.0,0.0,0.0,0.0,0.0,-2.5656410204525884,0.0,0.0,-4.074280212539546,-1.850139151085827,0.0,0.0,0.0,0.0,0.0
16,0.0,0.0,0.0,0.0,0.0,0.0,0.0,0.0,0.0,0.0,0.0,0.0,0.0,0.0,0.0,0.0,0.0,-3.029267326212007,-1.7910377846180807,-0.5529038566469825
17,0.0,0.0,0.0,0.0,0.0,0.0,0.0,0.0,0.0,0.0,0.0,0.0,0.0,0.0,0.0,0.0,-3.029267326212007,0.0,-1.7077360786454694,-0.47244047059891686
18,0.0,0.0,0.0,0.0,0.0,0.0,0.0,0.0,0.0,0.0,0.0,0.0,0.0,0.0,0.0,0.0,-1.7910377846180807,-1.7077360786454694,0.0,-0.5836125962277265
19,0.0,0.0,0.0,0.0,0.0,0.0,0.0,0.0,0.0,0.0,0.0,0.0,0.0,0.0,0.0,0.0,-0.5529038566469825,-0.47244047059891686,-0.5836125962277265,0.0
