,0,1,2,3,4,5,6,7,8,9,10,11,12,13,14,15,16,17,18,19,20,21,22
0,0.0,-3.5322492921416626,-7.00270352985103,-5.765418240971297,0.0,0.0,0.0,0.0,0.0,0.0,0.0,0.0,0.0,0.0,0.0,0.0,0.0,0.0,0.0,0.0,0.0,0.0,0.0
1,-3.5322492921416626,0.0,-3.5616037844489306,-3.5055766076920936,-3.2252845969069557,0.0,0.0,0.0,0.0,0.0,0.0,0.0,0.0,0.0,0.0,0.0,0.0,0.0,0.0,0.0,0.0,0.0,0.0
2,-7.00270352985103,-3.5616037844489306,0.0,-5.771601522492675,-3.616591436038397,0.0,0.0,0.0,0.0,0.0,0.0,0.0,0.0,0.0,0.0,0.0,0.0,0.0,0.0,0.0,0.0,0.0,0.0
3,-5.765418240971297,-3.5055766076920936,-5.771601522492675,0.0,-3.723727298983093,-3.545106876757141,-3.4318748967199206,0.0,0.0,0.0,0.0,0.0,0.0,0.0,0.0,0.0,0.0,0.0,0.0,0.0,0.0,0.0,0.0
4,0.0,-3.2252845969069557,-3.616591436038397,-3.723727298983093,0.0,-3.623301754321919,-3.606385908469385,-2.84616739635633,0.0,0.0,0.0,0.0,0.0,0.0,0.0,0.0,0.0,0.0,0.0,0.0,0.0,0.0,0.0
5,0.0,0.0,0.0,-3.545106876757141,-3.623301754321919,0.0,-5.471416600818707,-3.1502173020312494,0.0,0.0,0.0,0.0,0.0,0.0,0.0,0.0,0.0,0.0,0.0,0.0,0.0,0.0,0.0
6,0.0,0.0,0.0,-3.4318748967199206,-3.606385908469385,-5.471416600818707,0.0,-3.2467527005633903,-3.3583565143692335,0.0,0.0,0.0,0.0,0.0,0.0,0.0,0.0,0.0,0.0,0.0,0.0,0.0,0.0
7,0.0,0.0,0.0,0.0,-2.84616739635633,-3.1502173020312494,-3.2467527005633903,0.0,-2.6196611884475147,-2.6135768992005173,0.0,0.0,0.0,0.0,0.0,0.0,0.0,0.0,0.0,0.0,0.0,0.0,0.0
8,0.0,0.0,0.0,0.0,0.0,0.0,-3.3583565143692335,-2.6196611884475147,0.0,-3.9861644052058045,0.0,0.0,0.0,0.0,0.0,0.0,0.0,0.0,0.0,0.0,0.0,0.0,0.0
9,0.0,0.0,0.0,0.0,0.0,0.0,0.0,-2.6135768992005173,-3.9861644052058045,0.0,-3.0326132090704814,0.0,0.0,0.0,0.0,0.0,0.0,0.0,0.0,0.0,0.0,0.0,0.0
10,0.0,0.0,0.0,0.0,0.0,0.0,0.0,0.0,0.0,-3.0326132090704814,0.0,-3.2738549332934737,-2.4297202366903257,-2.6224280163865945,0.0,0.0,0.0,0.0,0.0,0.0,0.0,0.0,0.0
11,0.0,0.0,0.0,0.0,0.0,0.0,0.0,0.0,0.0,0.0,-3.2738549332934737,0.0,-2.96340893190852,-2.2088424759466747,0.0,0.0,0.0,0.0,0.0,0.0,0.0,0.0,0.0
12,0.0,0.0,0.0,0.0,0.0,0.0,0.0,0.0,0.0,0.0,-2.4297202366903257,-2.96340893190852,0.0,-1.8525117925309045,-1.9136204303366173,0.0,0.0,0.0,0.0,0.0,0.0,0.0,0.0
13,0.0,0.0,0.0,0.0,0.0,0.0,0.0,0.0,0.0,0.0,-2.6224280163865945,-2.2088424759466747,-1.8525117925309045,0.0,-4.308905595736253,0.0,0.0,0.0,0.0,0.0,0.0,0.0,0.0
14,0.0,0.0,0.0,0.0,0.0,0.0,0.0,0.0,0.0,0.0,0.0,0.0,-1.9136204303366173,-4.308905595736253,0.0,0.0,-0.8909596143199473,0.0,0.0,0.0,0.0,0.0,0.0
15,0.0,0.0,0.0,0.0,0.0,0.0,0.0,0.0,0.0,0.0,0.0,0.0,0.0,0.0,0.0,0.0,0.0,-2.1041460742159237,-2.2237568001571004,-1.925164684426026,0.0,0.0,0.0
16,0.0,0.0,0.0,0.0,0.0,0.0,0.0,0.0,0.0,0.0,0.0,0.0,0.0,0.0,-0.8909596143199473,0.0,0.0,-0.9244140758102526,-0.9591399500767113,0.0,-1.4971456322756005,0.0,0.0
17,0.0,0.0,0.0,0.0,0.0,0.0,0.0,0.0,0.0,0.0,0.0,0.0,0.0,0.0,0.0,-2.1041460742159237,-0.9244140758102526,0.0,-2.9261659268953064,-3.1091511448746614,-0.4842420767527671,-4.635015760694763,0.0
18,0.0,0.0,0.0,0.0,0.0,0.0,0.0,0.0,0.0,0.0,0.0,0.0,0.0,0.0,0.0,-2.2237568001571004,-0.9591399500767113,-2.9261659268953064,0.0,-2.3208260436833528,-0.5161625489886084,-2.8301319509746614,-2.761396325993256
19,0.0,0.0,0.0,0.0,0.0,0.0,0.0,0.0,0.0,0.0,0.0,0.0,0.0,0.0,0.0,-1.925164684426026,0.0,-3.1091511448746614,-2.3208260436833528,0.0,-0.44979476008252306,-3.215160853073224,-1.825014037034142
20,0.0,0.0,0.0,0.0,0.0,0.0,0.0,0.0,0.0,0.0,0.0,0.0,0.0,0.0,0.0,0.0,-1.4971456322756005,-0.4842420767527671,-0.5161625489886084,-0.44979476008252306,0.0,0.0,0.0
21,0.0,0.0,0.0,0.0,0.0,0.0,0.0,0.0,0.0,0.0,0.0,0.0,0.0,0.0,0.0,0.0,0.0,-4.635015760694763,-2.8301319509746614,-3.215160853073224,0.0,0.0,-2.1020665019150915
22,0.0,0.0,0.0,0.0,0.0,0.0,0.0,0.0,0.0,0.0,0.0,0.0,0.0,0.0,0.0,0.0,0.0,0.0,-2.761396325993256,-1.825014037034142,0.0,-2.1020665019150915,0.0
