,0,1,2,3,4,5,6,7,8,9,10,11,12,13,14,15,16,17,18,19,20,21,22,23
0,0.0,-4.056806124361434,-4.583049119937826,-3.5092526881461272,0.0,0.0,0.0,0.0,0.0,0.0,0.0,0.0,0.0,0.0,0.0,0.0,0.0,0.0,0.0,0.0,0.0,0.0,0.0,0.0
1,-4.056806124361434,0.0,-3.8895295021118326,-4.18289363792387,0.0,0.0,0.0,0.0,0.0,0.0,0.0,0.0,0.0,0.0,0.0,0.0,0.0,0.0,0.0,0.0,0.0,0.0,0.0,0.0
2,-4.583049119937826,-3.8895295021118326,0.0,-3.567565215113691,-4.288999445748193,0.0,0.0,0.0,0.0,0.0,0.0,0.0,0.0,0.0,0.0,0.0,0.0,0.0,0.0,0.0,0.0,0.0,0.0,0.0
3,-3.5092526881461272,-4.18289363792387,-3.567565215113691,0.0,-3.930357525339915,-4.190605401004713,-3.0492201703896056,0.0,0.0,0.0,0.0,0.0,0.0,0.0,0.0,0.0,0.0,0.0,0.0,0.0,0.0,0.0,0.0,0.0
4,0.0,0.0,-4.288999445748193,-3.930357525339915,0.0,-4.483850012992912,-3.2651483549508624,0.0,0.0,0.0,0.0,0.0,0.0,0.0,0.0,0.0,0.0,0.0,0.0,0.0,0.0,0.0,0.0,0.0
5,0.0,0.0,0.0,-4.190605401004713,-4.483850012992912,0.0,-3.4080378912002884,-3.1329599241982766,-0.4969091968701408,0.0,0.0,0.0,0.0,0.0,0.0,0.0,0.0,0.0,0.0,0.0,0.0,0.0,0.0,0.0
6,0.0,0.0,0.0,-3.0492201703896056,-3.2651483549508624,-3.4080378912002884,0.0,-4.270768610673055,-0.4759969343654435,0.0,0.0,0.0,0.0,0.0,0.0,0.0,0.0,0.0,0.0,0.0,0.0,0.0,0.0,0.0
7,0.0,0.0,0.0,0.0,0.0,-3.1329599241982766,-4.270768610673055,0.0,-0.4546863839148946,0.0,0.0,0.0,0.0,0.0,0.0,0.0,0.0,0.0,0.0,0.0,0.0,0.0,0.0,0.0
8,0.0,0.0,0.0,0.0,0.0,-0.4969091968701408,-0.4759969343654435,-0.4546863839148946,0.0,0.0,0.0,0.0,0.0,0.0,0.0,0.0,0.0,0.0,0.0,0.0,0.0,0.0,0.0,0.0
9,0.0,0.0,0.0,0.0,0.0,0.0,0.0,0.0,0.0,0.0,-2.5161960947593447,-2.292264490370659,-2.800519222876661,0.0,0.0,0.0,0.0,0.0,0.0,0.0,0.0,0.0,0.0,0.0
10,0.0,0.0,0.0,0.0,0.0,0.0,0.0,0.0,0.0,-2.5161960947593447,0.0,-3.886844457113446,-2.5224247544388114,0.0,0.0,0.0,0.0,0.0,0.0,0.0,0.0,0.0,0.0,0.0
11,0.0,0.0,0.0,0.0,0.0,0.0,0.0,0.0,0.0,-2.292264490370659,-3.886844457113446,0.0,-2.324309395713318,-3.0999800645885447,0.0,0.0,0.0,0.0,0.0,0.0,0.0,0.0,0.0,0.0
12,0.0,0.0,0.0,0.0,0.0,0.0,0.0,0.0,0.0,-2.800519222876661,-2.5224247544388114,-2.324309395713318,0.0,-2.790970903613002,0.0,-2.474743676807746,0.0,0.0,0.0,0.0,0.0,0.0,0.0,0.0
13,0.0,0.0,0.0,0.0,0.0,0.0,0.0,0.0,0.0,0.0,0.0,-3.0999800645885447,-2.790970903613002,0.0,0.0,-3.4097665850019823,-6.383420297973426,0.0,0.0,0.0,0.0,0.0,0.0,0.0
14,0.0,0.0,0.0,0.0,0.0,0.0,0.0,0.0,0.0,0.0,0.0,0.0,0.0,0.0,0.0,-0.6129603433437676,-0.5938387845957181,0.0,-2.079106651996952,0.0,0.0,0.0,0.0,0.0
15,0.0,0.0,0.0,0.0,0.0,0.0,0.0,0.0,0.0,0.0,0.0,0.0,-2.474743676807746,-3.4097665850019823,-0.6129603433437676,0.0,-3.458290742851878,-3.7012916357748695,0.0,0.0,-1.4565864720073192,0.0,0.0,0.0
16,0.0,0.0,0.0,0.0,0.0,0.0,0.0,0.0,0.0,0.0,0.0,0.0,0.0,-6.383420297973426,-0.5938387845957181,-3.458290742851878,0.0,-2.8805092559128,0.0,0.0,-1.4681826173920234,0.0,0.0,0.0
17,0.0,0.0,0.0,0.0,0.0,0.0,0.0,0.0,0.0,0.0,0.0,0.0,0.0,0.0,0.0,-3.7012916357748695,-2.8805092559128,0.0,0.0,0.0,-1.4254568482085597,0.0,0.0,0.0
18,0.0,0.0,0.0,0.0,0.0,0.0,0.0,0.0,0.0,0.0,0.0,0.0,0.0,0.0,-2.079106651996952,0.0,0.0,0.0,0.0,-1.171283620561741,-0.15451523277360918,0.0,0.0,0.0
19,0.0,0.0,0.0,0.0,0.0,0.0,0.0,0.0,0.0,0.0,0.0,0.0,0.0,0.0,0.0,0.0,0.0,0.0,-1.171283620561741,0.0,0.0,0.07601725526730232,0.0,0.17181222211795616
20,0.0,0.0,0.0,0.0,0.0,0.0,0.0,0.0,0.0,0.0,0.0,0.0,0.0,0.0,0.0,-1.4565864720073192,-1.4681826173920234,-1.4254568482085597,-0.15451523277360918,0.0,0.0,-0.5957930815779509,-0.7621409797757832,0.0
21,0.0,0.0,0.0,0.0,0.0,0.0,0.0,0.0,0.0,0.0,0.0,0.0,0.0,0.0,0.0,0.0,0.0,0.0,0.0,0.07601725526730232,-0.5957930815779509,0.0,-0.18527611940809863,0.18716412162502702
22,0.0,0.0,0.0,0.0,0.0,0.0,0.0,0.0,0.0,0.0,0.0,0.0,0.0,0.0,0.0,0.0,0.0,0.0,0.0,0.0,-0.7621409797757832,-0.18527611940809863,0.0,-0.3017179598789976
23,0.0,0.0,0.0,0.0,0.0,0.0,0.0,0.0,0.0,0.0,0.0,0.0,0.0,0.0,0.0,0.0,0.0,0.0,0.0,0.17181222211795616,0.0,0.18716412162502702,-0.3017179598789976,0.0
