,0,1,2,3,4,5,6,7,8,9,10,11,12,13,14,15,16,17,18,19,20,21,22
0,0.0,-4.480433426454821,-5.4028004294352865,-4.140567684297715,0.0,0.0,0.0,0.0,0.0,0.0,0.0,0.0,0.0,0.0,0.0,0.0,0.0,0.0,0.0,0.0,0.0,0.0,0.0
1,-4.480433426454821,0.0,-4.4738888884553125,-4.482830929173523,0.0,0.0,0.0,0.0,0.0,0.0,0.0,0.0,0.0,0.0,0.0,0.0,0.0,0.0,0.0,0.0,0.0,0.0,0.0
2,-5.4028004294352865,-4.4738888884553125,0.0,-3.9713656081905966,0.0,0.0,0.0,0.0,0.0,0.0,0.0,0.0,0.0,0.0,0.0,0.0,0.0,0.0,0.0,0.0,0.0,0.0,0.0
3,-4.140567684297715,-4.482830929173523,-3.9713656081905966,0.0,-3.276131108401002,-1.7129099664609315,-4.758004034388203,0.0,0.0,0.0,0.0,0.0,0.0,0.0,0.0,0.0,0.0,0.0,0.0,0.0,0.0,0.0,0.0
4,0.0,0.0,0.0,-3.276131108401002,0.0,-1.6425068255421604,-3.41802125408862,-2.3927860036463864,0.0,0.0,0.0,0.0,0.0,0.0,0.0,0.0,0.0,0.0,0.0,0.0,0.0,0.0,0.0
5,0.0,0.0,0.0,-1.7129099664609315,-1.6425068255421604,0.0,-1.6709081152044376,-1.3387356460380708,-0.6887938750568745,0.0,0.0,0.0,0.0,0.0,0.0,0.0,0.0,0.0,0.0,0.0,0.0,0.0,0.0
6,0.0,0.0,0.0,-4.758004034388203,-3.41802125408862,-1.6709081152044376,0.0,-2.5604132367524675,-0.38913884183468245,-1.16063291614569,0.0,0.0,0.0,0.0,0.0,0.0,0.0,0.0,0.0,0.0,0.0,0.0,0.0
7,0.0,0.0,0.0,0.0,-2.3927860036463864,-1.3387356460380708,-2.5604132367524675,0.0,0.0,0.0,-2.0861619319291242,0.0,0.0,0.0,0.0,0.0,0.0,0.0,0.0,0.0,0.0,0.0,0.0
8,0.0,0.0,0.0,0.0,0.0,-0.6887938750568745,-0.38913884183468245,0.0,0.0,-0.9192380199479265,0.0,0.0,0.0,0.0,0.0,0.0,0.0,0.0,0.0,0.0,0.0,0.0,0.0
9,0.0,0.0,0.0,0.0,0.0,0.0,-1.16063291614569,0.0,-0.9192380199479265,0.0,-1.3103362445006066,-1.0595109413831936,0.0,0.0,0.0,0.0,0.0,0.0,0.0,0.0,0.0,0.0,0.0
10,0.0,0.0,0.0,0.0,0.0,0.0,0.0,-2.0861619319291242,0.0,-1.3103362445006066,0.0,-2.4605008921901685,-3.2410285560678918,0.0,0.0,0.0,0.0,0.0,0.0,0.0,0.0,0.0,0.0
11,0.0,0.0,0.0,0.0,0.0,0.0,0.0,0.0,0.0,-1.0595109413831936,-2.4605008921901685,0.0,-2.2655553039929086,0.0,0.0,0.0,0.0,0.0,0.0,0.0,0.0,0.0,0.0
12,0.0,0.0,0.0,0.0,0.0,0.0,0.0,0.0,0.0,0.0,-3.2410285560678918,-2.2655553039929086,0.0,-0.8622294521011922,-0.9199890437492264,-1.3594598961775746,0.0,-0.7791593772913656,0.0,0.0,0.0,0.0,0.0
13,0.0,0.0,0.0,0.0,0.0,0.0,0.0,0.0,0.0,0.0,0.0,0.0,-0.8622294521011922,0.0,-1.6358458920007535,-1.4066196143460252,0.0,0.0,0.0,0.0,0.0,0.0,0.0
14,0.0,0.0,0.0,0.0,0.0,0.0,0.0,0.0,0.0,0.0,0.0,0.0,-0.9199890437492264,-1.6358458920007535,0.0,-1.9378217798836102,-2.052296568933217,-2.258043458991532,0.0,0.0,0.0,0.0,0.0
15,0.0,0.0,0.0,0.0,0.0,0.0,0.0,0.0,0.0,0.0,0.0,0.0,-1.3594598961775746,-1.4066196143460252,-1.9378217798836102,0.0,-1.3211131693166807,0.0,0.0,0.0,0.0,0.0,0.0
16,0.0,0.0,0.0,0.0,0.0,0.0,0.0,0.0,0.0,0.0,0.0,0.0,0.0,0.0,-2.052296568933217,-1.3211131693166807,0.0,-2.763133022710387,-2.066893466013579,0.0,-1.6676964505843994,0.0,0.0
17,0.0,0.0,0.0,0.0,0.0,0.0,0.0,0.0,0.0,0.0,0.0,0.0,-0.7791593772913656,0.0,-2.258043458991532,0.0,-2.763133022710387,0.0,-2.324166605039975,0.0,-1.457091066710595,0.0,0.0
18,0.0,0.0,0.0,0.0,0.0,0.0,0.0,0.0,0.0,0.0,0.0,0.0,0.0,0.0,0.0,0.0,-2.066893466013579,-2.324166605039975,0.0,-1.5382103149192365,-1.154629586587758,-2.5461825064044015,-0.4254361795726439
19,0.0,0.0,0.0,0.0,0.0,0.0,0.0,0.0,0.0,0.0,0.0,0.0,0.0,0.0,0.0,0.0,0.0,0.0,-1.5382103149192365,0.0,-1.4082472302734284,-1.5926172352852315,0.0
20,0.0,0.0,0.0,0.0,0.0,0.0,0.0,0.0,0.0,0.0,0.0,0.0,0.0,0.0,0.0,0.0,-1.6676964505843994,-1.457091066710595,-1.154629586587758,-1.4082472302734284,0.0,0.0,-0.1097714615850141
21,0.0,0.0,0.0,0.0,0.0,0.0,0.0,0.0,0.0,0.0,0.0,0.0,0.0,0.0,0.0,0.0,0.0,0.0,-2.5461825064044015,-1.5926172352852315,0.0,0.0,-0.3761900829725628
22,0.0,0.0,0.0,0.0,0.0,0.0,0.0,0.0,0.0,0.0,0.0,0.0,0.0,0.0,0.0,0.0,0.0,0.0,-0.4254361795726439,0.0,-0.1097714615850141,-0.3761900829725628,0.0
