,0,1,2,3,4,5,6,7,8,9,10,11,12,13,14,15,16,17,18,19
0,0.0,-5.2218259077423514,-4.7198541107757475,-3.424420894244634,0.0,0.0,0.0,0.0,0.0,0.0,0.0,0.0,0.0,0.0,0.0,0.0,0.0,0.0,0.0,0.0
1,-5.2218259077423514,0.0,-4.515762535136319,-3.27159676779763,0.0,0.0,0.0,0.0,0.0,0.0,0.0,0.0,0.0,0.0,0.0,0.0,0.0,0.0,0.0,0.0
2,-4.7198541107757475,-4.515762535136319,0.0,-3.3937646899045313,-4.060041219073514,-3.697510807218456,0.0,0.0,0.0,0.0,0.0,0.0,0.0,0.0,0.0,0.0,0.0,0.0,0.0,0.0
3,-3.424420894244634,-3.27159676779763,-3.3937646899045313,0.0,-3.433455733856189,-3.4153700990045452,0.0,0.0,0.0,0.0,0.0,0.0,0.0,0.0,0.0,0.0,0.0,0.0,0.0,0.0
4,0.0,0.0,-4.060041219073514,-3.433455733856189,0.0,-4.869077412727379,-4.757446513778973,-4.036274368600219,0.0,0.0,0.0,0.0,0.0,0.0,0.0,0.0,0.0,0.0,0.0,0.0
5,0.0,0.0,-3.697510807218456,-3.4153700990045452,-4.869077412727379,0.0,-4.1991721986327315,-3.769595776047314,0.0,0.0,0.0,0.0,0.0,0.0,0.0,0.0,0.0,0.0,0.0,0.0
6,0.0,0.0,0.0,0.0,-4.757446513778973,-4.1991721986327315,0.0,-4.683812458061528,0.0,0.0,0.0,0.0,0.0,0.0,0.0,0.0,0.0,0.0,0.0,0.0
7,0.0,0.0,0.0,0.0,-4.036274368600219,-3.769595776047314,-4.683812458061528,0.0,-3.2762850500044216,0.0,0.0,0.0,0.0,0.0,0.0,0.0,0.0,0.0,0.0,0.0
8,0.0,0.0,0.0,0.0,0.0,0.0,0.0,-3.2762850500044216,0.0,-1.6100356663388211,-0.4485858694892539,0.0,0.0,0.0,0.0,0.0,0.0,0.0,0.0,0.0
9,0.0,0.0,0.0,0.0,0.0,0.0,0.0,0.0,-1.6100356663388211,0.0,-0.17875882963288073,-0.6220550367909268,-0.23809793744431235,0.0,0.0,0.0,0.0,0.0,0.0,0.0
10,0.0,0.0,0.0,0.0,0.0,0.0,0.0,0.0,-0.4485858694892539,-0.17875882963288073,0.0,0.038202312578132225,-1.7304298134152023,0.0,0.0,0.0,0.0,0.0,0.0,0.0
11,0.0,0.0,0.0,0.0,0.0,0.0,0.0,0.0,0.0,-0.6220550367909268,0.038202312578132225,0.0,-0.10038623471260186,0.0,0.0,0.0,0.0,0.0,0.0,0.0
12,0.0,0.0,0.0,0.0,0.0,0.0,0.0,0.0,0.0,-0.23809793744431235,-1.7304298134152023,-0.10038623471260186,0.0,0.0,0.0,0.0,0.0,0.0,0.0,0.0
13,0.0,0.0,0.0,0.0,0.0,0.0,0.0,0.0,0.0,0.0,0.0,0.0,0.0,0.0,-1.8501152972026245,-1.2128578600856992,0.0,0.0,-0.5269741711802386,0.0
14,0.0,0.0,0.0,0.0,0.0,0.0,0.0,0.0,0.0,0.0,0.0,0.0,0.0,-1.8501152972026245,0.0,0.0,0.0,-0.3937706759082669,-0.7919632982832887,0.0
15,0.0,0.0,0.0,0.0,0.0,0.0,0.0,0.0,0.0,0.0,0.0,0.0,0.0,-1.2128578600856992,0.0,0.0,-2.3558867545755717,-0.6280892831503914,-0.1472163623726426,0.0
16,0.0,0.0,0.0,0.0,0.0,0.0,0.0,0.0,0.0,0.0,0.0,0.0,0.0,0.0,0.0,-2.3558867545755717,0.0,-0.546060399055808,-0.22197773228758977,0.22544749570643552
17,0.0,0.0,0.0,0.0,0.0,0.0,0.0,0.0,0.0,0.0,0.0,0.0,0.0,0.0,-0.3937706759082669,-0.6280892831503914,-0.546060399055808,0.0,-0.19178032489844068,-0.35627725965174484
18,0.0,0.0,0.0,0.0,0.0,0.0,0.0,0.0,0.0,0.0,0.0,0.0,0.0,-0.5269741711802386,-0.7919632982832887,-0.1472163623726426,-0.22197773228758977,-0.19178032489844068,0.0,0.07576035826162193
19,0.0,0.0,0.0,0.0,0.0,0.0,0.0,0.0,0.0,0.0,0.0,0.0,0.0,0.0,0.0,0.0,0.22544749570643552,-0.35627725965174484,0.07576035826162193,0.0
