,0,1,2,3,4,5,6,7,8,9,10,11,12,13,14,15
0,0.0,-5.772948358054264,-5.425485493848505,-4.710073929987393,0.0,0.0,0.0,0.0,0.0,0.0,0.0,0.0,0.0,0.0,0.0,0.0
1,-5.772948358054264,0.0,-5.715405613999632,-4.518496679591221,0.0,0.0,0.0,0.0,0.0,0.0,0.0,0.0,0.0,0.0,0.0,0.0
2,-5.425485493848505,-5.715405613999632,0.0,-4.7439049127130595,0.0,0.0,0.0,0.0,0.0,0.0,0.0,0.0,0.0,0.0,0.0,0.0
3,-4.710073929987393,-4.518496679591221,-4.7439049127130595,0.0,-5.003738837759293,-4.043571779538884,-5.086045708875326,0.0,0.0,0.0,0.0,0.0,0.0,0.0,0.0,0.0
4,0.0,0.0,0.0,-5.003738837759293,0.0,-3.7696066689086027,-4.378193642834173,0.0,0.0,0.0,0.0,0.0,0.0,0.0,0.0,0.0
5,0.0,0.0,0.0,-4.043571779538884,-3.7696066689086027,0.0,-4.454887067679688,-3.9478916622862763,-2.3508188574212108,0.0,0.0,0.0,0.0,0.0,0.0,0.0
6,0.0,0.0,0.0,-5.086045708875326,-4.378193642834173,-4.454887067679688,0.0,-3.739123652829578,-2.3732695160388233,-3.3651587673832473,0.0,0.0,0.0,0.0,0.0,0.0
7,0.0,0.0,0.0,0.0,0.0,-3.9478916622862763,-3.739123652829578,0.0,-2.167335303013332,-3.4091312103095466,0.0,0.0,0.0,0.0,0.0,0.0
8,0.0,0.0,0.0,0.0,0.0,-2.3508188574212108,-2.3732695160388233,-2.167335303013332,0.0,-2.341186536534217,0.0,0.0,0.0,0.0,0.0,0.0
9,0.0,0.0,0.0,0.0,0.0,0.0,-3.3651587673832473,-3.4091312103095466,-2.341186536534217,0.0,-1.8062181270540487,0.0,0.0,0.0,0.0,0.0
10,0.0,0.0,0.0,0.0,0.0,0.0,0.0,0.0,0.0,-1.8062181270540487,0.0,-2.0411363217408294,-1.5293467921138846,-1.710482985787564,0.0,0.0
11,0.0,0.0,0.0,0.0,0.0,0.0,0.0,0.0,0.0,0.0,-2.0411363217408294,0.0,-2.2834536192615738,-2.968509030187631,0.0,0.0
12,0.0,0.0,0.0,0.0,0.0,0.0,0.0,0.0,0.0,0.0,-1.5293467921138846,-2.2834536192615738,0.0,-2.7347358262832975,-2.611015384212435,-0.4160072937517435
13,0.0,0.0,0.0,0.0,0.0,0.0,0.0,0.0,0.0,0.0,-1.710482985787564,-2.968509030187631,-2.7347358262832975,0.0,-2.7709832658431153,-0.34651703251895816
14,0.0,0.0,0.0,0.0,0.0,0.0,0.0,0.0,0.0,0.0,0.0,0.0,-2.611015384212435,-2.7709832658431153,0.0,-0.3114094995345928
15,0.0,0.0,0.0,0.0,0.0,0.0,0.0,0.0,0.0,0.0,0.0,0.0,-0.4160072937517435,-0.34651703251895816,-0.3114094995345928,0.0
