,0,1,2,3,4,5,6,7,8,9,10,11,12,13,14,15,16,17,18,19,20,21,22,23,24
0,0.0,-2.047514196224562,-4.438487751732237,-4.56226235751666,0.0,0.0,0.0,0.0,0.0,0.0,0.0,0.0,0.0,0.0,0.0,0.0,0.0,0.0,0.0,0.0,0.0,0.0,0.0,0.0,0.0
1,-2.047514196224562,0.0,-1.9617674599440762,-2.0126767680782036,-1.9439636402468452,0.0,0.0,0.0,0.0,0.0,0.0,0.0,0.0,0.0,0.0,0.0,0.0,0.0,0.0,0.0,0.0,0.0,0.0,0.0,0.0
2,-4.438487751732237,-1.9617674599440762,0.0,-4.59605383727097,-3.9015356057661292,-3.889490781474715,0.0,0.0,0.0,0.0,0.0,0.0,0.0,0.0,0.0,0.0,0.0,0.0,0.0,0.0,0.0,0.0,0.0,0.0,0.0
3,-4.56226235751666,-2.0126767680782036,-4.59605383727097,0.0,-3.557550130873353,-3.7980106280201578,0.0,0.0,0.0,0.0,0.0,0.0,0.0,0.0,0.0,0.0,0.0,0.0,0.0,0.0,0.0,0.0,0.0,0.0,0.0
4,0.0,-1.9439636402468452,-3.9015356057661292,-3.557550130873353,0.0,-4.057510051064278,0.0,0.0,0.0,0.0,0.0,0.0,0.0,0.0,0.0,0.0,0.0,0.0,0.0,0.0,0.0,0.0,0.0,0.0,0.0
5,0.0,0.0,-3.889490781474715,-3.7980106280201578,-4.057510051064278,0.0,-3.2863786064804805,0.0,0.0,0.0,0.0,0.0,0.0,0.0,0.0,0.0,0.0,0.0,0.0,0.0,0.0,0.0,0.0,0.0,0.0
6,0.0,0.0,0.0,0.0,0.0,-3.2863786064804805,0.0,-3.0653067137014456,-2.914014215669126,0.0,0.0,0.0,0.0,0.0,0.0,0.0,0.0,0.0,0.0,0.0,0.0,0.0,0.0,0.0,0.0
7,0.0,0.0,0.0,0.0,0.0,0.0,-3.0653067137014456,0.0,-4.0023970602573895,-4.026512095582825,0.0,0.0,0.0,0.0,0.0,0.0,0.0,0.0,0.0,0.0,0.0,0.0,0.0,0.0,0.0
8,0.0,0.0,0.0,0.0,0.0,0.0,-2.914014215669126,-4.0023970602573895,0.0,-3.728344946566817,-2.2962350355566223,0.0,0.0,0.0,0.0,0.0,0.0,0.0,0.0,0.0,0.0,0.0,0.0,0.0,0.0
9,0.0,0.0,0.0,0.0,0.0,0.0,0.0,-4.026512095582825,-3.728344946566817,0.0,-2.330146683703921,-2.7955820416094874,0.0,0.0,0.0,0.0,0.0,0.0,0.0,0.0,0.0,0.0,0.0,0.0,0.0
10,0.0,0.0,0.0,0.0,0.0,0.0,0.0,0.0,-2.2962350355566223,-2.330146683703921,0.0,-1.8429362491052155,-1.6005188425982058,0.0,-0.6124356327430388,0.0,0.0,0.0,0.0,0.0,0.0,0.0,0.0,0.0,0.0
11,0.0,0.0,0.0,0.0,0.0,0.0,0.0,0.0,0.0,-2.7955820416094874,-1.8429362491052155,0.0,-3.1043601555202995,0.0,-0.6252536003541803,0.0,0.0,0.0,0.0,0.0,0.0,0.0,0.0,0.0,0.0
12,0.0,0.0,0.0,0.0,0.0,0.0,0.0,0.0,0.0,0.0,-1.6005188425982058,-3.1043601555202995,0.0,-2.2891287668910225,-0.6369283329169189,0.0,0.0,0.0,0.0,0.0,0.0,0.0,-0.2929752360774978,0.0,0.0
13,0.0,0.0,0.0,0.0,0.0,0.0,0.0,0.0,0.0,0.0,0.0,0.0,-2.2891287668910225,0.0,-0.7008028078296971,-1.883443344837384,0.0,0.0,0.0,0.0,0.0,0.0,-0.4341158268931868,-1.3485553100013081,0.0
14,0.0,0.0,0.0,0.0,0.0,0.0,0.0,0.0,0.0,0.0,-0.6124356327430388,-0.6252536003541803,-0.6369283329169189,-0.7008028078296971,0.0,0.0,0.0,0.0,0.0,0.0,0.0,0.0,0.0,0.0,0.0
15,0.0,0.0,0.0,0.0,0.0,0.0,0.0,0.0,0.0,0.0,0.0,0.0,0.0,-1.883443344837384,0.0,0.0,-2.4154064866051463,-1.8247368612067618,0.0,-2.4351258887024683,0.0,0.0,-0.2422821369837216,0.0,0.0
16,0.0,0.0,0.0,0.0,0.0,0.0,0.0,0.0,0.0,0.0,0.0,0.0,0.0,0.0,0.0,-2.4154064866051463,0.0,-1.3839372319603018,0.0,-2.1326728358967006,0.0,0.0,0.0,0.0,0.0
17,0.0,0.0,0.0,0.0,0.0,0.0,0.0,0.0,0.0,0.0,0.0,0.0,0.0,0.0,0.0,-1.8247368612067618,-1.3839372319603018,0.0,-0.754938356815573,-1.6518421431571149,-2.199869686870153,0.0,0.0,-1.2568124639313354,-0.949507189225712
18,0.0,0.0,0.0,0.0,0.0,0.0,0.0,0.0,0.0,0.0,0.0,0.0,0.0,0.0,0.0,0.0,0.0,-0.754938356815573,0.0,-0.4180916256337533,-0.5644686361586971,-1.9933564251871438,0.0,0.0,0.0
19,0.0,0.0,0.0,0.0,0.0,0.0,0.0,0.0,0.0,0.0,0.0,0.0,0.0,0.0,0.0,-2.4351258887024683,-2.1326728358967006,-1.6518421431571149,-0.4180916256337533,0.0,0.0,0.0,0.0,0.0,-1.4768669838258381
20,0.0,0.0,0.0,0.0,0.0,0.0,0.0,0.0,0.0,0.0,0.0,0.0,0.0,0.0,0.0,0.0,0.0,-2.199869686870153,-0.5644686361586971,0.0,0.0,-0.5613272237194202,0.0,-0.9705578944011498,-1.2606370129544773
21,0.0,0.0,0.0,0.0,0.0,0.0,0.0,0.0,0.0,0.0,0.0,0.0,0.0,0.0,0.0,0.0,0.0,0.0,-1.9933564251871438,0.0,-0.5613272237194202,0.0,0.0,-1.032341091325314,0.0
22,0.0,0.0,0.0,0.0,0.0,0.0,0.0,0.0,0.0,0.0,0.0,0.0,-0.2929752360774978,-0.4341158268931868,0.0,-0.2422821369837216,0.0,0.0,0.0,0.0,0.0,0.0,0.0,-0.9439735281205371,0.0
23,0.0,0.0,0.0,0.0,0.0,0.0,0.0,0.0,0.0,0.0,0.0,0.0,0.0,-1.3485553100013081,0.0,0.0,0.0,-1.2568124639313354,0.0,0.0,-0.9705578944011498,-1.032341091325314,-0.9439735281205371,0.0,0.0
24,0.0,0.0,0.0,0.0,0.0,0.0,0.0,0.0,0.0,0.0,0.0,0.0,0.0,0.0,0.0,0.0,0.0,-0.949507189225712,0.0,-1.4768669838258381,-1.2606370129544773,0.0,0.0,0.0,0.0
