,0,1,2,3,4,5,6,7,8,9,10,11,12,13,14,15,16,17,18,19,20
0,0.0,-4.318302677364272,-4.4216836449700825,-3.408633632557105,0.0,0.0,0.0,0.0,0.0,0.0,0.0,0.0,0.0,0.0,0.0,0.0,0.0,0.0,0.0,0.0,0.0
1,-4.318302677364272,0.0,-4.762053636868497,-3.514710100526448,0.0,0.0,0.0,0.0,0.0,0.0,0.0,0.0,0.0,0.0,0.0,0.0,0.0,0.0,0.0,0.0,0.0
2,-4.4216836449700825,-4.762053636868497,0.0,-3.279371230257671,-4.686721073524046,-4.108456285053937,0.0,0.0,0.0,0.0,0.0,0.0,0.0,0.0,0.0,0.0,0.0,0.0,0.0,0.0,0.0
3,-3.408633632557105,-3.514710100526448,-3.279371230257671,0.0,-3.21627323768174,-3.1510900970457683,0.0,0.0,0.0,0.0,0.0,0.0,0.0,0.0,0.0,0.0,0.0,0.0,0.0,0.0,0.0
4,0.0,0.0,-4.686721073524046,-3.21627323768174,0.0,-3.6716259104599454,-4.250445118223317,0.0,0.0,0.0,0.0,0.0,0.0,0.0,0.0,0.0,0.0,0.0,0.0,0.0,0.0
5,0.0,0.0,-4.108456285053937,-3.1510900970457683,-3.6716259104599454,0.0,-3.4817865215276087,-3.257786282078185,0.0,0.0,0.0,0.0,0.0,0.0,0.0,0.0,0.0,0.0,0.0,0.0,0.0
6,0.0,0.0,0.0,0.0,-4.250445118223317,-3.4817865215276087,0.0,-4.374992156975318,-2.1844354124994174,0.0,0.0,0.0,0.0,0.0,0.0,0.0,0.0,0.0,0.0,0.0,0.0
7,0.0,0.0,0.0,0.0,0.0,-3.257786282078185,-4.374992156975318,0.0,-2.154038000692587,-1.6860689449208657,0.0,0.0,0.0,0.0,0.0,0.0,0.0,0.0,0.0,0.0,0.0
8,0.0,0.0,0.0,0.0,0.0,0.0,-2.1844354124994174,-2.154038000692587,0.0,-2.5991452553065026,-2.212754250149076,-1.940679829562169,0.0,0.0,0.0,0.0,0.0,0.0,0.0,0.0,0.0
9,0.0,0.0,0.0,0.0,0.0,0.0,0.0,-1.6860689449208657,-2.5991452553065026,0.0,-1.712456022872386,-2.262925717018768,0.0,0.0,0.0,0.0,0.0,0.0,0.0,0.0,0.0
10,0.0,0.0,0.0,0.0,0.0,0.0,0.0,0.0,-2.212754250149076,-1.712456022872386,0.0,-1.5483545750094774,0.0,0.0,0.0,0.0,0.0,0.0,0.0,0.0,0.0
11,0.0,0.0,0.0,0.0,0.0,0.0,0.0,0.0,-1.940679829562169,-2.262925717018768,-1.5483545750094774,0.0,0.0,0.0,0.0,0.0,0.0,0.0,0.0,0.0,0.0
12,0.0,0.0,0.0,0.0,0.0,0.0,0.0,0.0,0.0,0.0,0.0,0.0,0.0,-4.139192465322398,-1.653366082633883,-2.8458007822129967,0.0,0.0,0.0,0.0,0.0
13,0.0,0.0,0.0,0.0,0.0,0.0,0.0,0.0,0.0,0.0,0.0,0.0,-4.139192465322398,0.0,-1.658907135707873,-3.130516329391643,0.0,0.0,0.0,0.0,0.0
14,0.0,0.0,0.0,0.0,0.0,0.0,0.0,0.0,0.0,0.0,0.0,0.0,-1.653366082633883,-1.658907135707873,0.0,-1.5395971509244593,0.0,-0.7934532087816085,0.0,0.0,0.0
15,0.0,0.0,0.0,0.0,0.0,0.0,0.0,0.0,0.0,0.0,0.0,0.0,-2.8458007822129967,-3.130516329391643,-1.5395971509244593,0.0,-0.40036055411614535,-1.3743068829656238,0.0,0.0,0.0
16,0.0,0.0,0.0,0.0,0.0,0.0,0.0,0.0,0.0,0.0,0.0,0.0,0.0,0.0,0.0,-0.40036055411614535,0.0,-0.08085164482761108,-0.39246111394457045,0.0,-0.5943915753391231
17,0.0,0.0,0.0,0.0,0.0,0.0,0.0,0.0,0.0,0.0,0.0,0.0,0.0,0.0,-0.7934532087816085,-1.3743068829656238,-0.08085164482761108,0.0,-1.393771664173095,-1.7517329261856815,0.0
18,0.0,0.0,0.0,0.0,0.0,0.0,0.0,0.0,0.0,0.0,0.0,0.0,0.0,0.0,0.0,0.0,-0.39246111394457045,-1.393771664173095,0.0,-1.2093848705844026,-0.24243357461143744
19,0.0,0.0,0.0,0.0,0.0,0.0,0.0,0.0,0.0,0.0,0.0,0.0,0.0,0.0,0.0,0.0,0.0,-1.7517329261856815,-1.2093848705844026,0.0,-0.15082283215063388
20,0.0,0.0,0.0,0.0,0.0,0.0,0.0,0.0,0.0,0.0,0.0,0.0,0.0,0.0,0.0,0.0,-0.5943915753391231,0.0,-0.24243357461143744,-0.15082283215063388,0.0
