,0,1,2,3,4,5,6,7,8,9,10,11,12,13,14,15,16,17,18,19,20,21,22
0,0.0,-5.423887605220641,-2.9017003080170074,-4.370884512885212,0.0,0.0,0.0,0.0,0.0,0.0,0.0,0.0,0.0,0.0,0.0,0.0,0.0,0.0,0.0,0.0,0.0,0.0,0.0
1,-5.423887605220641,0.0,-2.9758392760518366,-4.309141656289491,0.0,0.0,0.0,0.0,0.0,0.0,0.0,0.0,0.0,0.0,0.0,0.0,0.0,0.0,0.0,0.0,0.0,0.0,0.0
2,-2.9017003080170074,-2.9758392760518366,0.0,-2.7858241815192732,-3.5022192600042787,-2.9751874515986403,0.0,0.0,0.0,0.0,0.0,0.0,0.0,0.0,0.0,0.0,0.0,0.0,0.0,0.0,0.0,0.0,0.0
3,-4.370884512885212,-4.309141656289491,-2.7858241815192732,0.0,-3.377120352266759,-4.361850394592174,0.0,0.0,0.0,0.0,0.0,0.0,0.0,0.0,0.0,0.0,0.0,0.0,0.0,0.0,0.0,0.0,0.0
4,0.0,0.0,-3.5022192600042787,-3.377120352266759,0.0,-3.8145096792447157,-4.369557834496492,0.0,0.0,0.0,0.0,0.0,0.0,0.0,0.0,0.0,0.0,0.0,0.0,0.0,0.0,0.0,0.0
5,0.0,0.0,-2.9751874515986403,-4.361850394592174,-3.8145096792447157,0.0,-4.6637964491273145,0.0,-3.8117567101122285,0.0,0.0,0.0,0.0,0.0,0.0,0.0,0.0,0.0,0.0,0.0,0.0,0.0,0.0
6,0.0,0.0,0.0,0.0,-4.369557834496492,-4.6637964491273145,0.0,-2.9209515699042807,-3.837234225295272,0.0,0.0,0.0,0.0,0.0,0.0,0.0,0.0,0.0,0.0,0.0,0.0,0.0,0.0
7,0.0,0.0,0.0,0.0,0.0,0.0,-2.9209515699042807,0.0,-2.845342601127632,-3.0837154769398674,-3.3128195657173216,0.0,0.0,0.0,0.0,0.0,0.0,0.0,0.0,0.0,0.0,0.0,0.0
8,0.0,0.0,0.0,0.0,0.0,-3.8117567101122285,-3.837234225295272,-2.845342601127632,0.0,-3.9066367635862993,-2.88826107473334,0.0,0.0,0.0,0.0,0.0,0.0,0.0,0.0,0.0,0.0,0.0,0.0
9,0.0,0.0,0.0,0.0,0.0,0.0,0.0,-3.0837154769398674,-3.9066367635862993,0.0,-2.878910008144469,-3.516605528329461,0.0,0.0,0.0,0.0,0.0,0.0,0.0,0.0,0.0,0.0,0.0
10,0.0,0.0,0.0,0.0,0.0,0.0,0.0,-3.3128195657173216,-2.88826107473334,-2.878910008144469,0.0,-3.5976313741895694,-1.0925842403355288,0.0,0.0,0.0,0.0,0.0,0.0,0.0,0.0,0.0,0.0
11,0.0,0.0,0.0,0.0,0.0,0.0,0.0,0.0,0.0,-3.516605528329461,-3.5976313741895694,0.0,-1.1539012579460468,0.0,0.0,0.0,0.0,0.0,0.0,0.0,0.0,0.0,0.0
12,0.0,0.0,0.0,0.0,0.0,0.0,0.0,0.0,0.0,0.0,-1.0925842403355288,-1.1539012579460468,0.0,-0.7537307633309466,-1.0536582367203324,0.0,0.0,-0.8388527760189358,0.0,0.0,0.0,0.0,0.0
13,0.0,0.0,0.0,0.0,0.0,0.0,0.0,0.0,0.0,0.0,0.0,0.0,-0.7537307633309466,0.0,-0.20265700936144374,-0.5122365511610266,-0.3530153032570189,0.0,0.0,0.0,0.0,0.0,0.0
14,0.0,0.0,0.0,0.0,0.0,0.0,0.0,0.0,0.0,0.0,0.0,0.0,-1.0536582367203324,-0.20265700936144374,0.0,0.0,-2.0954677528462127,-1.9897598659820865,-2.3912420016182225,0.0,0.0,0.0,0.0
15,0.0,0.0,0.0,0.0,0.0,0.0,0.0,0.0,0.0,0.0,0.0,0.0,0.0,-0.5122365511610266,0.0,0.0,-1.9292741480797218,0.0,-1.3537326121988973,0.0,-1.2946620009139445,0.0,0.0
16,0.0,0.0,0.0,0.0,0.0,0.0,0.0,0.0,0.0,0.0,0.0,0.0,0.0,-0.3530153032570189,-2.0954677528462127,-1.9292741480797218,0.0,-1.583827971109126,-2.1480215638267333,-2.537847933677898,0.0,0.0,0.0
17,0.0,0.0,0.0,0.0,0.0,0.0,0.0,0.0,0.0,0.0,0.0,0.0,-0.8388527760189358,0.0,-1.9897598659820865,0.0,-1.583827971109126,0.0,-2.4154754358516155,0.0,0.0,0.0,0.0
18,0.0,0.0,0.0,0.0,0.0,0.0,0.0,0.0,0.0,0.0,0.0,0.0,0.0,0.0,-2.3912420016182225,-1.3537326121988973,-2.1480215638267333,-2.4154754358516155,0.0,0.0,-3.852967384428565,0.0,0.0
19,0.0,0.0,0.0,0.0,0.0,0.0,0.0,0.0,0.0,0.0,0.0,0.0,0.0,0.0,0.0,0.0,-2.537847933677898,0.0,0.0,0.0,-2.210572799065725,-0.9726988420733282,-2.6205349539890905
20,0.0,0.0,0.0,0.0,0.0,0.0,0.0,0.0,0.0,0.0,0.0,0.0,0.0,0.0,0.0,-1.2946620009139445,0.0,0.0,-3.852967384428565,-2.210572799065725,0.0,-0.9527364710584051,-3.150061061655759
21,0.0,0.0,0.0,0.0,0.0,0.0,0.0,0.0,0.0,0.0,0.0,0.0,0.0,0.0,0.0,0.0,0.0,0.0,0.0,-0.9726988420733282,-0.9527364710584051,0.0,-0.9240358258631558
22,0.0,0.0,0.0,0.0,0.0,0.0,0.0,0.0,0.0,0.0,0.0,0.0,0.0,0.0,0.0,0.0,0.0,0.0,0.0,-2.6205349539890905,-3.150061061655759,-0.9240358258631558,0.0
