,0,1,2,3,4,5,6,7,8,9,10,11,12,13,14,15,16,17,18,19,20,21,22,23,24,25
0,0.0,-2.704940909815544,-2.7089887998858866,-2.6790399242032423,0.0,0.0,0.0,0.0,0.0,0.0,0.0,0.0,0.0,0.0,0.0,0.0,0.0,0.0,0.0,0.0,0.0,0.0,0.0,0.0,0.0,0.0
1,-2.704940909815544,0.0,-4.03336106875638,-5.488534020063961,0.0,0.0,0.0,0.0,0.0,0.0,0.0,0.0,0.0,0.0,0.0,0.0,0.0,0.0,0.0,0.0,0.0,0.0,0.0,0.0,0.0,0.0
2,-2.7089887998858866,-4.03336106875638,0.0,-3.828896384300457,-3.193032249729016,-2.3680888275327963,0.0,0.0,0.0,0.0,0.0,0.0,0.0,0.0,0.0,0.0,0.0,0.0,0.0,0.0,0.0,0.0,0.0,0.0,0.0,0.0
3,-2.6790399242032423,-5.488534020063961,-3.828896384300457,0.0,-3.705199784251891,-2.553276608278965,0.0,0.0,0.0,0.0,0.0,0.0,0.0,0.0,0.0,0.0,0.0,0.0,0.0,0.0,0.0,0.0,0.0,0.0,0.0,0.0
4,0.0,0.0,-3.193032249729016,-3.705199784251891,0.0,-2.9282538667204765,0.0,0.0,0.0,0.0,0.0,0.0,0.0,0.0,0.0,0.0,0.0,0.0,0.0,0.0,0.0,0.0,0.0,0.0,0.0,0.0
5,0.0,0.0,-2.3680888275327963,-2.553276608278965,-2.9282538667204765,0.0,-3.025291398424575,-2.2826931361414844,-2.6319471301483137,0.0,0.0,0.0,0.0,0.0,0.0,0.0,0.0,0.0,0.0,0.0,0.0,0.0,0.0,0.0,0.0,0.0
6,0.0,0.0,0.0,0.0,0.0,-3.025291398424575,0.0,-2.901860581250035,-3.7544761480826914,0.0,0.0,0.0,0.0,0.0,0.0,0.0,0.0,0.0,0.0,0.0,0.0,0.0,0.0,0.0,0.0,0.0
7,0.0,0.0,0.0,0.0,0.0,-2.2826931361414844,-2.901860581250035,0.0,-3.4066227100459896,0.0,0.0,0.0,0.0,0.0,0.0,0.0,0.0,0.0,0.0,0.0,0.0,0.0,0.0,0.0,0.0,0.0
8,0.0,0.0,0.0,0.0,0.0,-2.6319471301483137,-3.7544761480826914,-3.4066227100459896,0.0,-3.077638403288924,-3.0209897048557237,-2.2312993682268596,0.0,0.0,0.0,0.0,0.0,0.0,0.0,0.0,0.0,0.0,0.0,0.0,0.0,0.0
9,0.0,0.0,0.0,0.0,0.0,0.0,0.0,0.0,-3.077638403288924,0.0,-4.106137093414776,-2.7659265099031836,0.0,0.0,0.0,0.0,0.0,0.0,0.0,0.0,0.0,0.0,0.0,0.0,0.0,0.0
10,0.0,0.0,0.0,0.0,0.0,0.0,0.0,0.0,-3.0209897048557237,-4.106137093414776,0.0,-2.653553240082293,0.0,0.0,0.0,0.0,0.0,0.0,0.0,0.0,0.0,0.0,0.0,0.0,0.0,0.0
11,0.0,0.0,0.0,0.0,0.0,0.0,0.0,0.0,-2.2312993682268596,-2.7659265099031836,-2.653553240082293,0.0,0.0,-0.5344498581706282,0.0,0.0,0.0,0.0,0.0,0.0,0.0,0.0,0.0,0.0,0.0,0.0
12,0.0,0.0,0.0,0.0,0.0,0.0,0.0,0.0,0.0,0.0,0.0,0.0,0.0,-0.4358890318532388,-0.35224968412980595,-0.3020244690017058,0.0,0.0,0.0,0.0,0.0,0.0,0.0,0.0,0.0,0.0
13,0.0,0.0,0.0,0.0,0.0,0.0,0.0,0.0,0.0,0.0,0.0,-0.5344498581706282,-0.4358890318532388,0.0,-0.5444332579361006,-1.8154442070137207,0.0,0.0,0.0,0.0,0.0,0.0,0.0,0.0,0.0,0.0
14,0.0,0.0,0.0,0.0,0.0,0.0,0.0,0.0,0.0,0.0,0.0,0.0,-0.35224968412980595,-0.5444332579361006,0.0,-0.29908997992319003,0.0,0.0,0.0,0.0,-0.45750458158984725,0.0,0.0,0.0,0.0,0.0
15,0.0,0.0,0.0,0.0,0.0,0.0,0.0,0.0,0.0,0.0,0.0,0.0,-0.3020244690017058,-1.8154442070137207,-0.29908997992319003,0.0,0.0,0.0,0.0,0.0,-2.1831836651193597,0.0,0.0,0.0,0.0,0.0
16,0.0,0.0,0.0,0.0,0.0,0.0,0.0,0.0,0.0,0.0,0.0,0.0,0.0,0.0,0.0,0.0,0.0,-1.3049920496683216,-1.3190018604963494,-0.7305164669983089,-0.1749206250728891,-0.5498834197716276,0.0,0.0,0.0,0.0
17,0.0,0.0,0.0,0.0,0.0,0.0,0.0,0.0,0.0,0.0,0.0,0.0,0.0,0.0,0.0,0.0,-1.3049920496683216,0.0,-1.8121589534934173,-1.451014123619588,-0.564942792297177,0.0,0.0,0.0,0.0,0.0
18,0.0,0.0,0.0,0.0,0.0,0.0,0.0,0.0,0.0,0.0,0.0,0.0,0.0,0.0,0.0,0.0,-1.3190018604963494,-1.8121589534934173,0.0,0.0,0.0,0.0,0.0,-1.525473827692431,-0.6577288708896308,0.0
19,0.0,0.0,0.0,0.0,0.0,0.0,0.0,0.0,0.0,0.0,0.0,0.0,0.0,0.0,0.0,0.0,-0.7305164669983089,-1.451014123619588,0.0,0.0,-0.9028471580944921,-1.0136352645646025,-0.44693258880718834,0.0,0.0,0.0
20,0.0,0.0,0.0,0.0,0.0,0.0,0.0,0.0,0.0,0.0,0.0,0.0,0.0,0.0,-0.45750458158984725,-2.1831836651193597,-0.1749206250728891,-0.564942792297177,0.0,-0.9028471580944921,0.0,0.0,0.0,0.0,0.0,0.0
21,0.0,0.0,0.0,0.0,0.0,0.0,0.0,0.0,0.0,0.0,0.0,0.0,0.0,0.0,0.0,0.0,-0.5498834197716276,0.0,0.0,-1.0136352645646025,0.0,0.0,0.0011498017482298832,-1.249833831299089,0.0,-1.1126898275062116
22,0.0,0.0,0.0,0.0,0.0,0.0,0.0,0.0,0.0,0.0,0.0,0.0,0.0,0.0,0.0,0.0,0.0,0.0,0.0,-0.44693258880718834,0.0,0.0011498017482298832,0.0,-0.32225405517659983,0.0,0.006502012373881921
23,0.0,0.0,0.0,0.0,0.0,0.0,0.0,0.0,0.0,0.0,0.0,0.0,0.0,0.0,0.0,0.0,0.0,0.0,-1.525473827692431,0.0,0.0,-1.249833831299089,-0.32225405517659983,0.0,-1.1141267551169236,-0.7941087034358477
24,0.0,0.0,0.0,0.0,0.0,0.0,0.0,0.0,0.0,0.0,0.0,0.0,0.0,0.0,0.0,0.0,0.0,0.0,-0.6577288708896308,0.0,0.0,0.0,0.0,-1.1141267551169236,0.0,-1.7308873186428588
25,0.0,0.0,0.0,0.0,0.0,0.0,0.0,0.0,0.0,0.0,0.0,0.0,0.0,0.0,0.0,0.0,0.0,0.0,0.0,0.0,0.0,-1.1126898275062116,0.006502012373881921,-0.7941087034358477,-1.7308873186428588,0.0
