,0,1,2,3,4,5,6,7,8,9,10,11,12,13,14,15,16,17,18,19,20,21,22,23,24,25,26
0,0.0,-3.377989147387946,-3.476647644690032,-0.9212810584176172,0.0,0.0,0.0,0.0,0.0,0.0,0.0,0.0,0.0,0.0,0.0,0.0,0.0,0.0,0.0,0.0,0.0,0.0,0.0,0.0,0.0,0.0,0.0
1,-3.377989147387946,0.0,-5.406271068194357,-0.9964283498792333,-0.46965797094082584,0.0,0.0,0.0,0.0,0.0,0.0,0.0,0.0,0.0,0.0,0.0,0.0,0.0,0.0,0.0,0.0,0.0,0.0,0.0,0.0,0.0,0.0
2,-3.476647644690032,-5.406271068194357,0.0,-0.984458919042536,-0.46289269390782717,0.0,0.0,0.0,0.0,0.0,0.0,0.0,0.0,0.0,0.0,0.0,0.0,0.0,0.0,0.0,0.0,0.0,0.0,0.0,0.0,0.0,0.0
3,-0.9212810584176172,-0.9964283498792333,-0.984458919042536,0.0,-1.3006599564038666,-1.0806878186958622,-1.9500118194610487,0.0,0.0,0.0,0.0,0.0,0.0,0.0,0.0,0.0,0.0,0.0,0.0,0.0,0.0,0.0,0.0,0.0,0.0,0.0,0.0
4,0.0,-0.46965797094082584,-0.46289269390782717,-1.3006599564038666,0.0,-0.5210323693473635,-1.9367682429528426,0.0,0.0,0.0,0.0,0.0,0.0,0.0,0.0,0.0,0.0,0.0,0.0,0.0,0.0,0.0,0.0,0.0,0.0,0.0,0.0
5,0.0,0.0,0.0,-1.0806878186958622,-0.5210323693473635,0.0,-0.7335661168515896,0.0,-3.2741147260767263,0.0,0.0,0.0,0.0,0.0,0.0,0.0,0.0,0.0,0.0,0.0,0.0,0.0,0.0,0.0,0.0,0.0,0.0
6,0.0,0.0,0.0,-1.9500118194610487,-1.9367682429528426,-0.7335661168515896,0.0,-3.454879120592313,-0.7120036027531275,-0.6749773253898123,0.0,0.0,0.0,0.0,0.0,0.0,0.0,0.0,0.0,0.0,0.0,0.0,0.0,0.0,0.0,0.0,0.0
7,0.0,0.0,0.0,0.0,0.0,0.0,-3.454879120592313,0.0,-0.657080515444398,-0.6238678258784315,0.0,0.0,0.0,0.0,0.0,0.0,0.0,0.0,0.0,0.0,0.0,0.0,0.0,0.0,0.0,0.0,0.0
8,0.0,0.0,0.0,0.0,0.0,-3.2741147260767263,-0.7120036027531275,-0.657080515444398,0.0,-3.302699564287715,-1.1747477190390334,0.0,0.0,0.0,0.0,0.0,0.0,0.0,0.0,0.0,0.0,0.0,0.0,0.0,0.0,0.0,0.0
9,0.0,0.0,0.0,0.0,0.0,0.0,-0.6749773253898123,-0.6238678258784315,-3.302699564287715,0.0,-1.297301365132641,0.0,-2.850418059139845,0.0,0.0,0.0,0.0,0.0,0.10164080191316244,0.0,0.0,0.0,0.0,0.0,0.0,0.0,0.0
10,0.0,0.0,0.0,0.0,0.0,0.0,0.0,0.0,-1.1747477190390334,-1.297301365132641,0.0,-0.994184252438543,-1.5313450682307674,0.0,0.0,0.0,0.0,0.0,-0.11704044695868304,0.0,0.0,0.0,0.0,0.0,0.0,0.0,0.0
11,0.0,0.0,0.0,0.0,0.0,0.0,0.0,0.0,0.0,0.0,-0.994184252438543,0.0,-0.9477276385647124,-1.104084180470464,-1.921994587839018,0.0,0.0,0.0,0.0,0.0,0.0,0.0,0.0,0.0,0.0,0.0,0.0
12,0.0,0.0,0.0,0.0,0.0,0.0,0.0,0.0,0.0,-2.850418059139845,-1.5313450682307674,-0.9477276385647124,0.0,0.0,0.0,0.0,-1.8737044733225736,0.0,0.06219935370609126,0.0,0.0,0.0,0.0,0.0,0.0,0.0,0.0
13,0.0,0.0,0.0,0.0,0.0,0.0,0.0,0.0,0.0,0.0,0.0,-1.104084180470464,0.0,0.0,-1.0758999727932426,-1.329822559708856,0.0,-0.8695482909953445,0.0,-0.9064055565696464,0.0,-0.9925536992545911,0.0,0.0,0.0,0.0,0.0
14,0.0,0.0,0.0,0.0,0.0,0.0,0.0,0.0,0.0,0.0,0.0,-1.921994587839018,0.0,-1.0758999727932426,0.0,0.0,-0.9413673176855402,0.0,0.0,0.0,0.0,0.0,0.0,0.0,0.0,0.0,0.0
15,0.0,0.0,0.0,0.0,0.0,0.0,0.0,0.0,0.0,0.0,0.0,0.0,0.0,-1.329822559708856,0.0,0.0,-0.618811539302876,-1.3966857832633222,0.0,0.0,0.0,0.0,0.0,0.0,0.0,0.0,0.0
16,0.0,0.0,0.0,0.0,0.0,0.0,0.0,0.0,0.0,0.0,0.0,0.0,-1.8737044733225736,0.0,-0.9413673176855402,-0.618811539302876,0.0,-0.32033571885673745,0.0,0.0,-2.0576619520729573,0.0,0.0,0.0,0.0,0.0,0.0
17,0.0,0.0,0.0,0.0,0.0,0.0,0.0,0.0,0.0,0.0,0.0,0.0,0.0,-0.8695482909953445,0.0,-1.3966857832633222,-0.32033571885673745,0.0,0.0,-1.0275439704568237,-0.49494326888274287,0.0,0.0,0.0,0.0,0.0,0.0
18,0.0,0.0,0.0,0.0,0.0,0.0,0.0,0.0,0.0,0.10164080191316244,-0.11704044695868304,0.0,0.06219935370609126,0.0,0.0,0.0,0.0,0.0,0.0,0.0,0.0,0.0,0.0,0.0,0.0,0.0,0.0
19,0.0,0.0,0.0,0.0,0.0,0.0,0.0,0.0,0.0,0.0,0.0,0.0,0.0,-0.9064055565696464,0.0,0.0,0.0,-1.0275439704568237,0.0,0.0,-1.3002248509452623,-1.7114443893825646,-1.4105625147972491,-1.1999936469531167,0.0,0.0,0.0
20,0.0,0.0,0.0,0.0,0.0,0.0,0.0,0.0,0.0,0.0,0.0,0.0,0.0,0.0,0.0,0.0,-2.0576619520729573,-0.49494326888274287,0.0,-1.3002248509452623,0.0,0.0,-3.340108375196164,-3.4134532724322963,0.0,0.0,0.0
21,0.0,0.0,0.0,0.0,0.0,0.0,0.0,0.0,0.0,0.0,0.0,0.0,0.0,-0.9925536992545911,0.0,0.0,0.0,0.0,0.0,-1.7114443893825646,0.0,0.0,-1.364472273352139,-1.1281117251362118,-0.007586715171940387,0.0,0.0
22,0.0,0.0,0.0,0.0,0.0,0.0,0.0,0.0,0.0,0.0,0.0,0.0,0.0,0.0,0.0,0.0,0.0,0.0,0.0,-1.4105625147972491,-3.340108375196164,-1.364472273352139,0.0,-2.6833902621724213,0.0,-2.8036836490470036,-0.4077353411803682
23,0.0,0.0,0.0,0.0,0.0,0.0,0.0,0.0,0.0,0.0,0.0,0.0,0.0,0.0,0.0,0.0,0.0,0.0,0.0,-1.1999936469531167,-3.4134532724322963,-1.1281117251362118,-2.6833902621724213,0.0,-0.27780289223170673,-3.9182401053173117,-0.3550464529299877
24,0.0,0.0,0.0,0.0,0.0,0.0,0.0,0.0,0.0,0.0,0.0,0.0,0.0,0.0,0.0,0.0,0.0,0.0,0.0,0.0,0.0,-0.007586715171940387,0.0,-0.27780289223170673,0.0,-0.2849736656490254,0.0
25,0.0,0.0,0.0,0.0,0.0,0.0,0.0,0.0,0.0,0.0,0.0,0.0,0.0,0.0,0.0,0.0,0.0,0.0,0.0,0.0,0.0,0.0,-2.8036836490470036,-3.9182401053173117,-0.2849736656490254,0.0,-0.3428361888063223
26,0.0,0.0,0.0,0.0,0.0,0.0,0.0,0.0,0.0,0.0,0.0,0.0,0.0,0.0,0.0,0.0,0.0,0.0,0.0,0.0,0.0,0.0,-0.4077353411803682,-0.3550464529299877,0.0,-0.3428361888063223,0.0
