,0,1,2,3,4,5,6,7,8,9,10,11,12,13,14,15,16,17,18,19
0,0.0,-4.318291117114961,-5.091388359735967,-3.6590063333882203,0.0,0.0,0.0,0.0,0.0,0.0,0.0,0.0,0.0,0.0,0.0,0.0,0.0,0.0,0.0,0.0
1,-4.318291117114961,0.0,-4.857086924616691,-4.353906997184469,0.0,0.0,0.0,0.0,0.0,0.0,0.0,0.0,0.0,0.0,0.0,0.0,0.0,0.0,0.0,0.0
2,-5.091388359735967,-4.857086924616691,0.0,-3.9268098192349923,0.0,0.0,0.0,0.0,0.0,0.0,0.0,0.0,0.0,0.0,0.0,0.0,0.0,0.0,0.0,0.0
3,-3.6590063333882203,-4.353906997184469,-3.9268098192349923,0.0,-3.7389435657593384,-4.047014122878052,-3.309168812353766,0.0,0.0,0.0,0.0,0.0,0.0,0.0,0.0,0.0,0.0,0.0,0.0,0.0
4,0.0,0.0,0.0,-3.7389435657593384,0.0,-4.582446876834733,-2.8210635983992725,0.0,0.0,0.0,0.0,0.0,0.0,0.0,0.0,0.0,0.0,0.0,0.0,0.0
5,0.0,0.0,0.0,-4.047014122878052,-4.582446876834733,0.0,-2.9771803055981474,-4.756465696743031,-4.154785503363176,0.0,0.0,0.0,0.0,0.0,0.0,0.0,0.0,0.0,0.0,0.0
6,0.0,0.0,0.0,-3.309168812353766,-2.8210635983992725,-2.9771803055981474,0.0,-3.1618836357699562,-2.753397999421307,-1.9827105153506812,0.0,0.0,0.0,0.0,0.0,0.0,0.0,0.0,0.0,0.0
7,0.0,0.0,0.0,0.0,0.0,-4.756465696743031,-3.1618836357699562,0.0,-3.7701050607280155,-2.3429758492419266,0.0,0.0,0.0,0.0,0.0,0.0,0.0,0.0,0.0,0.0
8,0.0,0.0,0.0,0.0,0.0,-4.154785503363176,-2.753397999421307,-3.7701050607280155,0.0,-2.529574953177417,0.0,0.0,0.0,0.0,0.0,0.0,0.0,0.0,0.0,0.0
9,0.0,0.0,0.0,0.0,0.0,0.0,-1.9827105153506812,-2.3429758492419266,-2.529574953177417,0.0,-2.237416360118004,-1.7914501933689564,0.0,-1.9354322120730105,0.0,0.7782814217551887,0.0,0.0,0.0,0.0
10,0.0,0.0,0.0,0.0,0.0,0.0,0.0,0.0,0.0,-2.237416360118004,0.0,-2.013805816353609,0.0,-2.7022076310979544,0.0,0.7571221380249602,0.0,0.0,0.0,0.0
11,0.0,0.0,0.0,0.0,0.0,0.0,0.0,0.0,0.0,-1.7914501933689564,-2.013805816353609,0.0,-0.7576771166249842,-2.5710826990125337,-1.0839500605062071,0.0,0.0,0.0,0.0,0.0
12,0.0,0.0,0.0,0.0,0.0,0.0,0.0,0.0,0.0,0.0,0.0,-0.7576771166249842,0.0,-0.7393188568815534,-0.8857651136947714,0.0,0.0,0.0,0.0,0.0
13,0.0,0.0,0.0,0.0,0.0,0.0,0.0,0.0,0.0,-1.9354322120730105,-2.7022076310979544,-2.5710826990125337,-0.7393188568815534,0.0,-1.282544014744976,0.7796356809065718,0.0,0.0,0.0,0.0
14,0.0,0.0,0.0,0.0,0.0,0.0,0.0,0.0,0.0,0.0,0.0,-1.0839500605062071,-0.8857651136947714,-1.282544014744976,0.0,0.0,-1.1169855429286835,0.0,0.0,0.0
15,0.0,0.0,0.0,0.0,0.0,0.0,0.0,0.0,0.0,0.7782814217551887,0.7571221380249602,0.0,0.0,0.7796356809065718,0.0,0.0,0.0,0.0,0.0,0.0
16,0.0,0.0,0.0,0.0,0.0,0.0,0.0,0.0,0.0,0.0,0.0,0.0,0.0,0.0,-1.1169855429286835,0.0,0.0,-0.690080290352782,-0.4294602953912905,-0.6121696710528768
17,0.0,0.0,0.0,0.0,0.0,0.0,0.0,0.0,0.0,0.0,0.0,0.0,0.0,0.0,0.0,0.0,-0.690080290352782,0.0,-0.1757918800677966,-0.028675330706131878
18,0.0,0.0,0.0,0.0,0.0,0.0,0.0,0.0,0.0,0.0,0.0,0.0,0.0,0.0,0.0,0.0,-0.4294602953912905,-0.1757918800677966,0.0,-0.7671202623153999
19,0.0,0.0,0.0,0.0,0.0,0.0,0.0,0.0,0.0,0.0,0.0,0.0,0.0,0.0,0.0,0.0,-0.6121696710528768,-0.028675330706131878,-0.7671202623153999,0.0
