,0,1,2,3,4,5,6,7,8,9,10,11,12,13
0,0.0,-4.832795769307088,-4.7103402919421855,-4.153537521377101,0.0,0.0,0.0,0.0,0.0,0.0,0.0,0.0,0.0,0.0
1,-4.832795769307088,0.0,-6.011594468069753,-3.885628876352513,0.0,0.0,0.0,0.0,0.0,0.0,0.0,0.0,0.0,0.0
2,-4.7103402919421855,-6.011594468069753,0.0,-3.785401006449425,-5.091145391846605,-4.677200605166796,0.0,0.0,0.0,0.0,0.0,0.0,0.0,0.0
3,-4.153537521377101,-3.885628876352513,-3.785401006449425,0.0,-3.7811377787426435,-3.910037793868857,0.0,0.0,0.0,0.0,0.0,0.0,0.0,0.0
4,0.0,0.0,-5.091145391846605,-3.7811377787426435,0.0,-4.215537051908524,-2.5266486161427033,0.0,0.0,0.0,0.0,0.0,0.0,0.0
5,0.0,0.0,-4.677200605166796,-3.910037793868857,-4.215537051908524,0.0,-2.6698082132781336,-4.58622577781336,-2.3511814357292318,0.0,0.0,0.0,0.0,0.0
6,0.0,0.0,0.0,0.0,-2.5266486161427033,-2.6698082132781336,0.0,-2.5506629354598265,-1.910071764064427,0.0,0.0,0.0,0.0,0.0
7,0.0,0.0,0.0,0.0,0.0,-4.58622577781336,-2.5506629354598265,0.0,-2.4566073201369547,-3.1827015800998137,0.0,0.0,0.0,0.0
8,0.0,0.0,0.0,0.0,0.0,-2.3511814357292318,-1.910071764064427,-2.4566073201369547,0.0,-2.0757384510639296,-1.943778169642926,0.0,0.0,0.0
9,0.0,0.0,0.0,0.0,0.0,0.0,0.0,-3.1827015800998137,-2.0757384510639296,0.0,-2.8319601484815737,0.0,0.0,0.0
10,0.0,0.0,0.0,0.0,0.0,0.0,0.0,0.0,-1.943778169642926,-2.8319601484815737,0.0,-2.6069910160879006,-2.7405417225769817,-1.98091216360482
11,0.0,0.0,0.0,0.0,0.0,0.0,0.0,0.0,0.0,0.0,-2.6069910160879006,0.0,-2.4663143802775096,-2.7145694827707314
12,0.0,0.0,0.0,0.0,0.0,0.0,0.0,0.0,0.0,0.0,-2.7405417225769817,-2.4663143802775096,0.0,-2.0679894689726215
13,0.0,0.0,0.0,0.0,0.0,0.0,0.0,0.0,0.0,0.0,-1.98091216360482,-2.7145694827707314,-2.0679894689726215,0.0
