,0,1,2,3,4,5,6,7,8,9,10,11,12,13,14,15,16,17,18,19,20,21,22,23,24,25
0,0.0,-3.335959889062334,-3.0498165092929685,-3.450995148971753,0.0,0.0,0.0,0.0,0.0,0.0,0.0,0.0,0.0,0.0,0.0,0.0,0.0,0.0,0.0,0.0,0.0,0.0,0.0,0.0,0.0,0.0
1,-3.335959889062334,0.0,-4.052203986715037,-4.67162808513064,-4.23729614063696,0.0,0.0,0.0,0.0,0.0,0.0,0.0,0.0,0.0,0.0,0.0,0.0,0.0,0.0,0.0,0.0,0.0,0.0,0.0,0.0,0.0
2,-3.0498165092929685,-4.052203986715037,0.0,-3.6216461131296245,-3.8359695635846145,0.0,0.0,0.0,0.0,0.0,0.0,0.0,0.0,0.0,0.0,0.0,0.0,0.0,0.0,0.0,0.0,0.0,0.0,0.0,0.0,0.0
3,-3.450995148971753,-4.67162808513064,-3.6216461131296245,0.0,-4.011000999993146,-3.8466750921123545,-3.444789019417961,0.0,0.0,0.0,0.0,0.0,0.0,0.0,0.0,0.0,0.0,0.0,0.0,0.0,0.0,0.0,0.0,0.0,0.0,0.0
4,0.0,-4.23729614063696,-3.8359695635846145,-4.011000999993146,0.0,-3.267975444953447,-3.498039826352076,0.0,0.0,0.0,0.0,0.0,0.0,0.0,0.0,0.0,0.0,0.0,0.0,0.0,0.0,0.0,0.0,0.0,0.0,0.0
5,0.0,0.0,0.0,-3.8466750921123545,-3.267975444953447,0.0,-3.3345262320057447,-3.925320190381329,-3.9880510909441114,0.0,0.0,0.0,0.0,0.0,0.0,0.0,0.0,0.0,0.0,0.0,0.0,0.0,0.0,0.0,0.0,0.0
6,0.0,0.0,0.0,-3.444789019417961,-3.498039826352076,-3.3345262320057447,0.0,-4.029246368601885,-3.9898317303335515,0.0,0.0,0.0,0.0,0.0,0.0,0.0,0.0,0.0,0.0,0.0,0.0,0.0,0.0,0.0,0.0,0.0
7,0.0,0.0,0.0,0.0,0.0,-3.925320190381329,-4.029246368601885,0.0,-4.512016597741079,-3.495028766380707,0.0,0.0,0.0,0.0,0.0,0.0,0.0,0.0,0.0,0.0,0.0,0.0,0.0,0.0,0.0,0.0
8,0.0,0.0,0.0,0.0,0.0,-3.9880510909441114,-3.9898317303335515,-4.512016597741079,0.0,-3.9262269470165774,0.0,0.0,0.0,0.0,0.0,0.0,0.0,0.0,0.0,0.0,0.0,0.0,0.0,0.0,0.0,0.0
9,0.0,0.0,0.0,0.0,0.0,0.0,0.0,-3.495028766380707,-3.9262269470165774,0.0,-3.5639648426766386,0.0,0.0,0.0,0.0,0.0,0.0,0.0,0.0,0.0,0.0,0.0,0.0,0.0,0.0,0.0
10,0.0,0.0,0.0,0.0,0.0,0.0,0.0,0.0,0.0,-3.5639648426766386,0.0,-2.7540615772619703,-1.9379106201029168,0.0,0.0,0.0,0.0,0.0,0.0,0.0,0.0,0.0,0.0,0.0,0.0,0.0
11,0.0,0.0,0.0,0.0,0.0,0.0,0.0,0.0,0.0,0.0,-2.7540615772619703,0.0,-2.286943086003849,-2.5058776768191118,0.0,0.0,0.0,0.0,0.0,0.0,0.0,0.0,0.0,0.0,0.0,0.0
12,0.0,0.0,0.0,0.0,0.0,0.0,0.0,0.0,0.0,0.0,-1.9379106201029168,-2.286943086003849,0.0,-2.230423585230653,-2.0257721830999222,0.0,-0.544149686150777,0.0,0.0,0.0,0.0,0.0,0.0,0.0,0.0,0.0
13,0.0,0.0,0.0,0.0,0.0,0.0,0.0,0.0,0.0,0.0,0.0,-2.5058776768191118,-2.230423585230653,0.0,-3.6083911461415306,0.0,-0.6562585017818461,0.0,0.0,0.0,0.0,0.0,0.0,0.0,0.0,0.0
14,0.0,0.0,0.0,0.0,0.0,0.0,0.0,0.0,0.0,0.0,0.0,0.0,-2.0257721830999222,-3.6083911461415306,0.0,-3.042056305380305,-0.7016137348083075,0.0,0.0,0.0,0.0,0.0,0.0,0.0,0.0,0.0
15,0.0,0.0,0.0,0.0,0.0,0.0,0.0,0.0,0.0,0.0,0.0,0.0,0.0,0.0,-3.042056305380305,0.0,-0.8028411731446912,-1.2032699833756324,-2.9715878137538145,0.0,0.0,0.0,0.0,0.0,0.0,0.0
16,0.0,0.0,0.0,0.0,0.0,0.0,0.0,0.0,0.0,0.0,0.0,0.0,-0.544149686150777,-0.6562585017818461,-0.7016137348083075,-0.8028411731446912,0.0,0.0,0.0,0.0,0.0,0.0,0.0,0.0,0.0,0.0
17,0.0,0.0,0.0,0.0,0.0,0.0,0.0,0.0,0.0,0.0,0.0,0.0,0.0,0.0,0.0,-1.2032699833756324,0.0,0.0,-1.296328846317592,0.0,-0.7080536239147298,-1.207698783555755,0.0,0.0,0.0,0.0
18,0.0,0.0,0.0,0.0,0.0,0.0,0.0,0.0,0.0,0.0,0.0,0.0,0.0,0.0,0.0,-2.9715878137538145,0.0,-1.296328846317592,0.0,-0.5276205323369189,0.0,-1.3421049279726722,0.0,0.0,0.0,0.0
19,0.0,0.0,0.0,0.0,0.0,0.0,0.0,0.0,0.0,0.0,0.0,0.0,0.0,0.0,0.0,0.0,0.0,0.0,-0.5276205323369189,0.0,0.0,-0.18033745745750082,0.0,0.0,-0.6449094503698318,0.0
20,0.0,0.0,0.0,0.0,0.0,0.0,0.0,0.0,0.0,0.0,0.0,0.0,0.0,0.0,0.0,0.0,0.0,-0.7080536239147298,0.0,0.0,0.0,-1.3347514736178523,0.0,-1.9601597842106804,0.0,0.0
21,0.0,0.0,0.0,0.0,0.0,0.0,0.0,0.0,0.0,0.0,0.0,0.0,0.0,0.0,0.0,0.0,0.0,-1.207698783555755,-1.3421049279726722,-0.18033745745750082,-1.3347514736178523,0.0,-2.5633616640152876,-1.767133580948735,0.0,0.0
22,0.0,0.0,0.0,0.0,0.0,0.0,0.0,0.0,0.0,0.0,0.0,0.0,0.0,0.0,0.0,0.0,0.0,0.0,0.0,0.0,0.0,-2.5633616640152876,0.0,-1.3998233172330747,-0.9469646417713398,-1.4431743829844204
23,0.0,0.0,0.0,0.0,0.0,0.0,0.0,0.0,0.0,0.0,0.0,0.0,0.0,0.0,0.0,0.0,0.0,0.0,0.0,0.0,-1.9601597842106804,-1.767133580948735,-1.3998233172330747,0.0,-0.45654533021231747,-0.8041952393831614
24,0.0,0.0,0.0,0.0,0.0,0.0,0.0,0.0,0.0,0.0,0.0,0.0,0.0,0.0,0.0,0.0,0.0,0.0,0.0,-0.6449094503698318,0.0,0.0,-0.9469646417713398,-0.45654533021231747,0.0,-1.4032173637410064
25,0.0,0.0,0.0,0.0,0.0,0.0,0.0,0.0,0.0,0.0,0.0,0.0,0.0,0.0,0.0,0.0,0.0,0.0,0.0,0.0,0.0,0.0,-1.4431743829844204,-0.8041952393831614,-1.4032173637410064,0.0
