,0,1,2,3,4,5,6,7,8,9,10,11,12,13,14,15,16,17
0,0.0,-5.267700403638115,-4.725995219025933,-3.652934390648427,0.0,0.0,0.0,0.0,0.0,0.0,0.0,0.0,0.0,0.0,0.0,0.0,0.0,0.0
1,-5.267700403638115,0.0,-4.548330336650161,-3.8636288706323505,0.0,0.0,0.0,0.0,0.0,0.0,0.0,0.0,0.0,0.0,0.0,0.0,0.0,0.0
2,-4.725995219025933,-4.548330336650161,0.0,-3.6605450173920606,-4.837744103836353,-3.9759052908293113,0.0,0.0,0.0,0.0,0.0,0.0,0.0,0.0,0.0,0.0,0.0,0.0
3,-3.652934390648427,-3.8636288706323505,-3.6605450173920606,0.0,-4.028880192308985,-4.776231129816225,-3.894189101686534,0.0,0.0,0.0,0.0,0.0,0.0,0.0,0.0,0.0,0.0,0.0
4,0.0,0.0,-4.837744103836353,-4.028880192308985,0.0,-4.493072901301595,-4.570027887771334,0.0,0.0,0.0,0.0,0.0,0.0,0.0,0.0,0.0,0.0,0.0
5,0.0,0.0,-3.9759052908293113,-4.776231129816225,-4.493072901301595,0.0,-4.037360933686866,0.0,0.0,0.0,0.0,0.0,0.0,0.0,0.0,0.0,0.0,0.0
6,0.0,0.0,0.0,-3.894189101686534,-4.570027887771334,-4.037360933686866,0.0,-3.2594256670904747,0.0,0.0,0.0,0.0,0.0,0.0,0.0,0.0,0.0,0.0
7,0.0,0.0,0.0,0.0,0.0,0.0,-3.2594256670904747,0.0,-4.277999400356998,-3.324722973056391,0.0,0.0,0.0,0.0,0.0,0.0,0.0,0.0
8,0.0,0.0,0.0,0.0,0.0,0.0,0.0,-4.277999400356998,0.0,-3.80849175126619,-3.0315094058784577,0.0,0.0,0.0,0.0,0.0,0.0,0.0
9,0.0,0.0,0.0,0.0,0.0,0.0,0.0,-3.324722973056391,-3.80849175126619,0.0,-3.385974607354406,-4.1876685487662595,0.0,0.0,0.0,0.0,0.0,0.0
10,0.0,0.0,0.0,0.0,0.0,0.0,0.0,0.0,-3.0315094058784577,-3.385974607354406,0.0,-3.183735304696434,-1.8227848587781226,-2.662526815003498,0.0,0.0,0.0,0.0
11,0.0,0.0,0.0,0.0,0.0,0.0,0.0,0.0,0.0,-4.1876685487662595,-3.183735304696434,0.0,-1.5971617490179275,-3.1815641035812314,-3.1983278233946586,0.0,0.0,0.0
12,0.0,0.0,0.0,0.0,0.0,0.0,0.0,0.0,0.0,0.0,-1.8227848587781226,-1.5971617490179275,0.0,-1.480060355548852,-1.4190265395230208,0.0,0.0,0.0
13,0.0,0.0,0.0,0.0,0.0,0.0,0.0,0.0,0.0,0.0,-2.662526815003498,-3.1815641035812314,-1.480060355548852,0.0,-3.5442475084962557,0.0,0.0,0.0
14,0.0,0.0,0.0,0.0,0.0,0.0,0.0,0.0,0.0,0.0,0.0,-3.1983278233946586,-1.4190265395230208,-3.5442475084962557,0.0,-1.1935769872676805,-0.6777800413104693,-2.244985297260639
15,0.0,0.0,0.0,0.0,0.0,0.0,0.0,0.0,0.0,0.0,0.0,0.0,0.0,0.0,-1.1935769872676805,0.0,-1.4404299153879163,-0.9028022435420043
16,0.0,0.0,0.0,0.0,0.0,0.0,0.0,0.0,0.0,0.0,0.0,0.0,0.0,0.0,-0.6777800413104693,-1.4404299153879163,0.0,-0.4882946967597875
17,0.0,0.0,0.0,0.0,0.0,0.0,0.0,0.0,0.0,0.0,0.0,0.0,0.0,0.0,-2.244985297260639,-0.9028022435420043,-0.4882946967597875,0.0
