,0,1,2,3,4,5,6,7,8,9,10,11,12,13,14
0,0.0,-4.483458566662233,-4.68842332243129,-4.438588139372944,0.0,0.0,0.0,0.0,0.0,0.0,0.0,0.0,0.0,0.0,0.0
1,-4.483458566662233,0.0,-6.160218845039966,-4.75031859512247,0.0,0.0,0.0,0.0,0.0,0.0,0.0,0.0,0.0,0.0,0.0
2,-4.68842332243129,-6.160218845039966,0.0,-4.771196106391274,-5.011738644250449,0.0,0.0,0.0,0.0,0.0,0.0,0.0,0.0,0.0,0.0
3,-4.438588139372944,-4.75031859512247,-4.771196106391274,0.0,-4.479927974476799,-1.1887100789420306,-0.9608881246586005,0.0,0.0,0.0,0.0,0.0,0.0,0.0,0.0
4,0.0,0.0,-5.011738644250449,-4.479927974476799,0.0,-1.2064848028373498,-0.9719837634268598,-1.1919069115497303,0.0,0.0,0.0,0.0,0.0,0.0,0.0
5,0.0,0.0,0.0,-1.1887100789420306,-1.2064848028373498,0.0,-2.440131464518373,-2.8575397229247477,0.0,0.0,0.0,0.0,0.0,0.0,0.0
6,0.0,0.0,0.0,-0.9608881246586005,-0.9719837634268598,-2.440131464518373,0.0,-2.5306243286601644,-2.050881463326187,-1.1840874754871111,0.0,0.0,0.0,0.0,0.0
7,0.0,0.0,0.0,0.0,-1.1919069115497303,-2.8575397229247477,-2.5306243286601644,0.0,-2.3011501809019363,-1.4819562352682554,0.0,0.0,0.0,0.0,0.0
8,0.0,0.0,0.0,0.0,0.0,0.0,-2.050881463326187,-2.3011501809019363,0.0,-1.461343310813383,0.0,0.0,0.0,0.0,0.0
9,0.0,0.0,0.0,0.0,0.0,0.0,-1.1840874754871111,-1.4819562352682554,-1.461343310813383,0.0,-1.052611616391819,-3.015301072833958,-1.735885451306156,-0.5195647515388624,0.6440366200366705
10,0.0,0.0,0.0,0.0,0.0,0.0,0.0,0.0,0.0,-1.052611616391819,0.0,0.0,-1.339263120751709,0.0,0.7397159514798494
11,0.0,0.0,0.0,0.0,0.0,0.0,0.0,0.0,0.0,-3.015301072833958,0.0,0.0,-1.757791993774465,-0.5658470272467037,0.0
12,0.0,0.0,0.0,0.0,0.0,0.0,0.0,0.0,0.0,-1.735885451306156,-1.339263120751709,-1.757791993774465,0.0,-0.32143927189974375,0.7301578816922237
13,0.0,0.0,0.0,0.0,0.0,0.0,0.0,0.0,0.0,-0.5195647515388624,0.0,-0.5658470272467037,-0.32143927189974375,0.0,0.5353141487041424
14,0.0,0.0,0.0,0.0,0.0,0.0,0.0,0.0,0.0,0.6440366200366705,0.7397159514798494,0.0,0.7301578816922237,0.5353141487041424,0.0
