,0,1,2,3,4,5,6,7,8,9,10,11,12,13,14,15,16,17,18
0,0.0,-4.01252349601374,-2.7409336088498004,-4.7696169422271115,0.0,0.0,0.0,0.0,0.0,0.0,0.0,0.0,0.0,0.0,0.0,0.0,0.0,0.0,0.0
1,-4.01252349601374,0.0,-2.5166275334932626,-4.232789785609034,-4.450507468596489,0.0,0.0,0.0,0.0,0.0,0.0,0.0,0.0,0.0,0.0,0.0,0.0,0.0,0.0
2,-2.7409336088498004,-2.5166275334932626,0.0,-2.6252496285982243,-2.6712751547611355,0.0,0.0,0.0,0.0,0.0,0.0,0.0,0.0,0.0,0.0,0.0,0.0,0.0,0.0
3,-4.7696169422271115,-4.232789785609034,-2.6252496285982243,0.0,-4.350086822382123,-4.188008942376316,-3.8811002072675103,0.0,0.0,0.0,0.0,0.0,0.0,0.0,0.0,0.0,0.0,0.0,0.0
4,0.0,-4.450507468596489,-2.6712751547611355,-4.350086822382123,0.0,-5.3725897262640885,-3.864553240257349,0.0,0.0,0.0,0.0,0.0,0.0,0.0,0.0,0.0,0.0,0.0,0.0
5,0.0,0.0,0.0,-4.188008942376316,-5.3725897262640885,0.0,-4.0353560282847685,-3.56662423736167,0.0,0.0,0.0,0.0,0.0,0.0,0.0,0.0,0.0,0.0,0.0
6,0.0,0.0,0.0,-3.8811002072675103,-3.864553240257349,-4.0353560282847685,0.0,-4.3166181568527895,-3.231747164335416,0.0,0.0,0.0,0.0,0.0,0.0,0.0,0.0,0.0,0.0
7,0.0,0.0,0.0,0.0,0.0,-3.56662423736167,-4.3166181568527895,0.0,-3.262155524866706,0.0,0.0,0.0,0.0,0.0,0.0,0.0,0.0,0.0,0.0
8,0.0,0.0,0.0,0.0,0.0,0.0,-3.231747164335416,-3.262155524866706,0.0,-2.1990930594569296,0.0,0.0,0.0,0.0,0.0,0.0,0.0,0.0,0.0
9,0.0,0.0,0.0,0.0,0.0,0.0,0.0,0.0,-2.1990930594569296,0.0,-2.3989739375865637,0.0,-4.894163784782681,-2.4969284531806624,0.0,0.0,0.0,0.0,0.0
10,0.0,0.0,0.0,0.0,0.0,0.0,0.0,0.0,0.0,-2.3989739375865637,0.0,-4.386955083379392,0.0,0.0,-3.156320000550452,-2.4907567073262062,0.0,0.0,0.0
11,0.0,0.0,0.0,0.0,0.0,0.0,0.0,0.0,0.0,0.0,-4.386955083379392,0.0,-2.4245644505467,0.0,-3.2236971314168072,-2.611004833144807,0.0,0.0,0.0
12,0.0,0.0,0.0,0.0,0.0,0.0,0.0,0.0,0.0,-4.894163784782681,0.0,-2.4245644505467,0.0,-2.455629860037558,0.0,0.0,0.0,0.0,0.0
13,0.0,0.0,0.0,0.0,0.0,0.0,0.0,0.0,0.0,-2.4969284531806624,0.0,0.0,-2.455629860037558,0.0,-3.4225970612176195,-2.011314052695576,0.0,0.0,0.0
14,0.0,0.0,0.0,0.0,0.0,0.0,0.0,0.0,0.0,0.0,-3.156320000550452,-3.2236971314168072,0.0,-3.4225970612176195,0.0,-2.267534040285364,-2.487910150394877,-0.217327679747941,0.0
15,0.0,0.0,0.0,0.0,0.0,0.0,0.0,0.0,0.0,0.0,-2.4907567073262062,-2.611004833144807,0.0,-2.011314052695576,-2.267534040285364,0.0,-2.762520127550279,0.0,-0.3450932231037784
16,0.0,0.0,0.0,0.0,0.0,0.0,0.0,0.0,0.0,0.0,0.0,0.0,0.0,0.0,-2.487910150394877,-2.762520127550279,0.0,-0.23385321930352818,-0.37508528602012275
17,0.0,0.0,0.0,0.0,0.0,0.0,0.0,0.0,0.0,0.0,0.0,0.0,0.0,0.0,-0.217327679747941,0.0,-0.23385321930352818,0.0,-0.18693676092345443
18,0.0,0.0,0.0,0.0,0.0,0.0,0.0,0.0,0.0,0.0,0.0,0.0,0.0,0.0,0.0,-0.3450932231037784,-0.37508528602012275,-0.18693676092345443,0.0
