,0,1,2,3,4,5,6,7,8,9,10,11,12,13,14,15,16,17
0,0.0,-4.371931496134797,-4.30763619123193,-6.068639883756808,0.0,0.0,0.0,0.0,0.0,0.0,0.0,0.0,0.0,0.0,0.0,0.0,0.0,0.0
1,-4.371931496134797,0.0,-4.343787074740273,-4.25250134546377,-4.177203534543878,0.0,0.0,0.0,0.0,0.0,0.0,0.0,0.0,0.0,0.0,0.0,0.0,0.0
2,-4.30763619123193,-4.343787074740273,0.0,-4.352102232912767,-4.158685997601977,-3.9282746712288916,0.0,0.0,0.0,0.0,0.0,0.0,0.0,0.0,0.0,0.0,0.0,0.0
3,-6.068639883756808,-4.25250134546377,-4.352102232912767,0.0,-3.6517365662547174,-3.45968723593776,0.0,0.0,0.0,0.0,0.0,0.0,0.0,0.0,0.0,0.0,0.0,0.0
4,0.0,-4.177203534543878,-4.158685997601977,-3.6517365662547174,0.0,-3.776357386009634,0.0,0.0,0.0,0.0,0.0,0.0,0.0,0.0,0.0,0.0,0.0,0.0
5,0.0,0.0,-3.9282746712288916,-3.45968723593776,-3.776357386009634,0.0,-1.2352397957491337,-2.766986435927188,-2.3298616688994906,0.0,0.0,0.0,0.0,0.0,0.0,0.0,0.0,0.0
6,0.0,0.0,0.0,0.0,0.0,-1.2352397957491337,0.0,-1.1014635489525573,-1.6379473618490643,0.0,0.0,0.0,0.0,0.0,0.0,0.0,0.0,0.0
7,0.0,0.0,0.0,0.0,0.0,-2.766986435927188,-1.1014635489525573,0.0,-1.9122892577534008,-1.0341306417641563,0.0,-2.300198112135174,0.0,0.0,0.0,0.0,0.0,0.0
8,0.0,0.0,0.0,0.0,0.0,-2.3298616688994906,-1.6379473618490643,-1.9122892577534008,0.0,-1.406901932006663,0.0,-2.8913519389744247,0.0,0.0,0.0,0.0,0.0,0.0
9,0.0,0.0,0.0,0.0,0.0,0.0,0.0,-1.0341306417641563,-1.406901932006663,0.0,-0.717154762065822,-1.2192343576935134,-0.692210587194022,-0.9692958539105079,0.0,0.0,0.0,0.0
10,0.0,0.0,0.0,0.0,0.0,0.0,0.0,0.0,0.0,-0.717154762065822,0.0,-1.1144363792100473,0.0,-0.6566309195424574,0.0,0.0,0.0,0.0
11,0.0,0.0,0.0,0.0,0.0,0.0,0.0,-2.300198112135174,-2.8913519389744247,-1.2192343576935134,-1.1144363792100473,0.0,-0.39136943615010034,-1.614567450450833,-2.3436455136274192,0.0,0.0,0.0
12,0.0,0.0,0.0,0.0,0.0,0.0,0.0,0.0,0.0,-0.692210587194022,0.0,-0.39136943615010034,0.0,-0.53194563419778,-0.3272056433847368,0.0,-0.4732070869343818,0.0
13,0.0,0.0,0.0,0.0,0.0,0.0,0.0,0.0,0.0,-0.9692958539105079,-0.6566309195424574,-1.614567450450833,-0.53194563419778,0.0,-1.771994131817592,-1.8327080210837272,0.0,-1.2230187066937068
14,0.0,0.0,0.0,0.0,0.0,0.0,0.0,0.0,0.0,0.0,0.0,-2.3436455136274192,-0.3272056433847368,-1.771994131817592,0.0,-3.6114384633033354,-0.5337143536499462,-1.6262190311119815
15,0.0,0.0,0.0,0.0,0.0,0.0,0.0,0.0,0.0,0.0,0.0,0.0,0.0,-1.8327080210837272,-3.6114384633033354,0.0,0.0,-1.727454401265823
16,0.0,0.0,0.0,0.0,0.0,0.0,0.0,0.0,0.0,0.0,0.0,0.0,-0.4732070869343818,0.0,-0.5337143536499462,0.0,0.0,-0.9104204447238311
17,0.0,0.0,0.0,0.0,0.0,0.0,0.0,0.0,0.0,0.0,0.0,0.0,0.0,-1.2230187066937068,-1.6262190311119815,-1.727454401265823,-0.9104204447238311,0.0
