,0,1,2,3,4,5,6,7,8,9,10,11,12,13,14,15,16,17,18,19,20,21,22,23,24
0,0.0,-0.016604418563200867,1.8059041103282445,0.0,7.55238873919044,0.0,0.0,0.0,0.0,0.0,0.0,0.0,0.0,0.0,0.0,0.0,0.0,0.0,0.0,0.0,0.0,0.0,0.0,0.0,0.0
1,-0.016604418563200867,0.0,1.8578408859198245,0.0,7.466301143134774,0.0,0.0,0.0,0.0,0.0,0.0,0.0,0.0,0.0,0.0,0.0,0.0,0.0,0.0,0.0,0.0,0.0,0.0,0.0,0.0
2,1.8059041103282445,1.8578408859198245,0.0,0.627846618911436,6.9601257229008215,0.0,0.0,0.0,0.0,0.0,0.0,0.0,0.0,0.0,0.0,0.0,0.0,0.0,0.0,0.0,0.0,0.0,0.0,0.0,0.0
3,0.0,0.0,0.627846618911436,0.0,6.423532872394439,5.599027539106353,5.239127754499033,0.0,0.0,0.0,0.0,0.0,0.0,0.0,0.0,0.0,0.0,0.0,0.0,0.0,0.0,0.0,0.0,0.0,0.0
4,7.55238873919044,7.466301143134774,6.9601257229008215,6.423532872394439,0.0,0.9832092611660348,0.0,0.0,0.0,0.0,0.0,0.0,0.0,0.0,0.0,0.0,0.0,0.0,0.0,0.0,0.0,0.0,0.0,0.0,0.0
5,0.0,0.0,0.0,5.599027539106353,0.9832092611660348,0.0,1.1974147978538001,0.0,-0.6370077809664826,0.0,0.0,0.0,0.0,0.0,0.0,0.0,0.0,0.0,0.0,0.0,0.0,0.0,0.0,0.0,0.0
6,0.0,0.0,0.0,5.239127754499033,0.0,1.1974147978538001,0.0,0.0,0.43335132389859365,0.4535298053990791,0.0,0.0,0.0,0.0,0.0,0.0,0.0,0.0,0.0,0.0,0.0,0.0,0.0,0.0,0.0
7,0.0,0.0,0.0,0.0,0.0,0.0,0.0,0.0,3.204721274334575,3.1776838149559015,-1.6211855151157384,0.0,0.0,0.0,0.0,0.0,0.0,0.0,0.0,0.0,0.0,0.0,0.0,0.0,0.0
8,0.0,0.0,0.0,0.0,0.0,-0.6370077809664826,0.43335132389859365,3.204721274334575,0.0,-1.842119328703484,3.0152277610627634,0.0,0.0,0.0,0.0,0.0,0.0,0.0,0.0,0.0,0.0,0.0,0.0,0.0,0.0
9,0.0,0.0,0.0,0.0,0.0,0.0,0.4535298053990791,3.1776838149559015,-1.842119328703484,0.0,2.9874397026968396,0.0,0.0,0.0,0.0,0.0,0.0,0.0,0.0,0.0,0.0,0.0,0.0,0.0,0.0
10,0.0,0.0,0.0,0.0,0.0,0.0,0.0,-1.6211855151157384,3.0152277610627634,2.9874397026968396,0.0,-0.3372625183036803,-2.607673095778059,-2.5077496341790564,0.0,0.0,0.0,0.0,0.0,0.0,0.0,0.0,0.0,0.0,0.0
11,0.0,0.0,0.0,0.0,0.0,0.0,0.0,0.0,0.0,0.0,-0.3372625183036803,0.0,-0.5798886439702065,-0.4621732131049931,0.0,0.0,0.0,0.0,0.0,0.0,0.0,0.0,0.0,0.0,0.0
12,0.0,0.0,0.0,0.0,0.0,0.0,0.0,0.0,0.0,0.0,-2.607673095778059,-0.5798886439702065,0.0,-2.548766018672452,-1.6576846681799218,0.0,0.0,0.0,0.0,0.0,0.0,0.0,0.0,0.0,0.0
13,0.0,0.0,0.0,0.0,0.0,0.0,0.0,0.0,0.0,0.0,-2.5077496341790564,-0.4621732131049931,-2.548766018672452,0.0,-2.009788710680982,0.0,-3.185104014851453,0.0,0.0,0.0,0.0,0.0,0.0,0.0,0.0
14,0.0,0.0,0.0,0.0,0.0,0.0,0.0,0.0,0.0,0.0,0.0,0.0,-1.6576846681799218,-2.009788710680982,0.0,0.0,-2.1369277652596703,0.0,0.0,0.0,0.0,0.0,0.0,0.0,0.0
15,0.0,0.0,0.0,0.0,0.0,0.0,0.0,0.0,0.0,0.0,0.0,0.0,0.0,0.0,0.0,0.0,-2.0658209407523347,0.0,1.3924014110420715,-0.6656862164103193,0.0,0.0,0.0,0.0,0.0
16,0.0,0.0,0.0,0.0,0.0,0.0,0.0,0.0,0.0,0.0,0.0,0.0,0.0,-3.185104014851453,-2.1369277652596703,-2.0658209407523347,0.0,0.0,1.08217485554167,0.0,0.0,0.0,0.0,0.0,0.0
17,0.0,0.0,0.0,0.0,0.0,0.0,0.0,0.0,0.0,0.0,0.0,0.0,0.0,0.0,0.0,0.0,0.0,0.0,0.0,-1.0089676901831357,-1.1345750357440552,0.0,0.0,0.6117306526829845,-1.4970353427551772
18,0.0,0.0,0.0,0.0,0.0,0.0,0.0,0.0,0.0,0.0,0.0,0.0,0.0,0.0,0.0,1.3924014110420715,1.08217485554167,0.0,0.0,-0.02510460507030647,0.0,0.0,0.0,0.0,0.0
19,0.0,0.0,0.0,0.0,0.0,0.0,0.0,0.0,0.0,0.0,0.0,0.0,0.0,0.0,0.0,-0.6656862164103193,0.0,-1.0089676901831357,-0.02510460507030647,0.0,-1.3436711983737128,0.0,0.0,0.079759076586867,0.0
20,0.0,0.0,0.0,0.0,0.0,0.0,0.0,0.0,0.0,0.0,0.0,0.0,0.0,0.0,0.0,0.0,0.0,-1.1345750357440552,0.0,-1.3436711983737128,0.0,0.0,0.0,0.33291001618201715,0.0
21,0.0,0.0,0.0,0.0,0.0,0.0,0.0,0.0,0.0,0.0,0.0,0.0,0.0,0.0,0.0,0.0,0.0,0.0,0.0,0.0,0.0,0.0,-1.9302430107566946,-1.1869517095922133,-1.7979409390611234
22,0.0,0.0,0.0,0.0,0.0,0.0,0.0,0.0,0.0,0.0,0.0,0.0,0.0,0.0,0.0,0.0,0.0,0.0,0.0,0.0,0.0,-1.9302430107566946,0.0,-1.1206681491993191,-0.5253875441769499
23,0.0,0.0,0.0,0.0,0.0,0.0,0.0,0.0,0.0,0.0,0.0,0.0,0.0,0.0,0.0,0.0,0.0,0.6117306526829845,0.0,0.079759076586867,0.33291001618201715,-1.1869517095922133,-1.1206681491993191,0.0,-0.4790343146362867
24,0.0,0.0,0.0,0.0,0.0,0.0,0.0,0.0,0.0,0.0,0.0,0.0,0.0,0.0,0.0,0.0,0.0,-1.4970353427551772,0.0,0.0,0.0,-1.7979409390611234,-0.5253875441769499,-0.4790343146362867,0.0
