,0,1,2,3,4,5,6,7,8,9,10,11,12,13,14,15,16,17,18,19,20,21,22,23
0,0.0,7.505712225662932,7.456338599490199,7.268932872832483,0.0,0.0,0.0,0.0,0.0,0.0,0.0,0.0,0.0,0.0,0.0,0.0,0.0,0.0,0.0,0.0,0.0,0.0,0.0,0.0
1,7.505712225662932,0.0,1.7501709022619514,-0.07220474923804027,1.2362754681642547,0.0,0.0,0.0,0.0,0.0,0.0,0.0,0.0,0.0,0.0,0.0,0.0,0.0,0.0,0.0,0.0,0.0,0.0,0.0
2,7.456338599490199,1.7501709022619514,0.0,1.4400785364876636,0.8254980634715448,0.0,0.0,0.0,0.0,0.0,0.0,0.0,0.0,0.0,0.0,0.0,0.0,0.0,0.0,0.0,0.0,0.0,0.0,0.0
3,7.268932872832483,-0.07220474923804027,1.4400785364876636,0.0,0.63120575199064,0.0,0.0,0.0,0.0,0.0,0.0,0.0,0.0,0.0,0.0,0.0,0.0,0.0,0.0,0.0,0.0,0.0,0.0,0.0
4,0.0,1.2362754681642547,0.8254980634715448,0.63120575199064,0.0,1.0139849836232155,1.457049350142257,0.0,0.0,0.0,0.0,0.0,0.0,0.0,0.0,0.0,0.0,0.0,0.0,0.0,0.0,0.0,0.0,0.0
5,0.0,0.0,0.0,0.0,1.0139849836232155,0.0,-0.13047268504582105,0.0,-0.7800542320763332,0.0,0.0,0.0,0.0,0.0,0.0,0.0,0.0,0.0,0.0,0.0,0.0,0.0,0.0,0.0
6,0.0,0.0,0.0,0.0,1.457049350142257,-0.13047268504582105,0.0,4.271846778112903,0.29193093966217004,0.0,0.0,0.22980964329216721,0.0,0.0,0.0,0.0,0.0,0.0,0.0,0.0,0.0,0.0,0.0,0.0
7,0.0,0.0,0.0,0.0,0.0,0.0,4.271846778112903,0.0,4.1599729556056255,1.1722312136701742,-0.4420744593237609,3.992325907522292,0.0,0.0,0.0,0.0,0.0,0.0,0.0,0.0,0.0,0.0,0.0,0.0
8,0.0,0.0,0.0,0.0,0.0,-0.7800542320763332,0.29193093966217004,4.1599729556056255,0.0,0.0,0.0,-0.38516179259294575,0.0,0.0,0.0,0.0,0.0,0.0,0.0,0.0,0.0,0.0,0.0,0.0
9,0.0,0.0,0.0,0.0,0.0,0.0,0.0,1.1722312136701742,0.0,0.0,1.44175180131891,0.0,3.427628415981633,3.1694018379925564,2.8620479981444142,0.0,0.0,0.0,0.0,0.0,0.0,0.0,0.0,0.0
10,0.0,0.0,0.0,0.0,0.0,0.0,0.0,-0.4420744593237609,0.0,1.44175180131891,0.0,0.0,0.0,3.271763157983239,2.9985636554684407,0.0,0.0,0.0,0.0,0.0,0.0,0.0,0.0,0.0
11,0.0,0.0,0.0,0.0,0.0,0.0,0.22980964329216721,3.992325907522292,-0.38516179259294575,0.0,0.0,0.0,-0.3154749348015573,-3.0350559141589586,0.0,0.0,0.0,0.0,0.0,0.0,0.0,0.0,0.0,0.0
12,0.0,0.0,0.0,0.0,0.0,0.0,0.0,0.0,0.0,3.427628415981633,0.0,-0.3154749348015573,0.0,-1.0013156995634935,0.01813889133918179,0.0,0.0,0.0,0.0,0.0,0.0,0.0,0.0,0.0
13,0.0,0.0,0.0,0.0,0.0,0.0,0.0,0.0,0.0,3.1694018379925564,3.271763157983239,-3.0350559141589586,-1.0013156995634935,0.0,-1.1907756288003783,0.0,0.0,0.0,0.0,0.0,0.0,0.0,0.0,0.0
14,0.0,0.0,0.0,0.0,0.0,0.0,0.0,0.0,0.0,2.8620479981444142,2.9985636554684407,0.0,0.01813889133918179,-1.1907756288003783,0.0,0.0,0.0,-1.2614957663801996,0.0,0.0,0.0,0.0,0.0,0.0
15,0.0,0.0,0.0,0.0,0.0,0.0,0.0,0.0,0.0,0.0,0.0,0.0,0.0,0.0,0.0,0.0,-0.9061608252980526,2.199949893058757,0.0,0.0,0.0,0.0,1.9138949943834187,0.0
16,0.0,0.0,0.0,0.0,0.0,0.0,0.0,0.0,0.0,0.0,0.0,0.0,0.0,0.0,0.0,-0.9061608252980526,0.0,2.1539913879963883,1.897737248019176,0.0,0.9533450589822806,0.0,1.9040397526485222,0.0
17,0.0,0.0,0.0,0.0,0.0,0.0,0.0,0.0,0.0,0.0,0.0,0.0,0.0,0.0,-1.2614957663801996,2.199949893058757,2.1539913879963883,0.0,0.0,0.0,0.0,0.0,0.0,0.0
18,0.0,0.0,0.0,0.0,0.0,0.0,0.0,0.0,0.0,0.0,0.0,0.0,0.0,0.0,0.0,0.0,1.897737248019176,0.0,0.0,0.0,-0.17329179262685035,0.0,0.3072209011366482,0.0
19,0.0,0.0,0.0,0.0,0.0,0.0,0.0,0.0,0.0,0.0,0.0,0.0,0.0,0.0,0.0,0.0,0.0,0.0,0.0,0.0,0.5700283082682117,-1.463596763835439,1.4227033988645537,0.7218873160839356
20,0.0,0.0,0.0,0.0,0.0,0.0,0.0,0.0,0.0,0.0,0.0,0.0,0.0,0.0,0.0,0.0,0.9533450589822806,0.0,-0.17329179262685035,0.5700283082682117,0.0,0.2513547923584865,-0.6297196992670319,-0.188740136675937
21,0.0,0.0,0.0,0.0,0.0,0.0,0.0,0.0,0.0,0.0,0.0,0.0,0.0,0.0,0.0,0.0,0.0,0.0,0.0,-1.463596763835439,0.2513547923584865,0.0,0.0,-0.10777071520581862
22,0.0,0.0,0.0,0.0,0.0,0.0,0.0,0.0,0.0,0.0,0.0,0.0,0.0,0.0,0.0,1.9138949943834187,1.9040397526485222,0.0,0.3072209011366482,1.4227033988645537,-0.6297196992670319,0.0,0.0,0.3905110572419227
23,0.0,0.0,0.0,0.0,0.0,0.0,0.0,0.0,0.0,0.0,0.0,0.0,0.0,0.0,0.0,0.0,0.0,0.0,0.0,0.7218873160839356,-0.188740136675937,-0.10777071520581862,0.3905110572419227,0.0
