,0,1,2,3,4,5,6,7,8,9,10,11,12,13,14,15,16,17,18,19,20,21,22,23,24
0,0.0,-0.30721927298335744,0.3126770822130162,1.5031116941660634,0.0,0.0,0.0,0.0,0.0,0.0,0.0,0.0,0.0,0.0,0.0,0.0,0.0,0.0,0.0,0.0,0.0,0.0,0.0,0.0,0.0
1,-0.30721927298335744,0.0,0.18619799487437982,1.0044488458675647,0.41851526261001065,0.0,0.0,0.0,0.0,0.0,0.0,0.0,0.0,0.0,0.0,0.0,0.0,0.0,0.0,0.0,0.0,0.0,0.0,0.0,0.0
2,0.3126770822130162,0.18619799487437982,0.0,0.29457121774017375,0.06422325125987469,-0.7504010184951051,0.0,0.0,0.0,0.0,0.0,0.0,0.0,0.0,0.0,0.0,0.0,0.0,0.0,0.0,0.0,0.0,0.0,0.0,0.0
3,1.5031116941660634,1.0044488458675647,0.29457121774017375,0.0,0.41726707163264676,-1.0867899157327914,-1.3199991183238564,0.0,0.0,0.0,0.0,0.0,0.0,0.0,0.0,0.0,0.0,0.0,0.0,0.0,0.0,0.0,0.0,0.0,0.0
4,0.0,0.41851526261001065,0.06422325125987469,0.41726707163264676,0.0,-0.7090057346505552,-0.9551090488931309,0.0,0.0,0.0,0.0,0.0,0.0,0.0,0.0,0.0,0.0,0.0,0.0,0.0,0.0,0.0,0.0,0.0,0.0
5,0.0,0.0,-0.7504010184951051,-1.0867899157327914,-0.7090057346505552,0.0,-2.9084694367280894,0.0,0.0,0.0,0.0,0.0,0.0,0.0,0.0,0.0,0.0,0.0,0.0,0.0,0.0,0.0,0.0,0.0,0.0
6,0.0,0.0,0.0,-1.3199991183238564,-0.9551090488931309,-2.9084694367280894,0.0,-0.0926060229973277,0.0,0.0,0.0,0.0,0.0,0.0,0.0,0.0,0.0,0.0,0.0,0.0,0.0,0.0,0.0,0.0,0.0
7,0.0,0.0,0.0,0.0,0.0,0.0,-0.0926060229973277,0.0,4.135794991260566,-1.2394952420921475,4.230048056334819,0.0,0.0,0.0,0.0,0.0,0.0,0.0,0.0,0.0,0.0,0.0,0.0,0.0,0.0
8,0.0,0.0,0.0,0.0,0.0,0.0,0.0,4.135794991260566,0.0,3.7720560260463265,-0.7454133517036248,0.0,0.0,0.0,0.0,0.0,0.0,0.0,0.0,0.0,0.0,0.0,0.0,0.0,0.0
9,0.0,0.0,0.0,0.0,0.0,0.0,0.0,-1.2394952420921475,3.7720560260463265,0.0,3.8710964158169765,-0.7939446256626513,-0.4961532867581292,0.0,0.0,3.1662610055943547,0.0,0.0,0.0,0.0,0.0,0.0,0.0,0.0,0.0
10,0.0,0.0,0.0,0.0,0.0,0.0,0.0,4.230048056334819,-0.7454133517036248,3.8710964158169765,0.0,0.0,0.0,0.0,0.0,0.0,0.0,0.0,0.0,0.0,0.0,0.0,0.0,0.0,0.0
11,0.0,0.0,0.0,0.0,0.0,0.0,0.0,0.0,0.0,-0.7939446256626513,0.0,0.0,0.23961151857526658,-0.819802920800989,-2.994217923667561,2.9027759922700134,0.0,0.0,0.0,0.0,0.0,0.0,0.0,0.0,0.0
12,0.0,0.0,0.0,0.0,0.0,0.0,0.0,0.0,0.0,-0.4961532867581292,0.0,0.23961151857526658,0.0,-1.091499931752778,-0.3276100963332583,2.5119300128289126,-0.045469271394167295,0.0,0.0,0.0,0.0,0.0,0.0,0.0,0.0
13,0.0,0.0,0.0,0.0,0.0,0.0,0.0,0.0,0.0,0.0,0.0,-0.819802920800989,-1.091499931752778,0.0,-1.719096283818446,0.0,-0.966215275132841,0.0,0.0,0.0,0.0,0.0,0.0,0.0,0.0
14,0.0,0.0,0.0,0.0,0.0,0.0,0.0,0.0,0.0,0.0,0.0,-2.994217923667561,-0.3276100963332583,-1.719096283818446,0.0,0.0,-2.526885472386434,2.8818872291206854,2.3334914359429253,0.0,0.0,0.0,0.0,0.0,0.0
15,0.0,0.0,0.0,0.0,0.0,0.0,0.0,0.0,0.0,3.1662610055943547,0.0,2.9027759922700134,2.5119300128289126,0.0,0.0,0.0,0.0,0.0,-4.374269408429987,0.0,0.0,0.0,0.0,0.0,0.0
16,0.0,0.0,0.0,0.0,0.0,0.0,0.0,0.0,0.0,0.0,0.0,0.0,-0.045469271394167295,-0.966215275132841,-2.526885472386434,0.0,0.0,2.752529510194862,2.2583598719387608,0.0,0.0,0.0,0.0,0.0,0.0
17,0.0,0.0,0.0,0.0,0.0,0.0,0.0,0.0,0.0,0.0,0.0,0.0,0.0,0.0,2.8818872291206854,0.0,2.752529510194862,0.0,2.0275882328012655,0.0,0.0,0.0,0.0,0.0,0.0
18,0.0,0.0,0.0,0.0,0.0,0.0,0.0,0.0,0.0,0.0,0.0,0.0,0.0,0.0,2.3334914359429253,-4.374269408429987,2.2583598719387608,2.0275882328012655,0.0,0.0,0.0,0.0,0.0,0.0,0.0
19,0.0,0.0,0.0,0.0,0.0,0.0,0.0,0.0,0.0,0.0,0.0,0.0,0.0,0.0,0.0,0.0,0.0,0.0,0.0,0.0,0.7316017866659916,0.1814809972941867,-0.09183832116440534,0.0,0.0
20,0.0,0.0,0.0,0.0,0.0,0.0,0.0,0.0,0.0,0.0,0.0,0.0,0.0,0.0,0.0,0.0,0.0,0.0,0.0,0.7316017866659916,0.0,-0.35638233857427426,1.0455292029841896,0.0,0.0
21,0.0,0.0,0.0,0.0,0.0,0.0,0.0,0.0,0.0,0.0,0.0,0.0,0.0,0.0,0.0,0.0,0.0,0.0,0.0,0.1814809972941867,-0.35638233857427426,0.0,0.9134323935082953,-0.6762969325515609,0.4122759380871004
22,0.0,0.0,0.0,0.0,0.0,0.0,0.0,0.0,0.0,0.0,0.0,0.0,0.0,0.0,0.0,0.0,0.0,0.0,0.0,-0.09183832116440534,1.0455292029841896,0.9134323935082953,0.0,-0.21929759567116433,-1.8293960150623463
23,0.0,0.0,0.0,0.0,0.0,0.0,0.0,0.0,0.0,0.0,0.0,0.0,0.0,0.0,0.0,0.0,0.0,0.0,0.0,0.0,0.0,-0.6762969325515609,-0.21929759567116433,0.0,-1.0993795828744826
24,0.0,0.0,0.0,0.0,0.0,0.0,0.0,0.0,0.0,0.0,0.0,0.0,0.0,0.0,0.0,0.0,0.0,0.0,0.0,0.0,0.0,0.4122759380871004,-1.8293960150623463,-1.0993795828744826,0.0
