,0,1,2,3,4,5,6,7,8,9,10,11,12,13,14,15,16,17,18,19,20,21,22,23,24
0,0.0,1.0303832011591685,7.551802204146374,0.051624957119685226,0.0,0.0,0.0,0.0,0.0,0.0,0.0,0.0,0.0,0.0,0.0,0.0,0.0,0.0,0.0,0.0,0.0,0.0,0.0,0.0,0.0
1,1.0303832011591685,0.0,6.676532813216799,-0.25037269661024747,5.914418070589997,0.0,0.0,0.0,0.0,0.0,0.0,0.0,0.0,0.0,0.0,0.0,0.0,0.0,0.0,0.0,0.0,0.0,0.0,0.0,0.0
2,7.551802204146374,6.676532813216799,0.0,6.262207797234228,1.1352786237393884,0.0,0.0,0.0,0.0,0.0,0.0,0.0,0.0,0.0,0.0,0.0,0.0,0.0,0.0,0.0,0.0,0.0,0.0,0.0,0.0
3,0.051624957119685226,-0.25037269661024747,6.262207797234228,0.0,5.505844777704759,5.680575780157438,5.540766098165666,0.0,0.0,0.0,0.0,0.0,0.0,0.0,0.0,0.0,0.0,0.0,0.0,0.0,0.0,0.0,0.0,0.0,0.0
4,0.0,5.914418070589997,1.1352786237393884,5.505844777704759,0.0,1.2658492900817704,0.7210619392034137,0.0,0.0,0.0,0.0,0.0,0.0,0.0,0.0,0.0,0.0,0.0,0.0,0.0,0.0,0.0,0.0,0.0,0.0
5,0.0,0.0,0.0,5.680575780157438,1.2658492900817704,0.0,-1.049716164753939,-0.6293359288374781,0.0,0.0,0.0,0.0,0.0,0.0,0.0,0.0,0.0,0.0,0.0,0.0,0.0,0.0,0.0,0.0,0.0
6,0.0,0.0,0.0,5.540766098165666,0.7210619392034137,-1.049716164753939,0.0,-1.8153763729237942,0.0,0.0,0.0,0.0,0.0,0.0,0.0,0.0,0.0,0.0,0.0,0.0,0.0,0.0,0.0,0.0,0.0
7,0.0,0.0,0.0,0.0,0.0,-0.6293359288374781,-1.8153763729237942,0.0,0.0,-0.8145271351844716,-0.8803616713253187,0.0,0.0,0.0,0.0,0.0,0.0,0.0,0.0,0.0,0.0,0.0,0.0,0.0,0.0
8,0.0,0.0,0.0,0.0,0.0,0.0,0.0,0.0,0.0,3.7691297461721036,3.831989869868624,-2.4473890641661096,0.0,0.0,0.0,0.0,0.0,0.0,0.0,0.0,0.0,0.0,0.0,0.0,0.0
9,0.0,0.0,0.0,0.0,0.0,0.0,0.0,-0.8145271351844716,3.7691297461721036,0.0,-0.8230829050298585,0.0,0.0,0.0,0.0,0.0,0.0,0.0,0.0,0.0,0.0,0.0,0.0,0.0,0.0
10,0.0,0.0,0.0,0.0,0.0,0.0,0.0,-0.8803616713253187,3.831989869868624,-0.8230829050298585,0.0,3.4285327948829307,0.0,0.0,0.0,0.0,0.0,0.0,0.0,0.0,0.0,0.0,0.0,0.0,0.0
11,0.0,0.0,0.0,0.0,0.0,0.0,0.0,0.0,-2.4473890641661096,0.0,3.4285327948829307,0.0,2.6812970075335336,-1.0726481292742844,-0.43849821812657713,0.0,0.0,0.0,0.0,0.0,0.0,0.0,0.0,0.0,0.0
12,0.0,0.0,0.0,0.0,0.0,0.0,0.0,0.0,0.0,0.0,0.0,2.6812970075335336,0.0,2.4844202273855958,0.0,0.0,-0.9548378231636552,0.0,0.0,0.0,0.0,0.0,0.0,0.0,0.0
13,0.0,0.0,0.0,0.0,0.0,0.0,0.0,0.0,0.0,0.0,0.0,-1.0726481292742844,2.4844202273855958,0.0,-0.7374241394618558,-0.4728568100564407,1.6762587214405555,0.0,0.0,0.0,0.0,0.0,0.0,0.0,0.0
14,0.0,0.0,0.0,0.0,0.0,0.0,0.0,0.0,0.0,0.0,0.0,-0.43849821812657713,0.0,-0.7374241394618558,0.0,-0.5901917195038031,1.4175506272939515,0.0,0.0,0.0,0.0,0.0,0.0,0.0,0.0
15,0.0,0.0,0.0,0.0,0.0,0.0,0.0,0.0,0.0,0.0,0.0,0.0,0.0,-0.4728568100564407,-0.5901917195038031,0.0,0.6528114645741202,-1.4953019997835573,-3.050761261100993,0.0,0.33248689337348497,0.0,0.0,0.0,0.0
16,0.0,0.0,0.0,0.0,0.0,0.0,0.0,0.0,0.0,0.0,0.0,0.0,-0.9548378231636552,1.6762587214405555,1.4175506272939515,0.6528114645741202,0.0,0.0,0.0,0.0,-0.2019802322362566,0.0,0.0,0.0,0.0
17,0.0,0.0,0.0,0.0,0.0,0.0,0.0,0.0,0.0,0.0,0.0,0.0,0.0,0.0,0.0,-1.4953019997835573,0.0,0.0,-2.926590880859873,0.22642961834194025,0.36781819845593827,-1.5327323406312015,0.0,0.0,0.0
18,0.0,0.0,0.0,0.0,0.0,0.0,0.0,0.0,0.0,0.0,0.0,0.0,0.0,0.0,0.0,-3.050761261100993,0.0,-2.926590880859873,0.0,0.47696396659122986,0.24358100877462996,-1.1422567658100564,0.0,0.0,0.0
19,0.0,0.0,0.0,0.0,0.0,0.0,0.0,0.0,0.0,0.0,0.0,0.0,0.0,0.0,0.0,0.0,0.0,0.22642961834194025,0.47696396659122986,0.0,0.0,-0.6034967456729927,0.0,0.0,0.0
20,0.0,0.0,0.0,0.0,0.0,0.0,0.0,0.0,0.0,0.0,0.0,0.0,0.0,0.0,0.0,0.33248689337348497,-0.2019802322362566,0.36781819845593827,0.24358100877462996,0.0,0.0,0.0,0.0,0.0,0.0
21,0.0,0.0,0.0,0.0,0.0,0.0,0.0,0.0,0.0,0.0,0.0,0.0,0.0,0.0,0.0,0.0,0.0,-1.5327323406312015,-1.1422567658100564,-0.6034967456729927,0.0,0.0,0.7237354674601472,-2.5437258039755317,-2.035294044409465
22,0.0,0.0,0.0,0.0,0.0,0.0,0.0,0.0,0.0,0.0,0.0,0.0,0.0,0.0,0.0,0.0,0.0,0.0,0.0,0.0,0.0,0.7237354674601472,0.0,-0.680878551383449,-1.2180211464679083
23,0.0,0.0,0.0,0.0,0.0,0.0,0.0,0.0,0.0,0.0,0.0,0.0,0.0,0.0,0.0,0.0,0.0,0.0,0.0,0.0,0.0,-2.5437258039755317,-0.680878551383449,0.0,-4.824242947637114
24,0.0,0.0,0.0,0.0,0.0,0.0,0.0,0.0,0.0,0.0,0.0,0.0,0.0,0.0,0.0,0.0,0.0,0.0,0.0,0.0,0.0,-2.035294044409465,-1.2180211464679083,-4.824242947637114,0.0
