,0,1,2,3,4,5,6,7,8,9,10,11,12,13,14,15,16,17,18,19,20,21,22,23,24
0,0.0,-1.3199873390706063,4.858023555466197,1.8891394471335181,0.0,0.0,0.0,0.0,0.0,0.0,0.0,0.0,0.0,0.0,0.0,0.0,0.0,0.0,0.0,0.0,0.0,0.0,0.0,0.0,0.0
1,-1.3199873390706063,0.0,3.705549427451218,0.6581144816111507,5.500615342842942,0.0,0.0,0.0,0.0,0.0,0.0,0.0,0.0,0.0,0.0,0.0,0.0,0.0,0.0,0.0,0.0,0.0,0.0,0.0,0.0
2,4.858023555466197,3.705549427451218,0.0,3.266582261494163,5.712051917662058,0.0,0.0,0.0,0.0,0.0,0.0,0.0,0.0,0.0,0.0,0.0,0.0,0.0,0.0,0.0,0.0,0.0,0.0,0.0,0.0
3,1.8891394471335181,0.6581144816111507,3.266582261494163,0.0,4.392151645898166,0.0,4.54292340091476,4.275834779240718,0.0,0.0,0.0,0.0,0.0,0.0,0.0,0.0,0.0,0.0,0.0,0.0,0.0,0.0,0.0,0.0,0.0
4,0.0,5.500615342842942,5.712051917662058,4.392151645898166,0.0,0.0,0.3930990140228411,-0.8282346180922173,0.0,0.0,0.0,0.0,0.0,0.0,0.0,0.0,0.0,0.0,0.0,0.0,0.0,0.0,0.0,0.0,0.0
5,0.0,0.0,0.0,0.0,0.0,0.0,4.104655334396078,3.8500678048906174,3.61849539030302,0.0,0.0,0.0,0.0,0.0,0.0,0.0,0.0,0.0,0.0,0.0,0.0,0.0,0.0,0.0,0.0
6,0.0,0.0,0.0,4.54292340091476,0.3930990140228411,4.104655334396078,0.0,-1.2224856753911137,0.0,0.0,0.0,0.0,0.0,0.0,0.0,0.0,0.0,0.0,0.0,0.0,0.0,0.0,0.0,0.0,0.0
7,0.0,0.0,0.0,4.275834779240718,-0.8282346180922173,3.8500678048906174,-1.2224856753911137,0.0,-0.2960546755651536,0.0,0.0,0.0,0.0,0.0,0.0,0.0,0.0,0.0,0.0,0.0,0.0,0.0,0.0,0.0,0.0
8,0.0,0.0,0.0,0.0,0.0,3.61849539030302,0.0,-0.2960546755651536,0.0,3.0251039754258655,0.0,0.0,0.0,0.0,0.0,0.0,0.0,0.0,0.0,0.0,0.0,0.0,0.0,0.0,0.0
9,0.0,0.0,0.0,0.0,0.0,0.0,0.0,0.0,3.0251039754258655,0.0,-1.9137358738341663,0.043798074888646565,0.0,1.3679931283817803,0.0,0.0,0.0,0.0,0.0,0.0,0.0,0.0,0.0,0.0,0.0
10,0.0,0.0,0.0,0.0,0.0,0.0,0.0,0.0,0.0,-1.9137358738341663,0.0,-0.37911896617680485,0.0,1.390703372946518,0.0,0.0,0.0,0.0,0.0,0.0,0.0,0.0,0.0,0.0,0.0
11,0.0,0.0,0.0,0.0,0.0,0.0,0.0,0.0,0.0,0.043798074888646565,-0.37911896617680485,0.0,1.2033776254225275,1.4755304087150414,0.0,1.700908946611556,0.0,0.0,0.0,0.0,0.0,0.0,0.0,0.0,0.0
12,0.0,0.0,0.0,0.0,0.0,0.0,0.0,0.0,0.0,0.0,0.0,1.2033776254225275,0.0,0.0,1.3471018540307942,2.6015750270740496,0.0,0.0,0.0,0.0,0.0,0.0,0.0,0.0,0.0
13,0.0,0.0,0.0,0.0,0.0,0.0,0.0,0.0,0.0,1.3679931283817803,1.390703372946518,1.4755304087150414,0.0,0.0,0.0,-1.1475550529311436,0.0,0.0,0.0,0.0,0.0,0.0,0.0,0.0,0.0
14,0.0,0.0,0.0,0.0,0.0,0.0,0.0,0.0,0.0,0.0,0.0,0.0,1.3471018540307942,0.0,0.0,0.0,-0.7007631871507134,0.0,1.6089230503768213,0.0,0.0,0.0,0.0,0.0,0.0
15,0.0,0.0,0.0,0.0,0.0,0.0,0.0,0.0,0.0,0.0,0.0,1.700908946611556,2.6015750270740496,-1.1475550529311436,0.0,0.0,0.0,0.0,-1.3903626829303077,0.0,0.0,0.0,0.0,0.0,0.0
16,0.0,0.0,0.0,0.0,0.0,0.0,0.0,0.0,0.0,0.0,0.0,0.0,0.0,0.0,-0.7007631871507134,0.0,0.0,-0.028415648377589944,0.0,0.0,0.8709704843699756,0.0,0.24243587275610648,0.0,0.0
17,0.0,0.0,0.0,0.0,0.0,0.0,0.0,0.0,0.0,0.0,0.0,0.0,0.0,0.0,0.0,0.0,-0.028415648377589944,0.0,0.0,-0.6955428928213742,0.0,0.45311425954970963,1.0857029008482146,0.0,0.5026939506707604
18,0.0,0.0,0.0,0.0,0.0,0.0,0.0,0.0,0.0,0.0,0.0,0.0,0.0,0.0,1.6089230503768213,-1.3903626829303077,0.0,0.0,0.0,0.0,1.0716888461129168,0.0,0.0,0.0,0.0
19,0.0,0.0,0.0,0.0,0.0,0.0,0.0,0.0,0.0,0.0,0.0,0.0,0.0,0.0,0.0,0.0,0.0,-0.6955428928213742,0.0,0.0,0.0,0.7996948846424551,0.0,-0.11903866072401906,0.7027845052261337
20,0.0,0.0,0.0,0.0,0.0,0.0,0.0,0.0,0.0,0.0,0.0,0.0,0.0,0.0,0.0,0.0,0.8709704843699756,0.0,1.0716888461129168,0.0,0.0,0.0,0.5549519830320787,0.0,0.0
21,0.0,0.0,0.0,0.0,0.0,0.0,0.0,0.0,0.0,0.0,0.0,0.0,0.0,0.0,0.0,0.0,0.0,0.45311425954970963,0.0,0.7996948846424551,0.0,0.0,-1.6438025808151306,-1.507585173401985,-2.4907669600439233
22,0.0,0.0,0.0,0.0,0.0,0.0,0.0,0.0,0.0,0.0,0.0,0.0,0.0,0.0,0.0,0.0,0.24243587275610648,1.0857029008482146,0.0,0.0,0.5549519830320787,-1.6438025808151306,0.0,0.0,0.0
23,0.0,0.0,0.0,0.0,0.0,0.0,0.0,0.0,0.0,0.0,0.0,0.0,0.0,0.0,0.0,0.0,0.0,0.0,0.0,-0.11903866072401906,0.0,-1.507585173401985,0.0,0.0,-1.2525568049395819
24,0.0,0.0,0.0,0.0,0.0,0.0,0.0,0.0,0.0,0.0,0.0,0.0,0.0,0.0,0.0,0.0,0.0,0.5026939506707604,0.0,0.7027845052261337,0.0,-2.4907669600439233,0.0,-1.2525568049395819,0.0
