,0,1,2,3,4,5,6,7,8,9,10,11,12,13,14,15,16,17,18,19,20,21,22,23
0,0.0,-1.5662747514210225,0.01942239121329309,1.4868567851973071,0.0,0.0,0.0,0.0,0.0,0.0,0.0,0.0,0.0,0.0,0.0,0.0,0.0,0.0,0.0,0.0,0.0,0.0,0.0,0.0
1,-1.5662747514210225,0.0,0.02176742318306141,1.0652752743341052,0.0,0.0,0.0,0.0,0.0,0.0,0.0,0.0,0.0,0.0,0.0,0.0,0.0,0.0,0.0,0.0,0.0,0.0,0.0,0.0
2,0.01942239121329309,0.02176742318306141,0.0,0.9869058631862425,0.5382505297682623,1.6569681486919672,0.0,0.0,0.0,0.0,0.0,0.0,0.0,0.0,0.0,0.0,0.0,0.0,0.0,0.0,0.0,0.0,0.0,0.0
3,1.4868567851973071,1.0652752743341052,0.9869058631862425,0.0,0.09427448684657551,1.7131231965656957,0.0,0.0,0.0,0.0,0.0,0.0,0.0,0.0,0.0,0.0,0.0,0.0,0.0,0.0,0.0,0.0,0.0,0.0
4,0.0,0.0,0.5382505297682623,0.09427448684657551,0.0,1.1270141683730335,0.0,0.0,0.0,0.0,0.0,0.0,0.0,0.0,0.0,0.0,0.0,0.0,0.0,0.0,0.0,0.0,0.0,0.0
5,0.0,0.0,1.6569681486919672,1.7131231965656957,1.1270141683730335,0.0,3.597444062217485,3.6497212383083215,-1.0452468769825143,0.0,-0.24625749534226618,0.0,0.0,0.0,0.0,0.0,0.0,0.0,0.0,0.0,0.0,0.0,0.0,0.0
6,0.0,0.0,0.0,0.0,0.0,3.597444062217485,0.0,-1.8825939476902265,3.372722092058613,4.333001603524219,0.0,0.0,0.0,0.0,0.0,0.0,0.0,0.0,0.0,0.0,0.0,0.0,0.0,0.0
7,0.0,0.0,0.0,0.0,0.0,3.6497212383083215,-1.8825939476902265,0.0,3.4332299771618318,0.0,0.0,-1.468301246383637,0.0,0.0,0.0,0.0,0.0,0.0,0.0,0.0,0.0,0.0,0.0,0.0
8,0.0,0.0,0.0,0.0,0.0,-1.0452468769825143,3.372722092058613,3.4332299771618318,0.0,4.275502083908418,-0.6963245868666057,0.0,0.0,0.0,0.0,0.0,0.0,0.0,0.0,0.0,0.0,0.0,0.0,0.0
9,0.0,0.0,0.0,0.0,0.0,0.0,4.333001603524219,0.0,4.275502083908418,0.0,4.050427846814243,0.0,0.0,0.0,0.0,0.0,0.0,0.0,0.0,0.0,0.0,0.0,0.0,0.0
10,0.0,0.0,0.0,0.0,0.0,-0.24625749534226618,0.0,0.0,-0.6963245868666057,4.050427846814243,0.0,2.965572757593641,2.9656652905496155,0.0,0.0,0.0,0.0,0.0,0.0,0.0,0.0,0.0,0.0,0.0
11,0.0,0.0,0.0,0.0,0.0,0.0,0.0,-1.468301246383637,0.0,0.0,2.965572757593641,0.0,-2.588016329577511,0.0,0.0,0.0,0.0,0.0,0.0,0.0,0.0,0.0,0.0,0.0
12,0.0,0.0,0.0,0.0,0.0,0.0,0.0,0.0,0.0,0.0,2.9656652905496155,-2.588016329577511,0.0,0.0,0.04361010458487138,0.0,0.0,0.0,0.0,0.0,0.0,0.0,0.0,0.0
13,0.0,0.0,0.0,0.0,0.0,0.0,0.0,0.0,0.0,0.0,0.0,0.0,0.0,0.0,2.79030858411951,0.0,1.8142829365150994,1.438054473219783,0.0,0.0,0.0,0.0,0.0,0.0
14,0.0,0.0,0.0,0.0,0.0,0.0,0.0,0.0,0.0,0.0,0.0,0.0,0.04361010458487138,2.79030858411951,0.0,-0.9814075268730141,0.3060240018017005,0.0,-0.17394781878931398,0.0,0.0,0.0,0.0,0.0
15,0.0,0.0,0.0,0.0,0.0,0.0,0.0,0.0,0.0,0.0,0.0,0.0,0.0,0.0,-0.9814075268730141,0.0,-0.4934689384030592,2.3546298180071967,-1.6762506973451474,-2.396630735769466,0.0,0.0,0.0,0.0
16,0.0,0.0,0.0,0.0,0.0,0.0,0.0,0.0,0.0,0.0,0.0,0.0,0.0,1.8142829365150994,0.3060240018017005,-0.4934689384030592,0.0,1.7933334706064017,-1.9233375093364562,0.0,0.0,0.0,0.0,0.0
17,0.0,0.0,0.0,0.0,0.0,0.0,0.0,0.0,0.0,0.0,0.0,0.0,0.0,1.438054473219783,0.0,2.3546298180071967,1.7933334706064017,0.0,1.7548533197196654,0.0,0.0,0.0,0.0,0.0
18,0.0,0.0,0.0,0.0,0.0,0.0,0.0,0.0,0.0,0.0,0.0,0.0,0.0,0.0,-0.17394781878931398,-1.6762506973451474,-1.9233375093364562,1.7548533197196654,0.0,-3.425565882888659,0.6410839875664673,-2.2472913526262546,0.0,0.0
19,0.0,0.0,0.0,0.0,0.0,0.0,0.0,0.0,0.0,0.0,0.0,0.0,0.0,0.0,0.0,-2.396630735769466,0.0,0.0,-3.425565882888659,0.0,0.5162873422633575,-1.9304795637086671,-4.026224223666518,-2.1149597707938996
20,0.0,0.0,0.0,0.0,0.0,0.0,0.0,0.0,0.0,0.0,0.0,0.0,0.0,0.0,0.0,0.0,0.0,0.0,0.6410839875664673,0.5162873422633575,0.0,-0.05214703756076275,0.0,0.0
21,0.0,0.0,0.0,0.0,0.0,0.0,0.0,0.0,0.0,0.0,0.0,0.0,0.0,0.0,0.0,0.0,0.0,0.0,-2.2472913526262546,-1.9304795637086671,-0.05214703756076275,0.0,-1.9589188574627903,-5.52496272396485
22,0.0,0.0,0.0,0.0,0.0,0.0,0.0,0.0,0.0,0.0,0.0,0.0,0.0,0.0,0.0,0.0,0.0,0.0,0.0,-4.026224223666518,0.0,-1.9589188574627903,0.0,-2.269038169933907
23,0.0,0.0,0.0,0.0,0.0,0.0,0.0,0.0,0.0,0.0,0.0,0.0,0.0,0.0,0.0,0.0,0.0,0.0,0.0,-2.1149597707938996,0.0,-5.52496272396485,-2.269038169933907,0.0
