,0,1,2,3,4,5,6,7,8,9,10,11,12,13,14,15,16,17,18,19,20
0,0.0,-0.6686108059356242,0.1794452649519678,0.0,7.707295698415277,0.0,0.0,0.0,0.0,0.0,0.0,0.0,0.0,0.0,0.0,0.0,0.0,0.0,0.0,0.0,0.0
1,-0.6686108059356242,0.0,-0.35253980693688364,-0.25291251348925137,6.9053632894228825,0.0,0.0,0.0,0.0,0.0,0.0,0.0,0.0,0.0,0.0,0.0,0.0,0.0,0.0,0.0,0.0
2,0.1794452649519678,-0.35253980693688364,0.0,-0.224955140018494,6.83259350271544,0.0,0.0,0.0,0.0,0.0,0.0,0.0,0.0,0.0,0.0,0.0,0.0,0.0,0.0,0.0,0.0
3,0.0,-0.25291251348925137,-0.224955140018494,0.0,6.766695404167288,-0.2762755210138734,0.0,0.0,0.0,0.0,0.0,0.0,0.0,0.0,0.0,0.0,0.0,0.0,0.0,0.0,0.0
4,7.707295698415277,6.9053632894228825,6.83259350271544,6.766695404167288,0.0,0.0,0.0,0.0,0.0,0.0,0.0,0.0,0.0,0.0,0.0,0.0,0.0,0.0,0.0,0.0,0.0
5,0.0,0.0,0.0,-0.2762755210138734,0.0,0.0,-0.3319621112524321,5.709337775776565,0.0,0.0,0.0,0.0,0.0,0.0,0.0,0.0,0.0,0.0,0.0,0.0,0.0
6,0.0,0.0,0.0,0.0,0.0,-0.3319621112524321,0.0,5.518706737849208,5.571359679222396,0.0,0.0,0.0,0.0,0.0,0.0,0.0,0.0,0.0,0.0,0.0,0.0
7,0.0,0.0,0.0,0.0,0.0,5.709337775776565,5.518706737849208,0.0,0.5376595261603969,4.717343548048834,0.0,0.0,0.0,0.0,0.0,0.0,0.0,0.0,0.0,0.0,0.0
8,0.0,0.0,0.0,0.0,0.0,0.0,5.571359679222396,0.5376595261603969,0.0,4.7740021701963995,0.0,0.0,0.0,0.0,0.0,0.0,0.0,0.0,0.0,0.0,0.0
9,0.0,0.0,0.0,0.0,0.0,0.0,0.0,4.717343548048834,4.7740021701963995,0.0,1.3408441329483514,3.665178168470207,-0.3918591600225569,0.0,0.0,0.0,0.0,0.0,0.0,0.0,0.0
10,0.0,0.0,0.0,0.0,0.0,0.0,0.0,0.0,0.0,1.3408441329483514,0.0,3.5086027297016176,-0.7160391788257569,2.811973327431266,0.0,0.0,0.0,0.0,0.0,0.0,0.0
11,0.0,0.0,0.0,0.0,0.0,0.0,0.0,0.0,0.0,3.665178168470207,3.5086027297016176,0.0,2.8468088029727365,-0.4447671709130792,0.0,0.0,0.0,0.0,0.0,0.0,0.0
12,0.0,0.0,0.0,0.0,0.0,0.0,0.0,0.0,0.0,-0.3918591600225569,-0.7160391788257569,2.8468088029727365,0.0,2.0852876863856404,0.6903098839458013,1.6693586013218649,0.0,0.0,0.0,0.0,0.0
13,0.0,0.0,0.0,0.0,0.0,0.0,0.0,0.0,0.0,0.0,2.811973327431266,-0.4447671709130792,2.0852876863856404,0.0,0.027979780633217172,-0.6184720731957857,0.0,0.0,0.0,0.0,0.0
14,0.0,0.0,0.0,0.0,0.0,0.0,0.0,0.0,0.0,0.0,0.0,0.0,0.6903098839458013,0.027979780633217172,0.0,0.2168018454151002,0.0,0.975968141439191,-0.5121133886757182,0.0,0.0
15,0.0,0.0,0.0,0.0,0.0,0.0,0.0,0.0,0.0,0.0,0.0,0.0,1.6693586013218649,-0.6184720731957857,0.2168018454151002,0.0,0.0,1.1243891543636002,0.15593872283565816,0.0,0.0
16,0.0,0.0,0.0,0.0,0.0,0.0,0.0,0.0,0.0,0.0,0.0,0.0,0.0,0.0,0.0,0.0,0.0,1.9276499096165796,1.707403621506944,1.1865631409419843,0.0
17,0.0,0.0,0.0,0.0,0.0,0.0,0.0,0.0,0.0,0.0,0.0,0.0,0.0,0.0,0.975968141439191,1.1243891543636002,1.9276499096165796,0.0,0.634698043257476,0.5927483702379961,0.5759540101982296
18,0.0,0.0,0.0,0.0,0.0,0.0,0.0,0.0,0.0,0.0,0.0,0.0,0.0,0.0,-0.5121133886757182,0.15593872283565816,1.707403621506944,0.634698043257476,0.0,-1.5199288893928635,-0.17971025453835576
19,0.0,0.0,0.0,0.0,0.0,0.0,0.0,0.0,0.0,0.0,0.0,0.0,0.0,0.0,0.0,0.0,1.1865631409419843,0.5927483702379961,-1.5199288893928635,0.0,-0.2632096335141245
20,0.0,0.0,0.0,0.0,0.0,0.0,0.0,0.0,0.0,0.0,0.0,0.0,0.0,0.0,0.0,0.0,0.0,0.5759540101982296,-0.17971025453835576,-0.2632096335141245,0.0
