,0,1,2,3,4,5,6,7,8,9,10,11,12,13,14,15,16,17,18,19
0,0.0,2.7265831260808393,0.7098889505550543,-0.12052394368668552,0.0,0.0,0.0,0.0,0.0,0.0,0.0,0.0,0.0,0.0,0.0,0.0,0.0,0.0,0.0,0.0
1,2.7265831260808393,0.0,1.2653629681199945,0.5819111243648969,0.9484047384783658,0.0,0.0,0.0,0.0,0.0,0.0,0.0,0.0,0.0,0.0,0.0,0.0,0.0,0.0,0.0
2,0.7098889505550543,1.2653629681199945,0.0,-0.1622327918916589,-0.7784037231730943,0.0,0.0,0.0,0.0,0.0,0.0,0.0,0.0,0.0,0.0,0.0,0.0,0.0,0.0,0.0
3,-0.12052394368668552,0.5819111243648969,-0.1622327918916589,0.0,-1.0218175161373717,0.0,0.0,0.0,0.0,0.0,0.0,0.0,0.0,0.0,0.0,0.0,0.0,0.0,0.0,0.0
4,0.0,0.9484047384783658,-0.7784037231730943,-1.0218175161373717,0.0,0.0,0.0,0.0,0.0,0.0,0.0,0.0,0.0,0.0,0.0,0.0,0.0,0.0,0.0,0.0
5,0.0,0.0,0.0,0.0,0.0,0.0,5.880516842764665,-0.3468010511960427,0.3843509826654421,0.0,0.0,0.0,0.0,0.0,0.0,0.0,0.0,0.0,0.0,0.0
6,0.0,0.0,0.0,0.0,0.0,5.880516842764665,0.0,0.0,0.0,0.6745582007520468,-0.11108382956025961,0.0,0.0,0.0,0.0,0.0,0.0,0.0,0.0,0.0
7,0.0,0.0,0.0,0.0,0.0,-0.3468010511960427,0.0,0.0,0.8884095583802923,5.089178497029677,5.204908008990322,0.0,0.0,0.0,0.0,0.0,0.0,0.0,0.0,0.0
8,0.0,0.0,0.0,0.0,0.0,0.3843509826654421,0.0,0.8884095583802923,0.0,4.7132462401373285,4.842200203419697,-1.3471117674539255,0.0,0.0,0.0,0.0,0.0,0.0,0.0,0.0
9,0.0,0.0,0.0,0.0,0.0,0.0,0.6745582007520468,5.089178497029677,4.7132462401373285,0.0,-0.17941579669890387,4.2741258085672795,0.0,0.0,0.0,0.0,0.0,0.0,0.0,0.0
10,0.0,0.0,0.0,0.0,0.0,0.0,-0.11108382956025961,5.204908008990322,4.842200203419697,-0.17941579669890387,0.0,0.0,0.0,0.0,0.0,0.0,0.0,0.0,0.0,0.0
11,0.0,0.0,0.0,0.0,0.0,0.0,0.0,0.0,-1.3471117674539255,4.2741258085672795,0.0,0.0,-0.5321924183360252,3.4932264849269785,0.0,0.0,0.0,0.0,0.0,0.0
12,0.0,0.0,0.0,0.0,0.0,0.0,0.0,0.0,0.0,0.0,0.0,-0.5321924183360252,0.0,2.8652754512947927,1.0523472087929335,-2.1358886865545488,0.0,0.0,0.0,0.0
13,0.0,0.0,0.0,0.0,0.0,0.0,0.0,0.0,0.0,0.0,0.0,3.4932264849269785,2.8652754512947927,0.0,1.528741504711596,0.0,0.0,0.0,0.0,0.0
14,0.0,0.0,0.0,0.0,0.0,0.0,0.0,0.0,0.0,0.0,0.0,0.0,1.0523472087929335,1.528741504711596,0.0,0.5658399957798171,-0.39166011952413254,0.0,-0.48098461298423395,0.0
15,0.0,0.0,0.0,0.0,0.0,0.0,0.0,0.0,0.0,0.0,0.0,0.0,-2.1358886865545488,0.0,0.5658399957798171,0.0,0.9654477601948839,0.432448865676621,0.0,0.0
16,0.0,0.0,0.0,0.0,0.0,0.0,0.0,0.0,0.0,0.0,0.0,0.0,0.0,0.0,-0.39166011952413254,0.9654477601948839,0.0,0.0,0.10100480700212314,0.7480289111083334
17,0.0,0.0,0.0,0.0,0.0,0.0,0.0,0.0,0.0,0.0,0.0,0.0,0.0,0.0,0.0,0.432448865676621,0.0,0.0,-0.5982135389440172,-1.5431224829619419
18,0.0,0.0,0.0,0.0,0.0,0.0,0.0,0.0,0.0,0.0,0.0,0.0,0.0,0.0,-0.48098461298423395,0.0,0.10100480700212314,-0.5982135389440172,0.0,-1.915734444319279
19,0.0,0.0,0.0,0.0,0.0,0.0,0.0,0.0,0.0,0.0,0.0,0.0,0.0,0.0,0.0,0.0,0.7480289111083334,-1.5431224829619419,-1.915734444319279,0.0
