,0,1,2,3,4,5,6,7,8,9,10,11,12,13,14,15,16,17,18,19,20,21,22,23,24,25,26,27
0,0.0,-3.008443393672197,-2.923035207211754,-2.6610102334458348,0.0,0.0,0.0,0.0,0.0,0.0,0.0,0.0,0.0,0.0,0.0,0.0,0.0,0.0,0.0,0.0,0.0,0.0,0.0,0.0,0.0,0.0,0.0,0.0
1,-3.008443393672197,0.0,-3.7780796607676197,-3.2342443250079427,-4.257391773677692,0.0,0.0,0.0,0.0,0.0,0.0,0.0,0.0,0.0,0.0,0.0,0.0,0.0,0.0,0.0,0.0,0.0,0.0,0.0,0.0,0.0,0.0,0.0
2,-2.923035207211754,-3.7780796607676197,0.0,-2.7812132529131364,-3.708304210796928,0.0,0.0,0.0,0.0,0.0,0.0,0.0,0.0,0.0,0.0,0.0,0.0,0.0,0.0,0.0,0.0,0.0,0.0,0.0,0.0,0.0,0.0,0.0
3,-2.6610102334458348,-3.2342443250079427,-2.7812132529131364,0.0,-3.0648046284242008,-3.348951783922197,0.0,0.0,0.0,0.0,0.0,0.0,0.0,0.0,0.0,0.0,0.0,0.0,0.0,0.0,0.0,0.0,0.0,0.0,0.0,0.0,0.0,0.0
4,0.0,-4.257391773677692,-3.708304210796928,-3.0648046284242008,0.0,-3.7880683751623145,0.0,-2.5388666681576746,0.0,0.0,0.0,0.0,0.0,0.0,0.0,0.0,0.0,0.0,0.0,0.0,0.0,0.0,0.0,0.0,0.0,0.0,0.0,0.0
5,0.0,0.0,0.0,-3.348951783922197,-3.7880683751623145,0.0,-0.7449569656019758,-2.7584422901041723,0.0,0.0,-3.7364114159022406,0.0,0.0,0.0,0.0,0.0,0.0,0.0,0.0,0.0,0.0,0.0,0.0,0.0,0.0,0.0,0.0,0.0
6,0.0,0.0,0.0,0.0,0.0,-0.7449569656019758,0.0,-0.6876569563990519,-3.129961474650516,-3.161708495286929,-0.6997042125272065,0.0,0.0,0.0,0.0,0.0,0.0,0.0,0.0,0.0,0.0,0.0,0.0,0.0,0.0,0.0,0.0,0.0
7,0.0,0.0,0.0,0.0,-2.5388666681576746,-2.7584422901041723,-0.6876569563990519,0.0,0.0,0.0,-3.0148487790460217,0.0,0.0,0.0,0.0,0.0,0.0,0.0,0.0,0.0,0.0,0.0,0.0,0.0,0.0,0.0,0.0,0.0
8,0.0,0.0,0.0,0.0,0.0,0.0,-3.129961474650516,0.0,0.0,-3.6621531353527805,0.0,-2.490025596279083,0.0,-0.5078541335166884,0.0,0.0,0.0,0.0,0.0,0.0,0.0,0.0,0.0,0.0,0.0,0.0,0.0,0.0
9,0.0,0.0,0.0,0.0,0.0,0.0,-3.161708495286929,0.0,-3.6621531353527805,0.0,0.0,-2.2923219160509514,0.0,-0.5157111634936526,0.0,0.0,0.0,0.0,0.0,0.0,0.0,0.0,0.0,0.0,0.0,0.0,0.0,0.0
10,0.0,0.0,0.0,0.0,0.0,-3.7364114159022406,-0.6997042125272065,-3.0148487790460217,0.0,0.0,0.0,0.0,0.0,0.0,0.0,0.0,0.0,0.0,0.0,0.0,0.0,0.0,0.0,0.0,0.0,0.0,0.0,0.0
11,0.0,0.0,0.0,0.0,0.0,0.0,0.0,0.0,-2.490025596279083,-2.2923219160509514,0.0,0.0,-1.9854633834881625,0.0,-0.5790048211583212,-0.6283434565684239,0.0,0.0,0.0,0.0,0.0,0.0,0.0,0.0,0.0,0.0,0.0,0.0
12,0.0,0.0,0.0,0.0,0.0,0.0,0.0,0.0,0.0,0.0,0.0,-1.9854633834881625,0.0,0.0,0.0,0.0,-2.3904602515842814,-0.7591263723549843,0.0,0.0,0.0,0.0,0.0,0.0,0.0,0.0,0.0,0.0
13,0.0,0.0,0.0,0.0,0.0,0.0,0.0,0.0,-0.5078541335166884,-0.5157111634936526,0.0,0.0,0.0,0.0,-1.1848415649509574,-1.1569879386029196,0.0,0.0,0.0,0.0,0.0,0.0,0.0,0.0,0.0,0.0,0.0,0.0
14,0.0,0.0,0.0,0.0,0.0,0.0,0.0,0.0,0.0,0.0,0.0,-0.5790048211583212,0.0,-1.1848415649509574,0.0,-3.456436879227459,0.0,0.0,0.0,0.0,0.0,0.0,0.0,0.0,0.0,0.0,0.0,0.0
15,0.0,0.0,0.0,0.0,0.0,0.0,0.0,0.0,0.0,0.0,0.0,-0.6283434565684239,0.0,-1.1569879386029196,-3.456436879227459,0.0,0.0,0.0,0.0,0.0,0.0,0.0,0.0,0.0,0.0,0.0,0.0,0.0
16,0.0,0.0,0.0,0.0,0.0,0.0,0.0,0.0,0.0,0.0,0.0,0.0,-2.3904602515842814,0.0,0.0,0.0,0.0,-0.7817871166089738,-0.8326989927765878,0.0,0.0,0.0,0.0,0.0,0.0,0.0,0.0,0.0
17,0.0,0.0,0.0,0.0,0.0,0.0,0.0,0.0,0.0,0.0,0.0,0.0,-0.7591263723549843,0.0,0.0,0.0,-0.7817871166089738,0.0,-1.937769933014555,0.0,0.0,0.0,0.0,0.0,0.0,0.0,0.0,0.0
18,0.0,0.0,0.0,0.0,0.0,0.0,0.0,0.0,0.0,0.0,0.0,0.0,0.0,0.0,0.0,0.0,-0.8326989927765878,-1.937769933014555,0.0,0.0,-2.1364850008606315,0.0,0.0,0.0,0.0,0.0,0.0,0.0
19,0.0,0.0,0.0,0.0,0.0,0.0,0.0,0.0,0.0,0.0,0.0,0.0,0.0,0.0,0.0,0.0,0.0,0.0,0.0,0.0,-0.8293259843981756,-1.09327898956811,-0.7799248608416474,-0.7136599903201907,0.0,0.0,0.0,0.0
20,0.0,0.0,0.0,0.0,0.0,0.0,0.0,0.0,0.0,0.0,0.0,0.0,0.0,0.0,0.0,0.0,0.0,0.0,-2.1364850008606315,-0.8293259843981756,0.0,-2.2537862267028452,-3.772145576893863,0.0,0.0,0.0,0.0,0.0
21,0.0,0.0,0.0,0.0,0.0,0.0,0.0,0.0,0.0,0.0,0.0,0.0,0.0,0.0,0.0,0.0,0.0,0.0,0.0,-1.09327898956811,-2.2537862267028452,0.0,-2.055911428104952,-1.8649171401838363,0.0,0.0,-0.7809304120687852,0.0
22,0.0,0.0,0.0,0.0,0.0,0.0,0.0,0.0,0.0,0.0,0.0,0.0,0.0,0.0,0.0,0.0,0.0,0.0,0.0,-0.7799248608416474,-3.772145576893863,-2.055911428104952,0.0,-3.0937529296297495,0.0,0.0,-0.8398284175542159,0.0
23,0.0,0.0,0.0,0.0,0.0,0.0,0.0,0.0,0.0,0.0,0.0,0.0,0.0,0.0,0.0,0.0,0.0,0.0,0.0,-0.7136599903201907,0.0,-1.8649171401838363,-3.0937529296297495,0.0,-0.20278347827553012,-1.160291969626858,-0.9385565590140282,-0.567815996178049
24,0.0,0.0,0.0,0.0,0.0,0.0,0.0,0.0,0.0,0.0,0.0,0.0,0.0,0.0,0.0,0.0,0.0,0.0,0.0,0.0,0.0,0.0,0.0,-0.20278347827553012,0.0,0.0,0.15926696696347045,0.06716646490793853
25,0.0,0.0,0.0,0.0,0.0,0.0,0.0,0.0,0.0,0.0,0.0,0.0,0.0,0.0,0.0,0.0,0.0,0.0,0.0,0.0,0.0,0.0,0.0,-1.160291969626858,0.0,0.0,-2.228782038522182,-0.24867087973846602
26,0.0,0.0,0.0,0.0,0.0,0.0,0.0,0.0,0.0,0.0,0.0,0.0,0.0,0.0,0.0,0.0,0.0,0.0,0.0,0.0,0.0,-0.7809304120687852,-0.8398284175542159,-0.9385565590140282,0.15926696696347045,-2.228782038522182,0.0,-0.2349304633007555
27,0.0,0.0,0.0,0.0,0.0,0.0,0.0,0.0,0.0,0.0,0.0,0.0,0.0,0.0,0.0,0.0,0.0,0.0,0.0,0.0,0.0,0.0,0.0,-0.567815996178049,0.06716646490793853,-0.24867087973846602,-0.2349304633007555,0.0
