,0,1,2,3,4,5,6,7,8,9,10,11,12,13,14,15,16,17,18,19
0,0.0,-0.7302585093679135,-0.8247357864914578,-1.2733141202406288,0.0,0.0,0.0,0.0,0.0,0.0,0.0,0.0,0.0,0.0,0.0,0.0,0.0,0.0,0.0,0.0
1,-0.7302585093679135,0.0,-0.7844505464961727,-1.2213641093144594,0.0,0.0,0.0,0.0,0.0,0.0,0.0,0.0,0.0,0.0,0.0,0.0,0.0,0.0,0.0,0.0
2,-0.8247357864914578,-0.7844505464961727,0.0,-1.1012409295001115,0.0,0.0,0.0,0.0,0.0,0.0,0.0,0.0,0.0,0.0,0.0,0.0,0.0,0.0,0.0,0.0
3,-1.2733141202406288,-1.2213641093144594,-1.1012409295001115,0.0,-0.9460803555910301,-0.9540339822969385,0.0,-0.9839965030279446,0.0,0.0,0.0,0.0,0.0,0.0,0.0,0.0,0.0,0.0,0.0,0.0
4,0.0,0.0,0.0,-0.9460803555910301,0.0,-0.6996527164349612,-0.7238473910049427,-0.724244041592433,0.0,0.0,0.0,0.0,0.0,0.0,0.0,0.0,0.0,0.0,0.0,0.0
5,0.0,0.0,0.0,-0.9540339822969385,-0.6996527164349612,0.0,-0.7171878361859669,-0.7175819924893667,-0.7450519729986169,-0.8111315925857507,0.0,0.0,0.0,0.0,0.0,0.0,0.0,0.0,0.0,0.0
6,0.0,0.0,0.0,0.0,-0.7238473910049427,-0.7171878361859669,0.0,-0.6935321930853151,-0.7203735117941084,-0.7850082646055436,0.0,0.0,0.0,0.0,0.0,0.0,0.0,0.0,0.0,0.0
7,0.0,0.0,0.0,-0.9839965030279446,-0.724244041592433,-0.7175819924893667,-0.6935321930853151,0.0,0.0,0.0,0.0,0.0,0.0,0.0,0.0,0.0,0.0,0.0,0.0,0.0
8,0.0,0.0,0.0,0.0,0.0,-0.7450519729986169,-0.7203735117941084,0.0,0.0,-0.756143451058184,0.0,0.0,0.0,0.0,0.0,0.0,0.0,0.0,0.0,0.0
9,0.0,0.0,0.0,0.0,0.0,-0.8111315925857507,-0.7850082646055436,0.0,-0.756143451058184,0.0,0.0,0.0,0.0,0.0,0.0,0.0,0.0,0.0,0.0,0.0
10,0.0,0.0,0.0,0.0,0.0,0.0,0.0,0.0,0.0,0.0,0.0,-0.8775013428983585,-0.8776137730850702,-1.020724737772519,0.0,0.0,0.0,0.0,0.0,0.0
11,0.0,0.0,0.0,0.0,0.0,0.0,0.0,0.0,0.0,0.0,-0.8775013428983585,0.0,-0.6932434105014128,-0.8169548630807648,0.0,0.0,0.0,0.0,0.0,0.0
12,0.0,0.0,0.0,0.0,0.0,0.0,0.0,0.0,0.0,0.0,-0.8776137730850702,-0.6932434105014128,0.0,-0.8168474368739174,-0.9606246210913015,0.0,0.0,0.0,0.0,0.0
13,0.0,0.0,0.0,0.0,0.0,0.0,0.0,0.0,0.0,0.0,-1.020724737772519,-0.8169548630807648,-0.8168474368739174,0.0,-0.8228679118119646,0.0,0.0,0.0,0.0,0.0
14,0.0,0.0,0.0,0.0,0.0,0.0,0.0,0.0,0.0,0.0,0.0,0.0,-0.9606246210913015,-0.8228679118119646,0.0,-1.3140634905043995,-1.4280050080939433,0.0,0.0,0.0
15,0.0,0.0,0.0,0.0,0.0,0.0,0.0,0.0,0.0,0.0,0.0,0.0,0.0,0.0,-1.3140634905043995,0.0,-0.7724370053812969,-0.9190857177287948,-0.9451160565247467,-1.030827983925457
16,0.0,0.0,0.0,0.0,0.0,0.0,0.0,0.0,0.0,0.0,0.0,0.0,0.0,0.0,-1.4280050080939433,-0.7724370053812969,0.0,-0.830087690738753,-0.8545297701733726,0.0
17,0.0,0.0,0.0,0.0,0.0,0.0,0.0,0.0,0.0,0.0,0.0,0.0,0.0,0.0,0.0,-0.9190857177287948,-0.830087690738753,0.0,-0.7148459721543736,-0.7869448873005983
18,0.0,0.0,0.0,0.0,0.0,0.0,0.0,0.0,0.0,0.0,0.0,0.0,0.0,0.0,0.0,-0.9451160565247467,-0.8545297701733726,-0.7148459721543736,0.0,-0.7637832684672529
19,0.0,0.0,0.0,0.0,0.0,0.0,0.0,0.0,0.0,0.0,0.0,0.0,0.0,0.0,0.0,-1.030827983925457,0.0,-0.7869448873005983,-0.7637832684672529,0.0
