,0,1,2,3,4,5,6,7,8,9,10,11,12,13,14,15,16,17,18,19,20,21,22,23
0,0.0,-1.146678656802602,-1.1600459486256487,-2.1005988172676218,0.0,0.0,0.0,0.0,0.0,0.0,0.0,0.0,0.0,0.0,0.0,0.0,0.0,0.0,0.0,0.0,0.0,0.0,0.0,0.0
1,-1.146678656802602,0.0,-0.7029602549107125,-1.4676247461568774,-1.7600994012852054,0.0,0.0,0.0,0.0,0.0,0.0,0.0,0.0,0.0,0.0,0.0,0.0,0.0,0.0,0.0,0.0,0.0,0.0,0.0
2,-1.1600459486256487,-0.7029602549107125,0.0,-1.4526292084321673,-1.743955733649628,0.0,0.0,0.0,0.0,0.0,0.0,0.0,0.0,0.0,0.0,0.0,0.0,0.0,0.0,0.0,0.0,0.0,0.0,0.0
3,-2.1005988172676218,-1.4676247461568774,-1.4526292084321673,0.0,-0.8926084986657902,-0.9510371237676342,0.0,-1.1098283479149178,0.0,0.0,0.0,0.0,0.0,0.0,0.0,0.0,0.0,0.0,0.0,0.0,0.0,0.0,0.0,0.0
4,0.0,-1.7600994012852054,-1.743955733649628,-0.8926084986657902,0.0,-0.7428466308821121,0.0,-0.8800114527539483,0.0,0.0,0.0,0.0,0.0,0.0,0.0,0.0,0.0,0.0,0.0,0.0,0.0,0.0,0.0,0.0
5,0.0,0.0,0.0,-0.9510371237676342,-0.7428466308821121,0.0,-0.8025270124737484,-0.8243672944036752,0.0,0.0,0.0,0.0,0.0,0.0,0.0,0.0,0.0,0.0,0.0,0.0,0.0,0.0,0.0,0.0
6,0.0,0.0,0.0,0.0,0.0,-0.8025270124737484,0.0,0.0,-0.9297602045868522,-0.934603011903074,-0.9667831912413019,0.0,0.0,0.0,0.0,0.0,0.0,0.0,0.0,0.0,0.0,0.0,0.0,0.0
7,0.0,0.0,0.0,-1.1098283479149178,-0.8800114527539483,-0.8243672944036752,0.0,0.0,0.0,-0.9109611770479547,-0.9426512566390122,0.0,0.0,0.0,0.0,0.0,0.0,0.0,0.0,0.0,0.0,0.0,0.0,0.0
8,0.0,0.0,0.0,0.0,0.0,0.0,-0.9297602045868522,0.0,0.0,-0.6971488594426558,-0.7238246406633662,-0.9634273903093196,0.0,0.0,0.0,0.0,0.0,0.0,0.0,0.0,0.0,0.0,0.0,0.0
9,0.0,0.0,0.0,0.0,0.0,0.0,-0.934603011903074,-0.9109611770479547,-0.6971488594426558,0.0,-0.7197182482553495,0.0,0.0,0.0,0.0,0.0,0.0,0.0,0.0,0.0,0.0,0.0,0.0,0.0
10,0.0,0.0,0.0,0.0,0.0,0.0,-0.9667831912413019,-0.9426512566390122,-0.7238246406633662,-0.7197182482553495,0.0,-0.9264822067555472,0.0,0.0,0.0,0.0,0.0,0.0,0.0,0.0,0.0,0.0,0.0,0.0
11,0.0,0.0,0.0,0.0,0.0,0.0,0.0,0.0,-0.9634273903093196,0.0,-0.9264822067555472,0.0,-0.8450973557806942,-0.9001721333705343,-0.9097194546320027,0.0,0.0,0.0,0.0,0.0,0.0,0.0,0.0,0.0
12,0.0,0.0,0.0,0.0,0.0,0.0,0.0,0.0,0.0,0.0,0.0,-0.8450973557806942,0.0,-0.7415793369472714,-0.7500075586198957,-0.8232228656179532,0.0,0.0,0.0,0.0,0.0,0.0,0.0,0.0
13,0.0,0.0,0.0,0.0,0.0,0.0,0.0,0.0,0.0,0.0,0.0,-0.9001721333705343,-0.7415793369472714,0.0,-0.7011964480481232,-0.7712451827200961,0.0,0.0,0.0,0.0,0.0,0.0,0.0,0.0
14,0.0,0.0,0.0,0.0,0.0,0.0,0.0,0.0,0.0,0.0,0.0,-0.9097194546320027,-0.7500075586198957,-0.7011964480481232,0.0,-0.7626577236846691,0.0,0.0,0.0,0.0,0.0,0.0,0.0,0.0
15,0.0,0.0,0.0,0.0,0.0,0.0,0.0,0.0,0.0,0.0,0.0,0.0,-0.8232228656179532,-0.7712451827200961,-0.7626577236846691,0.0,-0.7699058421308683,0.0,-0.8728495920642312,0.0,0.0,0.0,0.0,0.0
16,0.0,0.0,0.0,0.0,0.0,0.0,0.0,0.0,0.0,0.0,0.0,0.0,0.0,0.0,0.0,-0.7699058421308683,0.0,-0.7041776321403721,-0.7893377085236611,-0.8250766314692874,0.0,0.0,0.0,0.0
17,0.0,0.0,0.0,0.0,0.0,0.0,0.0,0.0,0.0,0.0,0.0,0.0,0.0,0.0,0.0,0.0,-0.7041776321403721,0.0,-0.7774210615747609,-0.8128097633515504,0.0,0.0,0.0,0.0
18,0.0,0.0,0.0,0.0,0.0,0.0,0.0,0.0,0.0,0.0,0.0,0.0,0.0,0.0,0.0,-0.8728495920642312,-0.7893377085236611,-0.7774210615747609,0.0,-0.725932511677622,-0.8153014223691636,0.0,0.0,0.0
19,0.0,0.0,0.0,0.0,0.0,0.0,0.0,0.0,0.0,0.0,0.0,0.0,0.0,0.0,0.0,0.0,-0.8250766314692874,-0.8128097633515504,-0.725932511677622,0.0,-0.7798412451538852,0.0,0.0,0.0
20,0.0,0.0,0.0,0.0,0.0,0.0,0.0,0.0,0.0,0.0,0.0,0.0,0.0,0.0,0.0,0.0,0.0,0.0,-0.8153014223691636,-0.7798412451538852,0.0,-0.8590088198315226,-1.0047509798306273,-1.0316470818094279
21,0.0,0.0,0.0,0.0,0.0,0.0,0.0,0.0,0.0,0.0,0.0,0.0,0.0,0.0,0.0,0.0,0.0,0.0,0.0,0.0,-0.8590088198315226,0.0,-0.8207460813504323,-0.8445406292873264
22,0.0,0.0,0.0,0.0,0.0,0.0,0.0,0.0,0.0,0.0,0.0,0.0,0.0,0.0,0.0,0.0,0.0,0.0,0.0,0.0,-1.0047509798306273,-0.8207460813504323,0.0,-0.7144231044207027
23,0.0,0.0,0.0,0.0,0.0,0.0,0.0,0.0,0.0,0.0,0.0,0.0,0.0,0.0,0.0,0.0,0.0,0.0,0.0,0.0,-1.0316470818094279,-0.8445406292873264,-0.7144231044207027,0.0
