,0,1,2,3,4,5,6,7,8,9,10,11,12,13,14,15,16,17,18,19,20,21
0,0.0,-0.6998726382141215,-0.7506405985890505,-1.6531282444265178,0.0,0.0,0.0,0.0,0.0,0.0,0.0,0.0,0.0,0.0,0.0,0.0,0.0,0.0,0.0,0.0,0.0,0.0
1,-0.6998726382141215,0.0,-0.7435854972646059,-1.642302784200141,0.0,0.0,0.0,0.0,0.0,0.0,0.0,0.0,0.0,0.0,0.0,0.0,0.0,0.0,0.0,0.0,0.0,0.0
2,-0.7506405985890505,-0.7435854972646059,0.0,-1.5636744281371628,0.0,0.0,0.0,0.0,0.0,0.0,0.0,0.0,0.0,0.0,0.0,0.0,0.0,0.0,0.0,0.0,0.0,0.0
3,-1.6531282444265178,-1.642302784200141,-1.5636744281371628,0.0,-0.743589436808184,-0.8730915413428789,-1.0930128207115481,0.0,0.0,0.0,0.0,0.0,0.0,0.0,0.0,0.0,0.0,0.0,0.0,0.0,0.0,0.0
4,0.0,0.0,0.0,-0.743589436808184,0.0,-0.8169380327211473,-1.0286474888003565,0.0,0.0,0.0,0.0,0.0,0.0,0.0,0.0,0.0,0.0,0.0,0.0,0.0,0.0,0.0
5,0.0,0.0,0.0,-0.8730915413428789,-0.8169380327211473,0.0,-0.8847570309628728,-0.9210916976355216,0.0,0.0,0.0,0.0,0.0,0.0,0.0,0.0,0.0,0.0,0.0,0.0,0.0,0.0
6,0.0,0.0,0.0,-1.0930128207115481,-1.0286474888003565,-0.8847570309628728,0.0,-0.7241696129031268,-0.9474322703249857,-1.0253733296763359,0.0,0.0,0.0,0.0,0.0,0.0,0.0,0.0,0.0,0.0,0.0,0.0
7,0.0,0.0,0.0,0.0,0.0,-0.9210916976355216,-0.7241696129031268,0.0,-0.9104612032580615,-0.9866122698956307,0.0,0.0,0.0,0.0,0.0,0.0,0.0,0.0,0.0,0.0,0.0,0.0
8,0.0,0.0,0.0,0.0,0.0,0.0,-0.9474322703249857,-0.9104612032580615,0.0,-0.7572443515528662,-1.0301182015195627,0.0,0.0,0.0,0.0,0.0,0.0,0.0,0.0,0.0,0.0,0.0
9,0.0,0.0,0.0,0.0,0.0,0.0,-1.0253733296763359,-0.9866122698956307,-0.7572443515528662,0.0,-0.95196253635348,-0.9928719803132029,0.0,0.0,0.0,0.0,0.0,0.0,0.0,0.0,0.0,0.0
10,0.0,0.0,0.0,0.0,0.0,0.0,0.0,0.0,-1.0301182015195627,-0.95196253635348,0.0,-0.7265855733679658,-0.7520873818110985,-0.9996668287769428,0.0,0.0,0.0,0.0,0.0,0.0,0.0,0.0
11,0.0,0.0,0.0,0.0,0.0,0.0,0.0,0.0,0.0,-0.9928719803132029,-0.7265855733679658,0.0,-0.7178469940628932,-0.9585909318348724,0.0,0.0,0.0,0.0,0.0,0.0,0.0,0.0
12,0.0,0.0,0.0,0.0,0.0,0.0,0.0,0.0,0.0,0.0,-0.7520873818110985,-0.7178469940628932,0.0,-0.9287824416410845,0.0,0.0,0.0,0.0,0.0,0.0,0.0,0.0
13,0.0,0.0,0.0,0.0,0.0,0.0,0.0,0.0,0.0,0.0,-0.9996668287769428,-0.9585909318348724,-0.9287824416410845,0.0,-0.7273798253514284,-0.7427966167807973,-0.8808456617710577,0.0,0.0,0.0,0.0,0.0
14,0.0,0.0,0.0,0.0,0.0,0.0,0.0,0.0,0.0,0.0,0.0,0.0,0.0,-0.7273798253514284,0.0,-0.7080657625078655,-0.84197027959102,0.0,0.0,0.0,0.0,0.0
15,0.0,0.0,0.0,0.0,0.0,0.0,0.0,0.0,0.0,0.0,0.0,0.0,0.0,-0.7427966167807973,-0.7080657625078655,0.0,-0.8252212880789149,0.0,0.0,0.0,0.0,0.0
16,0.0,0.0,0.0,0.0,0.0,0.0,0.0,0.0,0.0,0.0,0.0,0.0,0.0,-0.8808456617710577,-0.84197027959102,-0.8252212880789149,0.0,-0.7434215136253965,-0.757657526381998,0.0,-0.8041719596384364,0.0
17,0.0,0.0,0.0,0.0,0.0,0.0,0.0,0.0,0.0,0.0,0.0,0.0,0.0,0.0,0.0,0.0,-0.7434215136253965,0.0,-0.7067223008177659,-0.7429073567154698,-0.7511388916705142,-1.094041499306004
18,0.0,0.0,0.0,0.0,0.0,0.0,0.0,0.0,0.0,0.0,0.0,0.0,0.0,0.0,0.0,0.0,-0.757657526381998,-0.7067223008177659,0.0,-0.7288593240299223,-0.7369856166567669,-1.0761849680071645
19,0.0,0.0,0.0,0.0,0.0,0.0,0.0,0.0,0.0,0.0,0.0,0.0,0.0,0.0,0.0,0.0,0.0,-0.7429073567154698,-0.7288593240299223,0.0,-0.7009991275402289,-1.0304780084101415
20,0.0,0.0,0.0,0.0,0.0,0.0,0.0,0.0,0.0,0.0,0.0,0.0,0.0,0.0,0.0,0.0,-0.8041719596384364,-0.7511388916705142,-0.7369856166567669,-0.7009991275402289,0.0,0.0
21,0.0,0.0,0.0,0.0,0.0,0.0,0.0,0.0,0.0,0.0,0.0,0.0,0.0,0.0,0.0,0.0,0.0,-1.094041499306004,-1.0761849680071645,-1.0304780084101415,0.0,0.0
