,0,1,2,3,4,5,6,7,8,9,10,11,12,13,14,15,16,17,18,19,20
0,0.0,-1.4758559691484028,-1.7859379099851487,-2.2977680038205506,0.0,0.0,0.0,0.0,0.0,0.0,0.0,0.0,0.0,0.0,0.0,0.0,0.0,0.0,0.0,0.0,0.0
1,-1.4758559691484028,0.0,-0.9047275417344319,-1.295439776238727,-1.3625049097719295,0.0,0.0,0.0,0.0,0.0,0.0,0.0,0.0,0.0,0.0,0.0,0.0,0.0,0.0,0.0,0.0
2,-1.7859379099851487,-0.9047275417344319,0.0,-1.0306715625226168,-1.0902964886960416,0.0,0.0,0.0,0.0,0.0,0.0,0.0,0.0,0.0,0.0,0.0,0.0,0.0,0.0,0.0,0.0
3,-2.2977680038205506,-1.295439776238727,-1.0306715625226168,0.0,-0.7397993329738622,-1.0604402956549794,-1.0862005992037826,0.0,0.0,0.0,0.0,0.0,0.0,0.0,0.0,0.0,0.0,0.0,0.0,0.0,0.0
4,0.0,-1.3625049097719295,-1.0902964886960416,-0.7397993329738622,0.0,-1.00175762195873,-1.0267033311331595,0.0,0.0,0.0,0.0,0.0,0.0,0.0,0.0,0.0,0.0,0.0,0.0,0.0,0.0
5,0.0,0.0,0.0,-1.0604402956549794,-1.00175762195873,0.0,-0.7129101380371705,-0.743024912329809,-1.0367515965617164,0.0,0.0,0.0,0.0,0.0,0.0,0.0,0.0,0.0,0.0,0.0,0.0
6,0.0,0.0,0.0,-1.0862005992037826,-1.0267033311331595,-0.7129101380371705,0.0,-0.7226924056025188,-1.0116649375112239,0.0,0.0,0.0,0.0,0.0,0.0,0.0,0.0,0.0,0.0,0.0,0.0
7,0.0,0.0,0.0,0.0,0.0,-0.743024912329809,-0.7226924056025188,0.0,-0.9749946672941202,0.0,0.0,0.0,0.0,0.0,0.0,0.0,0.0,0.0,0.0,0.0,0.0
8,0.0,0.0,0.0,0.0,0.0,-1.0367515965617164,-1.0116649375112239,-0.9749946672941202,0.0,-0.8428843043804127,0.0,0.0,-1.1283707077819214,0.0,0.0,0.0,0.0,0.0,0.0,0.0,0.0
9,0.0,0.0,0.0,0.0,0.0,0.0,0.0,0.0,-0.8428843043804127,0.0,-0.9206842619844321,-0.9467790137654147,-0.9478437894416674,0.0,0.0,0.0,0.0,0.0,0.0,0.0,0.0
10,0.0,0.0,0.0,0.0,0.0,0.0,0.0,0.0,0.0,-0.9206842619844321,0.0,-0.714877000054748,-0.7157656758910503,-0.7824014888497006,0.0,0.0,-0.9006638827855928,0.0,0.0,0.0,0.0
11,0.0,0.0,0.0,0.0,0.0,0.0,0.0,0.0,0.0,-0.9467790137654147,-0.714877000054748,0.0,0.0,-0.7592967119220957,0.0,0.0,-0.8753598379566142,0.0,0.0,0.0,0.0
12,0.0,0.0,0.0,0.0,0.0,0.0,0.0,0.0,-1.1283707077819214,-0.9478437894416674,-0.7157656758910503,0.0,0.0,-0.758371820461602,0.0,0.0,0.0,0.0,0.0,0.0,0.0
13,0.0,0.0,0.0,0.0,0.0,0.0,0.0,0.0,0.0,0.0,-0.7824014888497006,-0.7592967119220957,-0.758371820461602,0.0,0.0,0.0,0.0,-0.8283920149225712,0.0,0.0,0.0
14,0.0,0.0,0.0,0.0,0.0,0.0,0.0,0.0,0.0,0.0,0.0,0.0,0.0,0.0,0.0,-0.6945792477691836,0.0,0.0,-0.7954512697953818,-0.9344281046619891,-1.1397287693464149
15,0.0,0.0,0.0,0.0,0.0,0.0,0.0,0.0,0.0,0.0,0.0,0.0,0.0,0.0,-0.6945792477691836,0.0,-0.6985728789042929,-0.7220988001058003,0.0,-0.9326912527039283,-1.137783172238951
16,0.0,0.0,0.0,0.0,0.0,0.0,0.0,0.0,0.0,0.0,-0.9006638827855928,-0.8753598379566142,0.0,0.0,0.0,-0.6985728789042929,0.0,-0.7165479578844273,-0.7879670035704494,0.0,0.0
17,0.0,0.0,0.0,0.0,0.0,0.0,0.0,0.0,0.0,0.0,0.0,0.0,0.0,-0.8283920149225712,0.0,-0.7220988001058003,-0.7165479578844273,0.0,-0.763006800099038,0.0,0.0
18,0.0,0.0,0.0,0.0,0.0,0.0,0.0,0.0,0.0,0.0,0.0,0.0,0.0,0.0,-0.7954512697953818,0.0,-0.7879670035704494,-0.763006800099038,0.0,-0.8205579336635942,0.0
19,0.0,0.0,0.0,0.0,0.0,0.0,0.0,0.0,0.0,0.0,0.0,0.0,0.0,0.0,-0.9344281046619891,-0.9326912527039283,0.0,0.0,-0.8205579336635942,0.0,-0.8651348077135071
20,0.0,0.0,0.0,0.0,0.0,0.0,0.0,0.0,0.0,0.0,0.0,0.0,0.0,0.0,-1.1397287693464149,-1.137783172238951,0.0,0.0,0.0,-0.8651348077135071,0.0
