,0,1,2,3,4,5,6,7,8,9,10,11,12,13,14,15,16,17,18,19,20,21,22,23,24,25,26
0,0.0,-0.9213219205900438,-1.0163915045370735,-1.3224380826741067,0.0,0.0,0.0,0.0,0.0,0.0,0.0,0.0,0.0,0.0,0.0,0.0,0.0,0.0,0.0,0.0,0.0,0.0,0.0,0.0,0.0,0.0,0.0
1,-0.9213219205900438,0.0,-0.7727304013001244,-1.0366453783209144,0.0,0.0,0.0,0.0,0.0,0.0,0.0,0.0,0.0,0.0,0.0,0.0,0.0,0.0,0.0,0.0,0.0,0.0,0.0,0.0,0.0,0.0,0.0
2,-1.0163915045370735,-0.7727304013001244,0.0,-0.9404410185347255,-1.3213228856556503,0.0,0.0,0.0,0.0,0.0,0.0,0.0,0.0,0.0,0.0,0.0,0.0,0.0,0.0,0.0,0.0,0.0,0.0,0.0,0.0,0.0,0.0
3,-1.3224380826741067,-1.0366453783209144,-0.9404410185347255,0.0,-1.0154214397525898,0.0,0.0,0.0,0.0,0.0,0.0,0.0,0.0,0.0,0.0,0.0,0.0,0.0,0.0,0.0,0.0,0.0,0.0,0.0,0.0,0.0,0.0
4,0.0,0.0,-1.3213228856556503,-1.0154214397525898,0.0,-1.1274884294653447,-1.2630885790667716,-1.3009001710898522,0.0,0.0,0.0,0.0,0.0,0.0,0.0,0.0,0.0,0.0,0.0,0.0,0.0,0.0,0.0,0.0,0.0,0.0,0.0
5,0.0,0.0,0.0,0.0,-1.1274884294653447,0.0,-0.7951527025615529,-0.8241965104658594,-0.8307052875503941,0.0,0.0,0.0,0.0,0.0,0.0,0.0,0.0,0.0,0.0,0.0,0.0,0.0,0.0,0.0,0.0,0.0,0.0
6,0.0,0.0,0.0,0.0,-1.2630885790667716,-0.7951527025615529,0.0,-0.7196571614152106,-0.7256072627689594,0.0,0.0,0.0,0.0,0.0,0.0,0.0,0.0,0.0,0.0,0.0,0.0,0.0,0.0,0.0,0.0,0.0,0.0
7,0.0,0.0,0.0,0.0,-1.3009001710898522,-0.8241965104658594,-0.7196571614152106,0.0,-0.6989460248825924,-0.7517668076781414,0.0,0.0,-0.8619625638848541,0.0,0.0,0.0,0.0,0.0,0.0,0.0,0.0,0.0,0.0,0.0,0.0,0.0,0.0
8,0.0,0.0,0.0,0.0,0.0,-0.8307052875503941,-0.7256072627689594,-0.6989460248825924,0.0,-0.7456721426040838,0.0,0.0,-0.8552985909701745,0.0,0.0,0.0,0.0,0.0,0.0,0.0,0.0,0.0,0.0,0.0,0.0,0.0,0.0
9,0.0,0.0,0.0,0.0,0.0,0.0,0.0,-0.7517668076781414,-0.7456721426040838,0.0,-0.7957796440318224,0.0,-0.7977064657062896,0.0,0.0,0.0,0.0,0.0,0.0,0.0,0.0,0.0,0.0,0.0,0.0,0.0,0.0
10,0.0,0.0,0.0,0.0,0.0,0.0,0.0,0.0,0.0,-0.7957796440318224,0.0,-0.6939362179416145,-0.694902910741796,0.0,0.0,0.0,0.0,0.0,0.0,0.0,0.0,0.0,0.0,0.0,0.0,0.0,0.0
11,0.0,0.0,0.0,0.0,0.0,0.0,0.0,0.0,0.0,0.0,-0.6939362179416145,0.0,-0.6941131118729398,-0.718675977098398,-0.7548941322325307,-0.7915606025215983,0.0,0.0,0.0,0.0,0.0,0.0,0.0,0.0,0.0,0.0,0.0
12,0.0,0.0,0.0,0.0,0.0,0.0,0.0,-0.8619625638848541,-0.8552985909701745,-0.7977064657062896,-0.694902910741796,-0.6941131118729398,0.0,0.0,0.0,0.0,0.0,-0.8073501538782794,0.0,0.0,0.0,0.0,0.0,0.0,0.0,0.0,0.0
13,0.0,0.0,0.0,0.0,0.0,0.0,0.0,0.0,0.0,0.0,0.0,-0.718675977098398,0.0,0.0,-0.7284904265050437,-0.7643021150230153,-0.772007308448373,0.0,-0.8141006425142754,0.0,0.0,0.0,0.0,0.0,0.0,0.0,0.0
14,0.0,0.0,0.0,0.0,0.0,0.0,0.0,0.0,0.0,0.0,0.0,-0.7548941322325307,0.0,-0.7284904265050437,0.0,0.0,-0.7352339112101464,0.0,0.0,0.0,0.0,0.0,0.0,0.0,0.0,0.0,0.0
15,0.0,0.0,0.0,0.0,0.0,0.0,0.0,0.0,0.0,0.0,0.0,-0.7915606025215983,0.0,-0.7643021150230153,0.0,0.0,-0.7003589554314038,-0.7085731631612895,-0.7398187397698234,0.0,0.0,0.0,0.0,0.0,0.0,0.0,0.0
16,0.0,0.0,0.0,0.0,0.0,0.0,0.0,0.0,0.0,0.0,0.0,0.0,0.0,-0.772007308448373,-0.7352339112101464,-0.7003589554314038,0.0,0.0,0.0,-0.8468039027729864,-0.8583938789081562,0.0,0.0,0.0,0.0,0.0,0.0
17,0.0,0.0,0.0,0.0,0.0,0.0,0.0,0.0,0.0,0.0,0.0,0.0,-0.8073501538782794,0.0,0.0,-0.7085731631612895,0.0,0.0,-0.7239288491883878,0.0,0.0,0.0,0.0,0.0,0.0,0.0,0.0
18,0.0,0.0,0.0,0.0,0.0,0.0,0.0,0.0,0.0,0.0,0.0,0.0,0.0,-0.8141006425142754,0.0,-0.7398187397698234,0.0,-0.7239288491883878,0.0,0.0,0.0,0.0,0.0,0.0,0.0,0.0,0.0
19,0.0,0.0,0.0,0.0,0.0,0.0,0.0,0.0,0.0,0.0,0.0,0.0,0.0,0.0,0.0,0.0,-0.8468039027729864,0.0,0.0,0.0,-0.7032994774663124,-0.9188793952633939,-0.9432409811279876,0.0,0.0,0.0,0.0
20,0.0,0.0,0.0,0.0,0.0,0.0,0.0,0.0,0.0,0.0,0.0,0.0,0.0,0.0,0.0,0.0,-0.8583938789081562,0.0,0.0,-0.7032994774663124,0.0,-0.9067859680902928,0.0,0.0,0.0,0.0,0.0
21,0.0,0.0,0.0,0.0,0.0,0.0,0.0,0.0,0.0,0.0,0.0,0.0,0.0,0.0,0.0,0.0,0.0,0.0,0.0,-0.9188793952633939,-0.9067859680902928,0.0,-0.7134548461534325,0.0,0.0,0.0,0.0
22,0.0,0.0,0.0,0.0,0.0,0.0,0.0,0.0,0.0,0.0,0.0,0.0,0.0,0.0,0.0,0.0,0.0,0.0,0.0,-0.9432409811279876,0.0,-0.7134548461534325,0.0,-0.8126356338198976,0.0,0.0,0.0
23,0.0,0.0,0.0,0.0,0.0,0.0,0.0,0.0,0.0,0.0,0.0,0.0,0.0,0.0,0.0,0.0,0.0,0.0,0.0,0.0,0.0,0.0,-0.8126356338198976,0.0,-0.901484827209233,-0.910373578006234,-1.0769664172909763
24,0.0,0.0,0.0,0.0,0.0,0.0,0.0,0.0,0.0,0.0,0.0,0.0,0.0,0.0,0.0,0.0,0.0,0.0,0.0,0.0,0.0,0.0,0.0,-0.901484827209233,0.0,-0.7006341240394884,-0.842821191573155
25,0.0,0.0,0.0,0.0,0.0,0.0,0.0,0.0,0.0,0.0,0.0,0.0,0.0,0.0,0.0,0.0,0.0,0.0,0.0,0.0,0.0,0.0,0.0,-0.910373578006234,-0.7006341240394884,0.0,-0.83435246410034
26,0.0,0.0,0.0,0.0,0.0,0.0,0.0,0.0,0.0,0.0,0.0,0.0,0.0,0.0,0.0,0.0,0.0,0.0,0.0,0.0,0.0,0.0,0.0,-1.0769664172909763,-0.842821191573155,-0.83435246410034,0.0
