,0,1,2,3,4,5,6,7,8,9,10,11,12,13,14,15,16,17,18,19,20,21,22,23,24,25
0,0.0,-1.3905569596150178,-2.0253621472796692,-2.3052849799558164,0.0,0.0,0.0,0.0,0.0,0.0,0.0,0.0,0.0,0.0,0.0,0.0,0.0,0.0,0.0,0.0,0.0,0.0,0.0,0.0,0.0,0.0
1,-1.3905569596150178,0.0,-1.1570485646473483,-1.384285026118295,-1.4162629631238135,0.0,0.0,0.0,0.0,0.0,0.0,0.0,0.0,0.0,0.0,0.0,0.0,0.0,0.0,0.0,0.0,0.0,0.0,0.0,0.0,0.0
2,-2.0253621472796692,-1.1570485646473483,0.0,-0.8637877018244533,-0.8885567789719028,-0.9212252204182556,0.0,0.0,0.0,0.0,0.0,0.0,0.0,0.0,0.0,0.0,0.0,0.0,0.0,0.0,0.0,0.0,0.0,0.0,0.0,0.0
3,-2.3052849799558164,-1.384285026118295,-0.8637877018244533,0.0,-0.7145932448356421,-0.7429866856669167,-0.808443778876401,0.0,0.0,0.0,0.0,0.0,0.0,0.0,0.0,0.0,0.0,0.0,0.0,0.0,0.0,0.0,0.0,0.0,0.0,0.0
4,0.0,-1.4162629631238135,-0.8885567789719028,-0.7145932448356421,0.0,-0.7209588209966241,-0.7851347618770651,-0.8773669985596894,0.0,0.0,0.0,0.0,0.0,0.0,0.0,0.0,0.0,0.0,0.0,0.0,0.0,0.0,0.0,0.0,0.0,0.0
5,0.0,0.0,-0.9212252204182556,-0.7429866856669167,-0.7209588209966241,0.0,-0.755662305425406,-0.8456825236225668,0.0,0.0,0.0,0.0,0.0,0.0,0.0,0.0,0.0,0.0,0.0,0.0,0.0,0.0,0.0,0.0,0.0,0.0
6,0.0,0.0,0.0,-0.808443778876401,-0.7851347618770651,-0.755662305425406,0.0,-0.7782363634474098,0.0,0.0,0.0,0.0,0.0,0.0,0.0,0.0,0.0,0.0,0.0,0.0,0.0,0.0,0.0,0.0,0.0,0.0
7,0.0,0.0,0.0,0.0,-0.8773669985596894,-0.8456825236225668,-0.7782363634474098,0.0,0.0,0.0,0.0,0.0,0.0,0.0,0.0,0.0,0.0,0.0,0.0,0.0,0.0,0.0,0.0,0.0,0.0,0.0
8,0.0,0.0,0.0,0.0,0.0,0.0,0.0,0.0,0.0,-0.727653357250145,-0.9568641004648261,-1.0304641547734594,0.0,0.0,0.0,0.0,0.0,0.0,0.0,0.0,0.0,0.0,0.0,0.0,0.0,0.0
9,0.0,0.0,0.0,0.0,0.0,0.0,0.0,0.0,-0.727653357250145,0.0,-0.9156155073298263,-0.9873503770354389,0.0,0.0,0.0,0.0,0.0,0.0,0.0,0.0,0.0,0.0,0.0,0.0,0.0,0.0
10,0.0,0.0,0.0,0.0,0.0,0.0,0.0,0.0,-0.9568641004648261,-0.9156155073298263,0.0,-0.7533042125830486,-0.7752069285320184,-0.8246186950275743,0.0,0.0,0.0,0.0,0.0,0.0,0.0,0.0,0.0,0.0,0.0,0.0
11,0.0,0.0,0.0,0.0,0.0,0.0,0.0,0.0,-1.0304641547734594,-0.9873503770354389,-0.7533042125830486,0.0,-0.7138541031684789,-0.7606575293387309,0.0,0.0,0.0,0.0,0.0,0.0,0.0,0.0,0.0,0.0,0.0,0.0
12,0.0,0.0,0.0,0.0,0.0,0.0,0.0,0.0,0.0,0.0,-0.7752069285320184,-0.7138541031684789,0.0,-0.7390319147271533,0.0,0.0,0.0,0.0,0.0,0.0,0.0,0.0,0.0,0.0,0.0,0.0
13,0.0,0.0,0.0,0.0,0.0,0.0,0.0,0.0,0.0,0.0,-0.8246186950275743,-0.7606575293387309,-0.7390319147271533,0.0,0.0,-0.8739799625297042,0.0,0.0,0.0,0.0,0.0,0.0,0.0,0.0,0.0,0.0
14,0.0,0.0,0.0,0.0,0.0,0.0,0.0,0.0,0.0,0.0,0.0,0.0,0.0,0.0,0.0,-0.7260485507090112,-0.7999882484353541,0.0,0.0,-0.9200740504540568,0.0,0.0,0.0,0.0,0.0,0.0
15,0.0,0.0,0.0,0.0,0.0,0.0,0.0,0.0,0.0,0.0,0.0,0.0,0.0,-0.8739799625297042,-0.7260485507090112,0.0,-0.7648498993600245,-0.8564178171334792,0.0,0.0,0.0,0.0,0.0,0.0,0.0,0.0
16,0.0,0.0,0.0,0.0,0.0,0.0,0.0,0.0,0.0,0.0,0.0,0.0,0.0,0.0,-0.7999882484353541,-0.7648498993600245,0.0,-0.7790364289203585,-0.7932629756611674,-0.8027671597969537,-0.8339684341562543,0.0,0.0,0.0,0.0,0.0
17,0.0,0.0,0.0,0.0,0.0,0.0,0.0,0.0,0.0,0.0,0.0,0.0,0.0,0.0,0.0,-0.8564178171334792,-0.7790364289203585,0.0,-0.706298947194917,-0.7150929528871366,-0.7440062440162519,0.0,0.0,0.0,0.0,0.0
18,0.0,0.0,0.0,0.0,0.0,0.0,0.0,0.0,0.0,0.0,0.0,0.0,0.0,0.0,0.0,0.0,-0.7932629756611674,-0.706298947194917,0.0,-0.701828259502225,0.0,0.0,0.0,0.0,0.0,0.0
19,0.0,0.0,0.0,0.0,0.0,0.0,0.0,0.0,0.0,0.0,0.0,0.0,0.0,0.0,-0.9200740504540568,0.0,-0.8027671597969537,-0.7150929528871366,-0.701828259502225,0.0,0.0,-0.916267310979292,0.0,0.0,0.0,0.0
20,0.0,0.0,0.0,0.0,0.0,0.0,0.0,0.0,0.0,0.0,0.0,0.0,0.0,0.0,0.0,0.0,-0.8339684341562543,-0.7440062440162519,0.0,0.0,0.0,0.0,-0.9524410034054352,0.0,0.0,0.0
21,0.0,0.0,0.0,0.0,0.0,0.0,0.0,0.0,0.0,0.0,0.0,0.0,0.0,0.0,0.0,0.0,0.0,0.0,0.0,-0.916267310979292,0.0,0.0,-0.7525210705923715,-0.8706375649651326,-1.140991544041341,-1.2185055512589582
22,0.0,0.0,0.0,0.0,0.0,0.0,0.0,0.0,0.0,0.0,0.0,0.0,0.0,0.0,0.0,0.0,0.0,0.0,0.0,0.0,-0.9524410034054352,-0.7525210705923715,0.0,0.0,-1.0639167946328678,0.0
23,0.0,0.0,0.0,0.0,0.0,0.0,0.0,0.0,0.0,0.0,0.0,0.0,0.0,0.0,0.0,0.0,0.0,0.0,0.0,0.0,0.0,-0.8706375649651326,0.0,0.0,-0.929802998560138,-0.9990483629388094
24,0.0,0.0,0.0,0.0,0.0,0.0,0.0,0.0,0.0,0.0,0.0,0.0,0.0,0.0,0.0,0.0,0.0,0.0,0.0,0.0,0.0,-1.140991544041341,-1.0639167946328678,-0.929802998560138,0.0,-0.7506794089707426
25,0.0,0.0,0.0,0.0,0.0,0.0,0.0,0.0,0.0,0.0,0.0,0.0,0.0,0.0,0.0,0.0,0.0,0.0,0.0,0.0,0.0,-1.2185055512589582,0.0,-0.9990483629388094,-0.7506794089707426,0.0
