,0,1,2,3,4,5,6,7,8,9,10,11,12,13,14,15,16,17,18
0,0.0,-1.5197891008677478,-1.665232047459515,-2.017073969970917,0.0,0.0,0.0,0.0,0.0,0.0,0.0,0.0,0.0,0.0,0.0,0.0,0.0,0.0,0.0
1,-1.5197891008677478,0.0,-0.7886338417719709,0.0,-1.0817561001238243,-1.1103715905985687,0.0,0.0,0.0,0.0,0.0,0.0,0.0,0.0,0.0,0.0,0.0,0.0,0.0
2,-1.665232047459515,-0.7886338417719709,0.0,0.0,-0.9648346817983492,-0.9916541140777559,0.0,0.0,0.0,0.0,0.0,0.0,0.0,0.0,0.0,0.0,0.0,0.0,0.0
3,-2.017073969970917,0.0,0.0,0.0,-0.7268812533678706,-0.7493143955308313,-0.8424364775054364,0.0,0.0,0.0,0.0,0.0,0.0,0.0,0.0,0.0,0.0,0.0,0.0
4,0.0,-1.0817561001238243,-0.9648346817983492,-0.7268812533678706,0.0,-0.7148678399819394,-0.8051925240230081,0.0,0.0,0.0,0.0,0.0,0.0,0.0,0.0,0.0,0.0,0.0,0.0
5,0.0,-1.1103715905985687,-0.9916541140777559,-0.7493143955308313,-0.7148678399819394,0.0,-0.7816535566185093,0.0,0.0,0.0,0.0,0.0,0.0,0.0,0.0,0.0,0.0,0.0,0.0
6,0.0,0.0,0.0,-0.8424364775054364,-0.8051925240230081,-0.7816535566185093,0.0,-0.7941110287941352,-0.8417121985032698,0.0,0.0,0.0,0.0,0.0,0.0,0.0,0.0,0.0,0.0
7,0.0,0.0,0.0,0.0,0.0,0.0,-0.7941110287941352,0.0,-0.736666939477387,-0.7647171871186013,0.0,0.0,0.0,0.0,0.0,0.0,0.0,0.0,0.0
8,0.0,0.0,0.0,0.0,0.0,0.0,-0.8417121985032698,-0.736666939477387,0.0,-0.7200669456102218,0.0,0.0,0.0,0.0,0.0,0.0,0.0,0.0,0.0
9,0.0,0.0,0.0,0.0,0.0,0.0,0.0,-0.7647171871186013,-0.7200669456102218,0.0,-0.8924799914251338,0.0,0.0,0.0,0.0,0.0,0.0,0.0,0.0
10,0.0,0.0,0.0,0.0,0.0,0.0,0.0,0.0,0.0,-0.8924799914251338,0.0,0.0,-0.8454310685368813,-0.8593851952323397,-0.9070910611255847,0.0,0.0,0.0,0.0
11,0.0,0.0,0.0,0.0,0.0,0.0,0.0,0.0,0.0,0.0,0.0,0.0,-0.7185438613434804,-0.7310863414430425,-0.7740979273398655,0.0,0.0,0.0,0.0
12,0.0,0.0,0.0,0.0,0.0,0.0,0.0,0.0,0.0,0.0,-0.8454310685368813,-0.7185438613434804,0.0,-0.7053846982649863,-0.747378389634578,0.0,0.0,0.0,0.0
13,0.0,0.0,0.0,0.0,0.0,0.0,0.0,0.0,0.0,0.0,-0.8593851952323397,-0.7310863414430425,-0.7053846982649863,0.0,-0.7346465694978298,0.0,0.0,0.0,0.0
14,0.0,0.0,0.0,0.0,0.0,0.0,0.0,0.0,0.0,0.0,-0.9070910611255847,-0.7740979273398655,-0.747378389634578,-0.7346465694978298,0.0,-0.9455032812904846,0.0,0.0,0.0
15,0.0,0.0,0.0,0.0,0.0,0.0,0.0,0.0,0.0,0.0,0.0,0.0,0.0,0.0,-0.9455032812904846,0.0,-0.7628339137074843,-0.8071065865907973,-1.2080314111316646
16,0.0,0.0,0.0,0.0,0.0,0.0,0.0,0.0,0.0,0.0,0.0,0.0,0.0,0.0,0.0,-0.7628339137074843,0.0,-0.7346848066167443,-1.1154232722413713
17,0.0,0.0,0.0,0.0,0.0,0.0,0.0,0.0,0.0,0.0,0.0,0.0,0.0,0.0,0.0,-0.8071065865907973,-0.7346848066167443,0.0,-1.0614288692589755
18,0.0,0.0,0.0,0.0,0.0,0.0,0.0,0.0,0.0,0.0,0.0,0.0,0.0,0.0,0.0,-1.2080314111316646,-1.1154232722413713,-1.0614288692589755,0.0
