,0,1,2,3,4,5,6,7,8,9,10,11,12,13,14,15,16,17,18,19,20,21,22,23
0,0.0,-1.2145748658653395,-1.2960789672232391,-1.6231592884686206,0.0,0.0,0.0,0.0,0.0,0.0,0.0,0.0,0.0,0.0,0.0,0.0,0.0,0.0,0.0,0.0,0.0,0.0,0.0,0.0
1,-1.2145748658653395,0.0,-0.7517769322045822,-0.9997993332170723,-1.3394402854156178,0.0,0.0,0.0,0.0,0.0,0.0,0.0,0.0,0.0,0.0,0.0,0.0,0.0,0.0,0.0,0.0,0.0,0.0,0.0
2,-1.2960789672232391,-0.7517769322045822,0.0,-0.92926468583512,-1.2565779976793312,0.0,0.0,0.0,0.0,0.0,0.0,0.0,0.0,0.0,0.0,0.0,0.0,0.0,0.0,0.0,0.0,0.0,0.0,0.0
3,-1.6231592884686206,-0.9997993332170723,-0.92926468583512,0.0,-0.9707389610390559,-1.0230308431658064,0.0,0.0,0.0,0.0,0.0,0.0,0.0,0.0,0.0,0.0,0.0,0.0,0.0,0.0,0.0,0.0,0.0,0.0
4,0.0,-1.3394402854156178,-1.2565779976793312,-0.9707389610390559,0.0,-0.7354492198322778,-1.013243024079829,0.0,0.0,0.0,0.0,0.0,0.0,0.0,0.0,0.0,0.0,0.0,0.0,0.0,0.0,0.0,0.0,0.0
5,0.0,0.0,0.0,-1.0230308431658064,-0.7354492198322778,0.0,-0.9612474710002695,-1.386953938275847,-1.5381000361796462,0.0,0.0,0.0,0.0,0.0,0.0,0.0,0.0,0.0,0.0,0.0,0.0,0.0,0.0,0.0
6,0.0,0.0,0.0,0.0,-1.013243024079829,-0.9612474710002695,0.0,-1.0505661236137782,-1.182853752387014,0.0,-1.2800540673999883,0.0,0.0,0.0,0.0,0.0,0.0,0.0,0.0,0.0,0.0,0.0,0.0,0.0
7,0.0,0.0,0.0,0.0,0.0,-1.386953938275847,-1.0505661236137782,0.0,-0.7963838792702085,-0.8712597567789294,-0.8740911477817764,0.0,0.0,0.0,0.0,0.0,0.0,0.0,0.0,0.0,0.0,0.0,0.0,0.0
8,0.0,0.0,0.0,0.0,0.0,-1.5381000361796462,-1.182853752387014,-0.7963838792702085,0.0,-0.7615581824175908,-0.7641536893111703,0.0,0.0,0.0,0.0,0.0,0.0,0.0,0.0,0.0,0.0,0.0,0.0,0.0
9,0.0,0.0,0.0,0.0,0.0,0.0,0.0,-0.8712597567789294,-0.7615581824175908,0.0,-0.6955819039446722,0.0,0.0,0.0,0.0,0.0,0.0,0.0,0.0,0.0,0.0,0.0,0.0,0.0
10,0.0,0.0,0.0,0.0,0.0,0.0,-1.2800540673999883,-0.8740911477817764,-0.7641536893111703,-0.6955819039446722,0.0,0.0,0.0,0.0,0.0,0.0,0.0,0.0,0.0,0.0,0.0,0.0,0.0,0.0
11,0.0,0.0,0.0,0.0,0.0,0.0,0.0,0.0,0.0,0.0,0.0,0.0,-0.8174857941211541,-0.8512220174896185,-0.8675669045813966,0.0,0.0,0.0,0.0,0.0,0.0,0.0,0.0,0.0
12,0.0,0.0,0.0,0.0,0.0,0.0,0.0,0.0,0.0,0.0,0.0,-0.8174857941211541,0.0,-0.7234047543790235,-0.7381017872815152,0.0,0.0,0.0,0.0,0.0,0.0,0.0,0.0,0.0
13,0.0,0.0,0.0,0.0,0.0,0.0,0.0,0.0,0.0,0.0,0.0,-0.8512220174896185,-0.7234047543790235,0.0,-0.7074218761620946,-0.7112646296243507,-0.8652144746844543,0.0,0.0,0.0,0.0,0.0,0.0,0.0
14,0.0,0.0,0.0,0.0,0.0,0.0,0.0,0.0,0.0,0.0,0.0,-0.8675669045813966,-0.7381017872815152,-0.7074218761620946,0.0,-0.6969363323118445,-0.8488976890695092,0.0,0.0,0.0,0.0,0.0,0.0,0.0
15,0.0,0.0,0.0,0.0,0.0,0.0,0.0,0.0,0.0,0.0,0.0,0.0,0.0,-0.7112646296243507,-0.6969363323118445,0.0,-0.844577226831531,0.0,0.0,0.0,0.0,0.0,0.0,0.0
16,0.0,0.0,0.0,0.0,0.0,0.0,0.0,0.0,0.0,0.0,0.0,0.0,0.0,-0.8652144746844543,-0.8488976890695092,-0.844577226831531,0.0,-0.7144469061692406,-0.8615487287730536,0.0,0.0,0.0,0.0,0.0
17,0.0,0.0,0.0,0.0,0.0,0.0,0.0,0.0,0.0,0.0,0.0,0.0,0.0,0.0,0.0,0.0,-0.7144469061692406,0.0,-0.8374216489440001,-1.0434452001185825,0.0,0.0,0.0,0.0
18,0.0,0.0,0.0,0.0,0.0,0.0,0.0,0.0,0.0,0.0,0.0,0.0,0.0,0.0,0.0,0.0,-0.8615487287730536,-0.8374216489440001,0.0,0.0,0.0,-0.8931176822626031,0.0,0.0
19,0.0,0.0,0.0,0.0,0.0,0.0,0.0,0.0,0.0,0.0,0.0,0.0,0.0,0.0,0.0,0.0,0.0,-1.0434452001185825,0.0,0.0,0.0,-0.7070738627178138,-0.8315474695760071,-1.0005984454145398
20,0.0,0.0,0.0,0.0,0.0,0.0,0.0,0.0,0.0,0.0,0.0,0.0,0.0,0.0,0.0,0.0,0.0,0.0,0.0,0.0,0.0,-0.7002954588853313,-0.8239944552154675,-0.992135752050895
21,0.0,0.0,0.0,0.0,0.0,0.0,0.0,0.0,0.0,0.0,0.0,0.0,0.0,0.0,0.0,0.0,0.0,0.0,-0.8931176822626031,-0.7070738627178138,-0.7002954588853313,0.0,-0.8160229328175693,-0.9831957551476322
22,0.0,0.0,0.0,0.0,0.0,0.0,0.0,0.0,0.0,0.0,0.0,0.0,0.0,0.0,0.0,0.0,0.0,0.0,0.0,-0.8315474695760071,-0.8239944552154675,-0.8160229328175693,0.0,-0.8442359119191761
23,0.0,0.0,0.0,0.0,0.0,0.0,0.0,0.0,0.0,0.0,0.0,0.0,0.0,0.0,0.0,0.0,0.0,0.0,0.0,-1.0005984454145398,-0.992135752050895,-0.9831957551476322,-0.8442359119191761,0.0
