,0,1,2,3,4,5,6,7,8,9,10,11,12,13,14,15
0,0.0,-0.7950185869112111,-2.141650879909305,-2.2729768689869694,0.0,0.0,0.0,0.0,0.0,0.0,0.0,0.0,0.0,0.0,0.0,0.0
1,-0.7950185869112111,0.0,-1.972214223160387,-2.1005113364271666,0.0,0.0,0.0,0.0,0.0,0.0,0.0,0.0,0.0,0.0,0.0,0.0
2,-2.141650879909305,-1.972214223160387,0.0,-0.7696534023790834,-1.393096390328627,-1.4449105286971868,0.0,0.0,0.0,0.0,0.0,0.0,0.0,0.0,0.0,0.0
3,-2.2729768689869694,-2.1005113364271666,-0.7696534023790834,0.0,-1.2842488160079433,-1.3341430664027476,0.0,0.0,0.0,0.0,0.0,0.0,0.0,0.0,0.0,0.0
4,0.0,0.0,-1.393096390328627,-1.2842488160079433,0.0,-0.7279093031841587,0.0,-0.9081917784677029,-0.9549107409836639,0.0,0.0,0.0,0.0,0.0,0.0,0.0
5,0.0,0.0,-1.4449105286971868,-1.3341430664027476,-0.7279093031841587,0.0,-0.8614781277475771,-0.8679649141187413,0.0,0.0,0.0,0.0,0.0,0.0,0.0,0.0
6,0.0,0.0,0.0,0.0,0.0,-0.8614781277475771,0.0,-0.6987662460411722,-0.7382734876331395,-0.9052511785878025,0.0,0.0,0.0,0.0,0.0,0.0
7,0.0,0.0,0.0,0.0,-0.9081917784677029,-0.8679649141187413,-0.6987662460411722,0.0,-0.7324385529209054,-0.8985920358005853,0.0,0.0,0.0,0.0,0.0,0.0
8,0.0,0.0,0.0,0.0,-0.9549107409836639,0.0,-0.7382734876331395,-0.7324385529209054,0.0,-0.8536050616353359,0.0,0.0,0.0,0.0,0.0,0.0
9,0.0,0.0,0.0,0.0,0.0,0.0,-0.9052511785878025,-0.8985920358005853,-0.8536050616353359,0.0,-0.8243694279449709,-0.8591567215138021,-0.9304654554968248,0.0,0.0,0.0
10,0.0,0.0,0.0,0.0,0.0,0.0,0.0,0.0,0.0,-0.8243694279449709,0.0,-0.7241833934572811,-0.78815854079317,-0.8974470419931341,0.0,0.0
11,0.0,0.0,0.0,0.0,0.0,0.0,0.0,0.0,0.0,-0.8591567215138021,-0.7241833934572811,0.0,-0.7552829696770554,-0.8616822914030617,0.0,0.0
12,0.0,0.0,0.0,0.0,0.0,0.0,0.0,0.0,0.0,-0.9304654554968248,-0.78815854079317,-0.7552829696770554,0.0,-0.7937947430223159,-1.268509310962949,-1.459247371634888
13,0.0,0.0,0.0,0.0,0.0,0.0,0.0,0.0,0.0,0.0,-0.8974470419931341,-0.8616822914030617,-0.7937947430223159,0.0,-1.134279311728569,-1.3152079202183533
14,0.0,0.0,0.0,0.0,0.0,0.0,0.0,0.0,0.0,0.0,0.0,0.0,-1.268509310962949,-1.134279311728569,0.0,-0.829587221245306
15,0.0,0.0,0.0,0.0,0.0,0.0,0.0,0.0,0.0,0.0,0.0,0.0,-1.459247371634888,-1.3152079202183533,-0.829587221245306,0.0
