,0,1,2,3,4,5,6,7,8,9,10,11,12,13,14,15,16,17,18,19,20,21,22
0,0.0,-1.0433031842614735,-1.959035441916908,-2.156973371680438,0.0,0.0,0.0,0.0,0.0,0.0,0.0,0.0,0.0,0.0,0.0,0.0,0.0,0.0,0.0,0.0,0.0,0.0,0.0
1,-1.0433031842614735,0.0,-1.4617943773591822,-1.6405622097378834,-2.0162245444522293,0.0,0.0,0.0,0.0,0.0,0.0,0.0,0.0,0.0,0.0,0.0,0.0,0.0,0.0,0.0,0.0,0.0,0.0
2,-1.959035441916908,-1.4617943773591822,0.0,-0.8130675222442548,-1.0867254982103176,-1.1143483722750989,0.0,0.0,0.0,0.0,0.0,0.0,0.0,0.0,0.0,0.0,0.0,0.0,0.0,0.0,0.0,0.0,0.0
3,-2.156973371680438,-1.6405622097378834,-0.8130675222442548,0.0,-0.9421966588600426,-0.9676607630104332,0.0,0.0,0.0,0.0,0.0,0.0,0.0,0.0,0.0,0.0,0.0,0.0,0.0,0.0,0.0,0.0,0.0
4,0.0,-2.0162245444522293,-1.0867254982103176,-0.9421966588600426,0.0,-0.714059279550253,0.0,-0.8213672616525002,-0.8604372769646745,0.0,0.0,0.0,0.0,0.0,0.0,0.0,0.0,0.0,0.0,0.0,0.0,0.0,0.0
5,0.0,0.0,-1.1143483722750989,-0.9676607630104332,-0.714059279550253,0.0,0.0,-0.7983899932629539,-0.8367604866346056,0.0,0.0,0.0,0.0,0.0,0.0,0.0,0.0,0.0,0.0,0.0,0.0,0.0,0.0
6,0.0,0.0,0.0,0.0,0.0,0.0,0.0,-0.7329607439485124,-0.7692460520669689,-0.7930129116440389,0.0,0.0,0.0,0.0,0.0,0.0,0.0,0.0,0.0,0.0,0.0,0.0,0.0
7,0.0,0.0,0.0,0.0,-0.8213672616525002,-0.7983899932629539,-0.7329607439485124,0.0,-0.7280929604332061,-0.7510074756870118,0.0,0.0,0.0,0.0,0.0,0.0,0.0,0.0,0.0,0.0,0.0,0.0,0.0
8,0.0,0.0,0.0,0.0,-0.8604372769646745,-0.8367604866346056,-0.7692460520669689,-0.7280929604332061,0.0,-0.7153092557136582,-0.7913398577906694,0.0,0.0,0.0,0.0,0.0,0.0,0.0,0.0,0.0,0.0,0.0,0.0
9,0.0,0.0,0.0,0.0,0.0,0.0,-0.7930129116440389,-0.7510074756870118,-0.7153092557136582,0.0,-0.7676062800609353,0.0,0.0,0.0,0.0,0.0,0.0,0.0,0.0,0.0,0.0,0.0,0.0
10,0.0,0.0,0.0,0.0,0.0,0.0,0.0,0.0,-0.7913398577906694,-0.7676062800609353,0.0,0.0,0.0,-0.8112113969710332,0.0,0.0,0.0,0.0,0.0,0.0,0.0,0.0,0.0
11,0.0,0.0,0.0,0.0,0.0,0.0,0.0,0.0,0.0,0.0,0.0,0.0,-0.6932553238359374,-0.743889184436338,-0.8078168916996942,0.0,0.0,0.0,0.0,0.0,0.0,0.0,0.0
12,0.0,0.0,0.0,0.0,0.0,0.0,0.0,0.0,0.0,0.0,0.0,-0.6932553238359374,0.0,-0.7437757026182965,-0.8076970445047241,0.0,0.0,0.0,0.0,0.0,0.0,0.0,0.0
13,0.0,0.0,0.0,0.0,0.0,0.0,0.0,0.0,0.0,0.0,-0.8112113969710332,-0.743889184436338,-0.7437757026182965,0.0,-0.7541511445528165,0.0,0.0,0.0,0.0,0.0,0.0,0.0,0.0
14,0.0,0.0,0.0,0.0,0.0,0.0,0.0,0.0,0.0,0.0,0.0,-0.8078168916996942,-0.8076970445047241,-0.7541511445528165,0.0,0.0,-0.8255614621963472,0.0,0.0,0.0,0.0,0.0,0.0
15,0.0,0.0,0.0,0.0,0.0,0.0,0.0,0.0,0.0,0.0,0.0,0.0,0.0,0.0,0.0,0.0,-0.7249786649974188,-0.7675615447886278,-0.7931516848439062,0.0,0.0,0.0,0.0
16,0.0,0.0,0.0,0.0,0.0,0.0,0.0,0.0,0.0,0.0,0.0,0.0,0.0,0.0,-0.8255614621963472,-0.7249786649974188,0.0,-0.734462812361115,-0.7593162198327749,0.0,0.0,0.0,0.0
17,0.0,0.0,0.0,0.0,0.0,0.0,0.0,0.0,0.0,0.0,0.0,0.0,0.0,0.0,0.0,-0.7675615447886278,-0.734462812361115,0.0,-0.7170452649495973,-0.8103846771774146,0.0,0.0,0.0
18,0.0,0.0,0.0,0.0,0.0,0.0,0.0,0.0,0.0,0.0,0.0,0.0,0.0,0.0,0.0,-0.7931516848439062,-0.7593162198327749,-0.7170452649495973,0.0,-0.7844285775087096,0.0,0.0,0.0
19,0.0,0.0,0.0,0.0,0.0,0.0,0.0,0.0,0.0,0.0,0.0,0.0,0.0,0.0,0.0,0.0,0.0,-0.8103846771774146,-0.7844285775087096,0.0,-0.8773322278517105,-0.9386676906112361,-1.544069452763651
20,0.0,0.0,0.0,0.0,0.0,0.0,0.0,0.0,0.0,0.0,0.0,0.0,0.0,0.0,0.0,0.0,0.0,0.0,0.0,-0.8773322278517105,0.0,-0.7458791139662584,-1.2872374180028319
21,0.0,0.0,0.0,0.0,0.0,0.0,0.0,0.0,0.0,0.0,0.0,0.0,0.0,0.0,0.0,0.0,0.0,0.0,0.0,-0.9386676906112361,-0.7458791139662584,0.0,-1.2138700542519902
22,0.0,0.0,0.0,0.0,0.0,0.0,0.0,0.0,0.0,0.0,0.0,0.0,0.0,0.0,0.0,0.0,0.0,0.0,0.0,-1.544069452763651,-1.2872374180028319,-1.2138700542519902,0.0
