,0,1,2,3,4,5,6,7,8,9,10,11,12,13,14,15,16,17,18,19,20,21,22
0,0.0,-1.7482099579698525,-2.025392323012323,-2.1612798489809544,0.0,0.0,0.0,0.0,0.0,0.0,0.0,0.0,0.0,0.0,0.0,0.0,0.0,0.0,0.0,0.0,0.0,0.0,0.0
1,-1.7482099579698525,0.0,-0.8699247177805711,-0.9628893909064727,-0.9745287713791912,0.0,0.0,0.0,0.0,0.0,0.0,0.0,0.0,0.0,0.0,0.0,0.0,0.0,0.0,0.0,0.0,0.0,0.0
2,-2.025392323012323,-0.8699247177805711,0.0,-0.7736559233965064,-0.783805425758573,-0.7914838056432146,0.0,0.0,0.0,0.0,0.0,0.0,0.0,0.0,0.0,0.0,0.0,0.0,0.0,0.0,0.0,0.0,0.0
3,-2.1612798489809544,-0.9628893909064727,-0.7736559233965064,0.0,-0.7025713787915051,-0.7097055711348969,0.0,0.0,0.0,0.0,0.0,0.0,0.0,0.0,0.0,0.0,0.0,0.0,0.0,0.0,0.0,0.0,0.0
4,0.0,-0.9745287713791912,-0.783805425758573,-0.7025713787915051,0.0,-0.70021531027836,0.0,0.0,0.0,0.0,0.0,0.0,0.0,0.0,0.0,0.0,0.0,0.0,0.0,0.0,0.0,0.0,0.0
5,0.0,0.0,-0.7914838056432146,-0.7097055711348969,-0.70021531027836,0.0,-0.831683932066972,0.0,0.0,0.0,0.0,0.0,0.0,0.0,0.0,0.0,0.0,0.0,0.0,0.0,0.0,0.0,0.0
6,0.0,0.0,0.0,0.0,0.0,-0.831683932066972,0.0,-0.7345816352132523,-0.894340346330807,0.0,0.0,0.0,0.0,0.0,0.0,0.0,0.0,0.0,0.0,0.0,0.0,0.0,0.0
7,0.0,0.0,0.0,0.0,0.0,0.0,-0.7345816352132523,0.0,-0.8471301826317231,-0.9517760612280294,0.0,0.0,0.0,0.0,0.0,0.0,0.0,0.0,0.0,0.0,0.0,0.0,0.0
8,0.0,0.0,0.0,0.0,0.0,0.0,-0.894340346330807,-0.8471301826317231,0.0,-0.7853067898841528,-0.9476986848993281,0.0,0.0,0.0,0.0,0.0,0.0,0.0,0.0,0.0,0.0,0.0,0.0
9,0.0,0.0,0.0,0.0,0.0,0.0,0.0,-0.9517760612280294,-0.7853067898841528,0.0,-0.8433361855603507,-0.9678184587102775,0.0,0.0,0.0,0.0,0.0,0.0,0.0,0.0,0.0,0.0,0.0
10,0.0,0.0,0.0,0.0,0.0,0.0,0.0,0.0,-0.9476986848993281,-0.8433361855603507,0.0,-0.8032009165422457,0.0,-0.8796700209621554,0.0,0.0,0.0,0.0,0.0,0.0,0.0,0.0,0.0
11,0.0,0.0,0.0,0.0,0.0,0.0,0.0,0.0,0.0,-0.9678184587102775,-0.8032009165422457,0.0,-0.7538743292954226,-0.7626440389086208,-0.8146947995986161,0.0,0.0,0.0,0.0,0.0,0.0,0.0,0.0
12,0.0,0.0,0.0,0.0,0.0,0.0,0.0,0.0,0.0,0.0,0.0,-0.7538743292954226,0.0,-0.7014309447086551,-0.7506789575387642,0.0,-0.8313866401185807,0.0,0.0,0.0,0.0,0.0,0.0
13,0.0,0.0,0.0,0.0,0.0,0.0,0.0,0.0,0.0,0.0,-0.8796700209621554,-0.7626440389086208,-0.7014309447086551,0.0,0.0,-0.811389478058938,0.0,0.0,0.0,0.0,0.0,0.0,0.0
14,0.0,0.0,0.0,0.0,0.0,0.0,0.0,0.0,0.0,0.0,0.0,-0.8146947995986161,-0.7506789575387642,0.0,0.0,-0.75947926755778,-0.769741008092617,0.0,0.0,0.0,0.0,0.0,0.0
15,0.0,0.0,0.0,0.0,0.0,0.0,0.0,0.0,0.0,0.0,0.0,0.0,0.0,-0.811389478058938,-0.75947926755778,0.0,-0.7027930175079774,0.0,0.0,0.0,0.0,0.0,0.0
16,0.0,0.0,0.0,0.0,0.0,0.0,0.0,0.0,0.0,0.0,0.0,0.0,-0.8313866401185807,0.0,-0.769741008092617,-0.7027930175079774,0.0,0.0,0.0,0.0,0.0,0.0,0.0
17,0.0,0.0,0.0,0.0,0.0,0.0,0.0,0.0,0.0,0.0,0.0,0.0,0.0,0.0,0.0,0.0,0.0,0.0,-0.7377809616656718,-0.7619487710247876,-0.8240745605961198,0.0,0.0
18,0.0,0.0,0.0,0.0,0.0,0.0,0.0,0.0,0.0,0.0,0.0,0.0,0.0,0.0,0.0,0.0,0.0,-0.7377809616656718,0.0,-0.7163157526661723,-0.7759767732965448,0.0,0.0
19,0.0,0.0,0.0,0.0,0.0,0.0,0.0,0.0,0.0,0.0,0.0,0.0,0.0,0.0,0.0,0.0,0.0,-0.7619487710247876,-0.7163157526661723,0.0,-0.7515106471599189,-0.8082240711171157,-0.8879601945289736
20,0.0,0.0,0.0,0.0,0.0,0.0,0.0,0.0,0.0,0.0,0.0,0.0,0.0,0.0,0.0,0.0,0.0,-0.8240745605961198,-0.7759767732965448,-0.7515106471599189,0.0,-0.7468981447057471,-0.8227299976961685
21,0.0,0.0,0.0,0.0,0.0,0.0,0.0,0.0,0.0,0.0,0.0,0.0,0.0,0.0,0.0,0.0,0.0,0.0,0.0,-0.8082240711171157,-0.7468981447057471,0.0,-0.7653407816729062
22,0.0,0.0,0.0,0.0,0.0,0.0,0.0,0.0,0.0,0.0,0.0,0.0,0.0,0.0,0.0,0.0,0.0,0.0,0.0,-0.8879601945289736,-0.8227299976961685,-0.7653407816729062,0.0
