,0,1,2,3,4,5,6,7,8,9,10,11,12,13,14,15,16,17,18,19,20,21
0,0.0,-0.7751112511943546,-0.8409691066614741,-1.0837044374722742,0.0,0.0,0.0,0.0,0.0,0.0,0.0,0.0,0.0,0.0,0.0,0.0,0.0,0.0,0.0,0.0,0.0,0.0
1,-0.7751112511943546,0.0,-0.7543444016594576,-0.9821795553584859,0.0,0.0,0.0,0.0,0.0,0.0,0.0,0.0,0.0,0.0,0.0,0.0,0.0,0.0,0.0,0.0,0.0,0.0
2,-0.8409691066614741,-0.7543444016594576,0.0,-0.9094996592832548,0.0,0.0,0.0,0.0,0.0,0.0,0.0,0.0,0.0,0.0,0.0,0.0,0.0,0.0,0.0,0.0,0.0,0.0
3,-1.0837044374722742,-0.9821795553584859,-0.9094996592832548,0.0,-0.7435988117386996,-0.7477859863464263,-0.8377527593637448,0.0,0.0,0.0,0.0,0.0,0.0,0.0,0.0,0.0,0.0,0.0,0.0,0.0,0.0,0.0
4,0.0,0.0,0.0,-0.7435988117386996,0.0,-0.6971383975149262,-0.7830785491253507,0.0,0.0,0.0,0.0,0.0,0.0,0.0,0.0,0.0,0.0,0.0,0.0,0.0,0.0,0.0
5,0.0,0.0,0.0,-0.7477859863464263,-0.6971383975149262,0.0,-0.7787605551445211,0.0,0.0,0.0,0.0,0.0,0.0,0.0,0.0,0.0,0.0,0.0,0.0,0.0,0.0,0.0
6,0.0,0.0,0.0,-0.8377527593637448,-0.7830785491253507,-0.7787605551445211,0.0,-0.9837846565461762,0.0,0.0,0.0,0.0,0.0,0.0,0.0,0.0,0.0,0.0,0.0,0.0,0.0,0.0
7,0.0,0.0,0.0,0.0,0.0,0.0,-0.9837846565461762,0.0,-0.9837681150374736,-1.1121923263945503,0.0,0.0,0.0,0.0,0.0,0.0,0.0,0.0,0.0,0.0,0.0,0.0
8,0.0,0.0,0.0,0.0,0.0,0.0,0.0,-0.9837681150374736,0.0,0.0,-1.1279614517156649,-1.2336786896088454,-1.339054242363439,0.0,0.0,0.0,0.0,0.0,0.0,0.0,0.0,0.0
9,0.0,0.0,0.0,0.0,0.0,0.0,0.0,-1.1121923263945503,0.0,0.0,-0.998486243238747,-1.0975441514744195,-1.1969088458535448,0.0,0.0,0.0,0.0,0.0,0.0,0.0,0.0,0.0
10,0.0,0.0,0.0,0.0,0.0,0.0,0.0,0.0,-1.1279614517156649,-0.998486243238747,0.0,-0.7723635328611966,-0.8533572773926315,-0.876197564948416,0.0,0.0,0.0,0.0,0.0,0.0,0.0,0.0
11,0.0,0.0,0.0,0.0,0.0,0.0,0.0,0.0,-1.2336786896088454,-1.0975441514744195,-0.7723635328611966,0.0,-0.7686197577974978,-0.789977029092086,0.0,0.0,0.0,0.0,0.0,0.0,0.0,0.0
12,0.0,0.0,0.0,0.0,0.0,0.0,0.0,0.0,-1.339054242363439,-1.1969088458535448,-0.8533572773926315,-0.7686197577974978,0.0,-0.7130714231707376,-0.8795776161121749,0.0,0.0,0.0,0.0,0.0,0.0,0.0
13,0.0,0.0,0.0,0.0,0.0,0.0,0.0,0.0,0.0,0.0,-0.876197564948416,-0.789977029092086,-0.7130714231707376,0.0,-0.8566817122949899,0.0,-0.915227067091084,0.0,0.0,0.0,0.0,0.0
14,0.0,0.0,0.0,0.0,0.0,0.0,0.0,0.0,0.0,0.0,0.0,0.0,-0.8795776161121749,-0.8566817122949899,0.0,-0.7085138051401718,-0.7442104289787572,0.0,0.0,0.0,0.0,0.0
15,0.0,0.0,0.0,0.0,0.0,0.0,0.0,0.0,0.0,0.0,0.0,0.0,0.0,0.0,-0.7085138051401718,0.0,-0.7283169550208926,-0.8919336612906617,0.0,0.0,0.0,0.0
16,0.0,0.0,0.0,0.0,0.0,0.0,0.0,0.0,0.0,0.0,0.0,0.0,0.0,-0.915227067091084,-0.7442104289787572,-0.7283169550208926,0.0,-0.8517093652812088,0.0,0.0,0.0,0.0
17,0.0,0.0,0.0,0.0,0.0,0.0,0.0,0.0,0.0,0.0,0.0,0.0,0.0,0.0,0.0,-0.8919336612906617,-0.8517093652812088,0.0,-0.7522955543016836,-0.8976877921315909,0.0,-1.363750630653254
18,0.0,0.0,0.0,0.0,0.0,0.0,0.0,0.0,0.0,0.0,0.0,0.0,0.0,0.0,0.0,0.0,0.0,-0.7522955543016836,0.0,-0.8311627152222403,-1.1451856882072224,0.0
19,0.0,0.0,0.0,0.0,0.0,0.0,0.0,0.0,0.0,0.0,0.0,0.0,0.0,0.0,0.0,0.0,0.0,-0.8976877921315909,-0.8311627152222403,0.0,-0.9759117438204662,-1.0992972779840224
20,0.0,0.0,0.0,0.0,0.0,0.0,0.0,0.0,0.0,0.0,0.0,0.0,0.0,0.0,0.0,0.0,0.0,0.0,-1.1451856882072224,-0.9759117438204662,0.0,-0.7933255409268124
21,0.0,0.0,0.0,0.0,0.0,0.0,0.0,0.0,0.0,0.0,0.0,0.0,0.0,0.0,0.0,0.0,0.0,-1.363750630653254,0.0,-1.0992972779840224,-0.7933255409268124,0.0
