,0,1,2,3,4,5,6,7,8,9,10,11,12,13,14,15,16,17
0,0.0,-1.9066428880529867,-2.8133873284478534,-3.1919443766618802,0.0,0.0,0.0,0.0,0.0,0.0,0.0,0.0,0.0,0.0,0.0,0.0,0.0,0.0
1,-1.9066428880529867,0.0,-1.3174431401240267,-1.6237793473887192,-1.7519107783816634,0.0,0.0,0.0,0.0,0.0,0.0,0.0,0.0,0.0,0.0,0.0,0.0,0.0
2,-2.8133873284478534,-1.3174431401240267,0.0,-0.9121018823079492,-1.0091171713078069,-1.038669420232697,0.0,0.0,0.0,0.0,0.0,0.0,0.0,0.0,0.0,0.0,0.0,0.0
3,-3.1919443766618802,-1.6237793473887192,-0.9121018823079492,0.0,-0.7748524406146111,-0.7999851585467183,0.0,0.0,0.0,0.0,0.0,0.0,0.0,0.0,0.0,0.0,0.0,0.0
4,0.0,-1.7519107783816634,-1.0091171713078069,-0.7748524406146111,0.0,-0.7164726749194525,-0.8063882846447158,-0.8864706061197022,0.0,0.0,0.0,0.0,0.0,0.0,0.0,0.0,0.0,0.0
5,0.0,0.0,-1.038669420232697,-0.7999851585467183,-0.7164726749194525,0.0,-0.7811230033738751,-0.8596157639601947,0.0,0.0,0.0,0.0,0.0,0.0,0.0,0.0,0.0,0.0
6,0.0,0.0,0.0,0.0,-0.8063882846447158,-0.7811230033738751,0.0,-0.7657588690412628,0.0,0.0,0.0,0.0,0.0,0.0,0.0,0.0,0.0,0.0
7,0.0,0.0,0.0,0.0,-0.8864706061197022,-0.8596157639601947,-0.7657588690412628,0.0,0.0,-1.1928909527236355,-1.2724723849797186,0.0,0.0,0.0,0.0,0.0,0.0,0.0
8,0.0,0.0,0.0,0.0,0.0,0.0,0.0,0.0,0.0,-0.7026198716861932,-0.7608995133449703,-1.0104027912627158,-1.1141604964047522,0.0,0.0,0.0,0.0,0.0
9,0.0,0.0,0.0,0.0,0.0,0.0,0.0,-1.1928909527236355,-0.7026198716861932,0.0,-0.7508979136360576,0.0,0.0,0.0,0.0,0.0,0.0,0.0
10,0.0,0.0,0.0,0.0,0.0,0.0,0.0,-1.2724723849797186,-0.7608995133449703,-0.7508979136360576,0.0,0.0,0.0,0.0,0.0,0.0,0.0,0.0
11,0.0,0.0,0.0,0.0,0.0,0.0,0.0,0.0,-1.0104027912627158,0.0,0.0,0.0,-0.7756137031297472,-0.8546153668571909,-0.8850426746024074,-1.0085166382013777,0.0,0.0
12,0.0,0.0,0.0,0.0,0.0,0.0,0.0,0.0,-1.1141604964047522,0.0,0.0,-0.7756137031297472,0.0,-0.7665613724278365,-0.7949439214668467,-0.9106926034658156,0.0,0.0
13,0.0,0.0,0.0,0.0,0.0,0.0,0.0,0.0,0.0,0.0,0.0,-0.8546153668571909,-0.7665613724278365,0.0,0.0,-0.828365818310283,-0.9188671199889507,-1.0071548609535568
14,0.0,0.0,0.0,0.0,0.0,0.0,0.0,0.0,0.0,0.0,0.0,-0.8850426746024074,-0.7949439214668467,0.0,0.0,-0.7992036900344163,0.0,0.0
15,0.0,0.0,0.0,0.0,0.0,0.0,0.0,0.0,0.0,0.0,0.0,-1.0085166382013777,-0.9106926034658156,-0.828365818310283,-0.7992036900344163,0.0,-0.7738861749935874,-0.8533837659990069
16,0.0,0.0,0.0,0.0,0.0,0.0,0.0,0.0,0.0,0.0,0.0,0.0,0.0,-0.9188671199889507,0.0,-0.7738861749935874,0.0,-0.7671287212726836
17,0.0,0.0,0.0,0.0,0.0,0.0,0.0,0.0,0.0,0.0,0.0,0.0,0.0,-1.0071548609535568,0.0,-0.8533837659990069,-0.7671287212726836,0.0
