,0,1,2,3,4,5,6,7,8,9,10,11,12,13,14,15,16,17,18,19,20,21,22,23
0,0.0,-1.170833864328874,-1.2198939604885133,0.0,-1.6104447770213057,0.0,0.0,0.0,0.0,0.0,0.0,0.0,0.0,0.0,0.0,0.0,0.0,0.0,0.0,0.0,0.0,0.0,0.0,0.0
1,-1.170833864328874,0.0,-0.7289418506505022,0.0,-1.029717664585406,-1.0676570679113722,0.0,0.0,0.0,0.0,0.0,0.0,0.0,0.0,0.0,0.0,0.0,0.0,0.0,0.0,0.0,0.0,0.0,0.0
2,-1.2198939604885133,-0.7289418506505022,0.0,0.0,-0.9850606266710107,-1.0220551698316538,0.0,0.0,0.0,0.0,0.0,0.0,0.0,0.0,0.0,0.0,0.0,0.0,0.0,0.0,0.0,0.0,0.0,0.0
3,0.0,0.0,0.0,0.0,0.0,-0.7277638132209636,-0.8332743882077366,-0.8593526389484929,0.0,0.0,0.0,0.0,0.0,0.0,0.0,0.0,0.0,0.0,0.0,0.0,0.0,0.0,0.0,0.0
4,-1.6104447770213057,-1.029717664585406,-0.9850606266710107,0.0,0.0,-0.7227775298973961,-0.8278203877952088,-0.8537904135598816,0.0,0.0,0.0,0.0,0.0,0.0,0.0,0.0,0.0,0.0,0.0,0.0,0.0,0.0,0.0,0.0
5,0.0,-1.0676570679113722,-1.0220551698316538,-0.7277638132209636,-0.7227775298973961,0.0,-0.7953573949301491,-0.8206706419320574,0.0,0.0,0.0,0.0,0.0,0.0,0.0,0.0,0.0,0.0,0.0,0.0,0.0,0.0,0.0,0.0
6,0.0,0.0,0.0,-0.8332743882077366,-0.8278203877952088,-0.7953573949301491,0.0,-0.716244464874125,0.0,0.0,0.0,0.0,0.0,0.0,0.0,0.0,0.0,0.0,0.0,0.0,0.0,0.0,0.0,0.0
7,0.0,0.0,0.0,-0.8593526389484929,-0.8537904135598816,-0.8206706419320574,-0.716244464874125,0.0,0.0,0.0,0.0,0.0,0.0,0.0,0.0,0.0,0.0,0.0,0.0,0.0,0.0,0.0,0.0,0.0
8,0.0,0.0,0.0,0.0,0.0,0.0,0.0,0.0,0.0,-0.8098436428099409,-0.859361301137807,-1.1763695014583069,0.0,0.0,0.0,0.0,0.0,0.0,0.0,0.0,0.0,0.0,0.0,0.0
9,0.0,0.0,0.0,0.0,0.0,0.0,0.0,0.0,-0.8098436428099409,0.0,-0.7378599986336757,-1.0287541682428258,0.0,0.0,-1.2987317188342709,0.0,0.0,0.0,0.0,0.0,0.0,0.0,0.0,0.0
10,0.0,0.0,0.0,0.0,0.0,0.0,0.0,0.0,-0.859361301137807,-0.7378599986336757,0.0,-0.9734102938594134,0.0,0.0,-1.2358697573039967,0.0,0.0,0.0,0.0,0.0,0.0,0.0,0.0,0.0
11,0.0,0.0,0.0,0.0,0.0,0.0,0.0,0.0,-1.1763695014583069,-1.0287541682428258,-0.9734102938594134,0.0,-0.8716739627962735,-0.8953255566560877,-0.9092069581852892,0.0,0.0,0.0,0.0,0.0,0.0,0.0,0.0,0.0
12,0.0,0.0,0.0,0.0,0.0,0.0,0.0,0.0,0.0,0.0,0.0,-0.8716739627962735,0.0,-0.7135087700734389,-0.725490232566206,0.0,-0.779518582631656,-0.7827837813560782,-0.8081244198000205,0.0,0.0,0.0,0.0,0.0
13,0.0,0.0,0.0,0.0,0.0,0.0,0.0,0.0,0.0,0.0,0.0,-0.8953255566560877,-0.7135087700734389,0.0,-0.7048933045148301,-0.7541604388952708,0.0,-0.7610989502842637,0.0,0.0,0.0,0.0,0.0,0.0
14,0.0,0.0,0.0,0.0,0.0,0.0,0.0,0.0,0.0,-1.2987317188342709,-1.2358697573039967,-0.9092069581852892,-0.725490232566206,-0.7048933045148301,0.0,0.0,0.0,-0.7487217620214168,0.0,0.0,0.0,0.0,0.0,0.0
15,0.0,0.0,0.0,0.0,0.0,0.0,0.0,0.0,0.0,0.0,0.0,0.0,0.0,-0.7541604388952708,0.0,0.0,0.0,-0.699699223915839,-0.7232127854220458,-0.8733632932617568,0.0,0.0,0.0,0.0
16,0.0,0.0,0.0,0.0,0.0,0.0,0.0,0.0,0.0,0.0,0.0,0.0,-0.779518582631656,0.0,0.0,0.0,0.0,-0.6961632196188489,-0.7195955264247345,0.0,0.0,0.0,0.0,0.0
17,0.0,0.0,0.0,0.0,0.0,0.0,0.0,0.0,0.0,0.0,0.0,0.0,-0.7827837813560782,-0.7610989502842637,-0.7487217620214168,-0.699699223915839,-0.6961632196188489,0.0,0.0,0.0,0.0,0.0,0.0,0.0
18,0.0,0.0,0.0,0.0,0.0,0.0,0.0,0.0,0.0,0.0,0.0,0.0,-0.8081244198000205,0.0,0.0,-0.7232127854220458,-0.7195955264247345,0.0,0.0,-0.8392790054834006,-0.8467690606200967,-0.9273974411615811,0.0,0.0
19,0.0,0.0,0.0,0.0,0.0,0.0,0.0,0.0,0.0,0.0,0.0,0.0,0.0,0.0,0.0,-0.8733632932617568,0.0,0.0,-0.8392790054834006,0.0,0.0,-0.7711192285640256,0.0,0.0
20,0.0,0.0,0.0,0.0,0.0,0.0,0.0,0.0,0.0,0.0,0.0,0.0,0.0,0.0,0.0,0.0,0.0,0.0,-0.8467690606200967,0.0,0.0,-0.7640725963059491,-0.8434524138754017,-1.0001649171134945
21,0.0,0.0,0.0,0.0,0.0,0.0,0.0,0.0,0.0,0.0,0.0,0.0,0.0,0.0,0.0,0.0,0.0,0.0,-0.9273974411615811,-0.7711192285640256,-0.7640725963059491,0.0,-0.7676249121493992,-0.9156721239749004
22,0.0,0.0,0.0,0.0,0.0,0.0,0.0,0.0,0.0,0.0,0.0,0.0,0.0,0.0,0.0,0.0,0.0,0.0,0.0,0.0,-0.8434524138754017,-0.7676249121493992,0.0,-0.8319365597300973
23,0.0,0.0,0.0,0.0,0.0,0.0,0.0,0.0,0.0,0.0,0.0,0.0,0.0,0.0,0.0,0.0,0.0,0.0,0.0,0.0,-1.0001649171134945,-0.9156721239749004,-0.8319365597300973,0.0
