,0,1,2,3,4,5,6,7,8,9,10,11,12,13,14,15,16,17,18,19,20,21,22
0,0.0,-1.3041400812189512,-1.3318288805425698,-1.3776634928269085,0.0,0.0,0.0,0.0,0.0,0.0,0.0,0.0,0.0,0.0,0.0,0.0,0.0,0.0,0.0,0.0,0.0,0.0,0.0
1,-1.3041400812189512,0.0,-0.7122309548673095,-0.7441794105180057,-0.9290147269497249,0.0,0.0,0.0,0.0,0.0,0.0,0.0,0.0,0.0,0.0,0.0,0.0,0.0,0.0,0.0,0.0,0.0,0.0
2,-1.3318288805425698,-0.7122309548673095,0.0,-0.7245121217449236,-0.9063086621052325,0.0,0.0,0.0,0.0,0.0,0.0,0.0,0.0,0.0,0.0,0.0,0.0,0.0,0.0,0.0,0.0,0.0,0.0
3,-1.3776634928269085,-0.7441794105180057,-0.7245121217449236,0.0,-0.8699521819283701,0.0,0.0,0.0,0.0,0.0,0.0,0.0,0.0,0.0,0.0,0.0,0.0,0.0,0.0,0.0,0.0,0.0,0.0
4,0.0,-0.9290147269497249,-0.9063086621052325,-0.8699521819283701,0.0,0.0,0.0,0.0,0.0,0.0,0.0,0.0,0.0,0.0,0.0,0.0,0.0,0.0,0.0,0.0,0.0,0.0,0.0
5,0.0,0.0,0.0,0.0,0.0,0.0,-0.7560037594675453,-1.1106848766835669,-1.187717893686558,0.0,0.0,0.0,0.0,0.0,0.0,0.0,0.0,0.0,0.0,0.0,0.0,0.0,0.0
6,0.0,0.0,0.0,0.0,0.0,-0.7560037594675453,0.0,-1.030532761472306,-1.1045229157068606,0.0,0.0,0.0,0.0,0.0,0.0,0.0,0.0,0.0,0.0,0.0,0.0,0.0,0.0
7,0.0,0.0,0.0,0.0,0.0,-1.1106848766835669,-1.030532761472306,0.0,-0.7511331257667971,-1.0553963488991391,-1.1832712117013342,0.0,0.0,0.0,0.0,0.0,0.0,0.0,0.0,0.0,0.0,0.0,0.0
8,0.0,0.0,0.0,0.0,0.0,-1.187717893686558,-1.1045229157068606,-0.7511331257667971,0.0,-0.983320789851465,-1.106394734000457,0.0,0.0,0.0,0.0,0.0,0.0,0.0,0.0,0.0,0.0,0.0,0.0
9,0.0,0.0,0.0,0.0,0.0,0.0,0.0,-1.0553963488991391,-0.983320789851465,0.0,0.0,-0.8135289816248523,-0.8339117113673975,-0.8482316474873739,0.0,0.0,0.0,0.0,0.0,0.0,0.0,0.0,0.0
10,0.0,0.0,0.0,0.0,0.0,0.0,0.0,-1.1832712117013342,-1.106394734000457,0.0,0.0,-0.7122396995158351,-0.730908391698686,-0.7440431343178834,0.0,0.0,0.0,0.0,0.0,0.0,0.0,0.0,0.0
11,0.0,0.0,0.0,0.0,0.0,0.0,0.0,0.0,0.0,-0.8135289816248523,-0.7122396995158351,0.0,-0.711472529572228,-0.7243694496191521,0.0,0.0,0.0,0.0,0.0,0.0,0.0,0.0,0.0
12,0.0,0.0,0.0,0.0,0.0,0.0,0.0,0.0,0.0,-0.8339117113673975,-0.730908391698686,-0.711472529572228,0.0,-0.7058155397923368,0.0,0.0,0.0,0.0,0.0,0.0,0.0,0.0,0.0
13,0.0,0.0,0.0,0.0,0.0,0.0,0.0,0.0,0.0,-0.8482316474873739,-0.7440431343178834,-0.7243694496191521,-0.7058155397923368,0.0,0.0,0.0,0.0,0.0,0.0,0.0,0.0,0.0,0.0
14,0.0,0.0,0.0,0.0,0.0,0.0,0.0,0.0,0.0,0.0,0.0,0.0,0.0,0.0,0.0,0.0,-0.8102689514332627,-0.8393049022043717,-0.8607290930079814,0.0,0.0,0.0,0.0
15,0.0,0.0,0.0,0.0,0.0,0.0,0.0,0.0,0.0,0.0,0.0,0.0,0.0,0.0,0.0,0.0,0.0,-0.7829956285247093,-0.8034855276925464,-0.8571476288696469,0.0,0.0,0.0
16,0.0,0.0,0.0,0.0,0.0,0.0,0.0,0.0,0.0,0.0,0.0,0.0,0.0,0.0,-0.8102689514332627,0.0,0.0,-0.7193308589343557,-0.7386979219172345,-0.7895204885591594,0.0,0.0,0.0
17,0.0,0.0,0.0,0.0,0.0,0.0,0.0,0.0,0.0,0.0,0.0,0.0,0.0,0.0,-0.8393049022043717,-0.7829956285247093,-0.7193308589343557,0.0,-0.7120309109461559,-0.7616277090069894,-0.8892141485250502,0.0,0.0
18,0.0,0.0,0.0,0.0,0.0,0.0,0.0,0.0,0.0,0.0,0.0,0.0,0.0,0.0,-0.8607290930079814,-0.8034855276925464,-0.7386979219172345,-0.7120309109461559,0.0,-0.7418550519179311,0.0,0.0,0.0
19,0.0,0.0,0.0,0.0,0.0,0.0,0.0,0.0,0.0,0.0,0.0,0.0,0.0,0.0,0.0,-0.8571476288696469,-0.7895204885591594,-0.7616277090069894,-0.7418550519179311,0.0,-0.8132697957669016,-0.8416329663897999,-1.2163207663586937
20,0.0,0.0,0.0,0.0,0.0,0.0,0.0,0.0,0.0,0.0,0.0,0.0,0.0,0.0,0.0,0.0,0.0,-0.8892141485250502,0.0,-0.8132697957669016,0.0,-0.7186628661234663,-1.0618869088045917
21,0.0,0.0,0.0,0.0,0.0,0.0,0.0,0.0,0.0,0.0,0.0,0.0,0.0,0.0,0.0,0.0,0.0,0.0,0.0,-0.8416329663897999,-0.7186628661234663,0.0,-1.0292064107506649
22,0.0,0.0,0.0,0.0,0.0,0.0,0.0,0.0,0.0,0.0,0.0,0.0,0.0,0.0,0.0,0.0,0.0,0.0,0.0,-1.2163207663586937,-1.0618869088045917,-1.0292064107506649,0.0
