,0,1,2,3,4,5,6,7,8,9,10,11,12,13,14,15,16,17,18,19,20,21,22,23,24,25,26,27
0,0.0,-0.7504692869954195,-1.8946067535645346,2.502700220284911,0.0,0.0,0.0,0.0,0.0,0.0,0.0,0.0,0.0,0.0,0.0,0.0,0.0,0.0,0.0,0.0,0.0,0.0,0.0,0.0,0.0,0.0,0.0,0.0
1,-0.7504692869954195,0.0,-1.106217093953989,2.5060174727017297,0.0,0.0,0.0,0.0,0.0,0.0,0.0,0.0,0.0,0.0,0.0,0.0,0.0,0.0,0.0,0.0,0.0,0.0,0.0,0.0,0.0,0.0,0.0,0.0
2,-1.8946067535645346,-1.106217093953989,0.0,2.498164340107146,1.8374846925898565,-0.17483559774241225,0.0,0.0,0.0,0.0,0.0,0.0,0.0,0.0,0.0,0.0,0.0,0.0,0.0,0.0,0.0,0.0,0.0,0.0,0.0,0.0,0.0,0.0
3,2.502700220284911,2.5060174727017297,2.498164340107146,0.0,2.7266412987694424,1.6291572275982726,0.0,1.703240491086135,0.0,0.0,0.0,0.0,0.0,0.0,0.0,0.0,0.0,0.0,0.0,0.0,0.0,0.0,0.0,0.0,0.0,0.0,0.0,0.0
4,0.0,0.0,1.8374846925898565,2.7266412987694424,0.0,1.4775944123375635,0.47285718109526814,0.0,0.05688835057254653,0.0,0.0,0.0,0.0,0.0,0.0,0.0,0.0,0.0,0.0,0.0,0.0,0.0,0.0,0.0,0.0,0.0,0.0,0.0
5,0.0,0.0,-0.17483559774241225,1.6291572275982726,1.4775944123375635,0.0,0.997253013441924,-0.19616887815948783,1.0980791860396275,0.0,0.0,0.0,0.0,0.0,0.0,0.0,0.0,0.0,0.0,0.0,0.0,0.0,0.0,0.0,0.0,0.0,0.0,0.0
6,0.0,0.0,0.0,0.0,0.47285718109526814,0.997253013441924,0.0,0.6091924176592636,-0.2744039049080261,0.4401276858824226,0.0,0.0,0.0,0.0,0.0,0.0,0.0,0.0,0.0,0.0,0.0,0.0,0.0,0.0,0.0,0.0,0.0,0.0
7,0.0,0.0,0.0,1.703240491086135,0.0,-0.19616887815948783,0.6091924176592636,0.0,0.7820927973864289,0.13083378495556955,0.0,0.0,0.0,0.0,0.0,0.0,0.0,0.0,0.0,0.0,0.0,0.0,0.0,0.0,0.0,0.0,0.0,0.0
8,0.0,0.0,0.0,0.0,0.05688835057254653,1.0980791860396275,-0.2744039049080261,0.7820927973864289,0.0,0.3360049455213851,0.0,0.0,0.0,0.0,0.0,0.0,0.0,0.0,0.0,0.0,0.0,0.0,0.0,0.0,0.0,0.0,0.0,0.0
9,0.0,0.0,0.0,0.0,0.0,0.0,0.4401276858824226,0.13083378495556955,0.3360049455213851,0.0,0.0,0.0,0.0,0.0,0.0,0.0,0.0,0.0,0.0,0.0,0.0,0.0,0.0,0.0,0.0,0.0,0.0,0.0
10,0.0,0.0,0.0,0.0,0.0,0.0,0.0,0.0,0.0,0.0,0.0,1.0595804855773874,0.0,0.22967902630810422,0.2825102876138522,0.0,-0.9888843415470655,0.0,0.0,0.0,0.0,0.0,0.0,0.0,0.0,0.0,0.0,0.0
11,0.0,0.0,0.0,0.0,0.0,0.0,0.0,0.0,0.0,0.0,1.0595804855773874,0.0,0.0,-0.27401099710118654,0.2768834982629406,0.0,0.0,0.0,0.0,0.0,0.0,0.0,0.0,0.0,0.0,0.0,0.0,0.0
12,0.0,0.0,0.0,0.0,0.0,0.0,0.0,0.0,0.0,0.0,0.0,0.0,0.0,0.3053202295836621,0.0,0.0,0.0,0.0,0.0,0.0,0.0,0.0,0.0,-0.46434638288826613,-2.4337437881154282,0.0,0.0,0.0
13,0.0,0.0,0.0,0.0,0.0,0.0,0.0,0.0,0.0,0.0,0.22967902630810422,-0.27401099710118654,0.3053202295836621,0.0,0.0022551975783500133,0.21226199540452922,-0.8699959985002363,0.0,0.0,0.0,0.0,0.0,0.0,0.0,0.0,0.0,0.0,0.0
14,0.0,0.0,0.0,0.0,0.0,0.0,0.0,0.0,0.0,0.0,0.2825102876138522,0.2768834982629406,0.0,0.0022551975783500133,0.0,-0.6369191890708724,-0.4000707556519681,0.0,0.0,0.0,0.0,0.0,0.0,0.0,0.0,0.0,0.0,0.0
15,0.0,0.0,0.0,0.0,0.0,0.0,0.0,0.0,0.0,0.0,0.0,0.0,0.0,0.21226199540452922,-0.6369191890708724,0.0,0.10888469901195022,0.0,-0.15425881513817347,0.0,-0.40566971061690704,0.0,0.0,0.0,0.0,0.0,0.0,0.0
16,0.0,0.0,0.0,0.0,0.0,0.0,0.0,0.0,0.0,0.0,-0.9888843415470655,0.0,0.0,-0.8699959985002363,-0.4000707556519681,0.10888469901195022,0.0,-0.9246838938557055,0.0,0.0,0.025852933616436757,-1.3409978538353848,-1.0896396952585572,0.0,0.0,0.0,0.0,0.0
17,0.0,0.0,0.0,0.0,0.0,0.0,0.0,0.0,0.0,0.0,0.0,0.0,0.0,0.0,0.0,0.0,-0.9246838938557055,0.0,-0.14330487297061462,0.0,0.0,-1.0079947398395028,-0.5682304776879743,0.0,0.0,0.0,0.0,0.0
18,0.0,0.0,0.0,0.0,0.0,0.0,0.0,0.0,0.0,0.0,0.0,0.0,0.0,0.0,0.0,-0.15425881513817347,0.0,-0.14330487297061462,0.0,0.4309461568740846,0.0,0.0,0.0,0.0,-0.47249766541766325,-0.5360713653189687,0.0,0.0
19,0.0,0.0,0.0,0.0,0.0,0.0,0.0,0.0,0.0,0.0,0.0,0.0,0.0,0.0,0.0,0.0,0.0,0.0,0.4309461568740846,0.0,0.0,-0.7103956314345997,-0.7977493782648285,-1.9021881626077752,0.0,-0.7086525832274411,0.0,0.0
20,0.0,0.0,0.0,0.0,0.0,0.0,0.0,0.0,0.0,0.0,0.0,0.0,0.0,0.0,0.0,-0.40566971061690704,0.025852933616436757,0.0,0.0,0.0,0.0,-0.1624194453745281,-0.4880467864192907,0.0,0.0,0.0,0.0,0.0
21,0.0,0.0,0.0,0.0,0.0,0.0,0.0,0.0,0.0,0.0,0.0,0.0,0.0,0.0,0.0,0.0,-1.3409978538353848,-1.0079947398395028,0.0,-0.7103956314345997,-0.1624194453745281,0.0,-1.4406452051748766,-0.5120664683462341,-2.4904611536414962,-2.3531513489807834,0.046783287422429556,-0.7022215826581052
22,0.0,0.0,0.0,0.0,0.0,0.0,0.0,0.0,0.0,0.0,0.0,0.0,0.0,0.0,0.0,0.0,-1.0896396952585572,-0.5682304776879743,0.0,-0.7977493782648285,-0.4880467864192907,-1.4406452051748766,0.0,-0.5661550827251456,0.0,0.0,0.011192330429533645,-0.8594543847457571
23,0.0,0.0,0.0,0.0,0.0,0.0,0.0,0.0,0.0,0.0,0.0,0.0,-0.46434638288826613,0.0,0.0,0.0,0.0,0.0,0.0,-1.9021881626077752,0.0,-0.5120664683462341,-0.5661550827251456,0.0,0.0,0.0,0.0,0.0
24,0.0,0.0,0.0,0.0,0.0,0.0,0.0,0.0,0.0,0.0,0.0,0.0,-2.4337437881154282,0.0,0.0,0.0,0.0,0.0,-0.47249766541766325,0.0,0.0,-2.4904611536414962,0.0,0.0,0.0,-3.228886635165646,0.0,0.0
25,0.0,0.0,0.0,0.0,0.0,0.0,0.0,0.0,0.0,0.0,0.0,0.0,0.0,0.0,0.0,0.0,0.0,0.0,-0.5360713653189687,-0.7086525832274411,0.0,-2.3531513489807834,0.0,0.0,-3.228886635165646,0.0,0.0,0.0
26,0.0,0.0,0.0,0.0,0.0,0.0,0.0,0.0,0.0,0.0,0.0,0.0,0.0,0.0,0.0,0.0,0.0,0.0,0.0,0.0,0.0,0.046783287422429556,0.011192330429533645,0.0,0.0,0.0,0.0,-0.785064525043026
27,0.0,0.0,0.0,0.0,0.0,0.0,0.0,0.0,0.0,0.0,0.0,0.0,0.0,0.0,0.0,0.0,0.0,0.0,0.0,0.0,0.0,-0.7022215826581052,-0.8594543847457571,0.0,0.0,0.0,-0.785064525043026,0.0
