,0,1,2,3,4,5,6,7,8,9,10,11,12,13,14,15,16
0,0.0,8.450582627037065,8.251873930540912,7.753608741440893,0.0,0.0,0.0,0.0,0.0,0.0,0.0,0.0,0.0,0.0,0.0,0.0,0.0
1,8.450582627037065,0.0,2.0642751606952103,-0.34692238704955414,5.485164456321821,0.0,0.0,0.0,0.0,0.0,0.0,0.0,0.0,0.0,0.0,0.0,0.0
2,8.251873930540912,2.0642751606952103,0.0,1.0386347281300314,5.282098675603362,0.0,0.0,0.0,0.0,0.0,0.0,0.0,0.0,0.0,0.0,0.0,0.0
3,7.753608741440893,-0.34692238704955414,1.0386347281300314,0.0,4.7888300934153865,-1.2068564541796127,-2.197217676287266,0.0,0.0,0.0,0.0,0.0,0.0,0.0,0.0,0.0,0.0
4,0.0,5.485164456321821,5.282098675603362,4.7888300934153865,0.0,4.411362906488218,4.23384909773863,0.0,0.0,0.0,0.0,0.0,0.0,0.0,0.0,0.0,0.0
5,0.0,0.0,0.0,-1.2068564541796127,4.411362906488218,0.0,-2.2237616050922164,0.3618724542112699,0.0,0.0,0.0,0.0,0.0,0.0,0.0,0.0,0.0
6,0.0,0.0,0.0,-2.197217676287266,4.23384909773863,-2.2237616050922164,0.0,-0.0401825254295976,-1.6969234760011953,-0.6653043495655652,0.0,0.0,0.0,0.0,0.0,0.0,0.0
7,0.0,0.0,0.0,0.0,0.0,0.3618724542112699,-0.0401825254295976,0.0,-0.06836561961236849,-0.15904822727231363,0.0,0.0,0.0,0.0,0.0,0.0,0.0
8,0.0,0.0,0.0,0.0,0.0,0.0,-1.6969234760011953,-0.06836561961236849,0.0,-2.029530014595513,-0.36909195364930786,0.0,0.0,0.0,0.0,0.0,0.0
9,0.0,0.0,0.0,0.0,0.0,0.0,-0.6653043495655652,-0.15904822727231363,-2.029530014595513,0.0,-0.32506661974591083,-0.8084249976504285,0.0,0.0,0.0,0.0,0.0
10,0.0,0.0,0.0,0.0,0.0,0.0,0.0,0.0,-0.36909195364930786,-0.32506661974591083,0.0,-0.520592280628972,-0.4505677433290601,0.0,0.0,0.0,0.0
11,0.0,0.0,0.0,0.0,0.0,0.0,0.0,0.0,0.0,-0.8084249976504285,-0.520592280628972,0.0,-1.810664678274676,-2.241372468775167,0.0,0.0,0.0
12,0.0,0.0,0.0,0.0,0.0,0.0,0.0,0.0,0.0,0.0,-0.4505677433290601,-1.810664678274676,0.0,-4.6202545560146175,0.0,0.0,0.0
13,0.0,0.0,0.0,0.0,0.0,0.0,0.0,0.0,0.0,0.0,0.0,-2.241372468775167,-4.6202545560146175,0.0,1.4999115533681282,-3.6420743519651886,-0.1450720852107594
14,0.0,0.0,0.0,0.0,0.0,0.0,0.0,0.0,0.0,0.0,0.0,0.0,0.0,1.4999115533681282,0.0,0.3957352472455723,0.7170761842446098
15,0.0,0.0,0.0,0.0,0.0,0.0,0.0,0.0,0.0,0.0,0.0,0.0,0.0,-3.6420743519651886,0.3957352472455723,0.0,-1.6663300627128008
16,0.0,0.0,0.0,0.0,0.0,0.0,0.0,0.0,0.0,0.0,0.0,0.0,0.0,-0.1450720852107594,0.7170761842446098,-1.6663300627128008,0.0
