,0,1,2,3,4,5,6,7,8,9,10,11,12,13,14,15,16,17,18
0,0.0,8.378405244776344,8.077557113762047,7.981477109306477,0.0,0.0,0.0,0.0,0.0,0.0,0.0,0.0,0.0,0.0,0.0,0.0,0.0,0.0,0.0
1,8.378405244776344,0.0,1.171024719209263,1.6947109194549763,1.206682363432012,0.0,0.0,0.0,0.0,0.0,0.0,0.0,0.0,0.0,0.0,0.0,0.0,0.0,0.0
2,8.077557113762047,1.171024719209263,0.0,0.8515569411289492,0.8130329019645481,0.0,0.0,0.0,0.0,0.0,0.0,0.0,0.0,0.0,0.0,0.0,0.0,0.0,0.0
3,7.981477109306477,1.6947109194549763,0.8515569411289492,0.0,-1.4520367745414609,0.0,0.0,0.0,0.0,0.0,0.0,0.0,0.0,0.0,0.0,0.0,0.0,0.0,0.0
4,0.0,1.206682363432012,0.8130329019645481,-1.4520367745414609,0.0,1.2423448892313087,0.0,0.0,0.0,0.0,0.0,0.0,0.0,0.0,0.0,0.0,0.0,0.0,0.0
5,0.0,0.0,0.0,0.0,1.2423448892313087,0.0,0.7546756126365448,-0.4107370000130791,-0.24395039630219134,0.0,0.0,0.0,0.0,0.0,0.0,0.0,0.0,0.0,0.0
6,0.0,0.0,0.0,0.0,0.0,0.7546756126365448,0.0,-0.7493637804395898,-1.5665302767923899,0.0,0.0,0.0,0.0,0.0,0.0,0.0,0.0,0.0,0.0
7,0.0,0.0,0.0,0.0,0.0,-0.4107370000130791,-0.7493637804395898,0.0,-3.259573631977067,-1.2638810091843171,0.0,0.0,0.0,0.0,0.0,0.0,0.0,0.0,0.0
8,0.0,0.0,0.0,0.0,0.0,-0.24395039630219134,-1.5665302767923899,-3.259573631977067,0.0,-2.0338233586876884,0.3216040247895005,0.277046358926717,0.0,0.0,0.0,0.0,0.0,0.0,0.0
9,0.0,0.0,0.0,0.0,0.0,0.0,0.0,-1.2638810091843171,-2.0338233586876884,0.0,-0.07574622855382507,0.1766365432762241,0.0,0.0,0.0,0.0,0.0,0.0,0.0
10,0.0,0.0,0.0,0.0,0.0,0.0,0.0,0.0,0.3216040247895005,-0.07574622855382507,0.0,-0.8128912425978859,0.0,0.0,0.0,0.0,0.0,0.0,0.0
11,0.0,0.0,0.0,0.0,0.0,0.0,0.0,0.0,0.277046358926717,0.1766365432762241,-0.8128912425978859,0.0,1.345880629778339,0.0,0.0,0.0,0.0,0.0,0.0
12,0.0,0.0,0.0,0.0,0.0,0.0,0.0,0.0,0.0,0.0,0.0,1.345880629778339,0.0,0.03417356627634107,-1.2179731799989932,0.0,0.0,0.0,0.0
13,0.0,0.0,0.0,0.0,0.0,0.0,0.0,0.0,0.0,0.0,0.0,0.0,0.03417356627634107,0.0,-0.9880584199969329,-0.9637486383187267,0.0,0.0,0.0
14,0.0,0.0,0.0,0.0,0.0,0.0,0.0,0.0,0.0,0.0,0.0,0.0,-1.2179731799989932,-0.9880584199969329,0.0,-1.596607468791543,0.6475168063793842,-1.726201684650565,0.0
15,0.0,0.0,0.0,0.0,0.0,0.0,0.0,0.0,0.0,0.0,0.0,0.0,0.0,-0.9637486383187267,-1.596607468791543,0.0,0.5198215518507064,-1.4191441002282628,-2.9610016181843526
16,0.0,0.0,0.0,0.0,0.0,0.0,0.0,0.0,0.0,0.0,0.0,0.0,0.0,0.0,0.6475168063793842,0.5198215518507064,0.0,-0.21994522197876956,-0.2594418737672751
17,0.0,0.0,0.0,0.0,0.0,0.0,0.0,0.0,0.0,0.0,0.0,0.0,0.0,0.0,-1.726201684650565,-1.4191441002282628,-0.21994522197876956,0.0,-2.3968485324679847
18,0.0,0.0,0.0,0.0,0.0,0.0,0.0,0.0,0.0,0.0,0.0,0.0,0.0,0.0,0.0,-2.9610016181843526,-0.2594418737672751,-2.3968485324679847,0.0
