,0,1,2,3,4,5,6,7,8,9,10,11,12,13,14,15,16,17
0,0.0,7.290945793587485,6.931995977208067,6.989751212336593,0.0,0.0,0.0,0.0,0.0,0.0,0.0,0.0,0.0,0.0,0.0,0.0,0.0,0.0
1,7.290945793587485,0.0,0.6327842218101024,0.1430714644842436,0.0,0.0,0.0,0.0,0.0,0.0,0.0,0.0,0.0,0.0,0.0,0.0,0.0,0.0
2,6.931995977208067,0.6327842218101024,0.0,0.9692967492277513,0.38140031536630775,0.0,0.0,0.0,0.0,0.0,0.0,0.0,0.0,0.0,0.0,0.0,0.0,0.0
3,6.989751212336593,0.1430714644842436,0.9692967492277513,0.0,1.1048136211985977,0.0,0.0,0.0,0.0,0.0,0.0,0.0,0.0,0.0,0.0,0.0,0.0,0.0
4,0.0,0.0,0.38140031536630775,1.1048136211985977,0.0,1.8611347071776918,1.6133697497863762,-0.25292004232471454,0.0,0.0,0.0,0.0,0.0,0.0,0.0,0.0,0.0,0.0
5,0.0,0.0,0.0,0.0,1.8611347071776918,0.0,0.0,0.423804390483451,-2.0893617164259157,0.0,0.0,1.74172459780067,-0.7175476374991973,0.0,0.0,0.0,0.0,0.0
6,0.0,0.0,0.0,0.0,1.6133697497863762,0.0,0.0,0.4415127298027364,0.72700471422138,1.622987522166131,0.36926274058593656,0.0,0.0,0.0,0.0,0.0,0.0,0.0
7,0.0,0.0,0.0,0.0,-0.25292004232471454,0.423804390483451,0.4415127298027364,0.0,-0.7728825631269638,0.0,-1.8902563089667346,0.0,-3.2698257947666183,0.0,0.0,0.0,0.0,0.0
8,0.0,0.0,0.0,0.0,0.0,-2.0893617164259157,0.72700471422138,-0.7728825631269638,0.0,1.1328672120058507,-1.9722766762329467,0.0,-1.924175758053696,0.0,1.7834094939707075,0.0,0.0,0.0
9,0.0,0.0,0.0,0.0,0.0,0.0,1.622987522166131,0.0,1.1328672120058507,0.0,0.6811118113174522,0.0,0.0,0.0,0.0,0.0,0.0,0.0
10,0.0,0.0,0.0,0.0,0.0,0.0,0.36926274058593656,-1.8902563089667346,-1.9722766762329467,0.6811118113174522,0.0,0.0,-3.0101418328830847,0.0,1.6543346832654382,0.0,0.0,0.0
11,0.0,0.0,0.0,0.0,0.0,1.74172459780067,0.0,0.0,0.0,0.0,0.0,0.0,0.6114609797156448,0.18756017237526354,0.0,0.0,0.0,0.0
12,0.0,0.0,0.0,0.0,0.0,-0.7175476374991973,0.0,-3.2698257947666183,-1.924175758053696,0.0,-3.0101418328830847,0.6114609797156448,0.0,-4.214447026880279,1.2819034426711318,-2.2201912491836486,0.0,0.0
13,0.0,0.0,0.0,0.0,0.0,0.0,0.0,0.0,0.0,0.0,0.0,0.18756017237526354,-4.214447026880279,0.0,0.9056837982947199,-2.4331509864106846,-0.08209297908650844,0.3243081238099246
14,0.0,0.0,0.0,0.0,0.0,0.0,0.0,0.0,1.7834094939707075,0.0,1.6543346832654382,0.0,1.2819034426711318,0.9056837982947199,0.0,0.0,-1.2816392238983572,0.0
15,0.0,0.0,0.0,0.0,0.0,0.0,0.0,0.0,0.0,0.0,0.0,0.0,-2.2201912491836486,-2.4331509864106846,0.0,0.0,-0.22510690115905096,0.13727274901119083
16,0.0,0.0,0.0,0.0,0.0,0.0,0.0,0.0,0.0,0.0,0.0,0.0,0.0,-0.08209297908650844,-1.2816392238983572,-0.22510690115905096,0.0,-1.699366437883431
17,0.0,0.0,0.0,0.0,0.0,0.0,0.0,0.0,0.0,0.0,0.0,0.0,0.0,0.3243081238099246,0.0,0.13727274901119083,-1.699366437883431,0.0
