,0,1,2,3,4,5,6,7,8,9,10,11,12,13,14,15,16,17,18,19
0,0.0,8.274006079114516,7.933769940143623,7.648700183903689,0.0,0.0,0.0,0.0,0.0,0.0,0.0,0.0,0.0,0.0,0.0,0.0,0.0,0.0,0.0,0.0
1,8.274006079114516,0.0,1.1397164058477955,2.130585329148551,2.010188989004627,0.0,0.0,0.0,0.0,0.0,0.0,0.0,0.0,0.0,0.0,0.0,0.0,0.0,0.0,0.0
2,7.933769940143623,1.1397164058477955,0.0,1.599884448854324,1.0041571190429837,0.0,0.0,0.0,0.0,0.0,0.0,0.0,0.0,0.0,0.0,0.0,0.0,0.0,0.0,0.0
3,7.648700183903689,2.130585329148551,1.599884448854324,0.0,0.46041238436174603,0.0,0.0,0.0,0.0,0.0,0.0,0.0,0.0,0.0,0.0,0.0,0.0,0.0,0.0,0.0
4,0.0,2.010188989004627,1.0041571190429837,0.46041238436174603,0.0,0.0,0.0,0.0,0.0,0.0,0.0,0.0,0.0,0.0,0.0,0.0,0.0,0.0,0.0,0.0
5,0.0,0.0,0.0,0.0,0.0,0.0,2.0185206259700377,-0.18136039529082235,0.0,0.3800575372213843,0.0,0.0,0.0,0.0,0.0,0.0,0.0,0.0,0.0,0.0
6,0.0,0.0,0.0,0.0,0.0,2.0185206259700377,0.0,2.024018675708546,0.0,1.836304728360787,0.0,0.0,0.0,0.0,0.0,0.0,0.0,0.0,0.0,0.0
7,0.0,0.0,0.0,0.0,0.0,-0.18136039529082235,2.024018675708546,0.0,1.278293097463162,-1.773277240952229,-5.549421769670793,0.0,0.0,0.0,0.0,0.0,0.0,0.0,0.0,0.0
8,0.0,0.0,0.0,0.0,0.0,0.0,0.0,1.278293097463162,0.0,1.3123230883419936,0.5238800175466101,0.0,0.0,0.0,0.0,0.0,0.0,0.0,0.0,0.0
9,0.0,0.0,0.0,0.0,0.0,0.3800575372213843,1.836304728360787,-1.773277240952229,1.3123230883419936,0.0,-2.9220084525820287,0.08564220557331473,0.0,0.0,0.0,0.0,0.0,0.0,0.0,0.0
10,0.0,0.0,0.0,0.0,0.0,0.0,0.0,-5.549421769670793,0.5238800175466101,-2.9220084525820287,0.0,-0.3515992048224806,0.0,-4.480514184841754,-2.4425717169894607,0.0,0.0,0.0,0.0,0.0
11,0.0,0.0,0.0,0.0,0.0,0.0,0.0,0.0,0.0,0.08564220557331473,-0.3515992048224806,0.0,-1.4091624877310394,-0.6438563987290591,-0.21706817604010858,0.0,0.0,0.0,0.0,0.0
12,0.0,0.0,0.0,0.0,0.0,0.0,0.0,0.0,0.0,0.0,0.0,-1.4091624877310394,0.0,-1.8276365893175197,-0.9688195485469511,-1.9910802111751094,0.0,0.0,0.0,0.0
13,0.0,0.0,0.0,0.0,0.0,0.0,0.0,0.0,0.0,0.0,-4.480514184841754,-0.6438563987290591,-1.8276365893175197,0.0,-2.4831045198302344,-1.914941682162956,0.0,0.0,0.0,0.0
14,0.0,0.0,0.0,0.0,0.0,0.0,0.0,0.0,0.0,0.0,-2.4425717169894607,-0.21706817604010858,-0.9688195485469511,-2.4831045198302344,0.0,-1.1533056156781487,0.0,0.0,0.0,0.0
15,0.0,0.0,0.0,0.0,0.0,0.0,0.0,0.0,0.0,0.0,0.0,0.0,-1.9910802111751094,-1.914941682162956,-1.1533056156781487,0.0,0.0,0.0,0.0,0.0
16,0.0,0.0,0.0,0.0,0.0,0.0,0.0,0.0,0.0,0.0,0.0,0.0,0.0,0.0,0.0,0.0,0.0,-0.48635881687282023,-2.7986985904689554,-2.5181240361289428
17,0.0,0.0,0.0,0.0,0.0,0.0,0.0,0.0,0.0,0.0,0.0,0.0,0.0,0.0,0.0,0.0,-0.48635881687282023,0.0,-1.1060630544300398,-1.4631993669980163
18,0.0,0.0,0.0,0.0,0.0,0.0,0.0,0.0,0.0,0.0,0.0,0.0,0.0,0.0,0.0,0.0,-2.7986985904689554,-1.1060630544300398,0.0,-2.4422695625809085
19,0.0,0.0,0.0,0.0,0.0,0.0,0.0,0.0,0.0,0.0,0.0,0.0,0.0,0.0,0.0,0.0,-2.5181240361289428,-1.4631993669980163,-2.4422695625809085,0.0
