,0,1,2,3,4,5,6,7,8,9,10,11,12,13,14,15,16,17
0,0.0,7.452238120013031,7.315937918970955,7.100560668284241,0.0,0.0,0.0,0.0,0.0,0.0,0.0,0.0,0.0,0.0,0.0,0.0,0.0,0.0
1,7.452238120013031,0.0,-0.9938871195749617,1.4648695231983824,-0.6928869684390491,0.0,0.0,0.0,0.0,0.0,0.0,0.0,0.0,0.0,0.0,0.0,0.0,0.0
2,7.315937918970955,-0.9938871195749617,0.0,1.382009944925666,-1.119574944776951,0.0,0.0,0.0,0.0,0.0,0.0,0.0,0.0,0.0,0.0,0.0,0.0,0.0
3,7.100560668284241,1.4648695231983824,1.382009944925666,0.0,1.0050895410974374,1.129128275267702,0.0,0.0,0.0,0.0,0.0,0.0,0.0,0.0,0.0,0.0,0.0,0.0
4,0.0,-0.6928869684390491,-1.119574944776951,1.0050895410974374,0.0,-0.28871380313085476,-2.5992485112635526,-2.810910134886706,0.0,0.0,0.0,0.0,0.0,0.0,0.0,0.0,0.0,0.0
5,0.0,0.0,0.0,1.129128275267702,-0.28871380313085476,0.0,-0.6886449947040725,-0.6146745697124861,0.0,0.0,0.0,0.0,0.0,0.0,0.0,0.0,0.0,0.0
6,0.0,0.0,0.0,0.0,-2.5992485112635526,-0.6886449947040725,0.0,-4.408070541311106,-4.157935125075958,1.7070152576516806,0.0,0.0,0.0,0.0,0.0,0.0,0.0,0.0
7,0.0,0.0,0.0,0.0,-2.810910134886706,-0.6146745697124861,-4.408070541311106,0.0,-3.624401120688516,1.5748107398517606,0.0,0.0,0.0,0.0,0.0,0.0,0.0,0.0
8,0.0,0.0,0.0,0.0,0.0,0.0,-4.157935125075958,-3.624401120688516,0.0,1.3056850446311141,0.0,0.0,0.0,0.0,0.0,0.0,0.0,0.0
9,0.0,0.0,0.0,0.0,0.0,0.0,1.7070152576516806,1.5748107398517606,1.3056850446311141,0.0,0.0,0.0,0.0,0.0,0.0,0.0,0.0,0.0
10,0.0,0.0,0.0,0.0,0.0,0.0,0.0,0.0,0.0,0.0,0.0,0.0,0.0,0.2979736081080488,0.0,0.9437191211156692,1.4774513731591155,0.0
11,0.0,0.0,0.0,0.0,0.0,0.0,0.0,0.0,0.0,0.0,0.0,0.0,-3.5248468233253365,0.0,0.04892203856278488,0.0,-0.1457601086405004,0.0
12,0.0,0.0,0.0,0.0,0.0,0.0,0.0,0.0,0.0,0.0,0.0,-3.5248468233253365,0.0,0.0,-0.3343594845739817,0.0,-0.2409195004623114,0.0
13,0.0,0.0,0.0,0.0,0.0,0.0,0.0,0.0,0.0,0.0,0.2979736081080488,0.0,0.0,0.0,0.0,-1.408739645239507,0.11251986860062649,-0.45719842219437634
14,0.0,0.0,0.0,0.0,0.0,0.0,0.0,0.0,0.0,0.0,0.0,0.04892203856278488,-0.3343594845739817,0.0,0.0,0.0,-0.13383094522473146,0.0
15,0.0,0.0,0.0,0.0,0.0,0.0,0.0,0.0,0.0,0.0,0.9437191211156692,0.0,0.0,-1.408739645239507,0.0,0.0,-0.23097752230297744,-2.0634325946081895
16,0.0,0.0,0.0,0.0,0.0,0.0,0.0,0.0,0.0,0.0,1.4774513731591155,-0.1457601086405004,-0.2409195004623114,0.11251986860062649,-0.13383094522473146,-0.23097752230297744,0.0,-0.42177823738517284
17,0.0,0.0,0.0,0.0,0.0,0.0,0.0,0.0,0.0,0.0,0.0,0.0,0.0,-0.45719842219437634,0.0,-2.0634325946081895,-0.42177823738517284,0.0
