,0,1,2,3,4,5,6,7,8,9,10,11,12,13,14,15,16,17,18
0,0.0,7.775996419023008,7.753711259777119,7.901189831000197,0.0,0.0,0.0,0.0,0.0,0.0,0.0,0.0,0.0,0.0,0.0,0.0,0.0,0.0,0.0
1,7.775996419023008,0.0,0.8539939496206247,2.394711140700994,2.3896092978653223,0.0,0.0,0.0,0.0,0.0,0.0,0.0,0.0,0.0,0.0,0.0,0.0,0.0,0.0
2,7.753711259777119,0.8539939496206247,0.0,1.1249190165348921,1.3005301501482098,0.0,0.0,0.0,0.0,0.0,0.0,0.0,0.0,0.0,0.0,0.0,0.0,0.0,0.0
3,7.901189831000197,2.394711140700994,1.1249190165348921,0.0,-0.2658919895872008,2.550332801519771,0.0,0.0,0.0,0.0,0.0,0.0,0.0,0.0,0.0,0.0,0.0,0.0,0.0
4,0.0,2.3896092978653223,1.3005301501482098,-0.2658919895872008,0.0,2.4776464535244425,0.330213451040371,0.0,0.0,0.0,0.0,0.0,0.0,0.0,0.0,0.0,0.0,0.0,0.0
5,0.0,0.0,0.0,2.550332801519771,2.4776464535244425,0.0,1.5977076699710056,0.0,0.0,0.0,0.0,0.0,0.0,0.0,0.0,0.0,0.0,0.0,0.0
6,0.0,0.0,0.0,0.0,0.330213451040371,1.5977076699710056,0.0,-1.6388584964377588,0.0,0.0,0.0,0.0,0.0,0.0,0.0,0.0,0.0,0.0,0.0
7,0.0,0.0,0.0,0.0,0.0,0.0,-1.6388584964377588,0.0,-1.9873303199943835,-2.981058980751526,-2.156483902010572,0.0,0.0,0.0,0.0,0.0,0.0,0.0,0.0
8,0.0,0.0,0.0,0.0,0.0,0.0,0.0,-1.9873303199943835,0.0,-2.1470322906702433,-6.103123639192647,0.0,0.0,0.0,0.0,0.0,0.0,0.0,0.0
9,0.0,0.0,0.0,0.0,0.0,0.0,0.0,-2.981058980751526,-2.1470322906702433,0.0,-2.294338704775474,-0.9978997911577092,-0.00015483296630417381,1.1509575600446382,0.0,0.0,0.0,0.0,0.0
10,0.0,0.0,0.0,0.0,0.0,0.0,0.0,-2.156483902010572,-6.103123639192647,-2.294338704775474,0.0,-2.2662959573280546,-0.29082361653474587,1.11516173597177,0.0,0.0,0.0,0.0,0.0
11,0.0,0.0,0.0,0.0,0.0,0.0,0.0,0.0,0.0,-0.9978997911577092,-2.2662959573280546,0.0,0.0,1.1666744696405298,0.0,0.0,0.0,0.0,0.0
12,0.0,0.0,0.0,0.0,0.0,0.0,0.0,0.0,0.0,-0.00015483296630417381,-0.29082361653474587,0.0,0.0,1.8257837040199782,0.0,0.0,0.0,0.0,0.0
13,0.0,0.0,0.0,0.0,0.0,0.0,0.0,0.0,0.0,1.1509575600446382,1.11516173597177,1.1666744696405298,1.8257837040199782,0.0,0.0,0.9402696740628945,0.0,0.0,0.0
14,0.0,0.0,0.0,0.0,0.0,0.0,0.0,0.0,0.0,0.0,0.0,0.0,0.0,0.0,0.0,-0.21860222894978926,0.25446984974731995,-1.1195755857114935,0.0
15,0.0,0.0,0.0,0.0,0.0,0.0,0.0,0.0,0.0,0.0,0.0,0.0,0.0,0.9402696740628945,-0.21860222894978926,0.0,-1.7247492346978268,-4.142747779345569,-1.489132673041178
16,0.0,0.0,0.0,0.0,0.0,0.0,0.0,0.0,0.0,0.0,0.0,0.0,0.0,0.0,0.25446984974731995,-1.7247492346978268,0.0,-2.2429218637809436,-1.9471524920972247
17,0.0,0.0,0.0,0.0,0.0,0.0,0.0,0.0,0.0,0.0,0.0,0.0,0.0,0.0,-1.1195755857114935,-4.142747779345569,-2.2429218637809436,0.0,-1.895343581419107
18,0.0,0.0,0.0,0.0,0.0,0.0,0.0,0.0,0.0,0.0,0.0,0.0,0.0,0.0,0.0,-1.489132673041178,-1.9471524920972247,-1.895343581419107,0.0
