,0,1,2,3,4,5,6,7,8,9,10,11,12,13,14,15,16,17,18,19
0,0.0,7.384634092659421,6.651907683711096,6.247975900803444,0.0,0.0,0.0,0.0,0.0,0.0,0.0,0.0,0.0,0.0,0.0,0.0,0.0,0.0,0.0,0.0
1,7.384634092659421,0.0,0.005585076662272681,-1.6357069735158951,0.2844025313897711,0.0,0.0,0.0,0.0,0.0,0.0,0.0,0.0,0.0,0.0,0.0,0.0,0.0,0.0,0.0
2,6.651907683711096,0.005585076662272681,0.0,-1.627769852948817,0.11438573920835597,-3.0079952855055305,0.0,0.0,0.0,0.0,0.0,0.0,0.0,0.0,0.0,0.0,0.0,0.0,0.0,0.0
3,6.247975900803444,-1.6357069735158951,-1.627769852948817,0.0,-0.7222501827572235,-2.2007697297894655,0.0,0.0,0.0,0.0,0.0,0.0,0.0,0.0,0.0,0.0,0.0,0.0,0.0,0.0
4,0.0,0.2844025313897711,0.11438573920835597,-0.7222501827572235,0.0,-0.4687210282612703,-1.9404279743548654,0.0,0.0,0.0,0.0,0.0,0.0,0.0,0.0,0.0,0.0,0.0,0.0,0.0
5,0.0,0.0,-3.0079952855055305,-2.2007697297894655,-0.4687210282612703,0.0,-1.2471937583052226,-2.272275861110139,-0.9889185210758288,0.0,0.0,0.0,0.0,0.0,0.0,0.0,0.0,0.0,0.0,0.0
6,0.0,0.0,0.0,0.0,-1.9404279743548654,-1.2471937583052226,0.0,-1.8975418237324653,-2.4123179650990547,0.0,0.0,0.0,0.0,0.0,0.0,0.0,0.0,0.0,0.0,0.0
7,0.0,0.0,0.0,0.0,0.0,-2.272275861110139,-1.8975418237324653,0.0,-1.612935491961523,-1.4864647265750988,-1.1210423935426863,0.0,0.0,0.0,0.0,0.0,0.0,0.0,0.0,0.0
8,0.0,0.0,0.0,0.0,0.0,-0.9889185210758288,-2.4123179650990547,-1.612935491961523,0.0,-0.8964220919713711,-0.5211732041683441,0.0,0.0,0.0,0.0,0.0,0.0,0.0,0.0,0.0
9,0.0,0.0,0.0,0.0,0.0,0.0,0.0,-1.4864647265750988,-0.8964220919713711,0.0,-2.253204633951006,-3.2220536627532614,0.0,0.0,0.0,0.0,0.0,0.0,0.0,0.0
10,0.0,0.0,0.0,0.0,0.0,0.0,0.0,-1.1210423935426863,-0.5211732041683441,-2.253204633951006,0.0,-2.620223675050259,-1.4230036016209122,0.0,0.0,0.0,0.0,0.0,0.0,0.0
11,0.0,0.0,0.0,0.0,0.0,0.0,0.0,0.0,0.0,-3.2220536627532614,-2.620223675050259,0.0,-2.6514784317275195,0.0,0.0,0.0,0.0,0.0,0.0,0.0
12,0.0,0.0,0.0,0.0,0.0,0.0,0.0,0.0,0.0,0.0,-1.4230036016209122,-2.6514784317275195,0.0,-2.350144928788505,0.0,0.0,0.0,0.0,0.0,0.0
13,0.0,0.0,0.0,0.0,0.0,0.0,0.0,0.0,0.0,0.0,0.0,0.0,-2.350144928788505,0.0,-2.936857889811184,-2.244594785113532,-0.5940596266091519,0.0,0.0,0.0
14,0.0,0.0,0.0,0.0,0.0,0.0,0.0,0.0,0.0,0.0,0.0,0.0,0.0,-2.936857889811184,0.0,-2.342617768920554,-0.5239412463528496,0.0,0.0,0.0
15,0.0,0.0,0.0,0.0,0.0,0.0,0.0,0.0,0.0,0.0,0.0,0.0,0.0,-2.244594785113532,-2.342617768920554,0.0,-0.46555560658523965,0.0,0.0,0.0
16,0.0,0.0,0.0,0.0,0.0,0.0,0.0,0.0,0.0,0.0,0.0,0.0,0.0,-0.5940596266091519,-0.5239412463528496,-0.46555560658523965,0.0,0.8072292303769112,-0.7816110869691568,-3.7479343026354557
17,0.0,0.0,0.0,0.0,0.0,0.0,0.0,0.0,0.0,0.0,0.0,0.0,0.0,0.0,0.0,0.0,0.8072292303769112,0.0,-0.7170483132234582,-0.37521816352203796
18,0.0,0.0,0.0,0.0,0.0,0.0,0.0,0.0,0.0,0.0,0.0,0.0,0.0,0.0,0.0,0.0,-0.7816110869691568,-0.7170483132234582,0.0,-2.1757732412943778
19,0.0,0.0,0.0,0.0,0.0,0.0,0.0,0.0,0.0,0.0,0.0,0.0,0.0,0.0,0.0,0.0,-3.7479343026354557,-0.37521816352203796,-2.1757732412943778,0.0
