,0,1,2,3,4,5,6,7,8,9,10,11,12,13,14,15,16,17,18,19,20,21,22,23,24
0,0.0,7.305561489654107,7.141174847055507,6.976762658264045,0.0,0.0,0.0,0.0,0.0,0.0,0.0,0.0,0.0,0.0,0.0,0.0,0.0,0.0,0.0,0.0,0.0,0.0,0.0,0.0,0.0
1,7.305561489654107,0.0,1.3578460490356719,-1.8802423632628322,0.7692278206480093,0.0,0.0,0.0,0.0,0.0,0.0,0.0,0.0,0.0,0.0,0.0,0.0,0.0,0.0,0.0,0.0,0.0,0.0,0.0,0.0
2,7.141174847055507,1.3578460490356719,0.0,1.0759326971899026,0.41489594474230046,0.0,0.0,0.0,0.0,0.0,0.0,0.0,0.0,0.0,0.0,0.0,0.0,0.0,0.0,0.0,0.0,0.0,0.0,0.0,0.0
3,6.976762658264045,-1.8802423632628322,1.0759326971899026,0.0,0.2225485139446905,-0.05323381718633844,0.0,0.0,0.0,0.0,0.0,0.0,0.0,0.0,0.0,0.0,0.0,0.0,0.0,0.0,0.0,0.0,0.0,0.0,0.0
4,0.0,0.7692278206480093,0.41489594474230046,0.2225485139446905,0.0,0.334186629641204,0.0,0.0,0.0,0.0,0.0,0.0,0.0,0.0,0.0,0.0,0.0,0.0,0.0,0.0,0.0,0.0,0.0,0.0,0.0
5,0.0,0.0,0.0,-0.05323381718633844,0.334186629641204,0.0,-1.4802924122981886,0.0,0.0,0.0,0.0,0.0,0.0,0.0,0.0,0.0,0.0,0.0,0.0,0.0,0.0,0.0,0.0,0.0,0.0
6,0.0,0.0,0.0,0.0,0.0,-1.4802924122981886,0.0,-2.617977714637099,-1.6653325756241313,-0.050894429070529136,0.0,0.0,0.0,0.0,0.0,0.0,0.0,0.0,0.0,0.0,0.0,0.0,0.0,0.0,0.0
7,0.0,0.0,0.0,0.0,0.0,0.0,-2.617977714637099,0.0,-2.6604535867611236,-0.2477173901231723,-2.598756342574258,0.0,0.0,0.0,0.0,0.0,0.0,0.0,0.0,0.0,0.0,0.0,0.0,0.0,0.0
8,0.0,0.0,0.0,0.0,0.0,0.0,-1.6653325756241313,-2.6604535867611236,0.0,0.13290276298410392,-1.6470287762814277,0.0,0.0,0.0,0.0,0.0,0.0,0.0,0.0,0.0,0.0,0.0,0.0,0.0,0.0
9,0.0,0.0,0.0,0.0,0.0,0.0,-0.050894429070529136,-0.2477173901231723,0.13290276298410392,0.0,-0.7921412811987457,-1.2112567063751498,0.0,0.0,0.0,0.0,0.0,0.0,0.0,0.0,0.0,0.0,0.0,0.0,0.0
10,0.0,0.0,0.0,0.0,0.0,0.0,0.0,-2.598756342574258,-1.6470287762814277,-0.7921412811987457,0.0,0.029577667698476365,-2.1412913568523524,-2.504850721785845,0.0,0.0,0.0,0.0,0.0,0.0,0.0,0.0,0.0,0.0,0.0
11,0.0,0.0,0.0,0.0,0.0,0.0,0.0,0.0,0.0,-1.2112567063751498,0.029577667698476365,0.0,0.17784221450397278,0.0,0.0,4.053461672294864,0.0,0.0,0.0,0.0,0.0,0.0,0.0,0.0,0.0
12,0.0,0.0,0.0,0.0,0.0,0.0,0.0,0.0,0.0,0.0,-2.1412913568523524,0.17784221450397278,0.0,-1.7970533133482804,0.0,0.0,0.0,0.0,0.0,0.0,0.0,0.0,0.0,0.0,0.0
13,0.0,0.0,0.0,0.0,0.0,0.0,0.0,0.0,0.0,0.0,-2.504850721785845,0.0,-1.7970533133482804,0.0,-1.5817266252249638,3.836930351660687,0.0,0.0,0.0,0.0,0.0,0.0,0.0,0.0,0.0
14,0.0,0.0,0.0,0.0,0.0,0.0,0.0,0.0,0.0,0.0,0.0,0.0,0.0,-1.5817266252249638,0.0,0.0,-2.1203946731064516,-1.7007263635958922,-0.37284358105032767,0.0,0.0,0.0,0.0,0.0,0.0
15,0.0,0.0,0.0,0.0,0.0,0.0,0.0,0.0,0.0,0.0,0.0,4.053461672294864,0.0,3.836930351660687,0.0,0.0,0.0,0.0,0.0,0.0,0.48643011813060216,0.0,0.0,0.0,0.0
16,0.0,0.0,0.0,0.0,0.0,0.0,0.0,0.0,0.0,0.0,0.0,0.0,0.0,0.0,-2.1203946731064516,0.0,0.0,-1.2389733161867542,-0.32190263687151827,1.956194223148372,2.6407247581412876,0.0,0.0,0.0,0.0
17,0.0,0.0,0.0,0.0,0.0,0.0,0.0,0.0,0.0,0.0,0.0,0.0,0.0,0.0,-1.7007263635958922,0.0,-1.2389733161867542,0.0,-0.7331267971101544,2.1965672665959706,0.0,0.0,0.0,0.0,0.0
18,0.0,0.0,0.0,0.0,0.0,0.0,0.0,0.0,0.0,0.0,0.0,0.0,0.0,0.0,-0.37284358105032767,0.0,-0.32190263687151827,-0.7331267971101544,0.0,0.0,0.0,0.0,0.0,0.0,0.0
19,0.0,0.0,0.0,0.0,0.0,0.0,0.0,0.0,0.0,0.0,0.0,0.0,0.0,0.0,0.0,0.0,1.956194223148372,2.1965672665959706,0.0,0.0,0.4474656630701377,1.0607967231221853,0.0,0.0,0.0
20,0.0,0.0,0.0,0.0,0.0,0.0,0.0,0.0,0.0,0.0,0.0,0.0,0.0,0.0,0.0,0.48643011813060216,2.6407247581412876,0.0,0.0,0.4474656630701377,0.0,1.0621298263531171,0.0,0.0,0.0
21,0.0,0.0,0.0,0.0,0.0,0.0,0.0,0.0,0.0,0.0,0.0,0.0,0.0,0.0,0.0,0.0,0.0,0.0,0.0,1.0607967231221853,1.0621298263531171,0.0,1.1234122920749992,1.1605960352190627,0.7588611675797904
22,0.0,0.0,0.0,0.0,0.0,0.0,0.0,0.0,0.0,0.0,0.0,0.0,0.0,0.0,0.0,0.0,0.0,0.0,0.0,0.0,0.0,1.1234122920749992,0.0,-3.8520034956002904,0.9030335740326854
23,0.0,0.0,0.0,0.0,0.0,0.0,0.0,0.0,0.0,0.0,0.0,0.0,0.0,0.0,0.0,0.0,0.0,0.0,0.0,0.0,0.0,1.1605960352190627,-3.8520034956002904,0.0,0.8893652178040224
24,0.0,0.0,0.0,0.0,0.0,0.0,0.0,0.0,0.0,0.0,0.0,0.0,0.0,0.0,0.0,0.0,0.0,0.0,0.0,0.0,0.0,0.7588611675797904,0.9030335740326854,0.8893652178040224,0.0
