,0,1,2,3,4,5,6,7,8,9,10,11,12,13,14,15,16,17,18,19,20,21
0,0.0,8.10040546418322,7.762592724859381,7.512671102619091,0.0,0.0,0.0,0.0,0.0,0.0,0.0,0.0,0.0,0.0,0.0,0.0,0.0,0.0,0.0,0.0,0.0,0.0
1,8.10040546418322,0.0,0.813822012556593,0.7563436868222652,2.143588377283626,0.0,0.0,0.0,0.0,0.0,0.0,0.0,0.0,0.0,0.0,0.0,0.0,0.0,0.0,0.0,0.0,0.0
2,7.762592724859381,0.813822012556593,0.0,-0.32497212330230735,1.4877552821383948,0.0,0.0,0.0,0.0,0.0,0.0,0.0,0.0,0.0,0.0,0.0,0.0,0.0,0.0,0.0,0.0,0.0
3,7.512671102619091,0.7563436868222652,-0.32497212330230735,0.0,1.192275506411595,-1.4296863887582965,0.0,0.0,0.0,0.0,0.0,0.0,0.0,0.0,0.0,0.0,0.0,0.0,0.0,0.0,0.0,0.0
4,0.0,2.143588377283626,1.4877552821383948,1.192275506411595,0.0,0.6385023393799778,0.6660706691415532,0.6403965367153162,0.0,0.0,0.0,0.0,0.0,0.0,0.0,0.0,0.0,0.0,0.0,0.0,0.0,0.0
5,0.0,0.0,0.0,-1.4296863887582965,0.6385023393799778,0.0,-2.0293736255481942,-1.9239891547489583,0.0,0.0,0.0,0.0,0.0,0.0,0.0,0.0,0.0,0.0,0.0,0.0,0.0,0.0
6,0.0,0.0,0.0,0.0,0.6660706691415532,-2.0293736255481942,0.0,-3.0219168846488142,-1.5525456160917293,0.9088162515234565,0.0,0.0,0.0,0.0,0.0,0.0,0.0,0.0,0.0,0.0,0.0,0.0
7,0.0,0.0,0.0,0.0,0.6403965367153162,-1.9239891547489583,-3.0219168846488142,0.0,-1.4591427353768163,0.7565882375840035,0.0,0.0,0.0,0.0,0.0,0.0,0.0,0.0,0.0,0.0,0.0,0.0
8,0.0,0.0,0.0,0.0,0.0,0.0,-1.5525456160917293,-1.4591427353768163,0.0,1.050313096985274,0.0,0.0,0.0,0.0,0.0,0.0,0.0,0.0,0.0,0.0,0.0,0.0
9,0.0,0.0,0.0,0.0,0.0,0.0,0.9088162515234565,0.7565882375840035,1.050313096985274,0.0,0.0,0.0,0.0,0.0,0.0,0.0,0.0,0.0,0.0,0.0,0.0,0.0
10,0.0,0.0,0.0,0.0,0.0,0.0,0.0,0.0,0.0,0.0,0.0,-2.326259209984005,-3.3582356231444903,-0.6422719373633184,0.0,0.0,0.0,0.0,0.0,0.0,0.0,0.0
11,0.0,0.0,0.0,0.0,0.0,0.0,0.0,0.0,0.0,0.0,-2.326259209984005,0.0,-4.792576026397687,-1.1427813064834487,0.0,0.0,0.0,0.0,0.0,0.0,0.0,0.0
12,0.0,0.0,0.0,0.0,0.0,0.0,0.0,0.0,0.0,0.0,-3.3582356231444903,-4.792576026397687,0.0,-1.5584081235550946,-2.623327470197358,-5.209641844371087,0.0,0.0,0.0,0.0,0.0,0.0
13,0.0,0.0,0.0,0.0,0.0,0.0,0.0,0.0,0.0,0.0,-0.6422719373633184,-1.1427813064834487,-1.5584081235550946,0.0,-1.1049803756477028,-2.093158360082394,0.0,0.0,0.0,0.0,0.0,0.0
14,0.0,0.0,0.0,0.0,0.0,0.0,0.0,0.0,0.0,0.0,0.0,0.0,-2.623327470197358,-1.1049803756477028,0.0,-2.758720927589989,0.0,0.0,0.0,0.0,0.0,0.0
15,0.0,0.0,0.0,0.0,0.0,0.0,0.0,0.0,0.0,0.0,0.0,0.0,-5.209641844371087,-2.093158360082394,-2.758720927589989,0.0,0.0,0.0,0.0,0.0,0.0,0.0
16,0.0,0.0,0.0,0.0,0.0,0.0,0.0,0.0,0.0,0.0,0.0,0.0,0.0,0.0,0.0,0.0,0.0,-3.6621207485983107,-0.4121124797116024,-2.4742719645397706,0.0,0.0
17,0.0,0.0,0.0,0.0,0.0,0.0,0.0,0.0,0.0,0.0,0.0,0.0,0.0,0.0,0.0,0.0,-3.6621207485983107,0.0,-0.47445208961967467,0.0,-3.2384022737578473,0.0
18,0.0,0.0,0.0,0.0,0.0,0.0,0.0,0.0,0.0,0.0,0.0,0.0,0.0,0.0,0.0,0.0,-0.4121124797116024,-0.47445208961967467,0.0,-1.6389540028652914,-0.8829058665809633,-2.4516816905091696
19,0.0,0.0,0.0,0.0,0.0,0.0,0.0,0.0,0.0,0.0,0.0,0.0,0.0,0.0,0.0,0.0,-2.4742719645397706,0.0,-1.6389540028652914,0.0,-2.9906947013556433,-3.923881447177355
20,0.0,0.0,0.0,0.0,0.0,0.0,0.0,0.0,0.0,0.0,0.0,0.0,0.0,0.0,0.0,0.0,0.0,-3.2384022737578473,-0.8829058665809633,-2.9906947013556433,0.0,-2.455682924724736
21,0.0,0.0,0.0,0.0,0.0,0.0,0.0,0.0,0.0,0.0,0.0,0.0,0.0,0.0,0.0,0.0,0.0,0.0,-2.4516816905091696,-3.923881447177355,-2.455682924724736,0.0
