,0,1,2,3,4,5,6,7,8,9,10,11,12,13,14,15,16,17
0,0.0,8.02275335856136,8.033319512950802,7.586018251333679,0.0,0.0,0.0,0.0,0.0,0.0,0.0,0.0,0.0,0.0,0.0,0.0,0.0,0.0
1,8.02275335856136,0.0,0.5531011380855247,1.015967729583019,-0.5597553169441659,0.0,0.0,0.0,0.0,0.0,0.0,0.0,0.0,0.0,0.0,0.0,0.0,0.0
2,8.033319512950802,0.5531011380855247,0.0,-0.6969781733236962,0.1614539702395679,0.0,0.0,0.0,0.0,0.0,0.0,0.0,0.0,0.0,0.0,0.0,0.0,0.0
3,7.586018251333679,1.015967729583019,-0.6969781733236962,0.0,0.6510741241659561,-1.0042951288569946,-1.7019036544782349,0.0,0.0,0.0,0.0,0.0,0.0,0.0,0.0,0.0,0.0,0.0
4,0.0,-0.5597553169441659,0.1614539702395679,0.6510741241659561,0.0,1.04841445646336,-0.31419295967036504,0.0,0.0,0.0,0.0,0.0,0.0,0.0,0.0,0.0,0.0,0.0
5,0.0,0.0,0.0,-1.0042951288569946,1.04841445646336,0.0,-0.3860640534469084,-0.2928269457106379,0.0,0.0,0.0,0.0,0.0,0.0,0.0,0.0,0.0,0.0
6,0.0,0.0,0.0,-1.7019036544782349,-0.31419295967036504,-0.3860640534469084,0.0,-2.936377726784193,0.0,0.0,0.0,0.0,0.0,0.0,0.0,0.0,0.0,0.0
7,0.0,0.0,0.0,0.0,0.0,-0.2928269457106379,-2.936377726784193,0.0,-1.15700370007078,0.0,0.0,0.0,0.0,0.0,0.0,0.0,0.0,0.0
8,0.0,0.0,0.0,0.0,0.0,0.0,0.0,-1.15700370007078,0.0,-1.9866651936784767,-2.263143036153226,-2.467249448623338,0.0,0.0,0.0,0.0,0.0,0.0
9,0.0,0.0,0.0,0.0,0.0,0.0,0.0,0.0,-1.9866651936784767,0.0,-3.172022273118266,-2.099294454071056,0.0,0.0,0.0,0.0,0.0,0.0
10,0.0,0.0,0.0,0.0,0.0,0.0,0.0,0.0,-2.263143036153226,-3.172022273118266,0.0,-2.4555318769113783,0.0,0.0,0.0,0.0,0.0,0.0
11,0.0,0.0,0.0,0.0,0.0,0.0,0.0,0.0,-2.467249448623338,-2.099294454071056,-2.4555318769113783,0.0,0.0,0.0,0.0,0.0,0.0,0.0
12,0.0,0.0,0.0,0.0,0.0,0.0,0.0,0.0,0.0,0.0,0.0,0.0,0.0,0.2978138499407955,-0.4908599024521522,0.14071424379402564,0.0,0.0
13,0.0,0.0,0.0,0.0,0.0,0.0,0.0,0.0,0.0,0.0,0.0,0.0,0.2978138499407955,0.0,0.0,-0.6872470097614419,0.0,-2.2687193375202273
14,0.0,0.0,0.0,0.0,0.0,0.0,0.0,0.0,0.0,0.0,0.0,0.0,-0.4908599024521522,0.0,0.0,0.28616800038669615,-0.19394912563861466,-0.09422268574383887
15,0.0,0.0,0.0,0.0,0.0,0.0,0.0,0.0,0.0,0.0,0.0,0.0,0.14071424379402564,-0.6872470097614419,0.28616800038669615,0.0,-2.6099832587113965,-1.148588047657914
16,0.0,0.0,0.0,0.0,0.0,0.0,0.0,0.0,0.0,0.0,0.0,0.0,0.0,0.0,-0.19394912563861466,-2.6099832587113965,0.0,-2.453565008247763
17,0.0,0.0,0.0,0.0,0.0,0.0,0.0,0.0,0.0,0.0,0.0,0.0,0.0,-2.2687193375202273,-0.09422268574383887,-1.148588047657914,-2.453565008247763,0.0
