,0,1,2,3,4,5,6,7,8,9,10,11,12,13
0,0.0,8.740809615550186,8.372865665127657,8.095776881880054,0.0,0.0,0.0,0.0,0.0,0.0,0.0,0.0,0.0,0.0
1,8.740809615550186,0.0,2.1062156422190648,0.16143376336005594,-0.07068145344802537,0.0,0.0,0.0,0.0,0.0,0.0,0.0,0.0,0.0
2,8.372865665127657,2.1062156422190648,0.0,2.037192942044995,1.9167800396090822,0.0,0.0,0.0,0.0,0.0,0.0,0.0,0.0,0.0
3,8.095776881880054,0.16143376336005594,2.037192942044995,0.0,-4.710911050174404,-1.2551200493908259,0.6506840858047691,0.0,0.0,0.0,0.0,0.0,0.0,0.0
4,0.0,-0.07068145344802537,1.9167800396090822,-4.710911050174404,0.0,-1.2672126131971673,0.5644053991158847,0.0,0.0,0.0,0.0,0.0,0.0,0.0
5,0.0,0.0,0.0,-1.2551200493908259,-1.2672126131971673,0.0,0.4243579903611855,-0.7439742586575921,0.0,1.5065440968656034,0.0,0.0,0.0,0.0
6,0.0,0.0,0.0,0.6506840858047691,0.5644053991158847,0.4243579903611855,0.0,-1.0721687567246239,0.0,0.6628787758449943,0.0,0.0,0.0,0.0
7,0.0,0.0,0.0,0.0,0.0,-0.7439742586575921,-1.0721687567246239,0.0,0.0,0.6661447618256291,0.0,0.0,0.0,0.0
8,0.0,0.0,0.0,0.0,0.0,0.0,0.0,0.0,0.0,0.4163601250954684,-0.6160666719496725,1.3455664337590274,0.0,-0.3443589487898165
9,0.0,0.0,0.0,0.0,0.0,1.5065440968656034,0.6628787758449943,0.6661447618256291,0.4163601250954684,0.0,-0.5108562598196597,0.9492704124062763,0.0,0.0
10,0.0,0.0,0.0,0.0,0.0,0.0,0.0,0.0,-0.6160666719496725,-0.5108562598196597,0.0,1.1800320814258733,-3.21111377200499,0.0
11,0.0,0.0,0.0,0.0,0.0,0.0,0.0,0.0,1.3455664337590274,0.9492704124062763,1.1800320814258733,0.0,0.506827238627915,0.14885993158201774
12,0.0,0.0,0.0,0.0,0.0,0.0,0.0,0.0,0.0,0.0,-3.21111377200499,0.506827238627915,0.0,-1.6273133752632831
13,0.0,0.0,0.0,0.0,0.0,0.0,0.0,0.0,-0.3443589487898165,0.0,0.0,0.14885993158201774,-1.6273133752632831,0.0
