,0,1,2,3,4,5,6,7,8,9,10,11,12,13,14,15,16,17,18,19,20,21,22
0,0.0,7.241129481044962,7.944808410433538,7.561272506251541,0.0,0.0,0.0,0.0,0.0,0.0,0.0,0.0,0.0,0.0,0.0,0.0,0.0,0.0,0.0,0.0,0.0,0.0,0.0
1,7.241129481044962,0.0,4.008716894943094,3.79073286001984,-1.5275446599876314,0.0,0.0,0.0,0.0,0.0,0.0,0.0,0.0,0.0,0.0,0.0,0.0,0.0,0.0,0.0,0.0,0.0,0.0
2,7.944808410433538,4.008716894943094,0.0,0.1626483056882865,2.5531430035444815,0.0,0.0,0.0,0.0,0.0,0.0,0.0,0.0,0.0,0.0,0.0,0.0,0.0,0.0,0.0,0.0,0.0,0.0
3,7.561272506251541,3.79073286001984,0.1626483056882865,0.0,2.3585976734285663,2.546139792146682,2.2598496712964278,0.0,0.0,0.0,0.0,0.0,0.0,0.0,0.0,0.0,0.0,0.0,0.0,0.0,0.0,0.0,0.0
4,0.0,-1.5275446599876314,2.5531430035444815,2.3585976734285663,0.0,-1.482057381534365,-2.1821768099834964,1.2391568957624939,0.0,0.0,0.0,0.0,0.0,0.0,0.0,0.0,0.0,0.0,0.0,0.0,0.0,0.0,0.0
5,0.0,0.0,0.0,2.546139792146682,-1.482057381534365,0.0,-2.3211921592194686,1.5430251391931316,0.0,0.0,0.0,0.0,0.0,0.0,0.0,0.0,0.0,0.0,0.0,0.0,0.0,0.0,0.0
6,0.0,0.0,0.0,2.2598496712964278,-2.1821768099834964,-2.3211921592194686,0.0,1.238477518721326,2.0397739113877815,0.0,-0.9929315351710916,0.0,0.0,0.0,0.0,0.0,0.0,0.0,0.0,0.0,0.0,0.0,0.0
7,0.0,0.0,0.0,0.0,1.2391568957624939,1.5430251391931316,1.238477518721326,0.0,0.0,-0.1789073685891659,0.1989362318510454,-4.966043994327164,0.0,0.0,0.0,0.0,0.0,0.0,0.0,0.0,0.0,0.0,0.0
8,0.0,0.0,0.0,0.0,0.0,0.0,2.0397739113877815,0.0,0.0,2.3976754875902104,1.9945262480844632,0.0,0.0,0.0,0.0,0.0,0.0,0.0,0.0,0.0,0.0,0.0,0.0
9,0.0,0.0,0.0,0.0,0.0,0.0,0.0,-0.1789073685891659,2.3976754875902104,0.0,-0.24359455489114035,-0.4631159141064182,0.0,0.0,0.0,0.0,0.0,0.0,0.0,0.0,0.0,0.0,0.0
10,0.0,0.0,0.0,0.0,0.0,0.0,-0.9929315351710916,0.1989362318510454,1.9945262480844632,-0.24359455489114035,0.0,-0.19943013272423224,0.0,0.0,0.0,0.0,0.0,0.0,0.0,0.0,0.0,0.0,0.0
11,0.0,0.0,0.0,0.0,0.0,0.0,0.0,-4.966043994327164,0.0,-0.4631159141064182,-0.19943013272423224,0.0,-0.196731280569005,0.0,0.0,0.0,0.0,0.0,0.0,0.0,0.0,0.0,0.0
12,0.0,0.0,0.0,0.0,0.0,0.0,0.0,0.0,0.0,0.0,0.0,-0.196731280569005,0.0,-0.1714319464203955,-0.1495672035261986,-0.9569281158769467,0.0,0.0,0.0,0.0,0.0,0.0,0.0
13,0.0,0.0,0.0,0.0,0.0,0.0,0.0,0.0,0.0,0.0,0.0,0.0,-0.1714319464203955,0.0,-0.010388619244614029,-1.201359403351086,0.0,0.0,0.0,0.0,0.0,0.0,0.0
14,0.0,0.0,0.0,0.0,0.0,0.0,0.0,0.0,0.0,0.0,0.0,0.0,-0.1495672035261986,-0.010388619244614029,0.0,-1.8003038400303069,0.0,0.0,0.0,0.0,0.0,0.0,0.0
15,0.0,0.0,0.0,0.0,0.0,0.0,0.0,0.0,0.0,0.0,0.0,0.0,-0.9569281158769467,-1.201359403351086,-1.8003038400303069,0.0,0.0,-2.2760721335911978,0.0,0.0,0.0,0.0,0.0
16,0.0,0.0,0.0,0.0,0.0,0.0,0.0,0.0,0.0,0.0,0.0,0.0,0.0,0.0,0.0,0.0,0.0,-2.371242097351116,0.0,-2.3683465208046193,0.0,0.0,-1.9877087519190615
17,0.0,0.0,0.0,0.0,0.0,0.0,0.0,0.0,0.0,0.0,0.0,0.0,0.0,0.0,0.0,-2.2760721335911978,-2.371242097351116,0.0,-2.6771044364534498,-4.606166343252329,-1.864338958107694,-2.5843496866708384,0.0
18,0.0,0.0,0.0,0.0,0.0,0.0,0.0,0.0,0.0,0.0,0.0,0.0,0.0,0.0,0.0,0.0,0.0,-2.6771044364534498,0.0,-2.5110466605241815,-1.2751048701105099,-5.682506706613005,0.0
19,0.0,0.0,0.0,0.0,0.0,0.0,0.0,0.0,0.0,0.0,0.0,0.0,0.0,0.0,0.0,0.0,-2.3683465208046193,-4.606166343252329,-2.5110466605241815,0.0,-1.6689403209991085,-2.5720113410178125,-3.115429434895331
20,0.0,0.0,0.0,0.0,0.0,0.0,0.0,0.0,0.0,0.0,0.0,0.0,0.0,0.0,0.0,0.0,0.0,-1.864338958107694,-1.2751048701105099,-1.6689403209991085,0.0,0.0,0.0
21,0.0,0.0,0.0,0.0,0.0,0.0,0.0,0.0,0.0,0.0,0.0,0.0,0.0,0.0,0.0,0.0,0.0,-2.5843496866708384,-5.682506706613005,-2.5720113410178125,0.0,0.0,-2.3772695631074074
22,0.0,0.0,0.0,0.0,0.0,0.0,0.0,0.0,0.0,0.0,0.0,0.0,0.0,0.0,0.0,0.0,-1.9877087519190615,0.0,0.0,-3.115429434895331,0.0,-2.3772695631074074,0.0
