,0,1,2,3,4,5,6,7,8,9,10,11,12,13,14,15,16,17,18
0,0.0,6.8208333791197635,6.315070843924457,6.295803664435447,0.0,0.0,0.0,0.0,0.0,0.0,0.0,0.0,0.0,0.0,0.0,0.0,0.0,0.0,0.0
1,6.8208333791197635,0.0,2.445900222303998,0.4299604393944462,0.0,-1.477465148116103,0.0,0.0,0.0,0.0,0.0,0.0,0.0,0.0,0.0,0.0,0.0,0.0,0.0
2,6.315070843924457,2.445900222303998,0.0,1.0540259308104305,0.0,1.0023462914842387,0.0,0.0,0.0,0.0,0.0,0.0,0.0,0.0,0.0,0.0,0.0,0.0,0.0
3,6.295803664435447,0.4299604393944462,1.0540259308104305,0.0,-1.486474053749134,-1.08177947435217,0.0,0.0,0.0,0.0,0.0,0.0,0.0,0.0,0.0,0.0,0.0,0.0,0.0
4,0.0,0.0,0.0,-1.486474053749134,0.0,-2.3792888663123595,-0.4972220927021186,-0.990654976671526,0.0,0.0,0.0,0.0,0.0,0.0,0.0,0.0,0.0,0.0,0.0
5,0.0,-1.477465148116103,1.0023462914842387,-1.08177947435217,-2.3792888663123595,0.0,-0.8856288377036626,-1.3627345297853184,0.0,0.0,0.0,0.0,0.0,0.0,0.0,0.0,0.0,0.0,0.0
6,0.0,0.0,0.0,0.0,-0.4972220927021186,-0.8856288377036626,0.0,-2.9211160271910637,0.0,0.0,0.0,0.0,0.0,0.0,0.0,0.0,0.0,0.0,0.0
7,0.0,0.0,0.0,0.0,-0.990654976671526,-1.3627345297853184,-2.9211160271910637,0.0,4.412642495488652,-0.989325821450702,-2.809116911966219,0.0,0.0,0.0,0.0,0.0,0.0,0.0,0.0
8,0.0,0.0,0.0,0.0,0.0,0.0,0.0,4.412642495488652,0.0,4.096576480874381,3.7763037579650023,0.0,0.0,0.0,0.0,0.0,0.0,0.0,0.0
9,0.0,0.0,0.0,0.0,0.0,0.0,0.0,-0.989325821450702,4.096576480874381,0.0,-1.9628312270662156,-2.340569913869326,0.0,0.0,0.0,0.0,0.0,0.0,0.0
10,0.0,0.0,0.0,0.0,0.0,0.0,0.0,-2.809116911966219,3.7763037579650023,-1.9628312270662156,0.0,-2.632518033868502,0.0,0.0,-2.053221431257433,0.0,0.0,0.0,0.0
11,0.0,0.0,0.0,0.0,0.0,0.0,0.0,0.0,0.0,-2.340569913869326,-2.632518033868502,0.0,-1.8189592449014949,0.0,-2.509528930711361,0.0,0.0,0.0,0.0
12,0.0,0.0,0.0,0.0,0.0,0.0,0.0,0.0,0.0,0.0,0.0,-1.8189592449014949,0.0,1.8121120778903668,-3.016490269856217,0.7153751797100705,0.0,0.0,0.0
13,0.0,0.0,0.0,0.0,0.0,0.0,0.0,0.0,0.0,0.0,0.0,0.0,1.8121120778903668,0.0,1.6209910956482851,-0.6570258039181401,0.5419250579326744,0.0,0.0
14,0.0,0.0,0.0,0.0,0.0,0.0,0.0,0.0,0.0,0.0,-2.053221431257433,-2.509528930711361,-3.016490269856217,1.6209910956482851,0.0,0.48468515939905316,0.0,0.0,0.0
15,0.0,0.0,0.0,0.0,0.0,0.0,0.0,0.0,0.0,0.0,0.0,0.0,0.7153751797100705,-0.6570258039181401,0.48468515939905316,0.0,-0.6867304720007613,0.5519555838835375,0.6290100449365529
16,0.0,0.0,0.0,0.0,0.0,0.0,0.0,0.0,0.0,0.0,0.0,0.0,0.0,0.5419250579326744,0.0,-0.6867304720007613,0.0,-1.1030076286665496,-0.2772928876083486
17,0.0,0.0,0.0,0.0,0.0,0.0,0.0,0.0,0.0,0.0,0.0,0.0,0.0,0.0,0.0,0.5519555838835375,-1.1030076286665496,0.0,-1.265065260275944
18,0.0,0.0,0.0,0.0,0.0,0.0,0.0,0.0,0.0,0.0,0.0,0.0,0.0,0.0,0.0,0.6290100449365529,-0.2772928876083486,-1.265065260275944,0.0
