,0,1,2,3,4,5,6,7,8,9,10,11,12,13,14,15,16,17,18
0,0.0,6.536489372168014,1.1824662864922657,-0.2545058412994324,0.0,0.0,0.0,0.0,0.0,0.0,0.0,0.0,0.0,0.0,0.0,0.0,0.0,0.0,0.0
1,6.536489372168014,0.0,5.908392049308269,5.826198454915729,0.0,0.0,0.0,0.0,0.0,0.0,0.0,0.0,0.0,0.0,0.0,0.0,0.0,0.0,0.0
2,1.1824662864922657,5.908392049308269,0.0,0.6606675879870654,2.9185935525530082,0.0,0.0,0.0,0.0,0.0,0.0,0.0,0.0,0.0,0.0,0.0,0.0,0.0,0.0
3,-0.2545058412994324,5.826198454915729,0.6606675879870654,0.0,3.232712967127391,0.4183310048950376,0.0,0.0,0.0,0.0,0.0,0.0,0.0,0.0,0.0,0.0,0.0,0.0,0.0
4,0.0,0.0,2.9185935525530082,3.232712967127391,0.0,3.049224754401707,2.8667755717692844,0.0,0.0,0.0,0.0,0.0,0.0,0.0,0.0,0.0,0.0,0.0,0.0
5,0.0,0.0,0.0,0.4183310048950376,3.049224754401707,0.0,-1.8097582289948217,0.5650528079963515,0.0,0.0,0.0,0.0,0.0,0.0,0.0,0.0,0.0,0.0,0.0
6,0.0,0.0,0.0,0.0,2.8667755717692844,-1.8097582289948217,0.0,0.4497494699239057,0.0,0.0,0.0,0.0,0.0,0.0,0.0,0.0,0.0,0.0,0.0
7,0.0,0.0,0.0,0.0,0.0,0.5650528079963515,0.4497494699239057,0.0,-1.7863700147578012,-3.360888622110067,-1.9962960060421082,0.0,0.0,0.0,0.0,0.0,0.0,0.0,0.0
8,0.0,0.0,0.0,0.0,0.0,0.0,0.0,-1.7863700147578012,0.0,-2.2244231705130173,-1.7434168466121898,0.0,0.0,0.0,0.0,0.0,0.0,0.0,0.0
9,0.0,0.0,0.0,0.0,0.0,0.0,0.0,-3.360888622110067,-2.2244231705130173,0.0,-2.558756297461527,0.5381420003761546,0.0,0.0,0.0,0.0,0.0,0.0,0.0
10,0.0,0.0,0.0,0.0,0.0,0.0,0.0,-1.9962960060421082,-1.7434168466121898,-2.558756297461527,0.0,0.48721492837584696,0.0,0.0,0.0,0.0,0.0,0.0,0.0
11,0.0,0.0,0.0,0.0,0.0,0.0,0.0,0.0,0.0,0.5381420003761546,0.48721492837584696,0.0,0.0,0.6060337314744251,0.0,0.0,0.0,0.0,0.0
12,0.0,0.0,0.0,0.0,0.0,0.0,0.0,0.0,0.0,0.0,0.0,0.0,0.0,0.08060592251552011,-0.41228707342339016,0.0,0.0,1.434055524790477,0.0
13,0.0,0.0,0.0,0.0,0.0,0.0,0.0,0.0,0.0,0.0,0.0,0.6060337314744251,0.08060592251552011,0.0,-3.1861364710792826,-2.6349201735421204,0.0,0.6902087864657261,0.0
14,0.0,0.0,0.0,0.0,0.0,0.0,0.0,0.0,0.0,0.0,0.0,0.0,-0.41228707342339016,-3.1861364710792826,0.0,-3.773580546971879,0.0,0.632147946555747,0.0
15,0.0,0.0,0.0,0.0,0.0,0.0,0.0,0.0,0.0,0.0,0.0,0.0,0.0,-2.6349201735421204,-3.773580546971879,0.0,-4.507185233543305,0.10522359212572356,0.4612734381911979
16,0.0,0.0,0.0,0.0,0.0,0.0,0.0,0.0,0.0,0.0,0.0,0.0,0.0,0.0,0.0,-4.507185233543305,0.0,0.10646866804733789,0.36427174947082874
17,0.0,0.0,0.0,0.0,0.0,0.0,0.0,0.0,0.0,0.0,0.0,0.0,1.434055524790477,0.6902087864657261,0.632147946555747,0.10522359212572356,0.10646866804733789,0.0,-0.8986294705366824
18,0.0,0.0,0.0,0.0,0.0,0.0,0.0,0.0,0.0,0.0,0.0,0.0,0.0,0.0,0.0,0.4612734381911979,0.36427174947082874,-0.8986294705366824,0.0
