,0,1,2,3,4,5,6,7,8,9,10,11,12,13,14,15,16,17,18,19,20
0,0.0,7.793357096653768,7.358316021039365,7.34109568455462,0.0,0.0,0.0,0.0,0.0,0.0,0.0,0.0,0.0,0.0,0.0,0.0,0.0,0.0,0.0,0.0,0.0
1,7.793357096653768,0.0,0.24477328060386117,-0.40300425362384606,0.0,-2.5510564167198284,0.0,0.0,0.0,0.0,0.0,0.0,0.0,0.0,0.0,0.0,0.0,0.0,0.0,0.0,0.0
2,7.358316021039365,0.24477328060386117,0.0,0.20828358521476786,0.017735670608867337,-0.04707854866785609,0.0,0.0,0.0,0.0,0.0,0.0,0.0,0.0,0.0,0.0,0.0,0.0,0.0,0.0,0.0
3,7.34109568455462,-0.40300425362384606,0.20828358521476786,0.0,-0.6757976203749598,-0.549432921908292,0.0,0.0,0.0,0.0,0.0,0.0,0.0,0.0,0.0,0.0,0.0,0.0,0.0,0.0,0.0
4,0.0,0.0,0.017735670608867337,-0.6757976203749598,0.0,-1.7831409833216574,-0.5724382815134429,0.0,0.0,0.0,0.0,0.0,0.0,0.0,0.0,0.0,0.0,0.0,0.0,0.0,0.0
5,0.0,-2.5510564167198284,-0.04707854866785609,-0.549432921908292,-1.7831409833216574,0.0,0.14335072077247793,0.0,0.0,0.0,0.0,0.0,0.0,0.0,0.0,0.0,0.0,0.0,0.0,0.0,0.0
6,0.0,0.0,0.0,0.0,-0.5724382815134429,0.14335072077247793,0.0,-1.269413894899899,0.18544703339904295,0.0,0.0,0.0,0.0,0.0,0.0,0.0,0.0,0.0,0.0,0.0,0.0
7,0.0,0.0,0.0,0.0,0.0,0.0,-1.269413894899899,0.0,-0.8873442500945335,0.20673252889676702,0.0,0.0,0.0,0.0,0.0,0.0,0.0,0.0,0.0,0.0,0.0
8,0.0,0.0,0.0,0.0,0.0,0.0,0.18544703339904295,-0.8873442500945335,0.0,-0.508376797267562,-0.4956554423776689,0.0,0.0,0.0,0.0,0.0,0.0,0.0,0.0,0.0,0.0
9,0.0,0.0,0.0,0.0,0.0,0.0,0.0,0.20673252889676702,-0.508376797267562,0.0,0.14726634790378676,0.0,0.0,0.0,0.0,0.0,0.0,0.0,0.0,0.0,0.0
10,0.0,0.0,0.0,0.0,0.0,0.0,0.0,0.0,-0.4956554423776689,0.14726634790378676,0.0,-2.8688395155660547,-1.4302024869824934,0.0,0.0,0.0,0.0,0.0,0.0,0.0,0.0
11,0.0,0.0,0.0,0.0,0.0,0.0,0.0,0.0,0.0,0.0,-2.8688395155660547,0.0,-1.5967819150862694,-2.605400023089774,-1.028566878184101,0.0,0.0,0.0,0.0,0.0,0.0
12,0.0,0.0,0.0,0.0,0.0,0.0,0.0,0.0,0.0,0.0,-1.4302024869824934,-1.5967819150862694,0.0,-3.5323426863603493,-1.4114780485847878,0.0,0.0,0.0,0.0,0.0,0.0
13,0.0,0.0,0.0,0.0,0.0,0.0,0.0,0.0,0.0,0.0,0.0,-2.605400023089774,-3.5323426863603493,0.0,-1.2875362934660064,-1.9688753914188684,0.0,0.0,0.0,0.0,0.0
14,0.0,0.0,0.0,0.0,0.0,0.0,0.0,0.0,0.0,0.0,0.0,-1.028566878184101,-1.4114780485847878,-1.2875362934660064,0.0,-1.3671617931246856,0.0,0.0,0.0,0.0,0.0
15,0.0,0.0,0.0,0.0,0.0,0.0,0.0,0.0,0.0,0.0,0.0,0.0,0.0,-1.9688753914188684,-1.3671617931246856,0.0,-1.1205053184356575,-3.091821437977008,1.2322990534073472,0.0,0.0
16,0.0,0.0,0.0,0.0,0.0,0.0,0.0,0.0,0.0,0.0,0.0,0.0,0.0,0.0,0.0,-1.1205053184356575,0.0,-1.710254122439233,0.6879235932125803,-3.4143467569382198,-3.684310433654296
17,0.0,0.0,0.0,0.0,0.0,0.0,0.0,0.0,0.0,0.0,0.0,0.0,0.0,0.0,0.0,-3.091821437977008,-1.710254122439233,0.0,0.9183009208675128,-3.160358334444056,-3.0005887842135928
18,0.0,0.0,0.0,0.0,0.0,0.0,0.0,0.0,0.0,0.0,0.0,0.0,0.0,0.0,0.0,1.2322990534073472,0.6879235932125803,0.9183009208675128,0.0,0.0,0.0
19,0.0,0.0,0.0,0.0,0.0,0.0,0.0,0.0,0.0,0.0,0.0,0.0,0.0,0.0,0.0,0.0,-3.4143467569382198,-3.160358334444056,0.0,0.0,-5.178307717063113
20,0.0,0.0,0.0,0.0,0.0,0.0,0.0,0.0,0.0,0.0,0.0,0.0,0.0,0.0,0.0,0.0,-3.684310433654296,-3.0005887842135928,0.0,-5.178307717063113,0.0
