,0,1,2,3,4,5,6,7,8,9,10,11,12,13,14,15,16,17,18,19,20
0,0.0,-0.7000422518188639,8.152592697199827,-1.4663210330849172,0.0,0.0,0.0,0.0,0.0,0.0,0.0,0.0,0.0,0.0,0.0,0.0,0.0,0.0,0.0,0.0,0.0
1,-0.7000422518188639,0.0,7.750688895038808,-0.4731179699075409,0.0,0.0,0.0,0.0,0.0,0.0,0.0,0.0,0.0,0.0,0.0,0.0,0.0,0.0,0.0,0.0,0.0
2,8.152592697199827,7.750688895038808,0.0,7.296049271355256,6.83288630988649,0.0,0.0,0.0,0.0,0.0,0.0,0.0,0.0,0.0,0.0,0.0,0.0,0.0,0.0,0.0,0.0
3,-1.4663210330849172,-0.4731179699075409,7.296049271355256,0.0,-2.3270202156890547,1.7521461970532555,0.0,0.0,0.0,0.0,0.0,0.0,0.0,0.0,0.0,0.0,0.0,0.0,0.0,0.0,0.0
4,0.0,0.0,6.83288630988649,-2.3270202156890547,0.0,1.2830362060237237,-1.5745584670421784,0.0,0.0,0.0,0.0,0.0,0.0,0.0,0.0,0.0,0.0,0.0,0.0,0.0,0.0
5,0.0,0.0,0.0,1.7521461970532555,1.2830362060237237,0.0,0.3752394826455748,3.2647495810973353,0.0,0.0,0.0,0.0,0.0,0.0,0.0,0.0,0.0,0.0,0.0,0.0,0.0
6,0.0,0.0,0.0,0.0,-1.5745584670421784,0.3752394826455748,0.0,3.2429010969493395,0.0,2.672288219758654,0.0,0.0,0.0,0.0,0.0,0.0,0.0,0.0,0.0,0.0,0.0
7,0.0,0.0,0.0,0.0,0.0,3.2647495810973353,3.2429010969493395,0.0,1.7009632229621132,1.2923223311163075,1.7151996264785245,0.0,0.0,0.0,0.0,0.0,0.0,0.0,0.0,0.0,0.0
8,0.0,0.0,0.0,0.0,0.0,0.0,0.0,1.7009632229621132,0.0,1.1558910139181415,-1.8243943098603435,-2.639591402283152,0.0,0.0,0.0,0.0,0.0,0.0,0.0,0.0,0.0
9,0.0,0.0,0.0,0.0,0.0,0.0,2.672288219758654,1.2923223311163075,1.1558910139181415,0.0,0.769656384262142,0.0,0.0,0.0,0.0,0.0,0.0,0.0,0.0,0.0,0.0
10,0.0,0.0,0.0,0.0,0.0,0.0,0.0,1.7151996264785245,-1.8243943098603435,0.769656384262142,0.0,-2.0530368419962604,0.0,-2.419885083539018,0.0,0.0,0.0,0.0,0.0,0.0,0.0
11,0.0,0.0,0.0,0.0,0.0,0.0,0.0,0.0,-2.639591402283152,0.0,-2.0530368419962604,0.0,1.846603730457469,-1.5987476239088045,0.0,0.0,0.0,0.0,0.0,0.0,0.0
12,0.0,0.0,0.0,0.0,0.0,0.0,0.0,0.0,0.0,0.0,0.0,1.846603730457469,0.0,1.9272922933653271,1.7189425599481079,0.0,0.0,0.0,0.0,0.0,0.0
13,0.0,0.0,0.0,0.0,0.0,0.0,0.0,0.0,0.0,0.0,-2.419885083539018,-1.5987476239088045,1.9272922933653271,0.0,-1.3293461800644217,0.0,0.0,0.0,0.0,0.0,0.0
14,0.0,0.0,0.0,0.0,0.0,0.0,0.0,0.0,0.0,0.0,0.0,0.0,1.7189425599481079,-1.3293461800644217,0.0,0.0011703593271882521,0.0,-1.5936383976427326,0.0,0.0,0.0
15,0.0,0.0,0.0,0.0,0.0,0.0,0.0,0.0,0.0,0.0,0.0,0.0,0.0,0.0,0.0011703593271882521,0.0,0.4788846041966095,-1.335596656994975,-0.2616893924651084,-0.2219455885673492,0.0
16,0.0,0.0,0.0,0.0,0.0,0.0,0.0,0.0,0.0,0.0,0.0,0.0,0.0,0.0,0.0,0.4788846041966095,0.0,-0.006308283448628324,0.0,0.9292134053408869,0.1713511165467422
17,0.0,0.0,0.0,0.0,0.0,0.0,0.0,0.0,0.0,0.0,0.0,0.0,0.0,0.0,-1.5936383976427326,-1.335596656994975,-0.006308283448628324,0.0,-1.462025366653162,-0.2426243560140203,-0.1766026585706613
18,0.0,0.0,0.0,0.0,0.0,0.0,0.0,0.0,0.0,0.0,0.0,0.0,0.0,0.0,0.0,-0.2616893924651084,0.0,-1.462025366653162,0.0,-0.16905480558285063,0.0
19,0.0,0.0,0.0,0.0,0.0,0.0,0.0,0.0,0.0,0.0,0.0,0.0,0.0,0.0,0.0,-0.2219455885673492,0.9292134053408869,-0.2426243560140203,-0.16905480558285063,0.0,0.027371491006102887
20,0.0,0.0,0.0,0.0,0.0,0.0,0.0,0.0,0.0,0.0,0.0,0.0,0.0,0.0,0.0,0.0,0.1713511165467422,-0.1766026585706613,0.0,0.027371491006102887,0.0
