,0,1,2,3,4,5,6,7,8,9,10,11,12,13,14
0,0.0,8.458549033696839,8.089115678099656,7.766846517922438,0.0,0.0,0.0,0.0,0.0,0.0,0.0,0.0,0.0,0.0,0.0
1,8.458549033696839,0.0,1.8769222372709171,1.2820440251810719,0.3750487181603332,0.0,0.0,0.0,0.0,0.0,0.0,0.0,0.0,0.0,0.0
2,8.089115678099656,1.8769222372709171,0.0,0.7353277493407381,1.1616813862195265,0.0,0.0,0.0,0.0,0.0,0.0,0.0,0.0,0.0,0.0
3,7.766846517922438,1.2820440251810719,0.7353277493407381,0.0,0.09745482949848484,-1.5768062345690574,0.0,0.0,0.0,0.0,0.0,0.0,0.0,0.0,0.0
4,0.0,0.3750487181603332,1.1616813862195265,0.09745482949848484,0.0,-1.221334877313278,0.0,0.0,0.0,0.0,0.0,0.0,0.0,0.0,0.0
5,0.0,0.0,0.0,-1.5768062345690574,-1.221334877313278,0.0,-0.817662228152438,-1.997600468895814,0.0,-1.6793457614184726,0.0,0.0,0.0,0.0,0.0
6,0.0,0.0,0.0,0.0,0.0,-0.817662228152438,0.0,-0.5331045134521383,2.36596366597219,-0.4745558598698114,0.0,0.0,0.0,0.0,0.0
7,0.0,0.0,0.0,0.0,0.0,-1.997600468895814,-0.5331045134521383,0.0,0.0,-2.344196217707057,0.0,0.0,0.0,0.0,0.0
8,0.0,0.0,0.0,0.0,0.0,0.0,2.36596366597219,0.0,0.0,2.3053238153225806,0.0,0.0,1.6713276855016708,0.0,0.0
9,0.0,0.0,0.0,0.0,0.0,-1.6793457614184726,-0.4745558598698114,-2.344196217707057,2.3053238153225806,0.0,-2.875906515478281,-2.459352789805514,1.9190046843669277,0.0,0.0
10,0.0,0.0,0.0,0.0,0.0,0.0,0.0,0.0,0.0,-2.875906515478281,0.0,-2.5112268313100827,0.0,-0.32570485401818383,0.64833854876297
11,0.0,0.0,0.0,0.0,0.0,0.0,0.0,0.0,0.0,-2.459352789805514,-2.5112268313100827,0.0,1.6899890353615121,-0.5949103266148418,0.4835802674724632
12,0.0,0.0,0.0,0.0,0.0,0.0,0.0,0.0,1.6713276855016708,1.9190046843669277,0.0,1.6899890353615121,0.0,0.0,0.0
13,0.0,0.0,0.0,0.0,0.0,0.0,0.0,0.0,0.0,0.0,-0.32570485401818383,-0.5949103266148418,0.0,0.0,-1.4835124845232912
14,0.0,0.0,0.0,0.0,0.0,0.0,0.0,0.0,0.0,0.0,0.64833854876297,0.4835802674724632,0.0,-1.4835124845232912,0.0
