,0,1,2,3,4,5,6,7,8,9,10,11,12,13,14,15,16,17,18,19,20
0,0.0,6.569123786079316,5.759797411980665,5.450876349419879,0.0,0.0,0.0,0.0,0.0,0.0,0.0,0.0,0.0,0.0,0.0,0.0,0.0,0.0,0.0,0.0,0.0
1,6.569123786079316,0.0,1.5448447002406047,0.4268334028235393,0.0,0.0,0.0,0.0,0.0,0.0,0.0,0.0,0.0,0.0,0.0,0.0,0.0,0.0,0.0,0.0,0.0
2,5.759797411980665,1.5448447002406047,0.0,0.7823573352567385,0.9373726279947342,0.7349570036488579,0.0,0.0,0.0,0.0,0.0,0.0,0.0,0.0,0.0,0.0,0.0,0.0,0.0,0.0,0.0
3,5.450876349419879,0.4268334028235393,0.7823573352567385,0.0,-0.21332267160808951,-0.39055476251020393,0.0,0.0,0.0,0.0,0.0,0.0,0.0,0.0,0.0,0.0,0.0,0.0,0.0,0.0,0.0
4,0.0,0.0,0.9373726279947342,-0.21332267160808951,0.0,-2.9714704947182393,-0.6235211482499172,0.0,0.0,0.0,0.0,0.0,0.0,0.0,0.0,0.0,0.0,0.0,0.0,0.0,0.0
5,0.0,0.0,0.7349570036488579,-0.39055476251020393,-2.9714704947182393,0.0,-0.8814693655703786,0.0,0.0,0.0,0.0,0.0,0.0,0.0,0.0,0.0,0.0,0.0,0.0,0.0,0.0
6,0.0,0.0,0.0,0.0,-0.6235211482499172,-0.8814693655703786,0.0,-0.45593815527878284,-2.596576233454173,-1.8214819909110416,0.0,0.0,0.0,0.0,0.0,0.0,0.0,0.0,0.0,0.0,0.0
7,0.0,0.0,0.0,0.0,0.0,0.0,-0.45593815527878284,0.0,-1.278458775104459,-0.7898651926363531,0.0,0.0,0.0,0.0,0.0,0.0,0.0,0.0,0.0,0.0,0.0
8,0.0,0.0,0.0,0.0,0.0,0.0,-2.596576233454173,-1.278458775104459,0.0,-2.6393605441042953,-2.8419753625740136,0.0,0.0,0.0,0.0,0.0,0.0,0.0,0.0,0.0,0.0
9,0.0,0.0,0.0,0.0,0.0,0.0,-1.8214819909110416,-0.7898651926363531,-2.6393605441042953,0.0,-2.3048215628096775,-2.071254637232221,-1.599603496622104,0.0,0.0,0.0,0.0,0.0,0.0,0.0,0.0
10,0.0,0.0,0.0,0.0,0.0,0.0,0.0,0.0,-2.8419753625740136,-2.3048215628096775,0.0,-2.4056072251189065,-1.3382230190335647,0.0,0.0,0.0,0.0,0.0,0.0,0.0,0.0
11,0.0,0.0,0.0,0.0,0.0,0.0,0.0,0.0,0.0,-2.071254637232221,-2.4056072251189065,0.0,-1.0858164435692441,-2.278440326872856,0.0,0.0,0.0,0.0,0.0,0.0,0.0
12,0.0,0.0,0.0,0.0,0.0,0.0,0.0,0.0,0.0,-1.599603496622104,-1.3382230190335647,-1.0858164435692441,0.0,-2.0724699755249447,-1.9466524648975165,0.0,0.0,0.0,0.0,0.0,0.0
13,0.0,0.0,0.0,0.0,0.0,0.0,0.0,0.0,0.0,0.0,0.0,-2.278440326872856,-2.0724699755249447,0.0,-2.5125724928908055,0.0,0.0,0.0,0.0,0.0,0.0
14,0.0,0.0,0.0,0.0,0.0,0.0,0.0,0.0,0.0,0.0,0.0,0.0,-1.9466524648975165,-2.5125724928908055,0.0,2.5145830438059855,-1.3477460906456218,0.0,0.0,0.0,0.0
15,0.0,0.0,0.0,0.0,0.0,0.0,0.0,0.0,0.0,0.0,0.0,0.0,0.0,0.0,2.5145830438059855,0.0,1.811142105245194,1.389377772175087,0.0,0.0,0.0
16,0.0,0.0,0.0,0.0,0.0,0.0,0.0,0.0,0.0,0.0,0.0,0.0,0.0,0.0,-1.3477460906456218,1.811142105245194,0.0,-1.4026352739387622,-5.4768311135114836,0.4224091084191335,0.0
17,0.0,0.0,0.0,0.0,0.0,0.0,0.0,0.0,0.0,0.0,0.0,0.0,0.0,0.0,0.0,1.389377772175087,-1.4026352739387622,0.0,-2.0595505810251704,-0.4522325808127072,2.1238930193976713
18,0.0,0.0,0.0,0.0,0.0,0.0,0.0,0.0,0.0,0.0,0.0,0.0,0.0,0.0,0.0,0.0,-5.4768311135114836,-2.0595505810251704,0.0,-0.11665677167522226,1.8816349962900425
19,0.0,0.0,0.0,0.0,0.0,0.0,0.0,0.0,0.0,0.0,0.0,0.0,0.0,0.0,0.0,0.0,0.4224091084191335,-0.4522325808127072,-0.11665677167522226,0.0,2.011175626917261
20,0.0,0.0,0.0,0.0,0.0,0.0,0.0,0.0,0.0,0.0,0.0,0.0,0.0,0.0,0.0,0.0,0.0,2.1238930193976713,1.8816349962900425,2.011175626917261,0.0
