,0,1,2,3,4,5,6,7,8,9,10,11,12,13,14,15,16,17,18
0,0.0,8.202618837712844,8.01692459256859,7.4850729650666175,0.0,0.0,0.0,0.0,0.0,0.0,0.0,0.0,0.0,0.0,0.0,0.0,0.0,0.0,0.0
1,8.202618837712844,0.0,2.003497104212212,0.66555896112705,0.0,0.0,0.0,0.0,0.0,0.0,0.0,0.0,0.0,0.0,0.0,0.0,0.0,0.0,0.0
2,8.01692459256859,2.003497104212212,0.0,0.952941078792298,0.0,0.0,0.0,0.0,0.0,0.0,0.0,0.0,0.0,0.0,0.0,0.0,0.0,0.0,0.0
3,7.4850729650666175,0.66555896112705,0.952941078792298,0.0,1.662607095610808,0.32609079280909964,1.6292264933013672,0.0,0.0,0.0,0.0,0.0,0.0,0.0,0.0,0.0,0.0,0.0,0.0
4,0.0,0.0,0.0,1.662607095610808,0.0,1.516163605462824,2.0668216736554896,0.0,0.0,0.0,0.0,0.0,0.0,0.0,0.0,0.0,0.0,0.0,0.0
5,0.0,0.0,0.0,0.32609079280909964,1.516163605462824,0.0,0.7439210943437483,-3.2388100665577513,-2.4069201300322907,0.0,0.0,0.0,0.0,0.0,0.0,0.0,0.0,0.0,0.0
6,0.0,0.0,0.0,1.6292264933013672,2.0668216736554896,0.7439210943437483,0.0,0.6336720028558955,0.3085330074173045,0.0,0.0,0.0,0.0,0.0,0.0,0.0,0.0,0.0,0.0
7,0.0,0.0,0.0,0.0,0.0,-3.2388100665577513,0.6336720028558955,0.0,-1.942721967586597,3.577521029967278,0.0,0.0,0.0,0.0,0.0,0.0,0.0,0.0,0.0
8,0.0,0.0,0.0,0.0,0.0,-2.4069201300322907,0.3085330074173045,-1.942721967586597,0.0,3.11059726459817,1.7912107983926064,-3.9671457596736523,0.0,0.0,0.0,0.0,0.0,0.0,0.0
9,0.0,0.0,0.0,0.0,0.0,0.0,0.0,3.577521029967278,3.11059726459817,0.0,1.5488781041548763,2.9531876327221362,0.0,0.0,0.0,0.0,0.0,0.0,0.0
10,0.0,0.0,0.0,0.0,0.0,0.0,0.0,0.0,1.7912107983926064,1.5488781041548763,0.0,1.6650450975270412,0.0,0.0,0.0,0.0,0.0,0.0,0.0
11,0.0,0.0,0.0,0.0,0.0,0.0,0.0,0.0,-3.9671457596736523,2.9531876327221362,1.6650450975270412,0.0,-2.4751656002410147,0.0,0.0,0.0,0.0,0.0,0.0
12,0.0,0.0,0.0,0.0,0.0,0.0,0.0,0.0,0.0,0.0,0.0,-2.4751656002410147,0.0,-3.0332131091283037,0.0,-2.22941575267295,0.0,0.0,0.0
13,0.0,0.0,0.0,0.0,0.0,0.0,0.0,0.0,0.0,0.0,0.0,0.0,-3.0332131091283037,0.0,1.7813648913104216,-4.59583351420846,-3.260119755354962,0.0,0.0
14,0.0,0.0,0.0,0.0,0.0,0.0,0.0,0.0,0.0,0.0,0.0,0.0,0.0,1.7813648913104216,0.0,1.6921148546186733,1.1449099330616928,0.0,0.0
15,0.0,0.0,0.0,0.0,0.0,0.0,0.0,0.0,0.0,0.0,0.0,0.0,-2.22941575267295,-4.59583351420846,1.6921148546186733,0.0,-2.7070375475369537,-1.8008912888500992,-0.7324220143069935
16,0.0,0.0,0.0,0.0,0.0,0.0,0.0,0.0,0.0,0.0,0.0,0.0,0.0,-3.260119755354962,1.1449099330616928,-2.7070375475369537,0.0,-1.6580659573911396,-1.1559123909107718
17,0.0,0.0,0.0,0.0,0.0,0.0,0.0,0.0,0.0,0.0,0.0,0.0,0.0,0.0,0.0,-1.8008912888500992,-1.6580659573911396,0.0,-2.148733892233138
18,0.0,0.0,0.0,0.0,0.0,0.0,0.0,0.0,0.0,0.0,0.0,0.0,0.0,0.0,0.0,-0.7324220143069935,-1.1559123909107718,-2.148733892233138,0.0
