,0,1,2,3,4,5,6,7,8,9,10,11,12,13,14
0,0.0,8.544559103425378,8.316956637273645,8.094032691379487,0.0,0.0,0.0,0.0,0.0,0.0,0.0,0.0,0.0,0.0,0.0
1,8.544559103425378,0.0,-0.10299391231997347,0.3514114766668051,-0.5592530161047852,0.0,0.0,0.0,0.0,0.0,0.0,0.0,0.0,0.0,0.0
2,8.316956637273645,-0.10299391231997347,0.0,1.1180170266012153,0.10880734234126052,0.0,0.0,0.0,0.0,0.0,0.0,0.0,0.0,0.0,0.0
3,8.094032691379487,0.3514114766668051,1.1180170266012153,0.0,-1.6232387022572732,0.0,0.0,0.0,0.0,0.0,0.0,0.0,0.0,0.0,0.0
4,0.0,-0.5592530161047852,0.10880734234126052,-1.6232387022572732,0.0,-2.605535891686642,-2.8870009331965742,-3.4646842926289123,0.0,0.0,0.0,0.0,0.0,0.0,0.0
5,0.0,0.0,0.0,0.0,-2.605535891686642,0.0,-3.783244224035871,-2.9063429209763876,0.0,0.0,0.0,0.0,0.0,0.0,0.0
6,0.0,0.0,0.0,0.0,-2.8870009331965742,-3.783244224035871,0.0,-4.006357893025393,1.431974744750919,-2.6502409745644306,0.0,0.0,0.0,0.0,0.0
7,0.0,0.0,0.0,0.0,-3.4646842926289123,-2.9063429209763876,-4.006357893025393,0.0,0.9412496813382113,-3.9133045031534626,-7.456289211637761,-4.133018908137385,0.0,0.0,0.0
8,0.0,0.0,0.0,0.0,0.0,0.0,1.431974744750919,0.9412496813382113,0.0,0.7941763182545784,0.0,0.3513451154372137,0.0,0.0,0.0
9,0.0,0.0,0.0,0.0,0.0,0.0,-2.6502409745644306,-3.9133045031534626,0.7941763182545784,0.0,-4.173153849755587,-3.2224465595122287,-0.7541064290912113,-0.8113770712623801,0.0
10,0.0,0.0,0.0,0.0,0.0,0.0,0.0,-7.456289211637761,0.0,-4.173153849755587,0.0,-4.233685122517303,-0.6326741963180631,-0.9802778513667251,-5.43882222455308
11,0.0,0.0,0.0,0.0,0.0,0.0,0.0,-4.133018908137385,0.3513451154372137,-3.2224465595122287,-4.233685122517303,0.0,-0.8029732216251397,-0.6773527255116244,-4.4248016424659
12,0.0,0.0,0.0,0.0,0.0,0.0,0.0,0.0,0.0,-0.7541064290912113,-0.6326741963180631,-0.8029732216251397,0.0,0.0,-1.3621765068016654
13,0.0,0.0,0.0,0.0,0.0,0.0,0.0,0.0,0.0,-0.8113770712623801,-0.9802778513667251,-0.6773527255116244,0.0,0.0,0.0
14,0.0,0.0,0.0,0.0,0.0,0.0,0.0,0.0,0.0,0.0,-5.43882222455308,-4.4248016424659,-1.3621765068016654,0.0,0.0
