,0,1,2,3,4,5,6,7,8,9,10,11,12,13,14,15,16,17,18,19,20
0,0.0,8.033319682309326,7.052224551025785,6.550142221193897,0.0,0.0,0.0,0.0,0.0,0.0,0.0,0.0,0.0,0.0,0.0,0.0,0.0,0.0,0.0,0.0,0.0
1,8.033319682309326,0.0,0.7944232439760768,0.04423066164828082,0.0,0.0,0.0,0.0,0.0,0.0,0.0,0.0,0.0,0.0,0.0,0.0,0.0,0.0,0.0,0.0,0.0
2,7.052224551025785,0.7944232439760768,0.0,0.33415173465918363,3.3151024463970615,1.1723128531861158,0.0,0.0,0.0,0.0,0.0,0.0,0.0,0.0,0.0,0.0,0.0,0.0,0.0,0.0,0.0
3,6.550142221193897,0.04423066164828082,0.33415173465918363,0.0,2.3735759447851206,-0.18253887744022637,-1.2959734983334192,0.0,0.0,0.0,0.0,0.0,0.0,0.0,0.0,0.0,0.0,0.0,0.0,0.0,0.0
4,0.0,0.0,3.3151024463970615,2.3735759447851206,0.0,1.9896977445107333,2.208042284527,0.0,0.0,0.0,0.0,0.0,0.0,0.0,0.0,0.0,0.0,0.0,0.0,0.0,0.0
5,0.0,0.0,1.1723128531861158,-0.18253887744022637,1.9896977445107333,0.0,-0.014659223937080468,-0.27560213479705087,0.0,0.0,0.0,0.0,0.0,0.0,0.0,0.0,0.0,0.0,0.0,0.0,0.0
6,0.0,0.0,0.0,-1.2959734983334192,2.208042284527,-0.014659223937080468,0.0,-0.35012996279301223,0.0,0.0,0.0,0.0,0.0,0.0,0.0,0.0,0.0,0.0,0.0,0.0,0.0
7,0.0,0.0,0.0,0.0,0.0,-0.27560213479705087,-0.35012996279301223,0.0,-1.0704268378207102,1.2334732537885018,0.0,0.0,0.0,0.0,0.0,0.0,0.0,0.0,0.0,0.0,0.0
8,0.0,0.0,0.0,0.0,0.0,0.0,0.0,-1.0704268378207102,0.0,0.19313623976615835,-2.5730229412701475,0.79196978535418,0.0,0.0,0.0,0.0,0.0,0.0,0.0,0.0,0.0
9,0.0,0.0,0.0,0.0,0.0,0.0,0.0,1.2334732537885018,0.19313623976615835,0.0,0.29062165151565633,0.9799803234653713,0.0,0.0,0.0,0.0,0.0,0.0,0.0,0.0,0.0
10,0.0,0.0,0.0,0.0,0.0,0.0,0.0,0.0,-2.5730229412701475,0.29062165151565633,0.0,0.7178717830461188,-0.7997420357980197,0.0,0.0,0.0,0.0,0.0,0.0,0.0,0.0
11,0.0,0.0,0.0,0.0,0.0,0.0,0.0,0.0,0.79196978535418,0.9799803234653713,0.7178717830461188,0.0,0.9648020970610431,0.0,0.0,0.0,0.0,0.0,0.0,0.0,0.0
12,0.0,0.0,0.0,0.0,0.0,0.0,0.0,0.0,0.0,0.0,-0.7997420357980197,0.9648020970610431,0.0,-0.5382377843305456,-1.6684378717058777,1.0873292973118496,0.0,0.0,0.0,0.0,0.0
13,0.0,0.0,0.0,0.0,0.0,0.0,0.0,0.0,0.0,0.0,0.0,0.0,-0.5382377843305456,0.0,0.0946655605849262,0.25094490800517943,0.0,0.0,0.0,0.0,0.0
14,0.0,0.0,0.0,0.0,0.0,0.0,0.0,0.0,0.0,0.0,0.0,0.0,-1.6684378717058777,0.0946655605849262,0.0,1.2528898431743982,0.0,0.0,0.0,0.0,0.0
15,0.0,0.0,0.0,0.0,0.0,0.0,0.0,0.0,0.0,0.0,0.0,0.0,1.0873292973118496,0.25094490800517943,1.2528898431743982,0.0,0.0,0.0,0.0,0.0,0.0
16,0.0,0.0,0.0,0.0,0.0,0.0,0.0,0.0,0.0,0.0,0.0,0.0,0.0,0.0,0.0,0.0,0.0,-2.4291099891066508,-2.5573583723880504,-3.3013888020367994,0.0
17,0.0,0.0,0.0,0.0,0.0,0.0,0.0,0.0,0.0,0.0,0.0,0.0,0.0,0.0,0.0,0.0,-2.4291099891066508,0.0,-2.4815376255886377,-2.9782654269055615,-1.133194645007463
18,0.0,0.0,0.0,0.0,0.0,0.0,0.0,0.0,0.0,0.0,0.0,0.0,0.0,0.0,0.0,0.0,-2.5573583723880504,-2.4815376255886377,0.0,-4.436478553513519,-1.0403545842854083
19,0.0,0.0,0.0,0.0,0.0,0.0,0.0,0.0,0.0,0.0,0.0,0.0,0.0,0.0,0.0,0.0,-3.3013888020367994,-2.9782654269055615,-4.436478553513519,0.0,-1.481293953943718
20,0.0,0.0,0.0,0.0,0.0,0.0,0.0,0.0,0.0,0.0,0.0,0.0,0.0,0.0,0.0,0.0,0.0,-1.133194645007463,-1.0403545842854083,-1.481293953943718,0.0
