,0,1,2,3,4,5,6,7,8,9,10,11,12
0,0.0,6.856110731070985,0.8394947928336404,1.047901003079439,0.0,0.0,0.0,0.0,0.0,0.0,0.0,0.0,0.0
1,6.856110731070985,0.0,6.34849954843496,5.349140820026908,0.0,0.0,0.0,0.0,0.0,0.0,0.0,0.0,0.0
2,0.8394947928336404,6.34849954843496,0.0,-0.24510351755550683,1.1722257617325327,0.0,0.0,0.0,0.0,0.0,0.0,0.0,0.0
3,1.047901003079439,5.349140820026908,-0.24510351755550683,0.0,0.7884999538699812,-0.44694156889607517,-0.20272118758656502,0.0,0.0,0.0,0.0,0.0,0.0
4,0.0,0.0,1.1722257617325327,0.7884999538699812,0.0,-0.8471656647436618,-1.654941712048302,0.0,0.0,0.0,0.0,0.0,0.0
5,0.0,0.0,0.0,-0.44694156889607517,-0.8471656647436618,0.0,-1.682425673242585,0.0,0.0,0.0,0.0,0.0,0.0
6,0.0,0.0,0.0,-0.20272118758656502,-1.654941712048302,-1.682425673242585,0.0,-1.8990577522659946,-2.741793652870478,0.8809302926434864,0.0,0.0,0.0
7,0.0,0.0,0.0,0.0,0.0,0.0,-1.8990577522659946,0.0,-2.2653373234653085,0.47016348918544837,0.0,0.0,0.0
8,0.0,0.0,0.0,0.0,0.0,0.0,-2.741793652870478,-2.2653373234653085,0.0,0.014050740133653703,-4.149155120922595,0.0,0.0
9,0.0,0.0,0.0,0.0,0.0,0.0,0.8809302926434864,0.47016348918544837,0.014050740133653703,0.0,-1.201181622471781,-1.562146596172919,-2.630708702892971
10,0.0,0.0,0.0,0.0,0.0,0.0,0.0,0.0,-4.149155120922595,-1.201181622471781,0.0,-1.1833572359463125,-3.6472685308501283
11,0.0,0.0,0.0,0.0,0.0,0.0,0.0,0.0,0.0,-1.562146596172919,-1.1833572359463125,0.0,-2.5328941646182614
12,0.0,0.0,0.0,0.0,0.0,0.0,0.0,0.0,0.0,-2.630708702892971,-3.6472685308501283,-2.5328941646182614,0.0
