,0,1,2,3,4,5,6,7,8,9,10,11,12,13,14
0,0.0,8.73861651407305,8.184287585550862,7.37705710372922,0.0,0.0,0.0,0.0,0.0,0.0,0.0,0.0,0.0,0.0,0.0
1,8.73861651407305,0.0,0.29398337211211617,-0.4322455888323652,1.5479785859564787,0.0,0.0,0.0,0.0,0.0,0.0,0.0,0.0,0.0,0.0
2,8.184287585550862,0.29398337211211617,0.0,-3.7825240134258165,0.7229973543196822,0.0,0.0,0.0,0.0,0.0,0.0,0.0,0.0,0.0,0.0
3,7.37705710372922,-0.4322455888323652,-3.7825240134258165,0.0,0.0744322626523859,-0.2551430717038024,-1.6298239300302872,0.0,0.0,0.0,0.0,0.0,0.0,0.0,0.0
4,0.0,1.5479785859564787,0.7229973543196822,0.0744322626523859,0.0,-0.27670752061812426,0.29399612312974277,0.0,0.0,0.0,0.0,0.0,0.0,0.0,0.0
5,0.0,0.0,0.0,-0.2551430717038024,-0.27670752061812426,0.0,-0.5193665570456856,0.0,0.0,0.0,0.0,0.0,0.0,0.0,0.0
6,0.0,0.0,0.0,-1.6298239300302872,0.29399612312974277,-0.5193665570456856,0.0,-1.6446381873551903,-0.9269335402769607,0.0,0.0,0.0,0.0,0.0,0.0
7,0.0,0.0,0.0,0.0,0.0,0.0,-1.6446381873551903,0.0,-1.1421961400565626,0.02289203337890178,0.0,0.0,0.0,0.0,0.0
8,0.0,0.0,0.0,0.0,0.0,0.0,-0.9269335402769607,-1.1421961400565626,0.0,-1.1897216322999342,-2.2925593553132724,0.0,0.0,0.0,0.0
9,0.0,0.0,0.0,0.0,0.0,0.0,0.0,0.02289203337890178,-1.1897216322999342,0.0,-1.0120568363504663,-1.2552712849002403,0.0,0.0,0.0
10,0.0,0.0,0.0,0.0,0.0,0.0,0.0,0.0,-2.2925593553132724,-1.0120568363504663,0.0,-2.7571794602179454,0.0,0.0,0.0
11,0.0,0.0,0.0,0.0,0.0,0.0,0.0,0.0,0.0,-1.2552712849002403,-2.7571794602179454,0.0,-1.5953580754569343,-4.859747811833302,-1.059232331891384
12,0.0,0.0,0.0,0.0,0.0,0.0,0.0,0.0,0.0,0.0,0.0,-1.5953580754569343,0.0,-2.511307980731317,-0.692373191634398
13,0.0,0.0,0.0,0.0,0.0,0.0,0.0,0.0,0.0,0.0,0.0,-4.859747811833302,-2.511307980731317,0.0,-1.5838100439831013
14,0.0,0.0,0.0,0.0,0.0,0.0,0.0,0.0,0.0,0.0,0.0,-1.059232331891384,-0.692373191634398,-1.5838100439831013,0.0
