,0,1,2,3,4,5,6,7,8,9,10,11,12,13,14
0,0.0,7.870807955589371,7.763915174285272,7.818613845866781,0.0,0.0,0.0,0.0,0.0,0.0,0.0,0.0,0.0,0.0,0.0
1,7.870807955589371,0.0,-1.3346793188249113,2.240345089570679,-2.1985166237307063,0.0,0.0,0.0,0.0,0.0,0.0,0.0,0.0,0.0,0.0
2,7.763915174285272,-1.3346793188249113,0.0,2.175228578287623,-1.9856499556592329,0.0,0.0,0.0,0.0,0.0,0.0,0.0,0.0,0.0,0.0
3,7.818613845866781,2.240345089570679,2.175228578287623,0.0,1.7756674471851126,0.0,0.0,0.0,0.0,0.0,0.0,0.0,0.0,0.0,0.0
4,0.0,-2.1985166237307063,-1.9856499556592329,1.7756674471851126,0.0,0.0,0.0,0.0,0.0,0.0,0.0,0.0,0.0,0.0,0.0
5,0.0,0.0,0.0,0.0,0.0,0.0,3.7507124117222626,3.171669742706219,2.8641859728448007,0.0,0.0,0.0,0.0,0.0,0.0
6,0.0,0.0,0.0,0.0,0.0,3.7507124117222626,0.0,-1.3817013470766144,-2.351962377262363,0.0,0.0,0.0,0.0,0.0,0.0
7,0.0,0.0,0.0,0.0,0.0,3.171669742706219,-1.3817013470766144,0.0,-2.857202999085457,-0.27161490855074405,1.5535038353367983,0.0,0.0,0.0,0.0
8,0.0,0.0,0.0,0.0,0.0,2.8641859728448007,-2.351962377262363,-2.857202999085457,0.0,-0.803486400960316,1.4236858456701513,0.0,0.0,0.0,0.0
9,0.0,0.0,0.0,0.0,0.0,0.0,0.0,-0.27161490855074405,-0.803486400960316,0.0,1.6558066656437456,0.0,0.0,0.0,0.0
10,0.0,0.0,0.0,0.0,0.0,0.0,0.0,1.5535038353367983,1.4236858456701513,1.6558066656437456,0.0,1.113061216209346,0.7132090784760434,1.3832629207889444,0.0
11,0.0,0.0,0.0,0.0,0.0,0.0,0.0,0.0,0.0,0.0,1.113061216209346,0.0,0.881512656374451,1.1810010045932497,1.1143881435877852
12,0.0,0.0,0.0,0.0,0.0,0.0,0.0,0.0,0.0,0.0,0.7132090784760434,0.881512656374451,0.0,0.8013260459846907,-0.5579836614075042
13,0.0,0.0,0.0,0.0,0.0,0.0,0.0,0.0,0.0,0.0,1.3832629207889444,1.1810010045932497,0.8013260459846907,0.0,1.0432909697557284
14,0.0,0.0,0.0,0.0,0.0,0.0,0.0,0.0,0.0,0.0,0.0,1.1143881435877852,-0.5579836614075042,1.0432909697557284,0.0
