,0,1,2,3,4,5,6,7,8,9,10,11,12,13,14,15
0,0.0,2.894993691761418,1.4590705069462169,8.449878409108699,0.0,0.0,0.0,0.0,0.0,0.0,0.0,0.0,0.0,0.0,0.0,0.0
1,2.894993691761418,0.0,2.4737365257579262,7.737683504301285,1.470374390653123,0.0,0.0,0.0,0.0,0.0,0.0,0.0,0.0,0.0,0.0,0.0
2,1.4590705069462169,2.4737365257579262,0.0,7.428169824641272,0.35885318006537953,0.0,0.0,0.0,0.0,0.0,0.0,0.0,0.0,0.0,0.0,0.0
3,8.449878409108699,7.737683504301285,7.428169824641272,0.0,7.089611140053129,6.5961090232286566,0.0,0.0,0.0,0.0,0.0,0.0,0.0,0.0,0.0,0.0
4,0.0,1.470374390653123,0.35885318006537953,7.089611140053129,0.0,-0.7960402536271171,-2.257284399697444,0.0,0.0,0.0,0.0,0.0,0.0,0.0,0.0,0.0
5,0.0,0.0,0.0,6.5961090232286566,-0.7960402536271171,0.0,-0.9021008510497581,-1.709831216209677,-0.9915647281517143,0.0,0.0,0.0,0.0,0.0,0.0,0.0
6,0.0,0.0,0.0,0.0,-2.257284399697444,-0.9021008510497581,0.0,-1.8870661161620215,-2.836626232597077,0.0,0.0,0.0,0.0,0.0,0.0,0.0
7,0.0,0.0,0.0,0.0,0.0,-1.709831216209677,-1.8870661161620215,0.0,-2.2272769961068906,-2.4508609410354616,0.0,0.0,0.0,0.0,0.0,0.0
8,0.0,0.0,0.0,0.0,0.0,-0.9915647281517143,-2.836626232597077,-2.2272769961068906,0.0,-2.1515324946524235,0.6816796154535979,0.0,0.0,0.0,0.0,0.0
9,0.0,0.0,0.0,0.0,0.0,0.0,0.0,-2.4508609410354616,-2.1515324946524235,0.0,0.6165607562686338,0.0,0.0,0.0,0.0,0.0
10,0.0,0.0,0.0,0.0,0.0,0.0,0.0,0.0,0.6816796154535979,0.6165607562686338,0.0,-0.78329472797852,0.0,0.0,0.0,0.0
11,0.0,0.0,0.0,0.0,0.0,0.0,0.0,0.0,0.0,0.0,-0.78329472797852,0.0,-1.0603312496915196,-0.9466246522398426,-3.6150876088714434,0.0
12,0.0,0.0,0.0,0.0,0.0,0.0,0.0,0.0,0.0,0.0,0.0,-1.0603312496915196,0.0,-0.16863278225080827,-0.9849589517561081,0.7058279547509837
13,0.0,0.0,0.0,0.0,0.0,0.0,0.0,0.0,0.0,0.0,0.0,-0.9466246522398426,-0.16863278225080827,0.0,-1.6637235382271427,1.2285834957490742
14,0.0,0.0,0.0,0.0,0.0,0.0,0.0,0.0,0.0,0.0,0.0,-3.6150876088714434,-0.9849589517561081,-1.6637235382271427,0.0,0.7587918361261737
15,0.0,0.0,0.0,0.0,0.0,0.0,0.0,0.0,0.0,0.0,0.0,0.0,0.7058279547509837,1.2285834957490742,0.7587918361261737,0.0
