,0,1,2,3,4,5,6,7,8,9,10,11,12,13,14,15,16,17,18,19,20,21,22
0,0.0,7.850492502826331,7.27567644127926,-0.9146026415945967,0.0,0.0,0.0,0.0,0.0,0.0,0.0,0.0,0.0,0.0,0.0,0.0,0.0,0.0,0.0,0.0,0.0,0.0,0.0
1,7.850492502826331,0.0,0.39831004959237176,6.145388812493828,-0.5045496575638444,0.0,0.0,0.0,0.0,0.0,0.0,0.0,0.0,0.0,0.0,0.0,0.0,0.0,0.0,0.0,0.0,0.0,0.0
2,7.27567644127926,0.39831004959237176,0.0,5.569382225436216,-0.40853559678348533,-0.951387263726263,0.0,0.0,0.0,0.0,0.0,0.0,0.0,0.0,0.0,0.0,0.0,0.0,0.0,0.0,0.0,0.0,0.0
3,-0.9146026415945967,6.145388812493828,5.569382225436216,0.0,4.981168924966656,4.914807957735981,0.0,0.0,0.0,0.0,0.0,0.0,0.0,0.0,0.0,0.0,0.0,0.0,0.0,0.0,0.0,0.0,0.0
4,0.0,-0.5045496575638444,-0.40853559678348533,4.981168924966656,0.0,-2.3389786239394375,0.7993543219037614,0.475016178926325,0.0,0.0,0.0,0.0,0.0,0.0,0.0,0.0,0.0,0.0,0.0,0.0,0.0,0.0,0.0
5,0.0,0.0,-0.951387263726263,4.914807957735981,-2.3389786239394375,0.0,0.551914983556236,0.20366657832650364,0.0,0.0,0.0,0.0,0.0,0.0,0.0,0.0,0.0,0.0,0.0,0.0,0.0,0.0,0.0
6,0.0,0.0,0.0,0.0,0.7993543219037614,0.551914983556236,0.0,-1.9824866379999484,0.20423361219782007,0.0,1.4508398077562987,0.0,0.0,0.0,0.0,0.0,0.0,0.0,0.0,0.0,0.0,0.0,0.0
7,0.0,0.0,0.0,0.0,0.475016178926325,0.20366657832650364,-1.9824866379999484,0.0,-0.0116779494236841,0.0,1.3267202740619017,0.0,0.0,0.0,0.0,0.0,0.0,0.0,0.0,0.0,0.0,0.0,0.0
8,0.0,0.0,0.0,0.0,0.0,0.0,0.20423361219782007,-0.0116779494236841,0.0,1.789886963941723,0.05006412440892113,0.0,0.0,0.0,0.0,0.0,0.0,0.0,0.0,0.0,0.0,0.0,0.0
9,0.0,0.0,0.0,0.0,0.0,0.0,0.0,0.0,1.789886963941723,0.0,1.2172464425625056,0.09330866988861945,0.0,0.0,0.0,0.0,0.0,0.0,0.0,0.0,0.0,0.0,0.0
10,0.0,0.0,0.0,0.0,0.0,0.0,1.4508398077562987,1.3267202740619017,0.05006412440892113,1.2172464425625056,0.0,0.7740210348919062,0.0,0.0,0.0,0.0,0.0,0.0,0.0,0.0,0.0,0.0,0.0
11,0.0,0.0,0.0,0.0,0.0,0.0,0.0,0.0,0.0,0.09330866988861945,0.7740210348919062,0.0,0.0,1.8970992768886714,0.0,0.0,0.0,0.0,0.0,0.0,0.0,0.0,0.0
12,0.0,0.0,0.0,0.0,0.0,0.0,0.0,0.0,0.0,0.0,0.0,0.0,0.0,0.9127993483480068,-1.3551926232719123,-0.842124833156588,0.0,0.0,0.0,0.0,0.0,0.0,0.0
13,0.0,0.0,0.0,0.0,0.0,0.0,0.0,0.0,0.0,0.0,0.0,1.8970992768886714,0.9127993483480068,0.0,0.33477686997731576,0.5836027864224697,0.0,0.0,0.0,0.0,0.0,0.0,0.0
14,0.0,0.0,0.0,0.0,0.0,0.0,0.0,0.0,0.0,0.0,0.0,0.0,-1.3551926232719123,0.33477686997731576,0.0,-0.3438262038993642,-2.729824867918474,0.0,0.0,0.0,0.0,0.0,0.0
15,0.0,0.0,0.0,0.0,0.0,0.0,0.0,0.0,0.0,0.0,0.0,0.0,-0.842124833156588,0.5836027864224697,-0.3438262038993642,0.0,-1.3517401694769837,0.0,0.0,0.0,0.0,0.0,0.0
16,0.0,0.0,0.0,0.0,0.0,0.0,0.0,0.0,0.0,0.0,0.0,0.0,0.0,0.0,-2.729824867918474,-1.3517401694769837,0.0,-2.9394088225751194,-3.816196296309032,0.0,1.0435340334527532,0.0,0.0
17,0.0,0.0,0.0,0.0,0.0,0.0,0.0,0.0,0.0,0.0,0.0,0.0,0.0,0.0,0.0,0.0,-2.9394088225751194,0.0,-2.251616904221573,-1.179650624517151,1.0646454688017237,0.0,0.0
18,0.0,0.0,0.0,0.0,0.0,0.0,0.0,0.0,0.0,0.0,0.0,0.0,0.0,0.0,0.0,0.0,-3.816196296309032,-2.251616904221573,0.0,-0.5229739792431073,0.612412833069871,-2.061570194444771,-1.229106067387464
19,0.0,0.0,0.0,0.0,0.0,0.0,0.0,0.0,0.0,0.0,0.0,0.0,0.0,0.0,0.0,0.0,0.0,-1.179650624517151,-0.5229739792431073,0.0,0.0,-1.7588336341955602,-0.5841610521878939
20,0.0,0.0,0.0,0.0,0.0,0.0,0.0,0.0,0.0,0.0,0.0,0.0,0.0,0.0,0.0,0.0,1.0435340334527532,1.0646454688017237,0.612412833069871,0.0,0.0,0.0,0.0
21,0.0,0.0,0.0,0.0,0.0,0.0,0.0,0.0,0.0,0.0,0.0,0.0,0.0,0.0,0.0,0.0,0.0,0.0,-2.061570194444771,-1.7588336341955602,0.0,0.0,-1.461345685496073
22,0.0,0.0,0.0,0.0,0.0,0.0,0.0,0.0,0.0,0.0,0.0,0.0,0.0,0.0,0.0,0.0,0.0,0.0,-1.229106067387464,-0.5841610521878939,0.0,-1.461345685496073,0.0
