,0,1,2,3,4,5,6,7,8,9,10,11,12,13,14,15,16,17,18,19,20,21,22,23,24
0,0.0,5.784415777345973,6.067812405654911,5.784664034573836,0.0,0.0,0.0,0.0,0.0,0.0,0.0,0.0,0.0,0.0,0.0,0.0,0.0,0.0,0.0,0.0,0.0,0.0,0.0,0.0,0.0
1,5.784415777345973,0.0,1.7717527966461208,1.0387270975631253,3.0443946614172765,0.0,0.0,0.0,0.0,0.0,0.0,0.0,0.0,0.0,0.0,0.0,0.0,0.0,0.0,0.0,0.0,0.0,0.0,0.0,0.0
2,6.067812405654911,1.7717527966461208,0.0,0.018571033985731105,3.2882426627763297,0.0,0.0,0.0,0.0,0.0,0.0,0.0,0.0,0.0,0.0,0.0,0.0,0.0,0.0,0.0,0.0,0.0,0.0,0.0,0.0
3,5.784664034573836,1.0387270975631253,0.018571033985731105,0.0,2.805241690145324,0.0,0.0,0.0,0.0,0.0,0.0,0.0,0.0,0.0,0.0,0.0,0.0,0.0,0.0,0.0,0.0,0.0,0.0,0.0,0.0
4,0.0,3.0443946614172765,3.2882426627763297,2.805241690145324,0.0,0.0422719362043055,-0.3778490135970356,0.0,0.0,0.0,0.0,0.0,0.0,0.0,0.0,0.0,0.0,0.0,0.0,0.0,0.0,0.0,0.0,0.0,0.0
5,0.0,0.0,0.0,0.0,0.0422719362043055,0.0,-1.0498150440517193,0.019930683067700163,0.01999905841384214,0.0,0.0,0.0,0.0,0.0,0.0,0.0,0.0,0.0,0.0,0.0,0.0,0.0,0.0,0.0,0.0
6,0.0,0.0,0.0,0.0,-0.3778490135970356,-1.0498150440517193,0.0,-0.9572154529207337,-0.4498414749715036,0.0,0.0,0.0,0.0,0.0,0.0,0.0,0.0,0.0,0.0,0.0,0.0,0.0,0.0,0.0,0.0
7,0.0,0.0,0.0,0.0,0.0,0.019930683067700163,-0.9572154529207337,0.0,-0.36550329470652654,-0.20098205850863418,-1.776474437335167,0.0,0.0,0.0,0.0,0.0,0.0,0.0,0.0,0.0,0.0,0.0,0.0,0.0,0.0
8,0.0,0.0,0.0,0.0,0.0,0.01999905841384214,-0.4498414749715036,-0.36550329470652654,0.0,0.27514109121427965,-0.6129127126161685,0.0,0.0,0.0,0.0,0.0,0.0,0.0,0.0,0.0,0.0,0.0,0.0,0.0,0.0
9,0.0,0.0,0.0,0.0,0.0,0.0,0.0,-0.20098205850863418,0.27514109121427965,0.0,-0.06651643507020075,-0.7222198567304151,-0.7441597032420713,0.0,0.0,0.0,0.0,0.0,0.0,0.0,0.0,0.0,0.0,0.0,0.0
10,0.0,0.0,0.0,0.0,0.0,0.0,0.0,-1.776474437335167,-0.6129127126161685,-0.06651643507020075,0.0,-1.34163664992126,0.0,0.0,0.0,0.0,0.0,0.0,0.0,0.0,0.0,0.0,0.0,0.0,0.0
11,0.0,0.0,0.0,0.0,0.0,0.0,0.0,0.0,0.0,-0.7222198567304151,-1.34163664992126,0.0,-2.4497424267615964,0.0,0.0,0.0,0.0,0.0,0.0,0.0,0.0,0.0,0.0,0.0,0.0
12,0.0,0.0,0.0,0.0,0.0,0.0,0.0,0.0,0.0,-0.7441597032420713,0.0,-2.4497424267615964,0.0,0.0,-1.6128941225097357,0.0,0.0,0.0,0.0,0.0,0.0,0.0,0.0,0.0,0.0
13,0.0,0.0,0.0,0.0,0.0,0.0,0.0,0.0,0.0,0.0,0.0,0.0,0.0,0.0,0.0,0.10649796041077328,-0.052191533855215556,0.0,0.0,0.2058817364235023,0.0,0.0,0.0,0.0,0.0
14,0.0,0.0,0.0,0.0,0.0,0.0,0.0,0.0,0.0,0.0,0.0,0.0,-1.6128941225097357,0.0,0.0,-2.271936617885338,-1.7364032223224006,-1.9245384898099949,-2.2668843540323067,-3.072235439887302,0.0,0.0,0.0,0.0,0.0
15,0.0,0.0,0.0,0.0,0.0,0.0,0.0,0.0,0.0,0.0,0.0,0.0,0.0,0.10649796041077328,-2.271936617885338,0.0,-4.114974338265483,-1.2604655596058092,0.0,-4.026709612348986,0.0,0.0,0.0,0.0,0.0
16,0.0,0.0,0.0,0.0,0.0,0.0,0.0,0.0,0.0,0.0,0.0,0.0,0.0,-0.052191533855215556,-1.7364032223224006,-4.114974338265483,0.0,0.0,-2.557831148011251,-2.807419951446809,0.0,0.0,0.0,0.0,0.0
17,0.0,0.0,0.0,0.0,0.0,0.0,0.0,0.0,0.0,0.0,0.0,0.0,0.0,0.0,-1.9245384898099949,-1.2604655596058092,0.0,0.0,0.0,-1.898675562504152,0.0,0.0,0.0,0.0,0.0
18,0.0,0.0,0.0,0.0,0.0,0.0,0.0,0.0,0.0,0.0,0.0,0.0,0.0,0.0,-2.2668843540323067,0.0,-2.557831148011251,0.0,0.0,-3.1827786355272787,0.0,0.0,0.0,0.0,0.0
19,0.0,0.0,0.0,0.0,0.0,0.0,0.0,0.0,0.0,0.0,0.0,0.0,0.0,0.2058817364235023,-3.072235439887302,-4.026709612348986,-2.807419951446809,-1.898675562504152,-3.1827786355272787,0.0,-3.921032278071148,0.0,0.0,0.0,0.0
20,0.0,0.0,0.0,0.0,0.0,0.0,0.0,0.0,0.0,0.0,0.0,0.0,0.0,0.0,0.0,0.0,0.0,0.0,0.0,-3.921032278071148,0.0,-2.3982978416365217,-4.215685212744509,0.0,0.0
21,0.0,0.0,0.0,0.0,0.0,0.0,0.0,0.0,0.0,0.0,0.0,0.0,0.0,0.0,0.0,0.0,0.0,0.0,0.0,0.0,-2.3982978416365217,0.0,-3.4337767469884737,-2.0799578498880216,-3.945103369998725
22,0.0,0.0,0.0,0.0,0.0,0.0,0.0,0.0,0.0,0.0,0.0,0.0,0.0,0.0,0.0,0.0,0.0,0.0,0.0,0.0,-4.215685212744509,-3.4337767469884737,0.0,-2.1722461774374193,-4.392664003860055
23,0.0,0.0,0.0,0.0,0.0,0.0,0.0,0.0,0.0,0.0,0.0,0.0,0.0,0.0,0.0,0.0,0.0,0.0,0.0,0.0,0.0,-2.0799578498880216,-2.1722461774374193,0.0,-3.3348537383503856
24,0.0,0.0,0.0,0.0,0.0,0.0,0.0,0.0,0.0,0.0,0.0,0.0,0.0,0.0,0.0,0.0,0.0,0.0,0.0,0.0,0.0,-3.945103369998725,-4.392664003860055,-3.3348537383503856,0.0
