,0,1,2,3,4,5,6,7,8,9,10,11,12,13,14,15
0,0.0,6.385540884529314,6.254693686482056,6.155684723845357,0.0,0.0,0.0,0.0,0.0,0.0,0.0,0.0,0.0,0.0,0.0,0.0
1,6.385540884529314,0.0,0.07791763968682386,0.8591801960408718,0.5943195652218597,0.0,0.0,0.0,0.0,0.0,0.0,0.0,0.0,0.0,0.0,0.0
2,6.254693686482056,0.07791763968682386,0.0,0.4513181258852375,0.3107332813749729,0.0,0.0,0.0,0.0,0.0,0.0,0.0,0.0,0.0,0.0,0.0
3,6.155684723845357,0.8591801960408718,0.4513181258852375,0.0,0.06577287109451382,0.0,0.0,0.0,0.0,0.0,0.0,0.0,0.0,0.0,0.0,0.0
4,0.0,0.5943195652218597,0.3107332813749729,0.06577287109451382,0.0,0.33720966722412105,-0.11015277379831001,3.00643644658518,0.0,0.0,0.0,0.0,0.0,0.0,0.0,0.0
5,0.0,0.0,0.0,0.0,0.33720966722412105,0.0,0.6550316859199139,3.15208826129144,0.0,0.0,0.0,0.0,0.0,0.0,0.0,0.0
6,0.0,0.0,0.0,0.0,-0.11015277379831001,0.6550316859199139,0.0,3.012571680741811,-0.7984465051788437,0.0,0.0,0.0,0.0,0.0,0.0,0.0
7,0.0,0.0,0.0,0.0,3.00643644658518,3.15208826129144,3.012571680741811,0.0,2.6105865536307173,0.0,0.0,0.0,0.0,0.0,0.0,0.0
8,0.0,0.0,0.0,0.0,0.0,0.0,-0.7984465051788437,2.6105865536307173,0.0,-1.8212848448397752,0.0,0.0,0.0,0.0,0.0,0.0
9,0.0,0.0,0.0,0.0,0.0,0.0,0.0,0.0,-1.8212848448397752,0.0,-1.5340636576077555,-1.7117673286278428,0.0,0.0,0.0,0.0
10,0.0,0.0,0.0,0.0,0.0,0.0,0.0,0.0,0.0,-1.5340636576077555,0.0,-1.8241046759270416,2.369109629861186,0.0,0.0,0.0
11,0.0,0.0,0.0,0.0,0.0,0.0,0.0,0.0,0.0,-1.7117673286278428,-1.8241046759270416,0.0,2.0460421119596464,-2.3962283569438285,0.0,0.0
12,0.0,0.0,0.0,0.0,0.0,0.0,0.0,0.0,0.0,0.0,2.369109629861186,2.0460421119596464,0.0,1.3285016401662912,1.3847326204633081,0.3356168978892523
13,0.0,0.0,0.0,0.0,0.0,0.0,0.0,0.0,0.0,0.0,0.0,-2.3962283569438285,1.3285016401662912,0.0,-2.797793740019212,-2.6493093012791427
14,0.0,0.0,0.0,0.0,0.0,0.0,0.0,0.0,0.0,0.0,0.0,0.0,1.3847326204633081,-2.797793740019212,0.0,-2.622350601033493
15,0.0,0.0,0.0,0.0,0.0,0.0,0.0,0.0,0.0,0.0,0.0,0.0,0.3356168978892523,-2.6493093012791427,-2.622350601033493,0.0
