,0,1,2,3,4,5,6,7,8,9,10,11,12,13,14,15,16
0,0.0,8.105174143592613,7.159532716736837,7.042765398704353,0.0,0.0,0.0,0.0,0.0,0.0,0.0,0.0,0.0,0.0,0.0,0.0,0.0
1,8.105174143592613,0.0,4.109207426549363,3.4353086097676204,0.0,0.0,0.0,0.0,0.0,0.0,0.0,0.0,0.0,0.0,0.0,0.0,0.0
2,7.159532716736837,4.109207426549363,0.0,0.9467144169456849,1.0941697803979722,-0.5258986658830964,0.0,0.0,0.0,0.0,0.0,0.0,0.0,0.0,0.0,0.0,0.0
3,7.042765398704353,3.4353086097676204,0.9467144169456849,0.0,0.7636900903505108,-0.839419930571059,0.0,0.0,0.0,0.0,0.0,0.0,0.0,0.0,0.0,0.0,0.0
4,0.0,0.0,1.0941697803979722,0.7636900903505108,0.0,0.41179402328988257,-0.008480973089278306,0.0,0.0,0.0,0.0,0.0,0.0,0.0,0.0,0.0,0.0
5,0.0,0.0,-0.5258986658830964,-0.839419930571059,0.41179402328988257,0.0,-2.37341590000467,-1.3698325996937217,-2.317900326380579,0.0,0.0,0.0,0.0,0.0,0.0,0.0,0.0
6,0.0,0.0,0.0,0.0,-0.008480973089278306,-2.37341590000467,0.0,-2.233033164803026,-1.2559606268351309,0.0,0.0,0.0,0.0,0.0,0.0,0.0,0.0
7,0.0,0.0,0.0,0.0,0.0,-1.3698325996937217,-2.233033164803026,0.0,-0.929858927813713,0.0,0.0,0.0,0.0,0.0,0.0,0.0,0.0
8,0.0,0.0,0.0,0.0,0.0,-2.317900326380579,-1.2559606268351309,-0.929858927813713,0.0,0.0,0.0,0.0,0.0,0.0,0.0,0.0,0.0
9,0.0,0.0,0.0,0.0,0.0,0.0,0.0,0.0,0.0,0.0,2.4199667092756356,2.237738031774488,1.957412635380159,0.0,0.0,0.0,0.0
10,0.0,0.0,0.0,0.0,0.0,0.0,0.0,0.0,0.0,2.4199667092756356,0.0,-1.107478989748308,-1.403794732504522,0.0,0.0,0.0,0.0
11,0.0,0.0,0.0,0.0,0.0,0.0,0.0,0.0,0.0,2.237738031774488,-1.107478989748308,0.0,-3.251990172088712,0.0,0.0,0.0,0.0
12,0.0,0.0,0.0,0.0,0.0,0.0,0.0,0.0,0.0,1.957412635380159,-1.403794732504522,-3.251990172088712,0.0,-2.5983223245096423,-2.0859377358796385,0.0,0.0
13,0.0,0.0,0.0,0.0,0.0,0.0,0.0,0.0,0.0,0.0,0.0,0.0,-2.5983223245096423,0.0,-3.0336862395415523,0.8747364567562684,1.2509285744616572
14,0.0,0.0,0.0,0.0,0.0,0.0,0.0,0.0,0.0,0.0,0.0,0.0,-2.0859377358796385,-3.0336862395415523,0.0,0.8547008476933674,1.2245012311474093
15,0.0,0.0,0.0,0.0,0.0,0.0,0.0,0.0,0.0,0.0,0.0,0.0,0.0,0.8747364567562684,0.8547008476933674,0.0,1.4584642815449074
16,0.0,0.0,0.0,0.0,0.0,0.0,0.0,0.0,0.0,0.0,0.0,0.0,0.0,1.2509285744616572,1.2245012311474093,1.4584642815449074,0.0
