,0,1,2,3,4,5,6,7,8,9,10,11,12,13,14,15,16,17,18,19
0,0.0,8.462340663157796,7.836558874666042,7.783599805313738,0.0,0.0,0.0,0.0,0.0,0.0,0.0,0.0,0.0,0.0,0.0,0.0,0.0,0.0,0.0,0.0
1,8.462340663157796,0.0,0.8029076575531278,1.4053679226901965,0.0,1.3706892498219279,0.0,0.0,0.0,0.0,0.0,0.0,0.0,0.0,0.0,0.0,0.0,0.0,0.0,0.0
2,7.836558874666042,0.8029076575531278,0.0,0.858312581795597,-1.5476999227989052,1.5262943262679731,0.0,0.0,0.0,0.0,0.0,0.0,0.0,0.0,0.0,0.0,0.0,0.0,0.0,0.0
3,7.783599805313738,1.4053679226901965,0.858312581795597,0.0,0.724958817843474,1.814981989640382,0.0,0.0,0.0,0.0,0.0,0.0,0.0,0.0,0.0,0.0,0.0,0.0,0.0,0.0
4,0.0,0.0,-1.5476999227989052,0.724958817843474,0.0,1.0216114620893888,0.0,0.0,0.0,0.0,0.0,0.0,0.0,0.0,0.0,0.0,0.0,0.0,0.0,0.0
5,0.0,1.3706892498219279,1.5262943262679731,1.814981989640382,1.0216114620893888,0.0,0.0,0.0,0.0,0.0,0.0,0.0,0.0,0.0,0.0,0.0,0.0,0.0,0.0,0.0
6,0.0,0.0,0.0,0.0,0.0,0.0,0.0,-0.42068845871060806,-0.8775025425836713,0.0,0.0,2.1463559305433364,0.0,0.0,0.0,0.0,0.0,0.0,0.0,0.0
7,0.0,0.0,0.0,0.0,0.0,0.0,-0.42068845871060806,0.0,-1.853479109611598,0.0,0.0,1.8209538715589695,0.0,0.0,0.0,0.0,0.0,0.0,0.0,0.0
8,0.0,0.0,0.0,0.0,0.0,0.0,-0.8775025425836713,-1.853479109611598,0.0,-2.1379696092877793,-0.07657250297774429,1.1570384465043124,0.0,0.0,0.0,0.0,0.0,0.0,0.0,0.0
9,0.0,0.0,0.0,0.0,0.0,0.0,0.0,0.0,-2.1379696092877793,0.0,-0.5300150068216779,1.1759579091148558,0.0,0.0,0.0,0.0,0.0,0.0,0.0,0.0
10,0.0,0.0,0.0,0.0,0.0,0.0,0.0,0.0,-0.07657250297774429,-0.5300150068216779,0.0,1.4617663720360567,-0.8657855158368564,0.0,0.0,0.0,0.0,0.0,0.0,0.0
11,0.0,0.0,0.0,0.0,0.0,0.0,2.1463559305433364,1.8209538715589695,1.1570384465043124,1.1759579091148558,1.4617663720360567,0.0,0.0,0.0,0.0,0.0,0.0,0.0,0.0,0.0
12,0.0,0.0,0.0,0.0,0.0,0.0,0.0,0.0,0.0,0.0,-0.8657855158368564,0.0,0.0,1.9933587098234087,-5.241214451100959,-4.4414407638929685,0.0,0.0,0.0,0.0
13,0.0,0.0,0.0,0.0,0.0,0.0,0.0,0.0,0.0,0.0,0.0,0.0,1.9933587098234087,0.0,1.9353467950398768,1.3985275549908935,1.2322393456868859,0.0,0.0,0.0
14,0.0,0.0,0.0,0.0,0.0,0.0,0.0,0.0,0.0,0.0,0.0,0.0,-5.241214451100959,1.9353467950398768,0.0,-4.923223672921502,0.3582182867342993,0.0,0.0,0.0
15,0.0,0.0,0.0,0.0,0.0,0.0,0.0,0.0,0.0,0.0,0.0,0.0,-4.4414407638929685,1.3985275549908935,-4.923223672921502,0.0,-0.07451293760742436,0.7082862189013532,0.6695116407222472,0.0
16,0.0,0.0,0.0,0.0,0.0,0.0,0.0,0.0,0.0,0.0,0.0,0.0,0.0,1.2322393456868859,0.3582182867342993,-0.07451293760742436,0.0,0.0,0.15671874194676988,0.5563604002114791
17,0.0,0.0,0.0,0.0,0.0,0.0,0.0,0.0,0.0,0.0,0.0,0.0,0.0,0.0,0.0,0.7082862189013532,0.0,0.0,-2.70325127037065,-0.8759372935861839
18,0.0,0.0,0.0,0.0,0.0,0.0,0.0,0.0,0.0,0.0,0.0,0.0,0.0,0.0,0.0,0.6695116407222472,0.15671874194676988,-2.70325127037065,0.0,-1.7338812661040426
19,0.0,0.0,0.0,0.0,0.0,0.0,0.0,0.0,0.0,0.0,0.0,0.0,0.0,0.0,0.0,0.0,0.5563604002114791,-0.8759372935861839,-1.7338812661040426,0.0
