,0,1,2,3,4,5,6,7,8,9,10,11,12,13,14,15,16,17,18,19,20,21,22
0,0.0,8.416594106503931,7.7493459132657385,7.701105360478437,0.0,0.0,0.0,0.0,0.0,0.0,0.0,0.0,0.0,0.0,0.0,0.0,0.0,0.0,0.0,0.0,0.0,0.0,0.0
1,8.416594106503931,0.0,0.6963628690478368,0.47192639918807816,0.8669083224920356,0.0,0.0,0.0,0.0,0.0,0.0,0.0,0.0,0.0,0.0,0.0,0.0,0.0,0.0,0.0,0.0,0.0,0.0
2,7.7493459132657385,0.6963628690478368,0.0,-0.45221924347750786,-1.2652809706820995,5.039544537484372,0.0,0.0,0.0,0.0,0.0,0.0,0.0,0.0,0.0,0.0,0.0,0.0,0.0,0.0,0.0,0.0,0.0
3,7.701105360478437,0.47192639918807816,-0.45221924347750786,0.0,-0.2235794878629257,4.991104851171284,0.0,0.0,0.0,0.0,0.0,0.0,0.0,0.0,0.0,0.0,0.0,0.0,0.0,0.0,0.0,0.0,0.0
4,0.0,0.8669083224920356,-1.2652809706820995,-0.2235794878629257,0.0,4.756230184787881,0.0,0.0,0.0,0.0,0.0,0.0,0.0,0.0,0.0,0.0,0.0,0.0,0.0,0.0,0.0,0.0,0.0
5,0.0,0.0,5.039544537484372,4.991104851171284,4.756230184787881,0.0,3.2496769272471844,3.3518575913384696,0.6919639425213313,0.0,0.0,0.0,0.0,0.0,0.0,0.0,0.0,0.0,0.0,0.0,0.0,0.0,0.0
6,0.0,0.0,0.0,0.0,0.0,3.2496769272471844,0.0,4.214654686668298,2.866452050756604,0.0,0.0,0.0,0.0,0.0,0.0,0.0,0.0,0.0,0.0,0.0,0.0,0.0,0.0
7,0.0,0.0,0.0,0.0,0.0,3.3518575913384696,4.214654686668298,0.0,2.1454231957287413,-1.4543054979809464,2.359331142300134,0.0,0.0,0.0,0.0,0.0,0.0,0.0,0.0,0.0,0.0,0.0,0.0
8,0.0,0.0,0.0,0.0,0.0,0.6919639425213313,2.866452050756604,2.1454231957287413,0.0,1.7431684987492713,-0.1900622941826968,1.6795604343890165,0.0,0.0,0.0,0.0,0.0,0.0,0.0,0.0,0.0,0.0,0.0
9,0.0,0.0,0.0,0.0,0.0,0.0,0.0,-1.4543054979809464,1.7431684987492713,0.0,1.9638355407030905,-2.517265753047455,0.0,0.0,0.0,0.0,0.0,0.0,0.0,0.0,0.0,0.0,0.0
10,0.0,0.0,0.0,0.0,0.0,0.0,0.0,2.359331142300134,-0.1900622941826968,1.9638355407030905,0.0,1.8575375823093283,0.0,0.0,0.0,0.0,0.0,0.0,0.0,0.0,0.0,0.0,0.0
11,0.0,0.0,0.0,0.0,0.0,0.0,0.0,0.0,1.6795604343890165,-2.517265753047455,1.8575375823093283,0.0,-0.7806791360672415,-0.2834903311977258,0.0,0.0,0.0,0.0,0.0,0.0,0.0,0.0,0.0
12,0.0,0.0,0.0,0.0,0.0,0.0,0.0,0.0,0.0,0.0,0.0,-0.7806791360672415,0.0,0.09575805766386322,0.0,0.8575566329440995,0.0,0.0,0.0,0.0,0.0,0.0,0.0
13,0.0,0.0,0.0,0.0,0.0,0.0,0.0,0.0,0.0,0.0,0.0,-0.2834903311977258,0.09575805766386322,0.0,0.0,1.6773486257041652,0.0,1.5629663727736103,0.0,0.0,0.0,0.0,0.0
14,0.0,0.0,0.0,0.0,0.0,0.0,0.0,0.0,0.0,0.0,0.0,0.0,0.0,0.0,0.0,-0.12470087376719159,0.1792936808738809,0.04587297057107964,0.0,0.0,2.2611079521139006,0.0,0.0
15,0.0,0.0,0.0,0.0,0.0,0.0,0.0,0.0,0.0,0.0,0.0,0.0,0.8575566329440995,1.6773486257041652,-0.12470087376719159,0.0,-1.0300334358116061,-2.1246382024146007,0.0,-2.274552797080859,2.069565453327064,2.0161172369068376,0.0
16,0.0,0.0,0.0,0.0,0.0,0.0,0.0,0.0,0.0,0.0,0.0,0.0,0.0,0.0,0.1792936808738809,-1.0300334358116061,0.0,-1.720266494353706,-4.068691700786924,0.0,0.0,0.0,-1.0650221929294794
17,0.0,0.0,0.0,0.0,0.0,0.0,0.0,0.0,0.0,0.0,0.0,0.0,0.0,1.5629663727736103,0.04587297057107964,-2.1246382024146007,-1.720266494353706,0.0,-2.2282828037503415,-1.65967546404343,0.0,0.0,0.0
18,0.0,0.0,0.0,0.0,0.0,0.0,0.0,0.0,0.0,0.0,0.0,0.0,0.0,0.0,0.0,0.0,-4.068691700786924,-2.2282828037503415,0.0,-0.9998633942363945,0.0,0.0,-1.386325505528565
19,0.0,0.0,0.0,0.0,0.0,0.0,0.0,0.0,0.0,0.0,0.0,0.0,0.0,0.0,0.0,-2.274552797080859,0.0,-1.65967546404343,-0.9998633942363945,0.0,0.0,1.7743470818001237,-2.4003774632317056
20,0.0,0.0,0.0,0.0,0.0,0.0,0.0,0.0,0.0,0.0,0.0,0.0,0.0,0.0,2.2611079521139006,2.069565453327064,0.0,0.0,0.0,0.0,0.0,-0.16481813478135185,0.0
21,0.0,0.0,0.0,0.0,0.0,0.0,0.0,0.0,0.0,0.0,0.0,0.0,0.0,0.0,0.0,2.0161172369068376,0.0,0.0,0.0,1.7743470818001237,-0.16481813478135185,0.0,0.0
22,0.0,0.0,0.0,0.0,0.0,0.0,0.0,0.0,0.0,0.0,0.0,0.0,0.0,0.0,0.0,0.0,-1.0650221929294794,0.0,-1.386325505528565,-2.4003774632317056,0.0,0.0,0.0
