,0,1,2,3,4,5,6,7,8,9,10,11,12,13,14,15,16
0,0.0,7.870989223039455,7.7389955928464715,7.143624257098882,0.0,0.0,0.0,0.0,0.0,0.0,0.0,0.0,0.0,0.0,0.0,0.0,0.0
1,7.870989223039455,0.0,1.170398516537464,1.6247203966778891,-0.30787199542349286,0.0,0.0,0.0,0.0,0.0,0.0,0.0,0.0,0.0,0.0,0.0,0.0
2,7.7389955928464715,1.170398516537464,0.0,1.9409034326861936,1.0674521756962758,0.0,0.0,0.0,0.0,0.0,0.0,0.0,0.0,0.0,0.0,0.0,0.0
3,7.143624257098882,1.6247203966778891,1.9409034326861936,0.0,0.056498400680693034,-0.40076400362393705,-1.712636610360483,0.0,0.0,0.0,0.0,0.0,0.0,0.0,0.0,0.0,0.0
4,0.0,-0.30787199542349286,1.0674521756962758,0.056498400680693034,0.0,0.005052587318338499,-1.2057569526916085,0.0,0.0,0.0,0.0,0.0,0.0,0.0,0.0,0.0,0.0
5,0.0,0.0,0.0,-0.40076400362393705,0.005052587318338499,0.0,-0.586249159457731,-0.6495705137737424,0.0,0.0,0.0,0.0,0.0,0.0,0.0,0.0,0.0
6,0.0,0.0,0.0,-1.712636610360483,-1.2057569526916085,-0.586249159457731,0.0,-2.4763821978978484,-3.284161961015961,0.0,0.0,0.0,0.0,0.0,0.0,0.0,0.0
7,0.0,0.0,0.0,0.0,0.0,-0.6495705137737424,-2.4763821978978484,0.0,-3.028592035640546,-2.201812554628064,0.0,0.0,0.0,0.0,0.0,0.0,0.0
8,0.0,0.0,0.0,0.0,0.0,0.0,-3.284161961015961,-3.028592035640546,0.0,-2.816222636273581,0.0,0.0,0.0,0.0,0.0,0.0,0.0
9,0.0,0.0,0.0,0.0,0.0,0.0,0.0,-2.201812554628064,-2.816222636273581,0.0,-2.89211921987097,0.0,0.0,0.0,0.0,0.0,0.0
10,0.0,0.0,0.0,0.0,0.0,0.0,0.0,0.0,0.0,-2.89211921987097,0.0,-1.333272461330163,-5.784023005102007,-2.5661681954043876,0.0,0.0,0.0
11,0.0,0.0,0.0,0.0,0.0,0.0,0.0,0.0,0.0,0.0,-1.333272461330163,0.0,-2.2535081362261953,-2.069200715233744,-3.513714248326017,0.0,0.0
12,0.0,0.0,0.0,0.0,0.0,0.0,0.0,0.0,0.0,0.0,-5.784023005102007,-2.2535081362261953,0.0,-3.8632295065494673,-4.477952718867659,-4.662515069110074,-1.3668763886700073
13,0.0,0.0,0.0,0.0,0.0,0.0,0.0,0.0,0.0,0.0,-2.5661681954043876,-2.069200715233744,-3.8632295065494673,0.0,-3.3752397667815273,-4.505547911837567,0.0
14,0.0,0.0,0.0,0.0,0.0,0.0,0.0,0.0,0.0,0.0,0.0,-3.513714248326017,-4.477952718867659,-3.3752397667815273,0.0,-3.4732371552508288,-1.5185823339331952
15,0.0,0.0,0.0,0.0,0.0,0.0,0.0,0.0,0.0,0.0,0.0,0.0,-4.662515069110074,-4.505547911837567,-3.4732371552508288,0.0,-1.5361969950050722
16,0.0,0.0,0.0,0.0,0.0,0.0,0.0,0.0,0.0,0.0,0.0,0.0,-1.3668763886700073,0.0,-1.5185823339331952,-1.5361969950050722,0.0
