,0,1,2,3,4,5,6,7,8,9,10,11,12,13,14,15,16,17,18,19,20,21
0,0.0,8.674999026251475,4.4980113494194045,3.514099264543974,0.0,0.0,0.0,0.0,0.0,0.0,0.0,0.0,0.0,0.0,0.0,0.0,0.0,0.0,0.0,0.0,0.0,0.0
1,8.674999026251475,0.0,7.687416405196181,7.160590737057877,0.0,0.0,0.0,0.0,0.0,0.0,0.0,0.0,0.0,0.0,0.0,0.0,0.0,0.0,0.0,0.0,0.0,0.0
2,4.4980113494194045,7.687416405196181,0.0,1.9919879981738564,3.0375248015416054,0.25820885436318275,0.0,0.0,0.0,0.0,0.0,0.0,0.0,0.0,0.0,0.0,0.0,0.0,0.0,0.0,0.0,0.0
3,3.514099264543974,7.160590737057877,1.9919879981738564,0.0,0.9594436726739489,-0.3428849955131919,2.3350097160335874,0.0,0.0,0.0,0.0,0.0,0.0,0.0,0.0,0.0,0.0,0.0,0.0,0.0,0.0,0.0
4,0.0,0.0,3.0375248015416054,0.9594436726739489,0.0,1.40785153771655,2.4381965062584086,0.0,0.0,0.0,0.0,0.0,0.0,0.0,0.0,0.0,0.0,0.0,0.0,0.0,0.0,0.0
5,0.0,0.0,0.25820885436318275,-0.3428849955131919,1.40785153771655,0.0,1.6855185478474584,0.0,0.0,0.0,0.0,0.0,0.0,0.0,0.0,0.0,0.0,0.0,0.0,0.0,0.0,0.0
6,0.0,0.0,0.0,2.3350097160335874,2.4381965062584086,1.6855185478474584,0.0,0.7301763614753469,0.8577641344067756,0.0,0.0,0.0,0.0,0.0,0.0,0.0,0.0,0.0,0.0,0.0,0.0,0.0
7,0.0,0.0,0.0,0.0,0.0,0.0,0.7301763614753469,0.0,-2.240957421547041,0.7580351231391655,-2.6844882098756844,0.0,0.0,0.0,0.0,0.0,0.0,0.0,0.0,0.0,0.0,0.0
8,0.0,0.0,0.0,0.0,0.0,0.0,0.8577641344067756,-2.240957421547041,0.0,0.6501677619999481,-2.2418608676125085,0.0,0.0,0.0,0.0,0.0,0.0,0.0,0.0,0.0,0.0,0.0
9,0.0,0.0,0.0,0.0,0.0,0.0,0.0,0.7580351231391655,0.6501677619999481,0.0,0.40572244118334805,0.0,0.0,0.0,0.0,0.0,0.0,0.0,0.0,0.0,0.0,0.0
10,0.0,0.0,0.0,0.0,0.0,0.0,0.0,-2.6844882098756844,-2.2418608676125085,0.40572244118334805,0.0,-1.8417252161385638,-2.5487074418868403,-4.57474429062954,0.0,0.0,0.0,0.0,0.0,0.0,0.0,0.0
11,0.0,0.0,0.0,0.0,0.0,0.0,0.0,0.0,0.0,0.0,-1.8417252161385638,0.0,-2.599358042025845,-2.7853764289794514,-4.426169123005802,0.0,0.0,0.0,0.0,0.0,0.0,0.0
12,0.0,0.0,0.0,0.0,0.0,0.0,0.0,0.0,0.0,0.0,-2.5487074418868403,-2.599358042025845,0.0,-4.309645218425711,-3.7308130645148605,0.0,0.0,0.0,0.0,0.0,0.0,0.0
13,0.0,0.0,0.0,0.0,0.0,0.0,0.0,0.0,0.0,0.0,-4.57474429062954,-2.7853764289794514,-4.309645218425711,0.0,-3.4656028605243567,-0.23846201305970197,0.3645872108509437,0.0,0.0,0.0,0.0,0.0
14,0.0,0.0,0.0,0.0,0.0,0.0,0.0,0.0,0.0,0.0,0.0,-4.426169123005802,-3.7308130645148605,-3.4656028605243567,0.0,-0.45495519258475303,0.29967587904836296,0.0,0.0,0.0,0.0,0.0
15,0.0,0.0,0.0,0.0,0.0,0.0,0.0,0.0,0.0,0.0,0.0,0.0,0.0,-0.23846201305970197,-0.45495519258475303,0.0,0.3550664197658709,0.0,0.0,0.0,0.0,0.0
16,0.0,0.0,0.0,0.0,0.0,0.0,0.0,0.0,0.0,0.0,0.0,0.0,0.0,0.3645872108509437,0.29967587904836296,0.3550664197658709,0.0,0.0,0.0,0.0,0.0,0.0
17,0.0,0.0,0.0,0.0,0.0,0.0,0.0,0.0,0.0,0.0,0.0,0.0,0.0,0.0,0.0,0.0,0.0,0.0,-2.4694363743487187,-2.8071045798929695,-2.188072262790189,0.1303569183935164
18,0.0,0.0,0.0,0.0,0.0,0.0,0.0,0.0,0.0,0.0,0.0,0.0,0.0,0.0,0.0,0.0,0.0,-2.4694363743487187,0.0,-6.171635697878596,-3.0711638387961577,0.0
19,0.0,0.0,0.0,0.0,0.0,0.0,0.0,0.0,0.0,0.0,0.0,0.0,0.0,0.0,0.0,0.0,0.0,-2.8071045798929695,-6.171635697878596,0.0,-3.1196921576248493,0.2624289380259104
20,0.0,0.0,0.0,0.0,0.0,0.0,0.0,0.0,0.0,0.0,0.0,0.0,0.0,0.0,0.0,0.0,0.0,-2.188072262790189,-3.0711638387961577,-3.1196921576248493,0.0,0.18217903951121234
21,0.0,0.0,0.0,0.0,0.0,0.0,0.0,0.0,0.0,0.0,0.0,0.0,0.0,0.0,0.0,0.0,0.0,0.1303569183935164,0.0,0.2624289380259104,0.18217903951121234,0.0
