,0,1,2,3,4,5,6,7,8,9,10,11,12,13,14,15,16,17,18,19,20
0,0.0,7.8022604102736,7.840342577633947,7.265618614455759,0.0,0.0,0.0,0.0,0.0,0.0,0.0,0.0,0.0,0.0,0.0,0.0,0.0,0.0,0.0,0.0,0.0
1,7.8022604102736,0.0,0.13996556582896946,0.3477928116432088,1.1551891429412606,0.0,0.0,0.0,0.0,0.0,0.0,0.0,0.0,0.0,0.0,0.0,0.0,0.0,0.0,0.0,0.0
2,7.840342577633947,0.13996556582896946,0.0,0.17985061274113173,0.5758965029962382,0.0,0.0,0.0,0.0,0.0,0.0,0.0,0.0,0.0,0.0,0.0,0.0,0.0,0.0,0.0,0.0
3,7.265618614455759,0.3477928116432088,0.17985061274113173,0.0,-0.17022051769413424,-0.6765913876729144,0.3852086008641512,0.0,0.0,0.0,0.0,0.0,0.0,0.0,0.0,0.0,0.0,0.0,0.0,0.0,0.0
4,0.0,1.1551891429412606,0.5758965029962382,-0.17022051769413424,0.0,0.25858306589352886,-0.0859327195416979,0.0,0.0,0.0,0.0,0.0,0.0,0.0,0.0,0.0,0.0,0.0,0.0,0.0,0.0
5,0.0,0.0,0.0,-0.6765913876729144,0.25858306589352886,0.0,0.5258895001840604,-0.15034253272691656,0.0,0.0,0.0,0.0,0.0,0.0,0.0,0.0,0.0,0.0,0.0,0.0,0.0
6,0.0,0.0,0.0,0.3852086008641512,-0.0859327195416979,0.5258895001840604,0.0,-0.06238363903582805,0.879781681274872,0.0,0.0,0.0,0.0,0.0,0.0,0.0,0.0,0.0,0.0,0.0,0.0
7,0.0,0.0,0.0,0.0,0.0,-0.15034253272691656,-0.06238363903582805,0.0,1.2326657607396543,0.0,0.0,0.0,0.0,0.0,0.0,0.0,0.0,0.0,0.0,0.0,0.0
8,0.0,0.0,0.0,0.0,0.0,0.0,0.879781681274872,1.2326657607396543,0.0,-0.15806110695675954,0.0,0.0,0.0,0.0,0.0,0.0,0.0,0.0,0.0,0.0,0.0
9,0.0,0.0,0.0,0.0,0.0,0.0,0.0,0.0,-0.15806110695675954,0.0,-1.5076040247528784,-0.2338917608515217,1.2331102611048155,0.0,0.0,0.0,0.0,0.0,0.0,0.0,0.0
10,0.0,0.0,0.0,0.0,0.0,0.0,0.0,0.0,0.0,-1.5076040247528784,0.0,-0.12918562209371737,0.6969548707127506,0.0,0.0,0.0,0.0,0.0,0.0,0.0,0.0
11,0.0,0.0,0.0,0.0,0.0,0.0,0.0,0.0,0.0,-0.2338917608515217,-0.12918562209371737,0.0,1.2830750795968786,-0.5912178087768064,0.0,0.0,0.0,0.0,0.0,0.0,0.0
12,0.0,0.0,0.0,0.0,0.0,0.0,0.0,0.0,0.0,1.2331102611048155,0.6969548707127506,1.2830750795968786,0.0,0.929431866984397,0.0,0.0,0.0,0.0,0.0,0.0,0.0
13,0.0,0.0,0.0,0.0,0.0,0.0,0.0,0.0,0.0,0.0,0.0,-0.5912178087768064,0.929431866984397,0.0,-2.4447006716770625,-3.2224916220993607,0.0,0.0,0.0,0.0,0.0
14,0.0,0.0,0.0,0.0,0.0,0.0,0.0,0.0,0.0,0.0,0.0,0.0,0.0,-2.4447006716770625,0.0,-2.8526116348866086,-1.7950317938127203,0.0,0.0,0.0,0.0
15,0.0,0.0,0.0,0.0,0.0,0.0,0.0,0.0,0.0,0.0,0.0,0.0,0.0,-3.2224916220993607,-2.8526116348866086,0.0,-1.7543682371034917,-1.0132745876191998,0.0,0.0,0.0
16,0.0,0.0,0.0,0.0,0.0,0.0,0.0,0.0,0.0,0.0,0.0,0.0,0.0,0.0,-1.7950317938127203,-1.7543682371034917,0.0,-2.1749984997967795,0.8799333893617106,-3.020386610827363,-3.0477035757002024
17,0.0,0.0,0.0,0.0,0.0,0.0,0.0,0.0,0.0,0.0,0.0,0.0,0.0,0.0,0.0,-1.0132745876191998,-2.1749984997967795,0.0,0.8830628759280711,0.0,0.0
18,0.0,0.0,0.0,0.0,0.0,0.0,0.0,0.0,0.0,0.0,0.0,0.0,0.0,0.0,0.0,0.0,0.8799333893617106,0.8830628759280711,0.0,0.4135555983924563,0.21126046826204734
19,0.0,0.0,0.0,0.0,0.0,0.0,0.0,0.0,0.0,0.0,0.0,0.0,0.0,0.0,0.0,0.0,-3.020386610827363,0.0,0.4135555983924563,0.0,-6.702976940548311
20,0.0,0.0,0.0,0.0,0.0,0.0,0.0,0.0,0.0,0.0,0.0,0.0,0.0,0.0,0.0,0.0,-3.0477035757002024,0.0,0.21126046826204734,-6.702976940548311,0.0
