,0,1,2,3,4,5,6,7,8,9,10,11,12,13,14,15,16,17
0,0.0,7.878604124355998,7.906984563391352,7.712188612772121,0.0,0.0,0.0,0.0,0.0,0.0,0.0,0.0,0.0,0.0,0.0,0.0,0.0,0.0
1,7.878604124355998,0.0,2.051782466328913,1.3440360801987956,1.2039016220239251,0.0,0.0,0.0,0.0,0.0,0.0,0.0,0.0,0.0,0.0,0.0,0.0,0.0
2,7.906984563391352,2.051782466328913,0.0,0.3802560125846766,-0.1842095946020866,0.0,0.0,0.0,0.0,0.0,0.0,0.0,0.0,0.0,0.0,0.0,0.0,0.0
3,7.712188612772121,1.3440360801987956,0.3802560125846766,0.0,0.5931627733979804,0.0,0.0,0.0,0.0,0.0,0.0,0.0,0.0,0.0,0.0,0.0,0.0,0.0
4,0.0,1.2039016220239251,-0.1842095946020866,0.5931627733979804,0.0,0.1339455198732492,0.4042235846919723,0.0,0.1562500965432837,0.0,0.0,0.0,0.0,0.0,0.0,0.0,0.0,0.0
5,0.0,0.0,0.0,0.0,0.1339455198732492,0.0,-1.2333994318279877,-2.8924036713130232,-0.03251442995142968,0.0,0.0,0.0,0.0,0.0,0.0,0.0,0.0,0.0
6,0.0,0.0,0.0,0.0,0.4042235846919723,-1.2333994318279877,0.0,-0.6940953416600008,-0.2924908721787031,0.0,0.0,0.0,0.0,0.0,0.0,0.0,0.0,0.0
7,0.0,0.0,0.0,0.0,0.0,-2.8924036713130232,-0.6940953416600008,0.0,0.07356210644492976,0.0,0.0,0.0,0.0,0.0,0.0,0.0,0.0,0.0
8,0.0,0.0,0.0,0.0,0.1562500965432837,-0.03251442995142968,-0.2924908721787031,0.07356210644492976,0.0,0.0,0.0,0.0,0.0,0.0,0.0,0.0,0.0,0.0
9,0.0,0.0,0.0,0.0,0.0,0.0,0.0,0.0,0.0,0.0,-1.07446501555125,0.0,1.31337304435031,0.3817724193591734,0.0,0.0,0.0,0.0
10,0.0,0.0,0.0,0.0,0.0,0.0,0.0,0.0,0.0,-1.07446501555125,0.0,2.1208638069920256,0.8239117022323579,-0.06391514248024636,0.0,0.0,0.0,0.0
11,0.0,0.0,0.0,0.0,0.0,0.0,0.0,0.0,0.0,0.0,2.1208638069920256,0.0,2.5396863286666487,2.1651124076253705,0.0,0.0,0.0,0.0
12,0.0,0.0,0.0,0.0,0.0,0.0,0.0,0.0,0.0,1.31337304435031,0.8239117022323579,2.5396863286666487,0.0,0.8888610736784387,0.0,0.0,0.0,0.0
13,0.0,0.0,0.0,0.0,0.0,0.0,0.0,0.0,0.0,0.3817724193591734,-0.06391514248024636,2.1651124076253705,0.8888610736784387,0.0,0.0,0.0,0.0,0.0
14,0.0,0.0,0.0,0.0,0.0,0.0,0.0,0.0,0.0,0.0,0.0,0.0,0.0,0.0,0.0,-0.0876386161563669,-5.068165758352053,-3.0292537340852372
15,0.0,0.0,0.0,0.0,0.0,0.0,0.0,0.0,0.0,0.0,0.0,0.0,0.0,0.0,-0.0876386161563669,0.0,-0.5387731113627752,-0.20760736086699727
16,0.0,0.0,0.0,0.0,0.0,0.0,0.0,0.0,0.0,0.0,0.0,0.0,0.0,0.0,-5.068165758352053,-0.5387731113627752,0.0,-3.3850748707757825
17,0.0,0.0,0.0,0.0,0.0,0.0,0.0,0.0,0.0,0.0,0.0,0.0,0.0,0.0,-3.0292537340852372,-0.20760736086699727,-3.3850748707757825,0.0
