,0,1,2,3,4,5,6,7,8,9,10,11,12,13,14,15,16,17,18,19,20,21,22,23
0,0.0,7.805075255669173,7.087711663601166,7.029146630368709,0.0,0.0,0.0,0.0,0.0,0.0,0.0,0.0,0.0,0.0,0.0,0.0,0.0,0.0,0.0,0.0,0.0,0.0,0.0,0.0
1,7.805075255669173,0.0,-0.3824693238408553,0.2801431655162062,0.3637848639704671,0.0,0.0,0.0,0.0,0.0,0.0,0.0,0.0,0.0,0.0,0.0,0.0,0.0,0.0,0.0,0.0,0.0,0.0,0.0
2,7.087711663601166,-0.3824693238408553,0.0,-1.1159792340137804,0.17491317387180386,-1.3950384158356777,0.0,0.0,0.0,0.0,0.0,0.0,0.0,0.0,0.0,0.0,0.0,0.0,0.0,0.0,0.0,0.0,0.0,0.0
3,7.029146630368709,0.2801431655162062,-1.1159792340137804,0.0,0.5890191308424753,-0.5293172301269851,0.0,0.0,0.0,0.0,0.0,0.0,0.0,0.0,0.0,0.0,0.0,0.0,0.0,0.0,0.0,0.0,0.0,0.0
4,0.0,0.3637848639704671,0.17491317387180386,0.5890191308424753,0.0,0.05636634343357268,1.7914239877203926,0.0,0.0,0.0,0.0,0.0,0.0,0.0,0.0,0.0,0.0,0.0,0.0,0.0,0.0,0.0,0.0,0.0
5,0.0,0.0,-1.3950384158356777,-0.5293172301269851,0.05636634343357268,0.0,1.236252953785052,0.0,0.0,0.0,0.0,0.0,0.0,0.0,0.0,0.0,0.0,0.0,0.0,0.0,0.0,0.0,0.0,0.0
6,0.0,0.0,0.0,0.0,1.7914239877203926,1.236252953785052,0.0,1.4212401050839047,0.0,0.0,0.0,0.0,0.0,0.0,0.0,0.0,0.0,0.0,0.0,0.0,0.0,0.0,0.0,0.0
7,0.0,0.0,0.0,0.0,0.0,0.0,1.4212401050839047,0.0,-0.08586411171198559,0.07741422035807627,1.347032856522325,0.0,0.0,0.0,0.0,0.0,0.0,0.0,0.0,0.0,0.0,0.0,0.0,0.0
8,0.0,0.0,0.0,0.0,0.0,0.0,0.0,-0.08586411171198559,0.0,-1.1479698821695732,0.6097999579182714,0.0,0.0,0.0,0.0,0.0,0.0,0.0,0.0,0.0,0.0,0.0,0.0,0.0
9,0.0,0.0,0.0,0.0,0.0,0.0,0.0,0.07741422035807627,-1.1479698821695732,0.0,1.0764481216605344,0.0,0.0,0.0,0.0,0.0,0.0,0.0,0.0,0.0,0.0,0.0,0.0,0.0
10,0.0,0.0,0.0,0.0,0.0,0.0,0.0,1.347032856522325,0.6097999579182714,1.0764481216605344,0.0,0.722854221739466,0.0,0.0,0.0,0.0,0.0,0.0,0.0,0.0,0.0,0.0,0.0,0.0
11,0.0,0.0,0.0,0.0,0.0,0.0,0.0,0.0,0.0,0.0,0.722854221739466,0.0,-1.57245584423883,0.0,-2.6542723261925247,0.0,-1.6171697663686866,0.0,0.0,0.0,0.0,0.0,0.0,0.0
12,0.0,0.0,0.0,0.0,0.0,0.0,0.0,0.0,0.0,0.0,0.0,-1.57245584423883,0.0,2.8528865836901187,-1.2828511039110253,0.0,-2.01814840048658,0.0,0.0,0.0,0.0,0.0,0.0,0.0
13,0.0,0.0,0.0,0.0,0.0,0.0,0.0,0.0,0.0,0.0,0.0,0.0,2.8528865836901187,0.0,2.7284537483791116,-2.4267562907971856,0.0,0.0,0.0,0.0,0.0,0.0,0.0,0.0
14,0.0,0.0,0.0,0.0,0.0,0.0,0.0,0.0,0.0,0.0,0.0,-2.6542723261925247,-1.2828511039110253,2.7284537483791116,0.0,0.0,-1.1269849111059398,0.0,0.0,0.0,0.0,0.0,0.0,0.0
15,0.0,0.0,0.0,0.0,0.0,0.0,0.0,0.0,0.0,0.0,0.0,0.0,0.0,-2.4267562907971856,0.0,0.0,2.688166389673988,-0.22709365574358994,0.0,0.0,0.0,0.0,0.0,0.0
16,0.0,0.0,0.0,0.0,0.0,0.0,0.0,0.0,0.0,0.0,0.0,-1.6171697663686866,-2.01814840048658,0.0,-1.1269849111059398,2.688166389673988,0.0,0.0,0.9219954369722899,0.0,0.0,0.0,0.0,0.0
17,0.0,0.0,0.0,0.0,0.0,0.0,0.0,0.0,0.0,0.0,0.0,0.0,0.0,0.0,0.0,-0.22709365574358994,0.0,0.0,1.1875649185399422,1.579734987343853,-2.0534631165246315,0.0,0.0,0.0
18,0.0,0.0,0.0,0.0,0.0,0.0,0.0,0.0,0.0,0.0,0.0,0.0,0.0,0.0,0.0,0.0,0.9219954369722899,1.1875649185399422,0.0,0.3738871269535439,0.8352605308987789,0.0,0.0,0.0
19,0.0,0.0,0.0,0.0,0.0,0.0,0.0,0.0,0.0,0.0,0.0,0.0,0.0,0.0,0.0,0.0,0.0,1.579734987343853,0.3738871269535439,0.0,0.9933359316637307,-4.490845610938758,0.0,0.0
20,0.0,0.0,0.0,0.0,0.0,0.0,0.0,0.0,0.0,0.0,0.0,0.0,0.0,0.0,0.0,0.0,0.0,-2.0534631165246315,0.8352605308987789,0.9933359316637307,0.0,0.4923804865073902,0.3171552886773614,-0.07460674441465377
21,0.0,0.0,0.0,0.0,0.0,0.0,0.0,0.0,0.0,0.0,0.0,0.0,0.0,0.0,0.0,0.0,0.0,0.0,0.0,-4.490845610938758,0.4923804865073902,0.0,-4.30443660070854,-4.430917009052211
22,0.0,0.0,0.0,0.0,0.0,0.0,0.0,0.0,0.0,0.0,0.0,0.0,0.0,0.0,0.0,0.0,0.0,0.0,0.0,0.0,0.3171552886773614,-4.30443660070854,0.0,-3.863462148583526
23,0.0,0.0,0.0,0.0,0.0,0.0,0.0,0.0,0.0,0.0,0.0,0.0,0.0,0.0,0.0,0.0,0.0,0.0,0.0,0.0,-0.07460674441465377,-4.430917009052211,-3.863462148583526,0.0
