,0,1,2,3,4,5,6,7,8,9,10,11,12,13,14
0,0.0,8.764597297515271,1.4604089941762435,2.9945888384983257,0.0,0.0,0.0,0.0,0.0,0.0,0.0,0.0,0.0,0.0,0.0
1,8.764597297515271,0.0,8.225374535684058,7.541788282055682,0.0,0.0,0.0,0.0,0.0,0.0,0.0,0.0,0.0,0.0,0.0
2,1.4604089941762435,8.225374535684058,0.0,1.686065157656904,-1.7483440484778627,0.0,0.0,0.0,0.0,0.0,0.0,0.0,0.0,0.0,0.0
3,2.9945888384983257,7.541788282055682,1.686065157656904,0.0,0.26342153021340053,1.2823413850780292,1.1338118550186038,0.0,0.0,0.0,0.0,0.0,0.0,0.0,0.0
4,0.0,0.0,-1.7483440484778627,0.26342153021340053,0.0,-0.2402985757269619,-0.10146309152814617,-0.7909103123125514,0.0,0.0,0.0,0.0,0.0,0.0,0.0
5,0.0,0.0,0.0,1.2823413850780292,-0.2402985757269619,0.0,-0.5098480055326146,-1.096306991202821,0.8444756105754787,0.0,0.0,0.0,0.0,0.0,0.0
6,0.0,0.0,0.0,1.1338118550186038,-0.10146309152814617,-0.5098480055326146,0.0,-0.5023377022342363,0.7940715885214618,0.0,0.0,0.0,0.0,0.0,0.0
7,0.0,0.0,0.0,0.0,-0.7909103123125514,-1.096306991202821,-0.5023377022342363,0.0,-0.35755412325863295,-1.6288244518130575,-2.8705440162292115,0.0,0.0,0.0,0.0
8,0.0,0.0,0.0,0.0,0.0,0.8444756105754787,0.7940715885214618,-0.35755412325863295,0.0,-0.2377508295466305,-0.32825653970641266,0.0,0.0,0.0,0.0
9,0.0,0.0,0.0,0.0,0.0,0.0,0.0,-1.6288244518130575,-0.2377508295466305,0.0,-1.9017170201970417,0.0,0.0,0.0,0.0
10,0.0,0.0,0.0,0.0,0.0,0.0,0.0,-2.8705440162292115,-0.32825653970641266,-1.9017170201970417,0.0,0.0,0.0,0.0,0.0
11,0.0,0.0,0.0,0.0,0.0,0.0,0.0,0.0,0.0,0.0,0.0,0.0,-1.082474535061051,1.354922606012847,-2.639052635195805
12,0.0,0.0,0.0,0.0,0.0,0.0,0.0,0.0,0.0,0.0,0.0,-1.082474535061051,0.0,0.8907303306142529,-3.821285963511113
13,0.0,0.0,0.0,0.0,0.0,0.0,0.0,0.0,0.0,0.0,0.0,1.354922606012847,0.8907303306142529,0.0,0.3483061866046273
14,0.0,0.0,0.0,0.0,0.0,0.0,0.0,0.0,0.0,0.0,0.0,-2.639052635195805,-3.821285963511113,0.3483061866046273,0.0
