,0,1,2,3,4,5,6,7,8,9,10,11,12,13,14,15,16,17,18,19,20,21
0,0.0,8.076912316184885,7.973262194504227,7.907962098453441,0.0,0.0,0.0,0.0,0.0,0.0,0.0,0.0,0.0,0.0,0.0,0.0,0.0,0.0,0.0,0.0,0.0,0.0
1,8.076912316184885,0.0,1.332530924442852,0.7557789703244375,1.0140806120712593,0.0,0.0,0.0,0.0,0.0,0.0,0.0,0.0,0.0,0.0,0.0,0.0,0.0,0.0,0.0,0.0,0.0
2,7.973262194504227,1.332530924442852,0.0,1.506929729267397,-1.5411790930384839,0.0,0.0,0.0,0.0,0.0,0.0,0.0,0.0,0.0,0.0,0.0,0.0,0.0,0.0,0.0,0.0,0.0
3,7.907962098453441,0.7557789703244375,1.506929729267397,0.0,0.8874968446150742,0.0,0.0,0.0,0.0,0.0,0.0,0.0,0.0,0.0,0.0,0.0,0.0,0.0,0.0,0.0,0.0,0.0
4,0.0,1.0140806120712593,-1.5411790930384839,0.8874968446150742,0.0,0.0,0.0,0.0,0.0,0.0,0.0,0.0,0.0,0.0,0.0,0.0,0.0,0.0,0.0,0.0,0.0,0.0
5,0.0,0.0,0.0,0.0,0.0,0.0,-0.3602793362981813,-2.9524685809217566,-1.5359373802170009,0.0,0.0,0.0,0.0,0.0,0.0,0.0,0.0,0.0,0.0,0.0,0.0,0.0
6,0.0,0.0,0.0,0.0,0.0,-0.3602793362981813,0.0,-0.9595829083550979,-0.9497949960360961,0.0,0.0,0.0,0.0,0.0,0.0,0.0,0.0,0.0,0.0,0.0,0.0,0.0
7,0.0,0.0,0.0,0.0,0.0,-2.9524685809217566,-0.9595829083550979,0.0,-2.706187638226573,-0.738744043304811,-4.042495420227887,0.0,0.0,0.0,0.0,0.0,0.0,0.0,0.0,0.0,0.0,0.0
8,0.0,0.0,0.0,0.0,0.0,-1.5359373802170009,-0.9497949960360961,-2.706187638226573,0.0,-1.4887104445549384,-5.005643446430517,0.0,0.0,0.0,0.0,0.0,0.0,0.0,0.0,0.0,0.0,0.0
9,0.0,0.0,0.0,0.0,0.0,0.0,0.0,-0.738744043304811,-1.4887104445549384,0.0,-2.2418274657755806,0.0,-0.7187623646012745,-0.1069882514922734,0.0,0.0,0.0,0.0,0.0,0.0,0.0,0.0
10,0.0,0.0,0.0,0.0,0.0,0.0,0.0,-4.042495420227887,-5.005643446430517,-2.2418274657755806,0.0,0.14621053273351503,-2.046852624129331,-0.5482020220678512,0.0,0.0,0.0,0.0,0.0,0.0,0.0,0.0
11,0.0,0.0,0.0,0.0,0.0,0.0,0.0,0.0,0.0,0.0,0.14621053273351503,0.0,-0.7505211674398854,0.10706647546461064,-0.27362607397360683,0.0,0.0,0.0,0.0,0.0,0.0,0.0
12,0.0,0.0,0.0,0.0,0.0,0.0,0.0,0.0,0.0,-0.7187623646012745,-2.046852624129331,-0.7505211674398854,0.0,-0.6610753112065875,-2.438012227865008,-2.9680443460881833,0.0,0.0,0.0,0.0,0.0,0.0
13,0.0,0.0,0.0,0.0,0.0,0.0,0.0,0.0,0.0,-0.1069882514922734,-0.5482020220678512,0.10706647546461064,-0.6610753112065875,0.0,-0.6510825279472714,-0.7932530678579918,0.0,0.0,0.0,0.0,0.0,0.0
14,0.0,0.0,0.0,0.0,0.0,0.0,0.0,0.0,0.0,0.0,0.0,-0.27362607397360683,-2.438012227865008,-0.6510825279472714,0.0,-3.2694130027392188,0.0,0.0,0.0,0.0,0.0,0.0
15,0.0,0.0,0.0,0.0,0.0,0.0,0.0,0.0,0.0,0.0,0.0,0.0,-2.9680443460881833,-0.7932530678579918,-3.2694130027392188,0.0,0.0,0.0,0.0,0.0,0.0,0.0
16,0.0,0.0,0.0,0.0,0.0,0.0,0.0,0.0,0.0,0.0,0.0,0.0,0.0,0.0,0.0,0.0,0.0,-0.12896766148253805,-0.6239229291691646,0.0,0.696401084314526,0.0
17,0.0,0.0,0.0,0.0,0.0,0.0,0.0,0.0,0.0,0.0,0.0,0.0,0.0,0.0,0.0,0.0,-0.12896766148253805,0.0,-4.132993911430842,-2.469635383209481,-0.7989496038041335,0.0
18,0.0,0.0,0.0,0.0,0.0,0.0,0.0,0.0,0.0,0.0,0.0,0.0,0.0,0.0,0.0,0.0,-0.6239229291691646,-4.132993911430842,0.0,-2.3566658814043717,-0.683456990071501,0.051773752201413725
19,0.0,0.0,0.0,0.0,0.0,0.0,0.0,0.0,0.0,0.0,0.0,0.0,0.0,0.0,0.0,0.0,0.0,-2.469635383209481,-2.3566658814043717,0.0,-1.467398718701122,-0.39476018532904517
20,0.0,0.0,0.0,0.0,0.0,0.0,0.0,0.0,0.0,0.0,0.0,0.0,0.0,0.0,0.0,0.0,0.696401084314526,-0.7989496038041335,-0.683456990071501,-1.467398718701122,0.0,-1.1575934252066937
21,0.0,0.0,0.0,0.0,0.0,0.0,0.0,0.0,0.0,0.0,0.0,0.0,0.0,0.0,0.0,0.0,0.0,0.0,0.051773752201413725,-0.39476018532904517,-1.1575934252066937,0.0
