,0,1,2,3,4,5,6,7,8,9,10,11,12,13
0,0.0,7.051573599749803,7.015835846846879,6.75760569403944,0.0,0.0,0.0,0.0,0.0,0.0,0.0,0.0,0.0,0.0
1,7.051573599749803,0.0,0.6822528653057461,1.716659244085728,-0.14159871436733854,0.0,0.0,0.0,0.0,0.0,0.0,0.0,0.0,0.0
2,7.015835846846879,0.6822528653057461,0.0,0.4020728049901308,-1.1201167951965365,0.0,0.0,0.0,0.0,0.0,0.0,0.0,0.0,0.0
3,6.75760569403944,1.716659244085728,0.4020728049901308,0.0,-0.3950223220620037,0.0,0.0,0.0,0.0,0.0,0.0,0.0,0.0,0.0
4,0.0,-0.14159871436733854,-1.1201167951965365,-0.3950223220620037,0.0,-2.2023787259939516,-0.34937029042382745,0.5601030728723032,0.0,0.0,0.0,0.0,0.0,0.0
5,0.0,0.0,0.0,0.0,-2.2023787259939516,0.0,-0.9646665719450576,-0.07824919528235068,0.0,0.0,0.0,0.0,0.0,0.0
6,0.0,0.0,0.0,0.0,-0.34937029042382745,-0.9646665719450576,0.0,-1.250249239374088,3.291258753893304,-1.4760850132794372,0.0,0.0,0.0,0.0
7,0.0,0.0,0.0,0.0,0.5601030728723032,-0.07824919528235068,-1.250249239374088,0.0,3.183435145266964,-0.8836984367083955,0.0,0.0,0.0,0.0
8,0.0,0.0,0.0,0.0,0.0,0.0,3.291258753893304,3.183435145266964,0.0,2.137669066822298,0.0,0.0,0.0,0.0
9,0.0,0.0,0.0,0.0,0.0,0.0,-1.4760850132794372,-0.8836984367083955,2.137669066822298,0.0,-3.161241428571024,-1.6646735000136266,1.0623284998540765,0.0
10,0.0,0.0,0.0,0.0,0.0,0.0,0.0,0.0,0.0,-3.161241428571024,0.0,-1.7082442250789545,1.0304289147769594,0.4940530391090607
11,0.0,0.0,0.0,0.0,0.0,0.0,0.0,0.0,0.0,-1.6646735000136266,-1.7082442250789545,0.0,1.2121889804124935,0.7985632054110114
12,0.0,0.0,0.0,0.0,0.0,0.0,0.0,0.0,0.0,1.0623284998540765,1.0304289147769594,1.2121889804124935,0.0,-0.9566028561992551
13,0.0,0.0,0.0,0.0,0.0,0.0,0.0,0.0,0.0,0.0,0.4940530391090607,0.7985632054110114,-0.9566028561992551,0.0
