,0,1,2,3,4,5,6,7,8,9,10,11,12,13,14,15,16,17,18,19,20,21
0,0.0,3.5540924078919898,0.6395975950229911,0.0,0.6822593331623161,0.0,0.0,0.0,0.0,0.0,0.0,0.0,0.0,0.0,0.0,0.0,0.0,0.0,0.0,0.0,0.0,0.0
1,3.5540924078919898,0.0,3.312770042579679,0.05258230429369498,2.5564409095794267,0.0,0.0,0.0,0.0,0.0,0.0,0.0,0.0,0.0,0.0,0.0,0.0,0.0,0.0,0.0,0.0,0.0
2,0.6395975950229911,3.312770042579679,0.0,3.383040582409411,0.12097472520379592,0.0,0.0,0.0,0.0,0.0,0.0,0.0,0.0,0.0,0.0,0.0,0.0,0.0,0.0,0.0,0.0,0.0
3,0.0,0.05258230429369498,3.383040582409411,0.0,2.7295592506295336,1.5171810252125577,0.0,0.0,0.0,0.0,0.0,0.0,0.0,0.0,0.0,0.0,0.0,0.0,0.0,0.0,0.0,0.0
4,0.6822593331623161,2.5564409095794267,0.12097472520379592,2.7295592506295336,0.0,0.0,0.0,0.0,0.0,0.0,0.0,0.0,0.0,0.0,0.0,0.0,0.0,0.0,0.0,0.0,0.0,0.0
5,0.0,0.0,0.0,1.5171810252125577,0.0,0.0,1.708767325352757,1.0131639277483546,1.7292468868132822,0.0,0.0,0.0,0.0,0.0,0.0,0.0,0.0,0.0,0.0,0.0,0.0,0.0
6,0.0,0.0,0.0,0.0,0.0,1.708767325352757,0.0,1.3134612327796633,0.8860591094405009,0.0,0.0,0.0,0.0,0.0,0.0,0.0,0.0,0.0,0.0,0.0,0.0,0.0
7,0.0,0.0,0.0,0.0,0.0,1.0131639277483546,1.3134612327796633,0.0,1.414699532553422,1.1510042593666472,0.0,0.0,0.0,0.0,0.0,0.0,0.0,0.0,0.0,0.0,0.0,0.0
8,0.0,0.0,0.0,0.0,0.0,1.7292468868132822,0.8860591094405009,1.414699532553422,0.0,-1.7872570516236725,1.56815995444911,0.0,0.0,0.0,0.0,0.0,0.0,0.0,0.0,0.0,0.0,0.0
9,0.0,0.0,0.0,0.0,0.0,0.0,0.0,1.1510042593666472,-1.7872570516236725,0.0,0.9013171986349696,0.7383786866255414,1.7323002586327472,0.0,0.0,0.0,0.0,0.0,0.0,0.0,0.0,0.0
10,0.0,0.0,0.0,0.0,0.0,0.0,0.0,0.0,1.56815995444911,0.9013171986349696,0.0,-0.06713055634629307,-0.2307424905526957,-2.0874995800107725,0.0,0.0,0.0,0.0,0.0,0.0,0.0,0.0
11,0.0,0.0,0.0,0.0,0.0,0.0,0.0,0.0,0.0,0.7383786866255414,-0.06713055634629307,0.0,0.5948212983200856,-0.9997628332578768,0.6920002732095644,0.0,0.0,0.0,0.0,0.0,0.0,0.0
12,0.0,0.0,0.0,0.0,0.0,0.0,0.0,0.0,0.0,1.7323002586327472,-0.2307424905526957,0.5948212983200856,0.0,-0.5064032010786372,0.297755851937586,0.0,0.0,0.0,0.0,0.0,0.0,0.0
13,0.0,0.0,0.0,0.0,0.0,0.0,0.0,0.0,0.0,0.0,-2.0874995800107725,-0.9997628332578768,-0.5064032010786372,0.0,-0.19778131662843307,0.0,0.0,0.0,0.0,0.0,0.0,0.0
14,0.0,0.0,0.0,0.0,0.0,0.0,0.0,0.0,0.0,0.0,0.0,0.6920002732095644,0.297755851937586,-0.19778131662843307,0.0,0.0,0.0,0.0,0.0,0.0,0.0,0.0
15,0.0,0.0,0.0,0.0,0.0,0.0,0.0,0.0,0.0,0.0,0.0,0.0,0.0,0.0,0.0,0.0,0.995296643735682,-0.6244729655944066,-0.09918705651304358,-0.20951495309773266,0.0,0.0
16,0.0,0.0,0.0,0.0,0.0,0.0,0.0,0.0,0.0,0.0,0.0,0.0,0.0,0.0,0.0,0.995296643735682,0.0,0.20892253171647057,-0.659042828792205,0.0,0.0,0.0
17,0.0,0.0,0.0,0.0,0.0,0.0,0.0,0.0,0.0,0.0,0.0,0.0,0.0,0.0,0.0,-0.6244729655944066,0.20892253171647057,0.0,-1.8814915695576635,-1.5797585955642939,0.0,0.0
18,0.0,0.0,0.0,0.0,0.0,0.0,0.0,0.0,0.0,0.0,0.0,0.0,0.0,0.0,0.0,-0.09918705651304358,-0.659042828792205,-1.8814915695576635,0.0,-3.8352986401485114,-2.928623621099559,-2.940215590689613
19,0.0,0.0,0.0,0.0,0.0,0.0,0.0,0.0,0.0,0.0,0.0,0.0,0.0,0.0,0.0,-0.20951495309773266,0.0,-1.5797585955642939,-3.8352986401485114,0.0,-2.743633277447891,-2.373501909538152
20,0.0,0.0,0.0,0.0,0.0,0.0,0.0,0.0,0.0,0.0,0.0,0.0,0.0,0.0,0.0,0.0,0.0,0.0,-2.928623621099559,-2.743633277447891,0.0,-3.049307735650312
21,0.0,0.0,0.0,0.0,0.0,0.0,0.0,0.0,0.0,0.0,0.0,0.0,0.0,0.0,0.0,0.0,0.0,0.0,-2.940215590689613,-2.373501909538152,-3.049307735650312,0.0
