,0,1,2,3,4,5,6,7,8,9,10,11,12,13,14,15,16,17,18,19,20,21
0,0.0,2.7340574407571423,2.2188030714829368,1.8705943260058546,0.0,0.0,0.0,0.0,0.0,0.0,0.0,0.0,0.0,0.0,0.0,0.0,0.0,0.0,0.0,0.0,0.0,0.0
1,2.7340574407571423,0.0,-0.5445199811696458,0.8442752734450264,0.0,0.0,0.0,0.0,0.0,0.0,0.0,0.0,0.0,0.0,0.0,0.0,0.0,0.0,0.0,0.0,0.0,0.0
2,2.2188030714829368,-0.5445199811696458,0.0,-0.04336366145363117,-0.7455526778119335,0.42823360225801527,0.0,0.0,0.0,0.0,0.0,0.0,0.0,0.0,0.0,0.0,0.0,0.0,0.0,0.0,0.0,0.0
3,1.8705943260058546,0.8442752734450264,-0.04336366145363117,0.0,0.0894344895274518,0.9757257477281379,0.0,0.0,0.0,0.0,0.0,0.0,0.0,0.0,0.0,0.0,0.0,0.0,0.0,0.0,0.0,0.0
4,0.0,0.0,-0.7455526778119335,0.0894344895274518,0.0,0.11756748822161092,-0.20783761305314274,0.0,0.0,0.0,0.0,0.0,0.0,0.0,0.0,0.0,0.0,0.0,0.0,0.0,0.0,0.0
5,0.0,0.0,0.42823360225801527,0.9757257477281379,0.11756748822161092,0.0,0.03724261350977401,1.1811044442636889,0.7218173597461554,0.0,0.0,0.0,0.0,0.0,0.0,0.0,0.0,0.0,0.0,0.0,0.0,0.0
6,0.0,0.0,0.0,0.0,-0.20783761305314274,0.03724261350977401,0.0,1.2221906335446624,0.49212753996069736,0.0,0.0,0.0,0.0,0.0,0.0,0.0,0.0,0.0,0.0,0.0,0.0,0.0
7,0.0,0.0,0.0,0.0,0.0,1.1811044442636889,1.2221906335446624,0.0,-0.09390448818786233,0.48480699894480755,0.0,0.0,0.0,0.0,0.0,0.0,0.0,0.0,0.0,0.0,0.0,0.0
8,0.0,0.0,0.0,0.0,0.0,0.7218173597461554,0.49212753996069736,-0.09390448818786233,0.0,0.09485640426724447,-0.8667433820962667,-0.8141984182003068,0.0,0.0,0.0,0.0,0.0,0.0,0.0,0.0,0.0,0.0
9,0.0,0.0,0.0,0.0,0.0,0.0,0.0,0.48480699894480755,0.09485640426724447,0.0,-0.5762121387185802,-0.6863594839391255,0.0,0.0,0.0,0.0,0.0,0.0,0.0,0.0,0.0,0.0
10,0.0,0.0,0.0,0.0,0.0,0.0,0.0,0.0,-0.8667433820962667,-0.5762121387185802,0.0,-4.195809758965312,0.06293798818045118,0.0,0.0,0.0,0.0,0.0,0.0,0.0,0.0,0.0
11,0.0,0.0,0.0,0.0,0.0,0.0,0.0,0.0,-0.8141984182003068,-0.6863594839391255,-4.195809758965312,0.0,0.05302817165723678,0.0,0.0,0.0,0.0,0.0,0.0,0.0,0.0,0.0
12,0.0,0.0,0.0,0.0,0.0,0.0,0.0,0.0,0.0,0.0,0.06293798818045118,0.05302817165723678,0.0,0.8653478938511449,0.9917654856200553,0.17055755573336043,0.0,0.0,0.0,0.0,0.0,0.0
13,0.0,0.0,0.0,0.0,0.0,0.0,0.0,0.0,0.0,0.0,0.0,0.0,0.8653478938511449,0.0,1.4728892842823813,1.2330314146215744,0.0,0.0,0.0,0.0,0.0,0.0
14,0.0,0.0,0.0,0.0,0.0,0.0,0.0,0.0,0.0,0.0,0.0,0.0,0.9917654856200553,1.4728892842823813,0.0,1.5587173731516009,0.0,0.0,0.0,0.0,0.0,0.0
15,0.0,0.0,0.0,0.0,0.0,0.0,0.0,0.0,0.0,0.0,0.0,0.0,0.17055755573336043,1.2330314146215744,1.5587173731516009,0.0,-0.34105086240259047,0.6033098700636785,0.25822882909173706,0.0,0.0,0.0
16,0.0,0.0,0.0,0.0,0.0,0.0,0.0,0.0,0.0,0.0,0.0,0.0,0.0,0.0,0.0,-0.34105086240259047,0.0,-1.0102722558552555,-1.6735647552699606,0.0,0.0,0.0
17,0.0,0.0,0.0,0.0,0.0,0.0,0.0,0.0,0.0,0.0,0.0,0.0,0.0,0.0,0.0,0.6033098700636785,-1.0102722558552555,0.0,-3.781733786644344,0.0,0.0,0.0
18,0.0,0.0,0.0,0.0,0.0,0.0,0.0,0.0,0.0,0.0,0.0,0.0,0.0,0.0,0.0,0.25822882909173706,-1.6735647552699606,-3.781733786644344,0.0,-2.2415940750141563,-1.0866188777292907,-0.45312493268106985
19,0.0,0.0,0.0,0.0,0.0,0.0,0.0,0.0,0.0,0.0,0.0,0.0,0.0,0.0,0.0,0.0,0.0,0.0,-2.2415940750141563,0.0,-2.003965826567261,-1.045180848337878
20,0.0,0.0,0.0,0.0,0.0,0.0,0.0,0.0,0.0,0.0,0.0,0.0,0.0,0.0,0.0,0.0,0.0,0.0,-1.0866188777292907,-2.003965826567261,0.0,-0.7868314360199726
21,0.0,0.0,0.0,0.0,0.0,0.0,0.0,0.0,0.0,0.0,0.0,0.0,0.0,0.0,0.0,0.0,0.0,0.0,-0.45312493268106985,-1.045180848337878,-0.7868314360199726,0.0
