,0,1,2,3,4,5,6,7,8,9,10,11,12,13,14,15,16,17
0,0.0,0.5000654562620755,-0.988146929915693,3.819670492048272,0.0,0.0,0.0,0.0,0.0,0.0,0.0,0.0,0.0,0.0,0.0,0.0,0.0,0.0
1,0.5000654562620755,0.0,-1.1791094314307735,3.36328524048666,0.0,0.0,0.0,0.0,0.0,0.0,0.0,0.0,0.0,0.0,0.0,0.0,0.0,0.0
2,-0.988146929915693,-1.1791094314307735,0.0,2.9031621184333276,0.9213202947400289,-1.0401229060956643,0.0,0.0,0.0,0.0,0.0,0.0,0.0,0.0,0.0,0.0,0.0,0.0
3,3.819670492048272,3.36328524048666,2.9031621184333276,0.0,3.437366474354066,2.6877941137487418,0.0,0.0,0.0,0.0,0.0,0.0,0.0,0.0,0.0,0.0,0.0,0.0
4,0.0,0.0,0.9213202947400289,3.437366474354066,0.0,0.6399666216365504,0.0,0.0,0.0,0.0,0.0,0.0,0.0,0.0,0.0,0.0,0.0,0.0
5,0.0,0.0,-1.0401229060956643,2.6877941137487418,0.6399666216365504,0.0,-1.1698053359764728,0.0,0.0,0.0,0.0,0.0,0.0,0.0,0.0,0.0,0.0,0.0
6,0.0,0.0,0.0,0.0,0.0,-1.1698053359764728,0.0,-2.3370160225786685,-0.06929806349796033,0.0,0.0,0.0,0.0,0.0,0.0,0.0,0.0,0.0
7,0.0,0.0,0.0,0.0,0.0,0.0,-2.3370160225786685,0.0,-0.39787504645447475,-0.8773852972021726,-1.759684511740254,0.0,0.0,0.0,0.0,0.0,0.0,0.0
8,0.0,0.0,0.0,0.0,0.0,0.0,-0.06929806349796033,-0.39787504645447475,0.0,-0.06037890501184939,-0.31354379013650685,0.0,0.0,0.0,0.0,0.0,0.0,0.0
9,0.0,0.0,0.0,0.0,0.0,0.0,0.0,-0.8773852972021726,-0.06037890501184939,0.0,-1.7295902267209193,0.0,0.0,0.0,0.0,0.0,0.0,0.0
10,0.0,0.0,0.0,0.0,0.0,0.0,0.0,-1.759684511740254,-0.31354379013650685,-1.7295902267209193,0.0,0.9438308054445265,-2.738446540071843,-1.8841054555725842,0.0,0.0,0.0,0.0
11,0.0,0.0,0.0,0.0,0.0,0.0,0.0,0.0,0.0,0.0,0.9438308054445265,0.0,0.7486129836416131,0.7636916428109153,0.3468239528696563,0.0,0.0,0.0
12,0.0,0.0,0.0,0.0,0.0,0.0,0.0,0.0,0.0,0.0,-2.738446540071843,0.7486129836416131,0.0,-2.550140135562578,-3.926246059140849,-2.4926384816639953,0.0,0.0
13,0.0,0.0,0.0,0.0,0.0,0.0,0.0,0.0,0.0,0.0,-1.8841054555725842,0.7636916428109153,-2.550140135562578,0.0,-2.256722378767853,-1.8234110689776784,0.0,0.0
14,0.0,0.0,0.0,0.0,0.0,0.0,0.0,0.0,0.0,0.0,0.0,0.3468239528696563,-3.926246059140849,-2.256722378767853,0.0,-2.1574815986160916,-1.8825200508452558,-0.2651676635225305
15,0.0,0.0,0.0,0.0,0.0,0.0,0.0,0.0,0.0,0.0,0.0,0.0,-2.4926384816639953,-1.8234110689776784,-2.1574815986160916,0.0,-1.252271383596038,-0.14262180321980103
16,0.0,0.0,0.0,0.0,0.0,0.0,0.0,0.0,0.0,0.0,0.0,0.0,0.0,0.0,-1.8825200508452558,-1.252271383596038,0.0,-2.2304772246003797
17,0.0,0.0,0.0,0.0,0.0,0.0,0.0,0.0,0.0,0.0,0.0,0.0,0.0,0.0,-0.2651676635225305,-0.14262180321980103,-2.2304772246003797,0.0
