,0,1,2,3,4,5,6,7,8,9,10,11,12,13,14,15,16,17,18,19,20,21,22,23,24
0,0.0,3.8879290003625466,3.697530836833878,3.25858690706474,0.0,0.0,0.0,0.0,0.0,0.0,0.0,0.0,0.0,0.0,0.0,0.0,0.0,0.0,0.0,0.0,0.0,0.0,0.0,0.0,0.0
1,3.8879290003625466,0.0,1.5978950143586725,0.4037990654651073,1.592483950125721,0.0,0.0,0.0,0.0,0.0,0.0,0.0,0.0,0.0,0.0,0.0,0.0,0.0,0.0,0.0,0.0,0.0,0.0,0.0,0.0
2,3.697530836833878,1.5978950143586725,0.0,0.8273949637650944,1.6240550076568612,1.1811852673016177,0.0,0.0,0.0,0.0,0.0,0.0,0.0,0.0,0.0,0.0,0.0,0.0,0.0,0.0,0.0,0.0,0.0,0.0,0.0
3,3.25858690706474,0.4037990654651073,0.8273949637650944,0.0,0.8922438018273601,-0.29652195475558973,0.0,0.0,0.0,0.0,0.0,0.0,0.0,0.0,0.0,0.0,0.0,0.0,0.0,0.0,0.0,0.0,0.0,0.0,0.0
4,0.0,1.592483950125721,1.6240550076568612,0.8922438018273601,0.0,1.0029819156242012,0.0,0.0,0.0,0.0,0.0,0.0,0.0,0.0,0.0,0.0,0.0,0.0,0.0,0.0,0.0,0.0,0.0,0.0,0.0
5,0.0,0.0,1.1811852673016177,-0.29652195475558973,1.0029819156242012,0.0,0.0,0.0,0.0,0.0,0.0,0.0,0.0,0.0,0.0,0.0,0.0,0.0,0.0,0.0,0.0,0.0,0.0,0.0,0.0
6,0.0,0.0,0.0,0.0,0.0,0.0,0.0,0.18858935692535175,-1.4805447512873466,0.2721118457703266,0.0,0.0,0.0,0.0,0.0,0.0,0.0,0.0,0.0,0.0,0.0,0.0,0.0,0.0,0.0
7,0.0,0.0,0.0,0.0,0.0,0.0,0.18858935692535175,0.0,0.4597651448587919,-1.2748488593561362,0.0,0.0,0.0,0.0,0.0,0.0,0.0,0.0,0.0,0.0,0.0,0.0,0.0,0.0,0.0
8,0.0,0.0,0.0,0.0,0.0,0.0,-1.4805447512873466,0.4597651448587919,0.0,0.2907714194482197,-2.2766800812532857,-0.11196813828445834,0.0,0.0,0.0,0.0,0.0,0.0,0.0,0.0,0.0,0.0,0.0,0.0,0.0
9,0.0,0.0,0.0,0.0,0.0,0.0,0.2721118457703266,-1.2748488593561362,0.2907714194482197,0.0,0.0807370729741035,0.10577005900217691,0.0,0.0,0.0,0.0,0.0,0.0,0.0,0.0,0.0,0.0,0.0,0.0,0.0
10,0.0,0.0,0.0,0.0,0.0,0.0,0.0,0.0,-2.2766800812532857,0.0807370729741035,0.0,-0.20454498843728405,-0.2757301277125148,0.0,0.0,0.0,0.0,0.0,0.0,0.0,0.0,0.0,0.0,0.0,0.0
11,0.0,0.0,0.0,0.0,0.0,0.0,0.0,0.0,-0.11196813828445834,0.10577005900217691,-0.20454498843728405,0.0,-0.020702091394993957,-0.0024843862596621367,0.0,0.0,0.0,0.0,0.0,0.0,0.0,0.0,0.0,0.0,0.0
12,0.0,0.0,0.0,0.0,0.0,0.0,0.0,0.0,0.0,0.0,-0.2757301277125148,-0.020702091394993957,0.0,0.021130044387458826,0.0,0.0,0.0,0.0,0.0,0.0,0.0,0.0,0.0,0.0,0.0
13,0.0,0.0,0.0,0.0,0.0,0.0,0.0,0.0,0.0,0.0,0.0,-0.0024843862596621367,0.021130044387458826,0.0,1.7354368817677779,-0.9526248795198262,0.0,0.0,0.0,0.0,0.0,0.0,0.0,0.0,0.0
14,0.0,0.0,0.0,0.0,0.0,0.0,0.0,0.0,0.0,0.0,0.0,0.0,0.0,1.7354368817677779,0.0,1.0943240751607066,0.0,0.7855820232392974,0.0,-0.24822975256995655,0.0,0.0,0.0,0.0,0.0
15,0.0,0.0,0.0,0.0,0.0,0.0,0.0,0.0,0.0,0.0,0.0,0.0,0.0,-0.9526248795198262,1.0943240751607066,0.0,0.0,-2.7986056283909355,0.0,-0.8102471917544916,0.0,0.0,0.0,0.0,0.0
16,0.0,0.0,0.0,0.0,0.0,0.0,0.0,0.0,0.0,0.0,0.0,0.0,0.0,0.0,0.0,0.0,0.0,0.0,0.0,0.14129129715264105,0.0,-0.5531711809878721,-0.7158359470994078,1.3084449754963228,0.4395206599644401
17,0.0,0.0,0.0,0.0,0.0,0.0,0.0,0.0,0.0,0.0,0.0,0.0,0.0,0.0,0.7855820232392974,-2.7986056283909355,0.0,0.0,-1.8620755272121872,-1.0675217294849617,0.0,-2.5300298663589036,0.0,0.0,0.0
18,0.0,0.0,0.0,0.0,0.0,0.0,0.0,0.0,0.0,0.0,0.0,0.0,0.0,0.0,0.0,0.0,0.0,-1.8620755272121872,0.0,-1.8034182951483984,0.0,-5.108365883848098,0.0,0.0,0.0
19,0.0,0.0,0.0,0.0,0.0,0.0,0.0,0.0,0.0,0.0,0.0,0.0,0.0,0.0,-0.24822975256995655,-0.8102471917544916,0.14129129715264105,-1.0675217294849617,-1.8034182951483984,0.0,-1.9129682103462933,0.0,0.0,1.0204736256052167,0.0
20,0.0,0.0,0.0,0.0,0.0,0.0,0.0,0.0,0.0,0.0,0.0,0.0,0.0,0.0,0.0,0.0,0.0,0.0,0.0,-1.9129682103462933,0.0,0.0,0.0,0.8901378652255111,-0.46519653092750424
21,0.0,0.0,0.0,0.0,0.0,0.0,0.0,0.0,0.0,0.0,0.0,0.0,0.0,0.0,0.0,0.0,-0.5531711809878721,-2.5300298663589036,-5.108365883848098,0.0,0.0,0.0,-2.114247188919072,0.0,0.0
22,0.0,0.0,0.0,0.0,0.0,0.0,0.0,0.0,0.0,0.0,0.0,0.0,0.0,0.0,0.0,0.0,-0.7158359470994078,0.0,0.0,0.0,0.0,-2.114247188919072,0.0,0.0,-0.4389687968217453
23,0.0,0.0,0.0,0.0,0.0,0.0,0.0,0.0,0.0,0.0,0.0,0.0,0.0,0.0,0.0,0.0,1.3084449754963228,0.0,0.0,1.0204736256052167,0.8901378652255111,0.0,0.0,0.0,0.44151800751133075
24,0.0,0.0,0.0,0.0,0.0,0.0,0.0,0.0,0.0,0.0,0.0,0.0,0.0,0.0,0.0,0.0,0.4395206599644401,0.0,0.0,0.0,-0.46519653092750424,0.0,-0.4389687968217453,0.44151800751133075,0.0
