,0,1,2,3,4,5,6,7,8,9,10,11,12,13,14,15,16,17,18
0,0.0,3.8410431240603455,4.070471116744777,3.9929622501760162,0.0,0.0,0.0,0.0,0.0,0.0,0.0,0.0,0.0,0.0,0.0,0.0,0.0,0.0,0.0
1,3.8410431240603455,0.0,1.183640866866124,1.6073404795879005,0.0,0.0,0.0,0.0,0.0,0.0,0.0,0.0,0.0,0.0,0.0,0.0,0.0,0.0,0.0
2,4.070471116744777,1.183640866866124,0.0,0.43206446749284255,0.1474863099604218,0.0,0.0,0.0,0.0,0.0,0.0,0.0,0.0,0.0,0.0,0.0,0.0,0.0,0.0
3,3.9929622501760162,1.6073404795879005,0.43206446749284255,0.0,1.104110496456808,-0.1184840407900964,0.0,0.0,0.0,0.0,0.0,0.0,0.0,0.0,0.0,0.0,0.0,0.0,0.0
4,0.0,0.0,0.1474863099604218,1.104110496456808,0.0,-0.9159750024884631,0.0,0.0,0.0,0.0,0.0,0.0,0.0,0.0,0.0,0.0,0.0,0.0,0.0
5,0.0,0.0,0.0,-0.1184840407900964,-0.9159750024884631,0.0,-2.353136500760951,-0.28133969581661333,0.0,0.0,0.0,0.0,0.0,0.0,0.0,0.0,0.0,0.0,0.0
6,0.0,0.0,0.0,0.0,0.0,-2.353136500760951,0.0,-0.9534275438991077,-1.8891454591264487,-2.59251392480149,0.0,0.0,0.0,0.0,0.0,0.0,0.0,0.0,0.0
7,0.0,0.0,0.0,0.0,0.0,-0.28133969581661333,-0.9534275438991077,0.0,-1.966308677377467,-1.1440434295113753,-1.4980792711359976,0.0,0.0,0.0,0.0,0.0,0.0,0.0,0.0
8,0.0,0.0,0.0,0.0,0.0,0.0,-1.8891454591264487,-1.966308677377467,0.0,-2.002909361620201,-1.9239187144704557,-2.389362315133677,0.0,0.0,0.0,0.0,0.0,0.0,0.0
9,0.0,0.0,0.0,0.0,0.0,0.0,-2.59251392480149,-1.1440434295113753,-2.002909361620201,0.0,-1.2579934530150094,-2.0198274892231844,0.0,0.0,0.0,0.0,0.0,0.0,0.0
10,0.0,0.0,0.0,0.0,0.0,0.0,0.0,-1.4980792711359976,-1.9239187144704557,-1.2579934530150094,0.0,-1.6092134417633488,0.0,0.0,0.0,0.0,0.0,0.0,0.0
11,0.0,0.0,0.0,0.0,0.0,0.0,0.0,0.0,-2.389362315133677,-2.0198274892231844,-1.6092134417633488,0.0,0.0,0.0,0.0,0.0,0.0,0.0,0.0
12,0.0,0.0,0.0,0.0,0.0,0.0,0.0,0.0,0.0,0.0,0.0,0.0,0.0,-4.321891436378453,-0.4204914612720828,-1.4436698859650743,0.0,0.0,0.0
13,0.0,0.0,0.0,0.0,0.0,0.0,0.0,0.0,0.0,0.0,0.0,0.0,-4.321891436378453,0.0,-0.45872005205319266,-1.4817324357400057,0.0,0.0,0.0
14,0.0,0.0,0.0,0.0,0.0,0.0,0.0,0.0,0.0,0.0,0.0,0.0,-0.4204914612720828,-0.45872005205319266,0.0,-2.23998332592774,-0.8189923815739184,-2.6098094448279046,-0.5682424458917866
15,0.0,0.0,0.0,0.0,0.0,0.0,0.0,0.0,0.0,0.0,0.0,0.0,-1.4436698859650743,-1.4817324357400057,-2.23998332592774,0.0,-0.34069823201376864,0.0,0.0
16,0.0,0.0,0.0,0.0,0.0,0.0,0.0,0.0,0.0,0.0,0.0,0.0,0.0,0.0,-0.8189923815739184,-0.34069823201376864,0.0,-0.9555372710807827,-0.17750236201292396
17,0.0,0.0,0.0,0.0,0.0,0.0,0.0,0.0,0.0,0.0,0.0,0.0,0.0,0.0,-2.6098094448279046,0.0,-0.9555372710807827,0.0,-1.117718277411159
18,0.0,0.0,0.0,0.0,0.0,0.0,0.0,0.0,0.0,0.0,0.0,0.0,0.0,0.0,-0.5682424458917866,0.0,-0.17750236201292396,-1.117718277411159,0.0
