,0,1,2,3,4,5,6,7,8,9,10,11,12,13,14,15,16,17,18,19,20,21
0,0.0,4.542775261245187,0.026871181569893206,5.043578251958481,0.0,0.0,0.0,0.0,0.0,0.0,0.0,0.0,0.0,0.0,0.0,0.0,0.0,0.0,0.0,0.0,0.0,0.0
1,4.542775261245187,0.0,3.5188636333899583,4.280974117307642,0.0,0.0,0.0,0.0,0.0,0.0,0.0,0.0,0.0,0.0,0.0,0.0,0.0,0.0,0.0,0.0,0.0,0.0
2,0.026871181569893206,3.5188636333899583,0.0,4.220829313910584,1.7976737998849297,0.0,0.0,0.0,0.0,0.0,0.0,0.0,0.0,0.0,0.0,0.0,0.0,0.0,0.0,0.0,0.0,0.0
3,5.043578251958481,4.280974117307642,4.220829313910584,0.0,0.866336960913763,1.499601323127296,0.5649520277059075,0.0,0.0,0.0,0.0,0.0,0.0,0.0,0.0,0.0,0.0,0.0,0.0,0.0,0.0,0.0
4,0.0,0.0,1.7976737998849297,0.866336960913763,0.0,-1.0367647536151758,1.183757339101375,-0.6496449363004427,0.0,0.0,0.0,0.0,0.0,0.0,0.0,0.0,0.0,0.0,0.0,0.0,0.0,0.0
5,0.0,0.0,0.0,1.499601323127296,-1.0367647536151758,0.0,1.455860732815878,0.18844422956517018,0.0,0.0,0.0,0.0,0.0,0.0,0.0,0.0,0.0,0.0,0.0,0.0,0.0,0.0
6,0.0,0.0,0.0,0.5649520277059075,1.183757339101375,1.455860732815878,0.0,0.3494181108643653,0.0,0.0,0.0,0.0,0.0,0.0,0.0,0.0,0.0,0.0,0.0,0.0,0.0,0.0
7,0.0,0.0,0.0,0.0,-0.6496449363004427,0.18844422956517018,0.3494181108643653,0.0,0.0,-0.18611188768579373,0.0,0.0,0.0,0.0,0.0,0.0,0.0,0.0,0.0,0.0,0.0,0.0
8,0.0,0.0,0.0,0.0,0.0,0.0,0.0,0.0,0.0,0.36165637878296925,0.03387632076280715,-0.6796855730634583,0.0,0.0,0.0,0.0,0.0,0.0,0.0,0.0,0.0,0.0
9,0.0,0.0,0.0,0.0,0.0,0.0,0.0,-0.18611188768579373,0.36165637878296925,0.0,0.8873527327809897,-0.024702071507266398,0.0,0.0,0.0,0.0,0.0,0.0,0.0,0.0,0.0,0.0
10,0.0,0.0,0.0,0.0,0.0,0.0,0.0,0.0,0.03387632076280715,0.8873527327809897,0.0,-0.7699050865510035,0.0,0.0,0.0,0.0,0.0,0.0,0.0,0.0,0.0,0.0
11,0.0,0.0,0.0,0.0,0.0,0.0,0.0,0.0,-0.6796855730634583,-0.024702071507266398,-0.7699050865510035,0.0,0.8587896943409105,0.0,0.0,0.0,0.0,0.0,0.0,0.0,0.0,0.0
12,0.0,0.0,0.0,0.0,0.0,0.0,0.0,0.0,0.0,0.0,0.0,0.8587896943409105,0.0,1.5337253226236356,-1.8922812280601722,0.0,0.0,0.0,0.0,0.0,0.0,0.0
13,0.0,0.0,0.0,0.0,0.0,0.0,0.0,0.0,0.0,0.0,0.0,0.0,1.5337253226236356,0.0,0.7611461681843437,-0.2365078000297235,0.0,0.0,0.0,0.0,0.0,0.0
14,0.0,0.0,0.0,0.0,0.0,0.0,0.0,0.0,0.0,0.0,0.0,0.0,-1.8922812280601722,0.7611461681843437,0.0,-1.009655843634935,-1.534936147775988,-1.908791561032642,0.0,0.0,0.0,0.0
15,0.0,0.0,0.0,0.0,0.0,0.0,0.0,0.0,0.0,0.0,0.0,0.0,0.0,-0.2365078000297235,-1.009655843634935,0.0,-3.4368029807560267,-2.6919417888735477,0.0,-2.624499932879249,0.0,0.0
16,0.0,0.0,0.0,0.0,0.0,0.0,0.0,0.0,0.0,0.0,0.0,0.0,0.0,0.0,-1.534936147775988,-3.4368029807560267,0.0,-2.9468420009822034,-1.3729459724286235,-2.3715887640933597,0.0,0.0
17,0.0,0.0,0.0,0.0,0.0,0.0,0.0,0.0,0.0,0.0,0.0,0.0,0.0,0.0,-1.908791561032642,-2.6919417888735477,-2.9468420009822034,0.0,-1.8405820619297266,-4.316101411334751,0.39884219354046657,0.0
18,0.0,0.0,0.0,0.0,0.0,0.0,0.0,0.0,0.0,0.0,0.0,0.0,0.0,0.0,0.0,0.0,-1.3729459724286235,-1.8405820619297266,0.0,-1.5587808572220463,0.706232978449866,-1.0846721712852376
19,0.0,0.0,0.0,0.0,0.0,0.0,0.0,0.0,0.0,0.0,0.0,0.0,0.0,0.0,0.0,-2.624499932879249,-2.3715887640933597,-4.316101411334751,-1.5587808572220463,0.0,0.1276225281567007,-1.2115520147949854
20,0.0,0.0,0.0,0.0,0.0,0.0,0.0,0.0,0.0,0.0,0.0,0.0,0.0,0.0,0.0,0.0,0.0,0.39884219354046657,0.706232978449866,0.1276225281567007,0.0,0.21285521842798868
21,0.0,0.0,0.0,0.0,0.0,0.0,0.0,0.0,0.0,0.0,0.0,0.0,0.0,0.0,0.0,0.0,0.0,0.0,-1.0846721712852376,-1.2115520147949854,0.21285521842798868,0.0
