,0,1,2,3,4,5,6,7,8,9,10,11,12,13,14,15,16,17,18,19
0,0.0,1.4108046633709947,1.606002305039586,2.9535463930979704,0.0,0.0,0.0,0.0,0.0,0.0,0.0,0.0,0.0,0.0,0.0,0.0,0.0,0.0,0.0,0.0
1,1.4108046633709947,0.0,0.21144064395696274,2.3832443780125927,0.0,0.0,0.0,0.0,0.0,0.0,0.0,0.0,0.0,0.0,0.0,0.0,0.0,0.0,0.0,0.0
2,1.606002305039586,0.21144064395696274,0.0,1.859997607315481,0.0,0.0,0.0,0.0,0.0,0.0,0.0,0.0,0.0,0.0,0.0,0.0,0.0,0.0,0.0,0.0
3,2.9535463930979704,2.3832443780125927,1.859997607315481,0.0,0.9760674855080208,0.9586292693520901,4.707774599895727,0.0,0.0,0.0,0.0,0.0,0.0,0.0,0.0,0.0,0.0,0.0,0.0,0.0
4,0.0,0.0,0.0,0.9760674855080208,0.0,0.4266397060397059,3.4685949761783217,0.0,0.49516723385888434,0.0,0.0,0.0,0.0,0.0,0.0,0.0,0.0,0.0,0.0,0.0
5,0.0,0.0,0.0,0.9586292693520901,0.4266397060397059,0.0,2.954483082467631,0.0,-0.023953085265129855,0.0,0.0,0.0,0.0,0.0,0.0,0.0,0.0,0.0,0.0,0.0
6,0.0,0.0,0.0,4.707774599895727,3.4685949761783217,2.954483082467631,0.0,0.0,1.7546901634264647,0.0,0.0,0.0,0.0,0.0,0.0,0.0,0.0,0.0,0.0,0.0
7,0.0,0.0,0.0,0.0,0.0,0.0,0.0,0.0,0.0,0.0,0.3731907086588837,0.0,0.0,-0.9457302264189261,1.050644605410218,0.0,0.0,0.0,0.0,0.0
8,0.0,0.0,0.0,0.0,0.49516723385888434,-0.023953085265129855,1.7546901634264647,0.0,0.0,0.0,0.0,-1.7025480525943713,-1.1300579985997898,0.0,0.0,-0.13283420785528585,0.0,0.0,0.0,0.0
9,0.0,0.0,0.0,0.0,0.0,0.0,0.0,0.0,0.0,0.0,0.0,0.4274394668906604,0.39675727162790403,0.0,-3.905560916379483,0.0,0.0,0.0,0.0,0.0
10,0.0,0.0,0.0,0.0,0.0,0.0,0.0,0.3731907086588837,0.0,0.0,0.0,0.0,0.3188440235641234,-0.5055289407722232,-0.038666543319489814,0.0,-0.06581213392346094,0.0,0.0,0.0
11,0.0,0.0,0.0,0.0,0.0,0.0,0.0,0.0,-1.7025480525943713,0.4274394668906604,0.0,0.0,-1.8749950104755113,0.0,0.0,0.2043876850889015,-1.1456160475200252,0.0,0.0,0.0
12,0.0,0.0,0.0,0.0,0.0,0.0,0.0,0.0,-1.1300579985997898,0.39675727162790403,0.3188440235641234,-1.8749950104755113,0.0,0.0,0.0,0.21207233219079608,-2.072288124726031,0.0,0.0,0.0
13,0.0,0.0,0.0,0.0,0.0,0.0,0.0,-0.9457302264189261,0.0,0.0,-0.5055289407722232,0.0,0.0,0.0,0.7673488727273134,0.0,0.8434094520801279,0.0,0.8994745308451086,-0.1614934071826454
14,0.0,0.0,0.0,0.0,0.0,0.0,0.0,1.050644605410218,0.0,-3.905560916379483,-0.038666543319489814,0.0,0.0,0.7673488727273134,0.0,0.0,0.17444498258479813,0.01308390101975748,0.0,0.0
15,0.0,0.0,0.0,0.0,0.0,0.0,0.0,0.0,-0.13283420785528585,0.0,0.0,0.2043876850889015,0.21207233219079608,0.0,0.0,0.0,0.3036752275894084,0.0,0.0,0.0
16,0.0,0.0,0.0,0.0,0.0,0.0,0.0,0.0,0.0,0.0,-0.06581213392346094,-1.1456160475200252,-2.072288124726031,0.8434094520801279,0.17444498258479813,0.3036752275894084,0.0,-1.6139872764722876,0.0,0.0
17,0.0,0.0,0.0,0.0,0.0,0.0,0.0,0.0,0.0,0.0,0.0,0.0,0.0,0.0,0.01308390101975748,0.0,-1.6139872764722876,0.0,-3.6165570223798453,-3.3863677872189757
18,0.0,0.0,0.0,0.0,0.0,0.0,0.0,0.0,0.0,0.0,0.0,0.0,0.0,0.8994745308451086,0.0,0.0,0.0,-3.6165570223798453,0.0,-3.3047325219487997
19,0.0,0.0,0.0,0.0,0.0,0.0,0.0,0.0,0.0,0.0,0.0,0.0,0.0,-0.1614934071826454,0.0,0.0,0.0,-3.3863677872189757,-3.3047325219487997,0.0
