,0,1,2,3,4,5,6,7,8,9,10,11,12,13,14,15,16,17,18,19
0,0.0,1.0333800211927,3.6670317739692897,0.7452067990800086,0.0,0.0,0.0,0.0,0.0,0.0,0.0,0.0,0.0,0.0,0.0,0.0,0.0,0.0,0.0,0.0
1,1.0333800211927,0.0,3.4061266979805445,0.8168638385281302,0.0,0.0,0.0,0.0,0.0,0.0,0.0,0.0,0.0,0.0,0.0,0.0,0.0,0.0,0.0,0.0
2,3.6670317739692897,3.4061266979805445,0.0,1.6065905209461704,-0.1075384275661929,0.0,0.0,0.0,0.0,0.0,0.0,0.0,0.0,0.0,0.0,0.0,0.0,0.0,0.0,0.0
3,0.7452067990800086,0.8168638385281302,1.6065905209461704,0.0,1.3031943250451332,2.8406642183173774,0.9321218391251843,0.0,0.0,0.0,0.0,0.0,0.0,0.0,0.0,0.0,0.0,0.0,0.0,0.0
4,0.0,0.0,-0.1075384275661929,1.3031943250451332,0.0,2.348973558525407,-2.0725745741437733,1.3628823887913275,0.0,0.0,0.0,0.0,0.0,0.0,0.0,0.0,0.0,0.0,0.0,0.0
5,0.0,0.0,0.0,2.8406642183173774,2.348973558525407,0.0,2.2462020183253255,2.3369676743115253,0.0,0.0,0.0,0.0,0.0,0.0,0.0,0.0,0.0,0.0,0.0,0.0
6,0.0,0.0,0.0,0.9321218391251843,-2.0725745741437733,2.2462020183253255,0.0,1.044619885608253,-0.834084975294695,0.0,0.0,0.0,0.0,0.0,0.0,0.0,0.0,0.0,0.0,0.0
7,0.0,0.0,0.0,0.0,1.3628823887913275,2.3369676743115253,1.044619885608253,0.0,0.693093724799861,-0.30204799914813574,0.0,0.0,0.0,0.0,0.0,0.0,0.0,0.0,0.0,0.0
8,0.0,0.0,0.0,0.0,0.0,0.0,-0.834084975294695,0.693093724799861,0.0,-0.6438451408337289,0.0,0.0,0.0,0.0,0.0,0.0,0.0,0.0,0.0,0.0
9,0.0,0.0,0.0,0.0,0.0,0.0,0.0,-0.30204799914813574,-0.6438451408337289,0.0,1.1324243582166655,0.0,0.0,0.0,0.0,0.0,0.0,0.0,0.0,0.0
10,0.0,0.0,0.0,0.0,0.0,0.0,0.0,0.0,0.0,1.1324243582166655,0.0,0.32871550746871253,-0.0966991227729269,0.0,0.0,0.0,0.0,0.0,0.0,0.0
11,0.0,0.0,0.0,0.0,0.0,0.0,0.0,0.0,0.0,0.0,0.32871550746871253,0.0,-0.34768459035447463,-0.3532687159331486,0.0,0.0,0.0,0.0,0.0,0.0
12,0.0,0.0,0.0,0.0,0.0,0.0,0.0,0.0,0.0,0.0,-0.0966991227729269,-0.34768459035447463,0.0,-2.543526855503493,2.07592610485747,-1.980922411661532,0.5036106981479538,0.0,0.0,0.0
13,0.0,0.0,0.0,0.0,0.0,0.0,0.0,0.0,0.0,0.0,0.0,-0.3532687159331486,-2.543526855503493,0.0,1.978930079603727,-1.954507627611907,0.4481569065854301,0.0,0.0,0.0
14,0.0,0.0,0.0,0.0,0.0,0.0,0.0,0.0,0.0,0.0,0.0,0.0,2.07592610485747,1.978930079603727,0.0,0.0,2.4323136382929436,0.0,0.0,0.0
15,0.0,0.0,0.0,0.0,0.0,0.0,0.0,0.0,0.0,0.0,0.0,0.0,-1.980922411661532,-1.954507627611907,0.0,0.0,-0.13248237177237437,0.6893725342997581,-2.764131964504829,0.0
16,0.0,0.0,0.0,0.0,0.0,0.0,0.0,0.0,0.0,0.0,0.0,0.0,0.5036106981479538,0.4481569065854301,2.4323136382929436,-0.13248237177237437,0.0,0.9362724156035058,-0.6493529273522768,-0.2924531166183071
17,0.0,0.0,0.0,0.0,0.0,0.0,0.0,0.0,0.0,0.0,0.0,0.0,0.0,0.0,0.0,0.6893725342997581,0.9362724156035058,0.0,-0.4105585388176452,0.8286362836074964
18,0.0,0.0,0.0,0.0,0.0,0.0,0.0,0.0,0.0,0.0,0.0,0.0,0.0,0.0,0.0,-2.764131964504829,-0.6493529273522768,-0.4105585388176452,0.0,-0.013150087655312727
19,0.0,0.0,0.0,0.0,0.0,0.0,0.0,0.0,0.0,0.0,0.0,0.0,0.0,0.0,0.0,0.0,-0.2924531166183071,0.8286362836074964,-0.013150087655312727,0.0
