,0,1,2,3,4,5,6,7,8,9,10,11,12
0,0.0,0.6529923001962672,-0.2201876380556874,0.34445423612604603,0.0,0.0,0.0,0.0,0.0,0.0,0.0,0.0,0.0
1,0.6529923001962672,0.0,-0.5784892956278866,-0.2770017300730658,0.0,0.0,0.0,0.0,0.0,0.0,0.0,0.0,0.0
2,-0.2201876380556874,-0.5784892956278866,0.0,-1.129771398588069,-1.7169271105070614,2.93285861670993,0.0,0.0,0.0,0.0,0.0,0.0,0.0
3,0.34445423612604603,-0.2770017300730658,-1.129771398588069,0.0,-1.1950597921948303,2.84526732834052,0.0,0.0,0.0,0.0,0.0,0.0,0.0
4,0.0,0.0,-1.7169271105070614,-1.1950597921948303,0.0,2.245164288765999,-0.9039864409530795,0.0,0.0,0.0,0.0,0.0,0.0
5,0.0,0.0,2.93285861670993,2.84526732834052,2.245164288765999,0.0,-0.01698552580250764,0.06783078992605046,0.0,0.6910214161556885,0.0,0.0,0.0
6,0.0,0.0,0.0,0.0,-0.9039864409530795,-0.01698552580250764,0.0,-0.2815459890960358,0.0,-0.48020379775580174,0.0,0.0,0.0
7,0.0,0.0,0.0,0.0,0.0,0.06783078992605046,-0.2815459890960358,0.0,-0.504715930786632,-0.2245068549488811,-0.32152373307977167,0.0,0.0
8,0.0,0.0,0.0,0.0,0.0,0.0,0.0,-0.504715930786632,0.0,0.0,-2.5976286157938513,-0.13965897906013924,-1.439364450369674
9,0.0,0.0,0.0,0.0,0.0,0.6910214161556885,-0.48020379775580174,-0.2245068549488811,0.0,0.0,0.5424786305545752,-0.2856359399976379,-0.9406878881305049
10,0.0,0.0,0.0,0.0,0.0,0.0,0.0,-0.32152373307977167,-2.5976286157938513,0.5424786305545752,0.0,-0.34545406384246885,-1.1251130758558923
11,0.0,0.0,0.0,0.0,0.0,0.0,0.0,0.0,-0.13965897906013924,-0.2856359399976379,-0.34545406384246885,0.0,-1.1723176161103988
12,0.0,0.0,0.0,0.0,0.0,0.0,0.0,0.0,-1.439364450369674,-0.9406878881305049,-1.1251130758558923,-1.1723176161103988,0.0
