,0,1,2,3,4,5,6,7,8,9,10,11,12,13,14,15,16,17,18,19
0,0.0,1.9592348532172126,0.3697964058976534,1.0066261163352903,0.0,0.0,0.0,0.0,0.0,0.0,0.0,0.0,0.0,0.0,0.0,0.0,0.0,0.0,0.0,0.0
1,1.9592348532172126,0.0,1.9283167047125191,1.8744546572267773,2.1004646272406693,0.0,0.0,0.0,0.0,0.0,0.0,0.0,0.0,0.0,0.0,0.0,0.0,0.0,0.0,0.0
2,0.3697964058976534,1.9283167047125191,0.0,0.45458982700388056,0.14389015983910314,0.0,0.0,0.0,0.0,0.0,0.0,0.0,0.0,0.0,0.0,0.0,0.0,0.0,0.0,0.0
3,1.0066261163352903,1.8744546572267773,0.45458982700388056,0.0,-1.2497675969012625,0.48285995759456984,0.0,0.0,0.0,0.0,0.0,0.0,0.0,0.0,0.0,0.0,0.0,0.0,0.0,0.0
4,0.0,2.1004646272406693,0.14389015983910314,-1.2497675969012625,0.0,0.0743568384196548,0.0,0.0,0.0,0.0,0.0,0.0,0.0,0.0,0.0,0.0,0.0,0.0,0.0,0.0
5,0.0,0.0,0.0,0.48285995759456984,0.0743568384196548,0.0,-0.44403458616303765,1.7308726757553836,-0.34187000252068,0.0,0.0,0.0,0.0,0.0,0.0,0.0,0.0,0.0,0.0,0.0
6,0.0,0.0,0.0,0.0,0.0,-0.44403458616303765,0.0,1.0485785683059585,-1.7987859582784438,-1.312987508722053,0.0,0.0,0.0,0.0,0.0,0.0,0.0,0.0,0.0,0.0
7,0.0,0.0,0.0,0.0,0.0,1.7308726757553836,1.0485785683059585,0.0,0.6956441023441823,0.8669791822577869,0.7304439683868714,0.0,0.0,0.0,0.0,0.0,0.0,0.0,0.0,0.0
8,0.0,0.0,0.0,0.0,0.0,-0.34187000252068,-1.7987859582784438,0.6956441023441823,0.0,-1.255509645419917,-2.2125461838040126,0.0,0.0,0.0,0.0,0.0,0.0,0.0,0.0,0.0
9,0.0,0.0,0.0,0.0,0.0,0.0,-1.312987508722053,0.8669791822577869,-1.255509645419917,0.0,-2.6881268630122923,-3.1521940961394814,0.0,0.0,0.0,0.0,0.0,0.0,0.0,0.0
10,0.0,0.0,0.0,0.0,0.0,0.0,0.0,0.7304439683868714,-2.2125461838040126,-2.6881268630122923,0.0,-3.139310877878981,0.0,0.0,0.0,0.0,0.0,0.0,0.0,0.0
11,0.0,0.0,0.0,0.0,0.0,0.0,0.0,0.0,0.0,-3.1521940961394814,-3.139310877878981,0.0,-1.6619156922715244,0.0,0.0,0.0,0.0,0.0,0.0,0.0
12,0.0,0.0,0.0,0.0,0.0,0.0,0.0,0.0,0.0,0.0,0.0,-1.6619156922715244,0.0,0.6958125580254876,-1.0274974854391836,0.0,0.0,0.0,0.0,0.0
13,0.0,0.0,0.0,0.0,0.0,0.0,0.0,0.0,0.0,0.0,0.0,0.0,0.6958125580254876,0.0,-0.5689246637583082,-2.566131209089707,-0.7774424709633619,0.0,0.0,0.0
14,0.0,0.0,0.0,0.0,0.0,0.0,0.0,0.0,0.0,0.0,0.0,0.0,-1.0274974854391836,-0.5689246637583082,0.0,-1.3935820609203813,-2.503202553702474,-3.3583200261996233,0.0,0.0
15,0.0,0.0,0.0,0.0,0.0,0.0,0.0,0.0,0.0,0.0,0.0,0.0,0.0,-2.566131209089707,-1.3935820609203813,0.0,-1.6124092557879248,-1.7898007215181777,0.0,0.0
16,0.0,0.0,0.0,0.0,0.0,0.0,0.0,0.0,0.0,0.0,0.0,0.0,0.0,-0.7774424709633619,-2.503202553702474,-1.6124092557879248,0.0,-3.212023090257528,-1.9278116500227167,-2.481510829198326
17,0.0,0.0,0.0,0.0,0.0,0.0,0.0,0.0,0.0,0.0,0.0,0.0,0.0,0.0,-3.3583200261996233,-1.7898007215181777,-3.212023090257528,0.0,-2.027791840472726,-2.7971620101892665
18,0.0,0.0,0.0,0.0,0.0,0.0,0.0,0.0,0.0,0.0,0.0,0.0,0.0,0.0,0.0,0.0,-1.9278116500227167,-2.027791840472726,0.0,-4.149253227467532
19,0.0,0.0,0.0,0.0,0.0,0.0,0.0,0.0,0.0,0.0,0.0,0.0,0.0,0.0,0.0,0.0,-2.481510829198326,-2.7971620101892665,-4.149253227467532,0.0
