,0,1,2,3,4,5,6,7,8,9,10,11,12,13,14,15,16,17,18,19
0,0.0,2.3775909937776842,4.113447405923445,2.5617095238994803,0.0,0.0,0.0,0.0,0.0,0.0,0.0,0.0,0.0,0.0,0.0,0.0,0.0,0.0,0.0,0.0
1,2.3775909937776842,0.0,3.493051646586208,0.7364897389564171,0.0,0.0,0.0,0.0,0.0,0.0,0.0,0.0,0.0,0.0,0.0,0.0,0.0,0.0,0.0,0.0
2,4.113447405923445,3.493051646586208,0.0,2.11179318892404,3.0246411509476623,1.300387373245393,0.0,0.0,0.0,0.0,0.0,0.0,0.0,0.0,0.0,0.0,0.0,0.0,0.0,0.0
3,2.5617095238994803,0.7364897389564171,2.11179318892404,0.0,2.0887434054971483,-0.44312501142015753,0.0,0.0,0.0,0.0,0.0,0.0,0.0,0.0,0.0,0.0,0.0,0.0,0.0,0.0
4,0.0,0.0,3.0246411509476623,2.0887434054971483,0.0,1.0429946251112432,2.789973869121067,1.0839951775597292,0.0,0.0,0.0,0.0,0.0,0.0,0.0,0.0,0.0,0.0,0.0,0.0
5,0.0,0.0,1.300387373245393,-0.44312501142015753,1.0429946251112432,0.0,3.204572753618521,1.4020103806810835,0.0,0.0,0.0,0.0,0.0,0.0,0.0,0.0,0.0,0.0,0.0,0.0
6,0.0,0.0,0.0,0.0,2.789973869121067,3.204572753618521,0.0,1.042576113317109,1.5048403868636602,3.3685736204712087,0.0,0.0,0.0,0.0,0.0,0.0,0.0,0.0,0.0,0.0
7,0.0,0.0,0.0,0.0,1.0839951775597292,1.4020103806810835,1.042576113317109,0.0,-0.01568730058322024,0.0,2.8124284628901917,0.2675020435067067,-0.9449051823560121,0.0,0.0,0.0,0.0,0.0,0.0,0.0
8,0.0,0.0,0.0,0.0,0.0,0.0,1.5048403868636602,-0.01568730058322024,0.0,2.8673357477335335,0.0,-1.7411354807386168,-0.7374723424058119,0.0,0.0,0.0,0.0,0.0,0.0,0.0
9,0.0,0.0,0.0,0.0,0.0,0.0,3.3685736204712087,0.0,2.8673357477335335,0.0,0.0,0.0,0.0,0.0,0.0,-2.0913539345678513,0.8935483645098556,0.0,0.0,0.0
10,0.0,0.0,0.0,0.0,0.0,0.0,0.0,2.8124284628901917,0.0,0.0,0.0,2.619933805353779,2.406174721466263,0.0,0.0,0.0,0.0,0.0,0.0,0.0
11,0.0,0.0,0.0,0.0,0.0,0.0,0.0,0.2675020435067067,-1.7411354807386168,0.0,2.619933805353779,0.0,-0.7946217557357727,-2.345356753544531,0.5704289360242566,0.0,0.0,0.0,0.0,0.0
12,0.0,0.0,0.0,0.0,0.0,0.0,0.0,-0.9449051823560121,-0.7374723424058119,0.0,2.406174721466263,-0.7946217557357727,0.0,-0.7631180113023135,0.4646418480951888,0.0,0.0,0.0,0.0,0.0
13,0.0,0.0,0.0,0.0,0.0,0.0,0.0,0.0,0.0,0.0,0.0,-2.345356753544531,-0.7631180113023135,0.0,-0.11383404963927163,1.9608811277329248,1.9746824005211603,0.0,-3.4058306049206006,0.6849253862419401
14,0.0,0.0,0.0,0.0,0.0,0.0,0.0,0.0,0.0,0.0,0.0,0.5704289360242566,0.4646418480951888,-0.11383404963927163,0.0,1.6972637419719907,1.6899486350812936,0.0,0.0,0.0
15,0.0,0.0,0.0,0.0,0.0,0.0,0.0,0.0,0.0,-2.0913539345678513,0.0,0.0,0.0,1.9608811277329248,1.6972637419719907,0.0,0.7070595939032144,0.0,0.0,0.0
16,0.0,0.0,0.0,0.0,0.0,0.0,0.0,0.0,0.0,0.8935483645098556,0.0,0.0,0.0,1.9746824005211603,1.6899486350812936,0.7070595939032144,0.0,0.3134991756990802,0.0,0.0
17,0.0,0.0,0.0,0.0,0.0,0.0,0.0,0.0,0.0,0.0,0.0,0.0,0.0,0.0,0.0,0.0,0.3134991756990802,0.0,0.30987441092593054,1.216536235470579
18,0.0,0.0,0.0,0.0,0.0,0.0,0.0,0.0,0.0,0.0,0.0,0.0,0.0,-3.4058306049206006,0.0,0.0,0.0,0.30987441092593054,0.0,-0.6656771622563592
19,0.0,0.0,0.0,0.0,0.0,0.0,0.0,0.0,0.0,0.0,0.0,0.0,0.0,0.6849253862419401,0.0,0.0,0.0,1.216536235470579,-0.6656771622563592,0.0
