,0,1,2,3,4,5,6,7,8,9,10,11,12,13,14,15,16,17,18
0,0.0,2.272259687947976,1.1307127172445635,0.08450147702510034,0.0,0.0,0.0,0.0,0.0,0.0,0.0,0.0,0.0,0.0,0.0,0.0,0.0,0.0,0.0
1,2.272259687947976,0.0,1.8662347608996503,0.427074183092772,0.0,0.0,0.0,0.0,0.0,0.0,0.0,0.0,0.0,0.0,0.0,0.0,0.0,0.0,0.0
2,1.1307127172445635,1.8662347608996503,0.0,-1.416665428656921,0.5894664667414296,0.0,0.0,0.0,0.0,0.0,0.0,0.0,0.0,0.0,0.0,0.0,0.0,0.0,0.0
3,0.08450147702510034,0.427074183092772,-1.416665428656921,0.0,-0.21936446550240787,-0.4444422785926242,0.0,-1.1886348666822844,0.0,0.0,0.0,0.0,0.0,0.0,0.0,0.0,0.0,0.0,0.0
4,0.0,0.0,0.5894664667414296,-0.21936446550240787,0.0,-0.148388372588575,0.0,-0.8393361735767089,0.0,0.0,0.0,0.0,0.0,0.0,0.0,0.0,0.0,0.0,0.0
5,0.0,0.0,0.0,-0.4444422785926242,-0.148388372588575,0.0,1.1725275710243683,-1.5413687343228977,0.0,0.0,0.0,0.0,0.0,0.0,0.0,0.0,0.0,0.0,0.0
6,0.0,0.0,0.0,0.0,0.0,1.1725275710243683,0.0,0.4401535333983782,0.0,0.0,3.0880725247134047,0.0,0.0,0.0,0.0,0.0,0.0,0.0,0.0
7,0.0,0.0,0.0,-1.1886348666822844,-0.8393361735767089,-1.5413687343228977,0.4401535333983782,0.0,0.0,3.248403618337596,3.2940631383155505,0.0,0.0,0.0,0.0,0.0,0.0,0.0,0.0
8,0.0,0.0,0.0,0.0,0.0,0.0,0.0,0.0,0.0,3.0337436677993037,3.1763362269746245,0.0,3.1717166714727933,0.0,0.0,0.0,0.0,0.0,0.0
9,0.0,0.0,0.0,0.0,0.0,0.0,0.0,3.248403618337596,3.0337436677993037,0.0,1.4537221231103432,-0.5698427065642994,1.6273037879675616,1.541598466433066,0.0,0.0,0.0,0.0,0.0
10,0.0,0.0,0.0,0.0,0.0,0.0,3.0880725247134047,3.2940631383155505,3.1763362269746245,1.4537221231103432,0.0,1.2287701385323546,1.3081875707146313,0.0,0.0,0.0,0.0,0.0,0.0
11,0.0,0.0,0.0,0.0,0.0,0.0,0.0,0.0,0.0,-0.5698427065642994,1.2287701385323546,0.0,1.4489296381733083,0.6195912701891024,1.0428570290102706,0.0,0.0,0.0,0.0
12,0.0,0.0,0.0,0.0,0.0,0.0,0.0,0.0,3.1717166714727933,1.6273037879675616,1.3081875707146313,1.4489296381733083,0.0,1.7671480961950596,0.0,0.0,0.0,0.0,0.0
13,0.0,0.0,0.0,0.0,0.0,0.0,0.0,0.0,0.0,1.541598466433066,0.0,0.6195912701891024,1.7671480961950596,0.0,0.0,0.0,0.0,0.0,0.0
14,0.0,0.0,0.0,0.0,0.0,0.0,0.0,0.0,0.0,0.0,0.0,1.0428570290102706,0.0,0.0,0.0,0.0,1.2044864223238072,0.0,0.7261812095733137
15,0.0,0.0,0.0,0.0,0.0,0.0,0.0,0.0,0.0,0.0,0.0,0.0,0.0,0.0,0.0,0.0,1.336447220864822,1.5938844470028608,1.1469950956705064
16,0.0,0.0,0.0,0.0,0.0,0.0,0.0,0.0,0.0,0.0,0.0,0.0,0.0,0.0,1.2044864223238072,1.336447220864822,0.0,1.5866085867651352,0.6185191404510814
17,0.0,0.0,0.0,0.0,0.0,0.0,0.0,0.0,0.0,0.0,0.0,0.0,0.0,0.0,0.0,1.5938844470028608,1.5866085867651352,0.0,1.2352671099247685
18,0.0,0.0,0.0,0.0,0.0,0.0,0.0,0.0,0.0,0.0,0.0,0.0,0.0,0.0,0.7261812095733137,1.1469950956705064,0.6185191404510814,1.2352671099247685,0.0
