,0,1,2,3,4,5,6,7,8,9,10,11,12,13,14,15
0,0.0,6.062586088894339,1.0747105489869955,0.5788630721827525,0.0,0.0,0.0,0.0,0.0,0.0,0.0,0.0,0.0,0.0,0.0,0.0
1,6.062586088894339,0.0,4.48937402632464,3.9292624656730712,0.0,3.8144417383871847,0.0,0.0,0.0,0.0,0.0,0.0,0.0,0.0,0.0,0.0
2,1.0747105489869955,4.48937402632464,0.0,-1.954230988170835,0.0,-1.7743852764497436,0.0,0.0,0.0,0.0,0.0,0.0,0.0,0.0,0.0,0.0
3,0.5788630721827525,3.9292624656730712,-1.954230988170835,0.0,2.4582439203614372,-2.0683247304004464,0.5556808729028622,0.0,0.0,0.0,0.0,0.0,0.0,0.0,0.0,0.0
4,0.0,0.0,0.0,2.4582439203614372,0.0,2.375227827625563,1.2677932506532914,0.0,0.0,0.0,0.0,0.0,0.0,0.0,0.0,0.0
5,0.0,3.8144417383871847,-1.7743852764497436,-2.0683247304004464,2.375227827625563,0.0,0.38703716521288495,0.0,0.0,0.0,0.0,0.0,0.0,0.0,0.0,0.0
6,0.0,0.0,0.0,0.5556808729028622,1.2677932506532914,0.38703716521288495,0.0,-0.3538940184373743,-0.21496823023534722,-1.3376219179212758,0.0,0.0,0.0,0.0,0.0,0.0
7,0.0,0.0,0.0,0.0,0.0,0.0,-0.3538940184373743,0.0,-2.939291905123428,-2.6386192845813228,0.0,0.0,0.0,0.0,0.0,0.0
8,0.0,0.0,0.0,0.0,0.0,0.0,-0.21496823023534722,-2.939291905123428,0.0,-2.465241453644251,0.0,0.0,0.0,0.0,0.0,0.0
9,0.0,0.0,0.0,0.0,0.0,0.0,-1.3376219179212758,-2.6386192845813228,-2.465241453644251,0.0,-0.036374143794853875,-0.7741275707705205,-0.597828749350799,0.0,0.0,0.0
10,0.0,0.0,0.0,0.0,0.0,0.0,0.0,0.0,0.0,-0.036374143794853875,0.0,-2.7173588766247834,-4.3188795624024205,0.0,0.0,0.0
11,0.0,0.0,0.0,0.0,0.0,0.0,0.0,0.0,0.0,-0.7741275707705205,-2.7173588766247834,0.0,-4.116904895860366,0.0,0.0,0.0
12,0.0,0.0,0.0,0.0,0.0,0.0,0.0,0.0,0.0,-0.597828749350799,-4.3188795624024205,-4.116904895860366,0.0,-5.157968973617216,-2.4638808014191014,-2.7171088715314373
13,0.0,0.0,0.0,0.0,0.0,0.0,0.0,0.0,0.0,0.0,0.0,0.0,-5.157968973617216,0.0,-2.4384622601308332,-2.713850085546593
14,0.0,0.0,0.0,0.0,0.0,0.0,0.0,0.0,0.0,0.0,0.0,0.0,-2.4638808014191014,-2.4384622601308332,0.0,-4.9661158957417975
15,0.0,0.0,0.0,0.0,0.0,0.0,0.0,0.0,0.0,0.0,0.0,0.0,-2.7171088715314373,-2.713850085546593,-4.9661158957417975,0.0
