,0,1,2,3,4,5,6,7,8,9,10,11,12,13
0,0.0,1.0599568288407277,-0.16357679727007338,0.7191443403471464,0.0,0.0,0.0,0.0,0.0,0.0,0.0,0.0,0.0,0.0
1,1.0599568288407277,0.0,-0.9727790046810622,-2.4625835560649305,-0.27051504852704983,0.0,0.0,0.0,0.0,0.0,0.0,0.0,0.0,0.0
2,-0.16357679727007338,-0.9727790046810622,0.0,-1.3165836752694637,-1.7065527193285808,-1.598133112134135,0.0,0.0,0.0,0.0,0.0,0.0,0.0,0.0
3,0.7191443403471464,-2.4625835560649305,-1.3165836752694637,0.0,-0.9027871387384797,-1.3559625582830348,0.0,0.0,0.0,0.0,0.0,0.0,0.0,0.0
4,0.0,-0.27051504852704983,-1.7065527193285808,-0.9027871387384797,0.0,-2.1678820771500087,0.6244860936839848,0.0,0.0,0.0,0.0,0.0,0.0,0.0
5,0.0,0.0,-1.598133112134135,-1.3559625582830348,-2.1678820771500087,0.0,0.0842372107244984,-2.0077682221770012,1.7770806946088045,0.0,0.0,0.0,0.0,0.0
6,0.0,0.0,0.0,0.0,0.6244860936839848,0.0842372107244984,0.0,-0.39846661216873164,1.9076556784517862,0.0,0.0,0.0,0.0,0.0
7,0.0,0.0,0.0,0.0,0.0,-2.0077682221770012,-0.39846661216873164,0.0,1.775979820631494,0.0,0.0,0.0,0.0,0.0
8,0.0,0.0,0.0,0.0,0.0,1.7770806946088045,1.9076556784517862,1.775979820631494,0.0,1.4887361088224242,0.0,0.0,0.0,0.0
9,0.0,0.0,0.0,0.0,0.0,0.0,0.0,0.0,1.4887361088224242,0.0,-0.8879423870095456,-4.342644545366365,0.0,0.0
10,0.0,0.0,0.0,0.0,0.0,0.0,0.0,0.0,0.0,-0.8879423870095456,0.0,-1.7779636116478492,-0.03880127270783927,-2.0601742120927864
11,0.0,0.0,0.0,0.0,0.0,0.0,0.0,0.0,0.0,-4.342644545366365,-1.7779636116478492,0.0,-0.05344371135242855,-4.143192281221051
12,0.0,0.0,0.0,0.0,0.0,0.0,0.0,0.0,0.0,0.0,-0.03880127270783927,-0.05344371135242855,0.0,-0.7046263899634314
13,0.0,0.0,0.0,0.0,0.0,0.0,0.0,0.0,0.0,0.0,-2.0601742120927864,-4.143192281221051,-0.7046263899634314,0.0
