,0,1,2,3,4,5,6,7,8,9,10,11,12
0,0.0,5.8604130370285015,0.65563116753181,1.7792783581918064,0.0,0.0,0.0,0.0,0.0,0.0,0.0,0.0,0.0
1,5.8604130370285015,0.0,4.076657995080693,4.101993273216007,0.0,0.0,0.0,0.0,0.0,0.0,0.0,0.0,0.0
2,0.65563116753181,4.076657995080693,0.0,-1.2480804985260885,1.9225510587757224,0.5146748234422227,0.0,0.0,0.0,0.0,0.0,0.0,0.0
3,1.7792783581918064,4.101993273216007,-1.2480804985260885,0.0,1.840354476254708,0.1426071930378102,-1.4043859217134829,0.0,0.0,0.0,0.0,0.0,0.0
4,0.0,0.0,1.9225510587757224,1.840354476254708,0.0,1.8227146117547899,1.2331779219505752,1.2257730951213608,0.0,0.0,0.0,0.0,0.0
5,0.0,0.0,0.5146748234422227,0.1426071930378102,1.8227146117547899,0.0,-0.8788767220612221,-1.2742828883438126,0.0,0.0,0.0,0.0,0.0
6,0.0,0.0,0.0,-1.4043859217134829,1.2331779219505752,-0.8788767220612221,0.0,-1.464869043913492,-2.3556685573951004,0.0,0.0,0.0,0.0
7,0.0,0.0,0.0,0.0,1.2257730951213608,-1.2742828883438126,-1.464869043913492,0.0,-1.8312876434709215,0.0,0.0,0.0,0.0
8,0.0,0.0,0.0,0.0,0.0,0.0,-2.3556685573951004,-1.8312876434709215,0.0,-1.9658928693705118,-2.8983906441254375,0.0,0.0
9,0.0,0.0,0.0,0.0,0.0,0.0,0.0,0.0,-1.9658928693705118,0.0,-1.981780315548722,-3.916882664154155,1.1151129865394118
10,0.0,0.0,0.0,0.0,0.0,0.0,0.0,0.0,-2.8983906441254375,-1.981780315548722,0.0,-2.945997025428825,1.0377720834910804
11,0.0,0.0,0.0,0.0,0.0,0.0,0.0,0.0,0.0,-3.916882664154155,-2.945997025428825,0.0,0.49143128542636294
12,0.0,0.0,0.0,0.0,0.0,0.0,0.0,0.0,0.0,1.1151129865394118,1.0377720834910804,0.49143128542636294,0.0
