,0,1,2,3,4,5,6,7,8,9,10,11,12,13,14,15,16,17,18,19,20
0,0.0,0.9046918219469333,2.237093711286077,-0.5555124318549114,0.0,0.0,0.0,0.0,0.0,0.0,0.0,0.0,0.0,0.0,0.0,0.0,0.0,0.0,0.0,0.0,0.0
1,0.9046918219469333,0.0,2.1592449157399316,-1.1334184888952388,0.0,0.0,0.0,0.0,0.0,0.0,0.0,0.0,0.0,0.0,0.0,0.0,0.0,0.0,0.0,0.0,0.0
2,2.237093711286077,2.1592449157399316,0.0,0.3941928974170523,1.7870104682989947,-1.2237761522022945,0.0,0.0,0.0,0.0,0.0,0.0,0.0,0.0,0.0,0.0,0.0,0.0,0.0,0.0,0.0
3,-0.5555124318549114,-1.1334184888952388,0.3941928974170523,0.0,0.7191646646452619,-1.9061543832424288,0.0,0.0,0.0,0.0,0.0,0.0,0.0,0.0,0.0,0.0,0.0,0.0,0.0,0.0,0.0
4,0.0,0.0,1.7870104682989947,0.7191646646452619,0.0,-0.31350007668938373,-0.805116876367934,0.0,2.791224630464294,0.0,0.0,0.0,0.0,0.0,0.0,0.0,0.0,0.0,0.0,0.0,0.0
5,0.0,0.0,-1.2237761522022945,-1.9061543832424288,-0.31350007668938373,0.0,-2.34585652140763,0.0,2.9278086591107155,0.0,0.0,0.0,0.0,0.0,0.0,0.0,0.0,0.0,0.0,0.0,0.0
6,0.0,0.0,0.0,0.0,-0.805116876367934,-2.34585652140763,0.0,0.0,2.7161620812719764,0.0,0.0,0.0,0.0,0.0,0.0,0.0,0.0,0.0,0.0,0.0,0.0
7,0.0,0.0,0.0,0.0,0.0,0.0,0.0,0.0,1.1205110377999798,-0.30518619116572837,0.0,0.7610615657898551,0.0,0.0,0.0,0.0,0.0,0.0,0.0,0.0,0.0
8,0.0,0.0,0.0,0.0,2.791224630464294,2.9278086591107155,2.7161620812719764,1.1205110377999798,0.0,1.0254107638413006,0.0,0.45034079602695914,0.0,0.0,0.0,0.0,0.0,0.0,0.0,0.0,0.0
9,0.0,0.0,0.0,0.0,0.0,0.0,0.0,-0.30518619116572837,1.0254107638413006,0.0,0.0,-0.41510009567182715,-1.460744030210727,0.0,0.04297202243238541,0.0,0.0,0.0,0.0,0.0,0.0
10,0.0,0.0,0.0,0.0,0.0,0.0,0.0,0.0,0.0,0.0,0.0,0.0,0.0,1.7464557578407245,1.1687408929221133,1.0721062101121275,0.0,1.3938108910100562,0.0,0.0,0.0
11,0.0,0.0,0.0,0.0,0.0,0.0,0.0,0.7610615657898551,0.45034079602695914,-0.41510009567182715,0.0,0.0,-1.4866477725034049,0.0,0.0,-3.6293910887008107,0.0,0.0,0.0,0.0,0.0
12,0.0,0.0,0.0,0.0,0.0,0.0,0.0,0.0,0.0,-1.460744030210727,0.0,-1.4866477725034049,0.0,0.0,-1.1663221703083475,-2.273404608318584,0.0,0.0,0.0,0.0,0.0
13,0.0,0.0,0.0,0.0,0.0,0.0,0.0,0.0,0.0,0.0,1.7464557578407245,0.0,0.0,0.0,0.0,0.0,0.8621343863253662,0.0,0.0,1.9843298479126932,1.3900956175619736
14,0.0,0.0,0.0,0.0,0.0,0.0,0.0,0.0,0.0,0.04297202243238541,1.1687408929221133,0.0,-1.1663221703083475,0.0,0.0,-1.0345585170309468,0.0,0.7546159266009935,0.0,0.0,0.0
15,0.0,0.0,0.0,0.0,0.0,0.0,0.0,0.0,0.0,0.0,1.0721062101121275,-3.6293910887008107,-2.273404608318584,0.0,-1.0345585170309468,0.0,0.0,0.6159554851783614,0.0,0.0,0.0
16,0.0,0.0,0.0,0.0,0.0,0.0,0.0,0.0,0.0,0.0,0.0,0.0,0.0,0.8621343863253662,0.0,0.0,0.0,0.0,0.0,1.7452467434805683,1.0685770759033866
17,0.0,0.0,0.0,0.0,0.0,0.0,0.0,0.0,0.0,0.0,1.3938108910100562,0.0,0.0,0.0,0.7546159266009935,0.6159554851783614,0.0,0.0,1.3839955505555572,0.0,0.0
18,0.0,0.0,0.0,0.0,0.0,0.0,0.0,0.0,0.0,0.0,0.0,0.0,0.0,0.0,0.0,0.0,0.0,1.3839955505555572,0.0,1.3264856599483832,0.4685236294977401
19,0.0,0.0,0.0,0.0,0.0,0.0,0.0,0.0,0.0,0.0,0.0,0.0,0.0,1.9843298479126932,0.0,0.0,1.7452467434805683,0.0,1.3264856599483832,0.0,0.4313237128503891
20,0.0,0.0,0.0,0.0,0.0,0.0,0.0,0.0,0.0,0.0,0.0,0.0,0.0,1.3900956175619736,0.0,0.0,1.0685770759033866,0.0,0.4685236294977401,0.4313237128503891,0.0
