,0,1,2,3,4,5,6,7,8,9,10,11
0,0.0,5.090395763501457,4.244653146117133,3.8358565193373506,0.0,0.0,0.0,0.0,0.0,0.0,0.0,0.0
1,5.090395763501457,0.0,1.5833961142802677,0.35516783787854755,0.0,0.0,0.0,0.0,0.0,0.0,0.0,0.0
2,4.244653146117133,1.5833961142802677,0.0,-0.7963695652110485,0.045230219221387896,1.9160588408449493,0.0,0.0,0.0,0.0,0.0,0.0
3,3.8358565193373506,0.35516783787854755,-0.7963695652110485,0.0,-0.5820723094393273,1.7339035631295288,0.0,0.0,0.0,0.0,0.0,0.0
4,0.0,0.0,0.045230219221387896,-0.5820723094393273,0.0,0.9338628852691003,-0.5653049566835072,0.7983520330940173,0.0,0.0,0.0,0.0
5,0.0,0.0,1.9160588408449493,1.7339035631295288,0.9338628852691003,0.0,-1.2467349230356635,-1.3841274640455465,0.2995934111157693,0.0,0.0,0.0
6,0.0,0.0,0.0,0.0,-0.5653049566835072,-1.2467349230356635,0.0,-1.0417220251783574,-0.08880055442139795,0.0,0.0,0.0
7,0.0,0.0,0.0,0.0,0.7983520330940173,-1.3841274640455465,-1.0417220251783574,0.0,0.15318008266935154,-4.2153818049846015,0.0,0.0
8,0.0,0.0,0.0,0.0,0.0,0.2995934111157693,-0.08880055442139795,0.15318008266935154,0.0,-0.2490759916722954,0.7416408843898613,-0.7809649550223946
9,0.0,0.0,0.0,0.0,0.0,0.0,0.0,-4.2153818049846015,-0.2490759916722954,0.0,0.20183191783776477,-3.6764420698666993
10,0.0,0.0,0.0,0.0,0.0,0.0,0.0,0.0,0.7416408843898613,0.20183191783776477,0.0,-0.48303428282223837
11,0.0,0.0,0.0,0.0,0.0,0.0,0.0,0.0,-0.7809649550223946,-3.6764420698666993,-0.48303428282223837,0.0
