,0,1,2,3,4,5,6,7,8,9,10,11,12,13,14,15,16,17,18,19,20,21
0,0.0,1.399755786256606,1.3215486644620842,0.39212641062976933,0.0,0.0,0.0,0.0,0.0,0.0,0.0,0.0,0.0,0.0,0.0,0.0,0.0,0.0,0.0,0.0,0.0,0.0
1,1.399755786256606,0.0,-0.16229317051562264,0.5580522474261674,1.5260380701338234,0.0,0.0,0.0,0.0,0.0,0.0,0.0,0.0,0.0,0.0,0.0,0.0,0.0,0.0,0.0,0.0,0.0
2,1.3215486644620842,-0.16229317051562264,0.0,-0.5755152916699758,0.9923177385990071,0.0,2.9746432906156,0.0,0.0,0.0,0.0,0.0,0.0,0.0,0.0,0.0,0.0,0.0,0.0,0.0,0.0,0.0
3,0.39212641062976933,0.5580522474261674,-0.5755152916699758,0.0,0.003293308051634092,0.0,2.5687074877874227,0.0,0.0,0.0,0.0,0.0,0.0,0.0,0.0,0.0,0.0,0.0,0.0,0.0,0.0,0.0
4,0.0,1.5260380701338234,0.9923177385990071,0.003293308051634092,0.0,0.0,2.5191731502524046,0.0,0.0,0.0,0.0,0.0,0.0,0.0,0.0,0.0,0.0,0.0,0.0,0.0,0.0,0.0
5,0.0,0.0,0.0,0.0,0.0,0.0,2.2403588026000003,2.4496252191430115,0.7186566733228529,0.0,0.0,0.0,0.0,0.0,0.0,0.0,0.0,0.0,0.0,0.0,0.0,0.0
6,0.0,0.0,2.9746432906156,2.5687074877874227,2.5191731502524046,2.2403588026000003,0.0,-1.4391783567639633,2.3249537056549077,0.0,0.0,0.0,0.0,0.0,0.0,0.0,0.0,0.0,0.0,0.0,0.0,0.0
7,0.0,0.0,0.0,0.0,0.0,2.4496252191430115,-1.4391783567639633,0.0,2.53488501372162,0.0,0.0,0.0,0.0,0.0,0.0,0.0,0.0,0.0,0.0,0.0,0.0,0.0
8,0.0,0.0,0.0,0.0,0.0,0.7186566733228529,2.3249537056549077,2.53488501372162,0.0,0.7212326369592478,0.011216605176549327,0.0,0.0,0.0,0.0,0.0,0.0,0.0,0.0,0.0,0.0,0.0
9,0.0,0.0,0.0,0.0,0.0,0.0,0.0,0.0,0.7212326369592478,0.0,0.8564892479652271,0.39446564574749965,0.0,0.0,0.0,0.0,0.0,0.0,0.0,0.0,0.0,0.0
10,0.0,0.0,0.0,0.0,0.0,0.0,0.0,0.0,0.011216605176549327,0.8564892479652271,0.0,-0.8185352402622882,0.0,0.0,0.0,0.0,0.0,0.0,0.0,0.0,0.0,0.0
11,0.0,0.0,0.0,0.0,0.0,0.0,0.0,0.0,0.0,0.39446564574749965,-0.8185352402622882,0.0,1.585623144907087,-0.39538030405828767,1.4972644366130432,0.0,0.0,0.0,0.0,0.0,0.0,0.0
12,0.0,0.0,0.0,0.0,0.0,0.0,0.0,0.0,0.0,0.0,0.0,1.585623144907087,0.0,1.3383021130500985,0.7873267073762543,0.0,0.0,0.0,0.0,0.0,0.0,0.0
13,0.0,0.0,0.0,0.0,0.0,0.0,0.0,0.0,0.0,0.0,0.0,-0.39538030405828767,1.3383021130500985,0.0,1.1143215818850374,0.0,2.463575742892903,0.0,0.0,0.0,0.0,0.0
14,0.0,0.0,0.0,0.0,0.0,0.0,0.0,0.0,0.0,0.0,0.0,1.4972644366130432,0.7873267073762543,1.1143215818850374,0.0,-0.21425313072158672,1.3152183641452204,0.0,0.0,0.0,0.0,0.0
15,0.0,0.0,0.0,0.0,0.0,0.0,0.0,0.0,0.0,0.0,0.0,0.0,0.0,0.0,-0.21425313072158672,0.0,1.410251686328903,-1.612080326577929,-2.9187589933748876,-2.000616522701229,0.0,0.0
16,0.0,0.0,0.0,0.0,0.0,0.0,0.0,0.0,0.0,0.0,0.0,0.0,0.0,2.463575742892903,1.3152183641452204,1.410251686328903,0.0,1.3941977851350393,0.0,0.0,0.0,0.0
17,0.0,0.0,0.0,0.0,0.0,0.0,0.0,0.0,0.0,0.0,0.0,0.0,0.0,0.0,0.0,-1.612080326577929,1.3941977851350393,0.0,-1.9323242559982488,-1.0686591671178023,0.0,0.0
18,0.0,0.0,0.0,0.0,0.0,0.0,0.0,0.0,0.0,0.0,0.0,0.0,0.0,0.0,0.0,-2.9187589933748876,0.0,-1.9323242559982488,0.0,-2.005703217078812,0.29230592805960376,-0.14556382525743575
19,0.0,0.0,0.0,0.0,0.0,0.0,0.0,0.0,0.0,0.0,0.0,0.0,0.0,0.0,0.0,-2.000616522701229,0.0,-1.0686591671178023,-2.005703217078812,0.0,0.2521938898863666,0.11178342924984572
20,0.0,0.0,0.0,0.0,0.0,0.0,0.0,0.0,0.0,0.0,0.0,0.0,0.0,0.0,0.0,0.0,0.0,0.0,0.29230592805960376,0.2521938898863666,0.0,-0.7458539432742145
21,0.0,0.0,0.0,0.0,0.0,0.0,0.0,0.0,0.0,0.0,0.0,0.0,0.0,0.0,0.0,0.0,0.0,0.0,-0.14556382525743575,0.11178342924984572,-0.7458539432742145,0.0
