,0,1,2,3,4,5,6,7,8,9,10,11,12,13,14,15,16,17,18,19
0,0.0,0.7957764324224106,0.7928910200115066,2.5379641714508403,0.0,0.0,0.0,0.0,0.0,0.0,0.0,0.0,0.0,0.0,0.0,0.0,0.0,0.0,0.0,0.0
1,0.7957764324224106,0.0,0.7223961752029989,1.8413390929903806,0.0,0.0,0.0,0.0,0.0,0.0,0.0,0.0,0.0,0.0,0.0,0.0,0.0,0.0,0.0,0.0
2,0.7928910200115066,0.7223961752029989,0.0,0.7588922421919646,0.01192788037044594,-2.0446147703333466,0.0,0.0,0.0,0.0,0.0,0.0,0.0,0.0,0.0,0.0,0.0,0.0,0.0,0.0
3,2.5379641714508403,1.8413390929903806,0.7588922421919646,0.0,0.5348731339787934,0.15980808364437785,0.0,0.0,0.0,0.0,0.0,0.0,0.0,0.0,0.0,0.0,0.0,0.0,0.0,0.0
4,0.0,0.0,0.01192788037044594,0.5348731339787934,0.0,-0.15862375208096957,0.0,0.0,0.0,0.0,0.0,0.0,0.0,0.0,0.0,0.0,0.0,0.0,0.0,0.0
5,0.0,0.0,-2.0446147703333466,0.15980808364437785,-0.15862375208096957,0.0,-0.610636414823465,0.0,0.0,0.0,0.0,0.0,0.0,0.0,0.0,0.0,0.0,0.0,0.0,0.0
6,0.0,0.0,0.0,0.0,0.0,-0.610636414823465,0.0,0.1316728283169237,0.9746136723491368,-1.4203608759118977,0.0,0.0,0.0,0.0,0.0,0.0,0.0,0.0,0.0,0.0
7,0.0,0.0,0.0,0.0,0.0,0.0,0.1316728283169237,0.0,0.6355944829618275,0.02375020007315217,0.0,0.0,0.0,0.0,0.0,0.0,0.0,0.0,0.0,0.0
8,0.0,0.0,0.0,0.0,0.0,0.0,0.9746136723491368,0.6355944829618275,0.0,0.6607132093850208,0.0,0.0,0.0,0.0,0.0,0.0,0.0,0.0,0.0,0.0
9,0.0,0.0,0.0,0.0,0.0,0.0,-1.4203608759118977,0.02375020007315217,0.6607132093850208,0.0,-1.5700845389599154,0.1805979657139687,-2.0537374866030267,0.0,0.0,0.0,0.0,0.0,0.0,0.0
10,0.0,0.0,0.0,0.0,0.0,0.0,0.0,0.0,0.0,-1.5700845389599154,0.0,-0.5685709349192098,-2.181322568860143,0.0,0.0,0.0,0.0,0.0,0.0,0.0
11,0.0,0.0,0.0,0.0,0.0,0.0,0.0,0.0,0.0,0.1805979657139687,-0.5685709349192098,0.0,-0.7106667524775545,0.0,0.0,0.0,0.0,0.0,0.0,0.0
12,0.0,0.0,0.0,0.0,0.0,0.0,0.0,0.0,0.0,-2.0537374866030267,-2.181322568860143,-0.7106667524775545,0.0,-2.0806839985383174,-2.213057860961488,-2.2027492501044423,0.0,0.0,0.0,0.0
13,0.0,0.0,0.0,0.0,0.0,0.0,0.0,0.0,0.0,0.0,0.0,0.0,-2.0806839985383174,0.0,-2.9407485579157773,-2.453733641245927,0.0,0.0,0.0,0.0
14,0.0,0.0,0.0,0.0,0.0,0.0,0.0,0.0,0.0,0.0,0.0,0.0,-2.213057860961488,-2.9407485579157773,0.0,-2.379985419147642,0.0,0.0,0.0,0.0
15,0.0,0.0,0.0,0.0,0.0,0.0,0.0,0.0,0.0,0.0,0.0,0.0,-2.2027492501044423,-2.453733641245927,-2.379985419147642,0.0,-1.3326882122792656,-0.42344074071911114,0.0,0.0
16,0.0,0.0,0.0,0.0,0.0,0.0,0.0,0.0,0.0,0.0,0.0,0.0,0.0,0.0,0.0,-1.3326882122792656,0.0,-1.5535965360629362,-0.9992987604765139,-0.4085764962735965
17,0.0,0.0,0.0,0.0,0.0,0.0,0.0,0.0,0.0,0.0,0.0,0.0,0.0,0.0,0.0,-0.42344074071911114,-1.5535965360629362,0.0,-0.3982197283112898,-0.04356633090906375
18,0.0,0.0,0.0,0.0,0.0,0.0,0.0,0.0,0.0,0.0,0.0,0.0,0.0,0.0,0.0,0.0,-0.9992987604765139,-0.3982197283112898,0.0,-2.614686916046608
19,0.0,0.0,0.0,0.0,0.0,0.0,0.0,0.0,0.0,0.0,0.0,0.0,0.0,0.0,0.0,0.0,-0.4085764962735965,-0.04356633090906375,-2.614686916046608,0.0
