,0,1,2,3,4,5,6,7,8,9,10,11,12,13,14,15,16,17,18,19,20
0,0.0,-0.0863051754901832,1.125043389975258,0.06342938819019872,0.0,0.0,0.0,0.0,0.0,0.0,0.0,0.0,0.0,0.0,0.0,0.0,0.0,0.0,0.0,0.0,0.0
1,-0.0863051754901832,0.0,0.6778398221294124,-1.1684522704649254,0.0,0.0,0.0,0.0,0.0,0.0,0.0,0.0,0.0,0.0,0.0,0.0,0.0,0.0,0.0,0.0,0.0
2,1.125043389975258,0.6778398221294124,0.0,1.0593744136812036,0.07825046052678822,0.0,0.0,0.0,0.0,0.0,0.0,0.0,0.0,0.0,0.0,0.0,0.0,0.0,0.0,0.0,0.0
3,0.06342938819019872,-1.1684522704649254,1.0593744136812036,0.0,-1.5225670068223864,0.0,0.0,0.0,0.0,0.0,0.0,0.0,0.0,0.0,0.0,0.0,0.0,0.0,0.0,0.0,0.0
4,0.0,0.0,0.07825046052678822,-1.5225670068223864,0.0,0.7752606462496784,1.4431495525942115,0.7870146583030215,0.0,0.0,0.0,0.0,0.0,0.0,0.0,0.0,0.0,0.0,0.0,0.0,0.0
5,0.0,0.0,0.0,0.0,0.7752606462496784,0.0,1.3108624228495795,1.2094548922865778,0.5026575016805732,0.0,0.0,0.0,0.0,0.0,0.0,0.0,0.0,0.0,0.0,0.0,0.0
6,0.0,0.0,0.0,0.0,1.4431495525942115,1.3108624228495795,0.0,-0.8510112879173959,1.094712408087832,-2.173545585448654,0.0,0.0,0.0,0.0,0.0,0.0,0.0,0.0,0.0,0.0,0.0
7,0.0,0.0,0.0,0.0,0.7870146583030215,1.2094548922865778,-0.8510112879173959,0.0,0.4763527663609739,-1.1821479949705653,0.0,0.0,0.0,0.0,0.0,0.0,0.0,0.0,0.0,0.0,0.0
8,0.0,0.0,0.0,0.0,0.0,0.5026575016805732,1.094712408087832,0.4763527663609739,0.0,0.9105946877300256,0.0,0.0,0.0,0.0,0.0,0.0,0.0,0.0,0.0,0.0,0.0
9,0.0,0.0,0.0,0.0,0.0,0.0,-2.173545585448654,-1.1821479949705653,0.9105946877300256,0.0,0.0,0.0,0.0,0.0,0.0,0.0,0.0,0.0,0.0,0.0,0.0
10,0.0,0.0,0.0,0.0,0.0,0.0,0.0,0.0,0.0,0.0,0.0,0.10373860447402657,0.6290097055049274,-1.4265452511949008,0.0,0.0,0.0,0.0,0.0,0.0,0.0
11,0.0,0.0,0.0,0.0,0.0,0.0,0.0,0.0,0.0,0.0,0.10373860447402657,0.0,-0.854475222176592,0.04798303447517851,0.0,0.0,0.0,0.0,0.0,0.0,0.0
12,0.0,0.0,0.0,0.0,0.0,0.0,0.0,0.0,0.0,0.0,0.6290097055049274,-0.854475222176592,0.0,0.10754817990319777,0.0,-0.8233665629221032,0.0,0.0,0.0,0.0,0.0
13,0.0,0.0,0.0,0.0,0.0,0.0,0.0,0.0,0.0,0.0,-1.4265452511949008,0.04798303447517851,0.10754817990319777,0.0,0.0,-3.7018343622675807,0.0,0.0,0.0,0.0,0.0
14,0.0,0.0,0.0,0.0,0.0,0.0,0.0,0.0,0.0,0.0,0.0,0.0,0.0,0.0,0.0,0.5308636290452207,0.3236740288479316,0.0,-0.4491195584548937,0.0,0.0
15,0.0,0.0,0.0,0.0,0.0,0.0,0.0,0.0,0.0,0.0,0.0,0.0,-0.8233665629221032,-3.7018343622675807,0.5308636290452207,0.0,0.0,0.0,-3.0972460480538513,0.0,0.44700083845924005
16,0.0,0.0,0.0,0.0,0.0,0.0,0.0,0.0,0.0,0.0,0.0,0.0,0.0,0.0,0.3236740288479316,0.0,0.0,-0.9274739603601452,-0.921702456382656,-1.6238767653847523,0.8895563987302467
17,0.0,0.0,0.0,0.0,0.0,0.0,0.0,0.0,0.0,0.0,0.0,0.0,0.0,0.0,0.0,0.0,-0.9274739603601452,0.0,0.29521766316533604,-0.16982292417161376,0.0
18,0.0,0.0,0.0,0.0,0.0,0.0,0.0,0.0,0.0,0.0,0.0,0.0,0.0,0.0,-0.4491195584548937,-3.0972460480538513,-0.921702456382656,0.29521766316533604,0.0,-4.493656195229985,-0.259212805225939
19,0.0,0.0,0.0,0.0,0.0,0.0,0.0,0.0,0.0,0.0,0.0,0.0,0.0,0.0,0.0,0.0,-1.6238767653847523,-0.16982292417161376,-4.493656195229985,0.0,-0.25989074640430626
20,0.0,0.0,0.0,0.0,0.0,0.0,0.0,0.0,0.0,0.0,0.0,0.0,0.0,0.0,0.0,0.44700083845924005,0.8895563987302467,0.0,-0.259212805225939,-0.25989074640430626,0.0
