,0,1,2,3,4,5,6,7,8,9,10,11,12,13,14,15,16,17,18,19,20,21,22,23,24
0,0.0,1.7323303822911411,1.049183253656946,1.8137158556867155,0.0,0.0,0.0,0.0,0.0,0.0,0.0,0.0,0.0,0.0,0.0,0.0,0.0,0.0,0.0,0.0,0.0,0.0,0.0,0.0,0.0
1,1.7323303822911411,0.0,0.06871059093658358,-1.3042824822624952,-1.298081194478061,0.0,0.0,0.0,0.0,0.0,0.0,0.0,0.0,0.0,0.0,0.0,0.0,0.0,0.0,0.0,0.0,0.0,0.0,0.0,0.0
2,1.049183253656946,0.06871059093658358,0.0,-0.5241994388080218,-0.424951961428351,0.8735544876586505,0.0,0.0,0.0,0.0,0.0,0.0,0.0,0.0,0.0,0.0,0.0,0.0,0.0,0.0,0.0,0.0,0.0,0.0,0.0
3,1.8137158556867155,-1.3042824822624952,-0.5241994388080218,0.0,-1.5990989990968916,1.439236811241174,0.0,0.0,0.0,0.0,0.0,0.0,0.0,0.0,0.0,0.0,0.0,0.0,0.0,0.0,0.0,0.0,0.0,0.0,0.0
4,0.0,-1.298081194478061,-0.424951961428351,-1.5990989990968916,0.0,1.3940875977665486,0.0,0.0,0.0,0.0,0.0,0.0,0.0,0.0,0.0,0.0,0.0,0.0,0.0,0.0,0.0,0.0,0.0,0.0,0.0
5,0.0,0.0,0.8735544876586505,1.439236811241174,1.3940875977665486,0.0,0.8829878946797926,0.8080176595637832,0.22611721235816637,0.0,0.0,0.0,0.0,0.0,0.0,0.0,0.0,0.0,0.0,0.0,0.0,0.0,0.0,0.0,0.0
6,0.0,0.0,0.0,0.0,0.0,0.8829878946797926,0.0,0.8400854878608177,0.5593943937167087,0.0,0.0,0.0,0.0,0.0,0.0,0.0,0.0,0.0,0.0,0.0,0.0,0.0,0.0,0.0,0.0
7,0.0,0.0,0.0,0.0,0.0,0.8080176595637832,0.8400854878608177,0.0,-1.2669167138533342,-0.3755335763968607,0.0,0.0,0.0,0.0,0.0,0.0,0.0,0.0,0.0,0.0,0.0,0.0,0.0,0.0,0.0
8,0.0,0.0,0.0,0.0,0.0,0.22611721235816637,0.5593943937167087,-1.2669167138533342,0.0,-1.2944524071870764,0.8519255031259628,0.0,0.0,0.0,0.0,0.0,0.0,0.0,0.0,0.0,0.0,0.0,0.0,0.0,0.0
9,0.0,0.0,0.0,0.0,0.0,0.0,0.0,-0.3755335763968607,-1.2944524071870764,0.0,0.6453283944830286,0.0,0.9286167887448975,0.0,0.0,0.0,0.0,0.0,0.0,0.0,0.0,0.0,0.0,0.0,0.0
10,0.0,0.0,0.0,0.0,0.0,0.0,0.0,0.0,0.8519255031259628,0.6453283944830286,0.0,0.5974002743631053,1.5721442921383242,0.0,0.0,0.0,0.0,0.0,0.0,0.0,0.0,0.0,0.0,0.0,0.0
11,0.0,0.0,0.0,0.0,0.0,0.0,0.0,0.0,0.0,0.0,0.5974002743631053,0.0,0.6451982662643948,-2.4225649270522664,0.0,-0.42593229845069464,0.0,0.0,0.0,0.0,0.0,0.0,0.0,0.0,0.0
12,0.0,0.0,0.0,0.0,0.0,0.0,0.0,0.0,0.0,0.9286167887448975,1.5721442921383242,0.6451982662643948,0.0,0.0,0.0,0.0,0.0,0.0,0.0,0.0,0.0,0.0,0.0,0.0,0.0
13,0.0,0.0,0.0,0.0,0.0,0.0,0.0,0.0,0.0,0.0,0.0,-2.4225649270522664,0.0,0.0,-0.9490289997581729,-1.0961927766993107,0.0,0.0,0.0,0.0,0.0,0.0,0.0,0.0,0.0
14,0.0,0.0,0.0,0.0,0.0,0.0,0.0,0.0,0.0,0.0,0.0,0.0,0.0,-0.9490289997581729,0.0,-0.5584429125827223,-0.30292508106351057,0.0,0.0,0.0,0.0,0.0,0.0,0.0,0.0
15,0.0,0.0,0.0,0.0,0.0,0.0,0.0,0.0,0.0,0.0,0.0,-0.42593229845069464,0.0,-1.0961927766993107,-0.5584429125827223,0.0,-0.6551753012489898,0.0,0.0,0.0,0.0,0.0,0.0,0.0,0.0
16,0.0,0.0,0.0,0.0,0.0,0.0,0.0,0.0,0.0,0.0,0.0,0.0,0.0,0.0,-0.30292508106351057,-0.6551753012489898,0.0,0.0,-1.121770280728217,0.0,0.0,0.0,0.0,0.0,0.0
17,0.0,0.0,0.0,0.0,0.0,0.0,0.0,0.0,0.0,0.0,0.0,0.0,0.0,0.0,0.0,0.0,0.0,0.0,0.8323297412557764,0.0,-0.44332605718176543,-1.582612694435639,0.0,0.0,0.0
18,0.0,0.0,0.0,0.0,0.0,0.0,0.0,0.0,0.0,0.0,0.0,0.0,0.0,0.0,0.0,0.0,-1.121770280728217,0.8323297412557764,0.0,-1.997720639516971,-1.1159786078121825,0.0,0.0,0.0,0.0
19,0.0,0.0,0.0,0.0,0.0,0.0,0.0,0.0,0.0,0.0,0.0,0.0,0.0,0.0,0.0,0.0,0.0,0.0,-1.997720639516971,0.0,-2.3700432423372333,0.050017560642618204,-3.16113984640622,-2.876386138925105,-6.464576699824467
20,0.0,0.0,0.0,0.0,0.0,0.0,0.0,0.0,0.0,0.0,0.0,0.0,0.0,0.0,0.0,0.0,0.0,-0.44332605718176543,-1.1159786078121825,-2.3700432423372333,0.0,-0.6818604515698858,-1.8418217958015404,0.0,0.0
21,0.0,0.0,0.0,0.0,0.0,0.0,0.0,0.0,0.0,0.0,0.0,0.0,0.0,0.0,0.0,0.0,0.0,-1.582612694435639,0.0,0.050017560642618204,-0.6818604515698858,0.0,0.0,0.0,0.0
22,0.0,0.0,0.0,0.0,0.0,0.0,0.0,0.0,0.0,0.0,0.0,0.0,0.0,0.0,0.0,0.0,0.0,0.0,0.0,-3.16113984640622,-1.8418217958015404,0.0,0.0,-1.937734933241063,-3.3630502292856272
23,0.0,0.0,0.0,0.0,0.0,0.0,0.0,0.0,0.0,0.0,0.0,0.0,0.0,0.0,0.0,0.0,0.0,0.0,0.0,-2.876386138925105,0.0,0.0,-1.937734933241063,0.0,-3.9066095580773266
24,0.0,0.0,0.0,0.0,0.0,0.0,0.0,0.0,0.0,0.0,0.0,0.0,0.0,0.0,0.0,0.0,0.0,0.0,0.0,-6.464576699824467,0.0,0.0,-3.3630502292856272,-3.9066095580773266,0.0
