,0,1,2,3,4,5,6,7,8,9,10,11,12,13,14,15,16,17,18,19,20,21,22,23,24
0,0.0,3.532748145889111,4.038152200523104,5.183067259698292,0.0,0.0,0.0,0.0,0.0,0.0,0.0,0.0,0.0,0.0,0.0,0.0,0.0,0.0,0.0,0.0,0.0,0.0,0.0,0.0,0.0
1,3.532748145889111,0.0,0.011252435336933469,3.041532504926467,-2.1037104032047336,0.0,0.0,0.0,0.0,0.0,0.0,0.0,0.0,0.0,0.0,0.0,0.0,0.0,0.0,0.0,0.0,0.0,0.0,0.0,0.0
2,4.038152200523104,0.011252435336933469,0.0,2.5979436144813537,-1.238134699302186,0.0,0.0,0.0,0.0,0.0,0.0,0.0,0.0,0.0,0.0,0.0,0.0,0.0,0.0,0.0,0.0,0.0,0.0,0.0,0.0
3,5.183067259698292,3.041532504926467,2.5979436144813537,0.0,2.047144229908254,0.0,0.0,0.0,0.0,0.0,0.0,0.0,0.0,0.0,0.0,0.0,0.0,0.0,0.0,0.0,0.0,0.0,0.0,0.0,0.0
4,0.0,-2.1037104032047336,-1.238134699302186,2.047144229908254,0.0,-2.5773412961047564,-1.6856994318839218,-0.29186532901842877,0.0,0.0,0.0,0.0,0.0,0.0,0.0,0.0,0.0,0.0,0.0,0.0,0.0,0.0,0.0,0.0,0.0
5,0.0,0.0,0.0,0.0,-2.5773412961047564,0.0,-1.706990555924445,-0.4620145737371323,0.0,0.0,0.0,0.0,0.0,0.0,0.0,0.0,0.0,0.0,0.0,0.0,0.0,0.0,0.0,0.0,0.0
6,0.0,0.0,0.0,0.0,-1.6856994318839218,-1.706990555924445,0.0,-1.489386930796889,0.0,0.0,0.0,0.0,0.0,0.0,0.0,0.0,0.0,0.0,0.0,0.0,0.0,0.0,0.0,0.0,0.0
7,0.0,0.0,0.0,0.0,-0.29186532901842877,-0.4620145737371323,-1.489386930796889,0.0,-1.17912753501452,-0.34445034631206217,0.0,0.0,0.0,0.0,0.0,0.0,0.0,0.0,0.0,0.0,0.0,0.0,0.0,0.0,0.0
8,0.0,0.0,0.0,0.0,0.0,0.0,0.0,-1.17912753501452,0.0,-0.02202212621799925,-1.6449384016355075,-0.47125727495691366,0.0,0.0,0.0,0.0,0.0,0.0,0.0,0.0,0.0,0.0,0.0,0.0,0.0
9,0.0,0.0,0.0,0.0,0.0,0.0,0.0,-0.34445034631206217,-0.02202212621799925,0.0,-0.9183093138906684,-1.7457008758170796,0.0,0.0,0.0,0.0,0.0,0.0,0.0,0.0,0.0,0.0,0.0,0.0,0.0
10,0.0,0.0,0.0,0.0,0.0,0.0,0.0,0.0,-1.6449384016355075,-0.9183093138906684,0.0,-0.846726211679081,1.8869992946914638,-0.9678439926979139,0.0,0.0,0.0,0.0,0.0,0.0,0.0,0.0,0.0,0.0,0.0
11,0.0,0.0,0.0,0.0,0.0,0.0,0.0,0.0,-0.47125727495691366,-1.7457008758170796,-0.846726211679081,0.0,0.0,0.0,-0.38679493530263576,0.0,0.0,0.0,0.0,0.0,0.0,0.0,0.0,0.0,0.0
12,0.0,0.0,0.0,0.0,0.0,0.0,0.0,0.0,0.0,0.0,1.8869992946914638,0.0,0.0,0.0,0.0,1.3472970533882591,0.0,1.4674136577338988,0.0,0.0,0.0,0.0,0.0,0.0,0.0
13,0.0,0.0,0.0,0.0,0.0,0.0,0.0,0.0,0.0,0.0,-0.9678439926979139,0.0,0.0,0.0,0.03464293482744918,-0.5085837478723033,-2.212775295358381,0.0,-0.829895135838222,0.0,0.0,0.0,0.0,0.0,0.0
14,0.0,0.0,0.0,0.0,0.0,0.0,0.0,0.0,0.0,0.0,0.0,-0.38679493530263576,0.0,0.03464293482744918,0.0,0.0,0.0,-0.20157842438792445,-1.8634135297535013,0.0,0.0,0.0,0.0,0.0,0.0
15,0.0,0.0,0.0,0.0,0.0,0.0,0.0,0.0,0.0,0.0,0.0,0.0,1.3472970533882591,-0.5085837478723033,0.0,0.0,-1.093165171990735,-0.2331104430012331,0.0,-1.9535597365869075,0.0,0.0,0.0,0.0,0.0
16,0.0,0.0,0.0,0.0,0.0,0.0,0.0,0.0,0.0,0.0,0.0,0.0,0.0,-2.212775295358381,0.0,-1.093165171990735,0.0,0.0,-0.2369072150173638,-1.9237289491056841,0.0,0.0,0.0,0.0,0.0
17,0.0,0.0,0.0,0.0,0.0,0.0,0.0,0.0,0.0,0.0,0.0,0.0,1.4674136577338988,0.0,-0.20157842438792445,-0.2331104430012331,0.0,0.0,-0.460714544780018,0.0,0.0,0.0,0.0,0.0,0.0
18,0.0,0.0,0.0,0.0,0.0,0.0,0.0,0.0,0.0,0.0,0.0,0.0,0.0,-0.829895135838222,-1.8634135297535013,0.0,-0.2369072150173638,-0.460714544780018,0.0,0.0,0.0,0.0,0.0,0.0,0.0
19,0.0,0.0,0.0,0.0,0.0,0.0,0.0,0.0,0.0,0.0,0.0,0.0,0.0,0.0,0.0,-1.9535597365869075,-1.9237289491056841,0.0,0.0,0.0,-1.2431236053488823,-2.546038687058215,-1.9056265934827543,0.7112331156268293,0.0
20,0.0,0.0,0.0,0.0,0.0,0.0,0.0,0.0,0.0,0.0,0.0,0.0,0.0,0.0,0.0,0.0,0.0,0.0,0.0,-1.2431236053488823,0.0,-1.1726144442884308,-2.218666990000974,0.5295434875860364,0.0
21,0.0,0.0,0.0,0.0,0.0,0.0,0.0,0.0,0.0,0.0,0.0,0.0,0.0,0.0,0.0,0.0,0.0,0.0,0.0,-2.546038687058215,-1.1726144442884308,0.0,-2.132175136308637,0.0,-2.449557779451765
22,0.0,0.0,0.0,0.0,0.0,0.0,0.0,0.0,0.0,0.0,0.0,0.0,0.0,0.0,0.0,0.0,0.0,0.0,0.0,-1.9056265934827543,-2.218666990000974,-2.132175136308637,0.0,0.0,-1.9245898949437874
23,0.0,0.0,0.0,0.0,0.0,0.0,0.0,0.0,0.0,0.0,0.0,0.0,0.0,0.0,0.0,0.0,0.0,0.0,0.0,0.7112331156268293,0.5295434875860364,0.0,0.0,0.0,0.22615206236991017
24,0.0,0.0,0.0,0.0,0.0,0.0,0.0,0.0,0.0,0.0,0.0,0.0,0.0,0.0,0.0,0.0,0.0,0.0,0.0,0.0,0.0,-2.449557779451765,-1.9245898949437874,0.22615206236991017,0.0
