,0,1,2,3,4,5,6,7,8,9,10
0,0.0,-1.67263720877153,1.8944679010233259,3.2316016759131174,0.0,0.0,0.0,0.0,0.0,0.0,0.0
1,-1.67263720877153,0.0,-0.2536120126012667,1.1785895851613,3.2193880200479703,0.0,0.0,0.0,0.0,0.0,0.0
2,1.8944679010233259,-0.2536120126012667,0.0,0.437999366302597,1.974804041633431,-1.303337611696969,0.0,0.0,0.0,0.0,0.0
3,3.2316016759131174,1.1785895851613,0.437999366302597,0.0,1.7767624238434194,-0.2650182390084652,0.1721866210941666,0.0,0.0,0.0,0.0
4,0.0,3.2193880200479703,1.974804041633431,1.7767624238434194,0.0,1.0146614088952104,1.4912786187620592,0.0,0.0,0.0,0.0
5,0.0,0.0,-1.303337611696969,-0.2650182390084652,1.0146614088952104,0.0,0.33939976824221313,0.0,0.0,0.0,0.0
6,0.0,0.0,0.0,0.1721866210941666,1.4912786187620592,0.33939976824221313,0.0,0.4918402234912306,0.0,0.0,0.0
7,0.0,0.0,0.0,0.0,0.0,0.0,0.4918402234912306,0.0,-2.263908432181936,0.9313234474684091,1.1598980381901571
8,0.0,0.0,0.0,0.0,0.0,0.0,0.0,-2.263908432181936,0.0,0.5892029156930606,0.7868510087533153
9,0.0,0.0,0.0,0.0,0.0,0.0,0.0,0.9313234474684091,0.5892029156930606,0.0,1.899095341996619
10,0.0,0.0,0.0,0.0,0.0,0.0,0.0,1.1598980381901571,0.7868510087533153,1.899095341996619,0.0
