,0,1,2,3,4,5,6,7,8,9
0,0.0,5.344189544344582,4.580122469681258,3.6693442324717833,0.0,0.0,0.0,0.0,0.0,0.0
1,5.344189544344582,0.0,1.7939705107694692,1.1064163353940966,0.0,0.0,0.0,0.0,0.0,0.0
2,4.580122469681258,1.7939705107694692,0.0,1.4796571718569493,0.4470704517719518,0.04572213175291234,0.0,0.0,0.0,0.0
3,3.6693442324717833,1.1064163353940966,1.4796571718569493,0.0,0.391534614142551,1.3951309457256036,0.0,0.0,0.0,0.0
4,0.0,0.0,0.4470704517719518,0.391534614142551,0.0,0.8648386875841659,0.0,0.0,0.0,0.0
5,0.0,0.0,0.04572213175291234,1.3951309457256036,0.8648386875841659,0.0,-0.5050137807009528,-1.374294030428667,-0.042003332035571966,0.0
6,0.0,0.0,0.0,0.0,0.0,-0.5050137807009528,0.0,-3.3991918924573574,-0.4024060201283847,-1.8262381916123533
7,0.0,0.0,0.0,0.0,0.0,-1.374294030428667,-3.3991918924573574,0.0,-0.5619475958377148,-1.7666880960755886
8,0.0,0.0,0.0,0.0,0.0,-0.042003332035571966,-0.4024060201283847,-0.5619475958377148,0.0,-0.786232798141202
9,0.0,0.0,0.0,0.0,0.0,0.0,-1.8262381916123533,-1.7666880960755886,-0.786232798141202,0.0
