,0,1,2,3,4,5,6,7,8,9
0,0.0,0.7307644065479666,0.9648245861769343,0.4784126575693227,0.0,0.0,0.0,0.0,0.0,0.0
1,0.7307644065479666,0.0,1.2164639682549554,-0.5373500382414343,0.0,0.0,0.0,0.0,0.0,0.0
2,0.9648245861769343,1.2164639682549554,0.0,0.49179286154833785,-0.17025631604059632,0.0,0.0,0.0,0.0,0.0
3,0.4784126575693227,-0.5373500382414343,0.49179286154833785,0.0,-1.7527691660877895,2.227938923252277,-0.543708673464032,0.0,0.0,0.0
4,0.0,0.0,-0.17025631604059632,-1.7527691660877895,0.0,1.167638572586545,-1.3082394575449592,-1.6727742170937043,0.0,0.0
5,0.0,0.0,0.0,2.227938923252277,1.167638572586545,0.0,0.47721322023460727,0.1041892107021813,-1.0973697830922782,0.0
6,0.0,0.0,0.0,-0.543708673464032,-1.3082394575449592,0.47721322023460727,0.0,-3.6872287441770313,-0.2784454100836821,-0.38851150679943863
7,0.0,0.0,0.0,0.0,-1.6727742170937043,0.1041892107021813,-3.6872287441770313,0.0,-0.5448865189266477,-0.7997048755531491
8,0.0,0.0,0.0,0.0,0.0,-1.0973697830922782,-0.2784454100836821,-0.5448865189266477,0.0,-1.3356851608603664
9,0.0,0.0,0.0,0.0,0.0,0.0,-0.38851150679943863,-0.7997048755531491,-1.3356851608603664,0.0
