,0,1,2,3,4,5,6,7,8,9,10,11,12,13,14,15,16,17,18,19
0,0.0,2.0476258668018965,1.303139395824442,2.004299033438939,0.0,0.0,0.0,0.0,0.0,0.0,0.0,0.0,0.0,0.0,0.0,0.0,0.0,0.0,0.0,0.0
1,2.0476258668018965,0.0,0.7822052468893109,1.028617124295045,0.0,0.0,0.0,0.0,0.0,0.0,0.0,0.0,0.0,0.0,0.0,0.0,0.0,0.0,0.0,0.0
2,1.303139395824442,0.7822052468893109,0.0,0.01765364293551338,1.825769521794965,-1.2271076651428323,0.0,0.0,0.0,0.0,0.0,0.0,0.0,0.0,0.0,0.0,0.0,0.0,0.0,0.0
3,2.004299033438939,1.028617124295045,0.01765364293551338,0.0,1.8494530944603873,-1.60302198075984,0.0,0.0,0.0,0.0,0.0,0.0,0.0,0.0,0.0,0.0,0.0,0.0,0.0,0.0
4,0.0,0.0,1.825769521794965,1.8494530944603873,0.0,0.6934381579205062,2.1131768522274657,0.0,0.0,0.0,0.0,0.0,0.0,0.0,0.0,0.0,0.0,0.0,0.0,0.0
5,0.0,0.0,-1.2271076651428323,-1.60302198075984,0.6934381579205062,0.0,2.108016208894443,1.8944240277188404,1.3075143233476798,0.0,0.0,0.0,0.0,0.0,0.0,0.0,0.0,0.0,0.0,0.0
6,0.0,0.0,0.0,0.0,2.1131768522274657,2.108016208894443,0.0,-2.419965234300711,-1.0929337608823153,0.0,0.0,0.0,0.0,0.0,0.0,0.0,0.0,0.0,0.0,0.0
7,0.0,0.0,0.0,0.0,0.0,1.8944240277188404,-2.419965234300711,0.0,-1.1485610189188569,-1.2509961632874005,0.0,0.0,0.0,0.0,0.0,0.0,0.0,0.0,0.0,0.0
8,0.0,0.0,0.0,0.0,0.0,1.3075143233476798,-1.0929337608823153,-1.1485610189188569,0.0,-2.8965056215975498,-1.500488550373674,0.0,0.0,0.0,0.0,0.0,0.0,0.0,0.0,0.0
9,0.0,0.0,0.0,0.0,0.0,0.0,0.0,-1.2509961632874005,-2.8965056215975498,0.0,-1.724872527373469,-1.5869726266264577,-1.3079875926694142,0.0,0.0,0.0,0.0,0.0,0.0,0.0
10,0.0,0.0,0.0,0.0,0.0,0.0,0.0,0.0,-1.500488550373674,-1.724872527373469,0.0,-0.848357759430552,-1.3450968287942533,0.0,0.0,0.0,0.0,0.0,0.0,0.0
11,0.0,0.0,0.0,0.0,0.0,0.0,0.0,0.0,0.0,-1.5869726266264577,-0.848357759430552,0.0,-1.519100288798296,0.0,0.0,-1.5827522293687657,0.0,0.0,0.0,0.0
12,0.0,0.0,0.0,0.0,0.0,0.0,0.0,0.0,0.0,-1.3079875926694142,-1.3450968287942533,-1.519100288798296,0.0,0.0,-1.2062621721886047,0.0,0.0,0.0,0.0,0.0
13,0.0,0.0,0.0,0.0,0.0,0.0,0.0,0.0,0.0,0.0,0.0,0.0,0.0,0.0,0.0,0.8851809869972336,1.440673768769628,1.1193292661767256,0.0,0.0
14,0.0,0.0,0.0,0.0,0.0,0.0,0.0,0.0,0.0,0.0,0.0,0.0,-1.2062621721886047,0.0,0.0,0.0,-1.642452496236906,-1.0326622593027952,0.0,0.0
15,0.0,0.0,0.0,0.0,0.0,0.0,0.0,0.0,0.0,0.0,0.0,-1.5827522293687657,0.0,0.8851809869972336,0.0,0.0,0.0,-1.5351332172269918,-1.8589385935474851,-1.8532534184158205
16,0.0,0.0,0.0,0.0,0.0,0.0,0.0,0.0,0.0,0.0,0.0,0.0,0.0,1.440673768769628,-1.642452496236906,0.0,0.0,-1.5477327169743555,-1.8106578092250882,0.0
17,0.0,0.0,0.0,0.0,0.0,0.0,0.0,0.0,0.0,0.0,0.0,0.0,0.0,1.1193292661767256,-1.0326622593027952,-1.5351332172269918,-1.5477327169743555,0.0,-3.2680106055997773,-3.3274249453514098
18,0.0,0.0,0.0,0.0,0.0,0.0,0.0,0.0,0.0,0.0,0.0,0.0,0.0,0.0,0.0,-1.8589385935474851,-1.8106578092250882,-3.2680106055997773,0.0,-5.728491424345739
19,0.0,0.0,0.0,0.0,0.0,0.0,0.0,0.0,0.0,0.0,0.0,0.0,0.0,0.0,0.0,-1.8532534184158205,0.0,-3.3274249453514098,-5.728491424345739,0.0
