,0,1,2,3,4,5,6,7,8,9,10,11,12,13,14,15
0,0.0,-1.016817153625388,-0.4501681293412926,0.930146109182005,0.0,0.0,0.0,0.0,0.0,0.0,0.0,0.0,0.0,0.0,0.0,0.0
1,-1.016817153625388,0.0,-0.71034661273295,0.3266716540091008,0.7689133995648945,0.0,0.0,0.0,0.0,0.0,0.0,0.0,0.0,0.0,0.0,0.0
2,-0.4501681293412926,-0.71034661273295,0.0,-0.6665641346289238,0.5019133025302958,0.0,0.0,0.0,0.0,0.0,0.0,0.0,0.0,0.0,0.0,0.0
3,0.930146109182005,0.3266716540091008,-0.6665641346289238,0.0,-0.35458818704089745,-0.5120044712449271,-1.8228666938457392,0.0,0.0,0.0,0.0,0.0,0.0,0.0,0.0,0.0
4,0.0,0.7689133995648945,0.5019133025302958,-0.35458818704089745,0.0,-0.4865017886220217,-0.9909115369646647,0.0,0.0,0.0,0.0,0.0,0.0,0.0,0.0,0.0
5,0.0,0.0,0.0,-0.5120044712449271,-0.4865017886220217,0.0,-1.3157712188381663,-2.576301719270099,-3.2847716076432514,0.0,0.0,0.0,0.0,0.0,0.0,0.0
6,0.0,0.0,0.0,-1.8228666938457392,-0.9909115369646647,-1.3157712188381663,0.0,-1.723523048607795,-2.005273954418992,-2.2523792225927584,0.0,0.0,0.0,0.0,0.0,0.0
7,0.0,0.0,0.0,0.0,0.0,-2.576301719270099,-1.723523048607795,0.0,-3.923895667267878,-2.357036687428167,0.0,0.0,0.0,0.0,0.0,0.0
8,0.0,0.0,0.0,0.0,0.0,-3.2847716076432514,-2.005273954418992,-3.923895667267878,0.0,-2.8099438957813634,0.0,0.0,0.0,0.0,0.0,0.0
9,0.0,0.0,0.0,0.0,0.0,0.0,-2.2523792225927584,-2.357036687428167,-2.8099438957813634,0.0,-1.937660547898774,0.0,0.0,0.0,0.0,0.0
10,0.0,0.0,0.0,0.0,0.0,0.0,0.0,0.0,0.0,-1.937660547898774,0.0,-0.5538853524701646,-2.5277342730834005,-0.9158127611769421,0.0,0.0
11,0.0,0.0,0.0,0.0,0.0,0.0,0.0,0.0,0.0,0.0,-0.5538853524701646,0.0,-0.7910821952725107,-4.012279810143791,-0.6901821799927987,0.0
12,0.0,0.0,0.0,0.0,0.0,0.0,0.0,0.0,0.0,0.0,-2.5277342730834005,-0.7910821952725107,0.0,-1.161368956680619,-0.16056081132789302,-0.5471979832561742
13,0.0,0.0,0.0,0.0,0.0,0.0,0.0,0.0,0.0,0.0,-0.9158127611769421,-4.012279810143791,-1.161368956680619,0.0,-0.6046251377233015,-1.3168148081727047
14,0.0,0.0,0.0,0.0,0.0,0.0,0.0,0.0,0.0,0.0,0.0,-0.6901821799927987,-0.16056081132789302,-0.6046251377233015,0.0,-1.1422721486419494
15,0.0,0.0,0.0,0.0,0.0,0.0,0.0,0.0,0.0,0.0,0.0,0.0,-0.5471979832561742,-1.3168148081727047,-1.1422721486419494,0.0
