,0,1,2,3,4,5,6,7,8,9,10,11,12,13,14,15,16,17,18,19,20,21,22,23,24
0,0.0,4.229331353662057,4.159362341178479,3.021102198265258,0.0,0.0,0.0,0.0,0.0,0.0,0.0,0.0,0.0,0.0,0.0,0.0,0.0,0.0,0.0,0.0,0.0,0.0,0.0,0.0,0.0
1,4.229331353662057,0.0,0.3090447730244368,0.47616786193953414,1.308853208002904,0.0,0.0,0.0,0.0,0.0,0.0,0.0,0.0,0.0,0.0,0.0,0.0,0.0,0.0,0.0,0.0,0.0,0.0,0.0,0.0
2,4.159362341178479,0.3090447730244368,0.0,0.5837987930771422,1.2414898001923036,0.0,0.0,0.0,0.0,0.0,0.0,0.0,0.0,0.0,0.0,0.0,0.0,0.0,0.0,0.0,0.0,0.0,0.0,0.0,0.0
3,3.021102198265258,0.47616786193953414,0.5837987930771422,0.0,0.7086394543901434,0.0,0.0,0.0,0.0,0.0,0.0,0.0,0.0,0.0,0.0,0.0,0.0,0.0,0.0,0.0,0.0,0.0,0.0,0.0,0.0
4,0.0,1.308853208002904,1.2414898001923036,0.7086394543901434,0.0,0.7505704581650758,0.4241962517476007,0.0,0.0,0.0,0.0,0.0,0.0,0.0,0.0,0.0,0.0,0.0,0.0,0.0,0.0,0.0,0.0,0.0,0.0
5,0.0,0.0,0.0,0.0,0.7505704581650758,0.0,-1.6757254565127764,0.7680066058945205,0.0,0.0,0.0,0.0,0.0,0.0,0.0,0.0,0.0,0.0,0.0,0.0,0.0,0.0,0.0,0.0,0.0
6,0.0,0.0,0.0,0.0,0.4241962517476007,-1.6757254565127764,0.0,0.7811187497373839,-3.252602687643939,0.0,0.0,0.0,0.0,0.0,0.0,0.0,0.0,0.0,0.0,0.0,0.0,0.0,0.0,0.0,0.0
7,0.0,0.0,0.0,0.0,0.0,0.7680066058945205,0.7811187497373839,0.0,0.5144626390129614,0.0,0.0,0.0,0.0,0.0,0.0,0.0,0.0,0.0,0.0,0.0,0.0,0.0,0.0,0.0,0.0
8,0.0,0.0,0.0,0.0,0.0,0.0,-3.252602687643939,0.5144626390129614,0.0,-0.5876205926839245,-1.5554184001433755,0.0,-1.566141233393883,0.0,0.0,0.0,0.0,0.0,0.0,0.0,0.0,0.0,0.0,0.0,0.0
9,0.0,0.0,0.0,0.0,0.0,0.0,0.0,0.0,-0.5876205926839245,0.0,-2.3247887301426524,0.0,-0.1865850085850716,0.0,0.0,0.0,0.0,0.0,0.0,0.0,0.0,0.0,0.0,0.0,0.0
10,0.0,0.0,0.0,0.0,0.0,0.0,0.0,0.0,-1.5554184001433755,-2.3247887301426524,0.0,-1.8433806258006646,-0.8426607804403251,-4.391824818973602,-1.0490843917937054,0.0,0.0,0.0,0.0,0.0,0.0,0.0,0.0,0.0,0.0
11,0.0,0.0,0.0,0.0,0.0,0.0,0.0,0.0,0.0,0.0,-1.8433806258006646,0.0,-0.3144141142160142,0.0,-0.9608456464968089,0.0,0.0,0.0,0.0,0.0,0.0,0.0,0.0,0.0,0.0
12,0.0,0.0,0.0,0.0,0.0,0.0,0.0,0.0,-1.566141233393883,-0.1865850085850716,-0.8426607804403251,-0.3144141142160142,0.0,-1.3988645195962357,-1.2690084889209319,0.0,-1.0000821102345923,0.0,0.0,0.0,0.0,0.0,0.0,0.0,0.0
13,0.0,0.0,0.0,0.0,0.0,0.0,0.0,0.0,0.0,0.0,-4.391824818973602,0.0,-1.3988645195962357,0.0,-1.7866054381262644,0.0,-1.6530406896022003,0.0,0.0,0.0,0.0,0.0,0.0,0.0,0.0
14,0.0,0.0,0.0,0.0,0.0,0.0,0.0,0.0,0.0,0.0,-1.0490843917937054,-0.9608456464968089,-1.2690084889209319,-1.7866054381262644,0.0,0.0,-2.589479576786336,0.0,0.0,0.0,0.0,0.0,0.0,0.0,0.0
15,0.0,0.0,0.0,0.0,0.0,0.0,0.0,0.0,0.0,0.0,0.0,0.0,0.0,0.0,0.0,0.0,-1.1863792073567314,-1.9621470587435508,-2.1937660972995334,0.0,0.0,0.0,0.0,0.0,0.0
16,0.0,0.0,0.0,0.0,0.0,0.0,0.0,0.0,0.0,0.0,0.0,0.0,-1.0000821102345923,-1.6530406896022003,-2.589479576786336,-1.1863792073567314,0.0,-1.938525273482751,-1.330330653921399,0.0,0.0,0.0,0.0,0.0,0.0
17,0.0,0.0,0.0,0.0,0.0,0.0,0.0,0.0,0.0,0.0,0.0,0.0,0.0,0.0,0.0,-1.9621470587435508,-1.938525273482751,0.0,-3.764486986383296,0.0,0.0,0.0,0.0,0.0,0.0
18,0.0,0.0,0.0,0.0,0.0,0.0,0.0,0.0,0.0,0.0,0.0,0.0,0.0,0.0,0.0,-2.1937660972995334,-1.330330653921399,-3.764486986383296,0.0,-2.1616152300565576,0.0,0.0,0.0,0.0,0.0
19,0.0,0.0,0.0,0.0,0.0,0.0,0.0,0.0,0.0,0.0,0.0,0.0,0.0,0.0,0.0,0.0,0.0,0.0,-2.1616152300565576,0.0,-3.7343135642237892,-2.3120699121402164,-4.326044814078173,0.0,0.0
20,0.0,0.0,0.0,0.0,0.0,0.0,0.0,0.0,0.0,0.0,0.0,0.0,0.0,0.0,0.0,0.0,0.0,0.0,0.0,-3.7343135642237892,0.0,-2.463675572644882,-5.32403658972536,-4.195881582355862,-3.9965698909911374
21,0.0,0.0,0.0,0.0,0.0,0.0,0.0,0.0,0.0,0.0,0.0,0.0,0.0,0.0,0.0,0.0,0.0,0.0,0.0,-2.3120699121402164,-2.463675572644882,0.0,-2.2788790667786025,0.0,0.0
22,0.0,0.0,0.0,0.0,0.0,0.0,0.0,0.0,0.0,0.0,0.0,0.0,0.0,0.0,0.0,0.0,0.0,0.0,0.0,-4.326044814078173,-5.32403658972536,-2.2788790667786025,0.0,-5.421580920276876,-4.45186918658962
23,0.0,0.0,0.0,0.0,0.0,0.0,0.0,0.0,0.0,0.0,0.0,0.0,0.0,0.0,0.0,0.0,0.0,0.0,0.0,0.0,-4.195881582355862,0.0,-5.421580920276876,0.0,-4.295857639984244
24,0.0,0.0,0.0,0.0,0.0,0.0,0.0,0.0,0.0,0.0,0.0,0.0,0.0,0.0,0.0,0.0,0.0,0.0,0.0,0.0,-3.9965698909911374,0.0,-4.45186918658962,-4.295857639984244,0.0
