,0,1,2,3,4,5,6,7,8,9,10,11,12,13,14,15,16,17,18,19,20,21,22,23,24,25,26
0,0.0,-0.5651330199412653,2.06188240430456,1.8870965667465789,0.0,0.0,0.0,0.0,0.0,0.0,0.0,0.0,0.0,0.0,0.0,0.0,0.0,0.0,0.0,0.0,0.0,0.0,0.0,0.0,0.0,0.0,0.0
1,-0.5651330199412653,0.0,2.0547183944555254,1.8511036142727715,1.8629622886685515,0.0,0.0,0.0,0.0,0.0,0.0,0.0,0.0,0.0,0.0,0.0,0.0,0.0,0.0,0.0,0.0,0.0,0.0,0.0,0.0,0.0,0.0
2,2.06188240430456,2.0547183944555254,0.0,1.1369665679348315,1.2046855555699083,0.0,0.0,0.0,0.0,0.0,0.0,0.0,0.0,0.0,0.0,0.0,0.0,0.0,0.0,0.0,0.0,0.0,0.0,0.0,0.0,0.0,0.0
3,1.8870965667465789,1.8511036142727715,1.1369665679348315,0.0,-0.6182460835202419,1.500134794627288,0.0,0.0,0.0,0.0,0.0,0.0,0.0,0.0,0.0,0.0,0.0,0.0,0.0,0.0,0.0,0.0,0.0,0.0,0.0,0.0,0.0
4,0.0,1.8629622886685515,1.2046855555699083,-0.6182460835202419,0.0,1.5641271531884648,0.0,0.0,0.0,0.0,0.0,0.0,0.0,0.0,0.0,0.0,0.0,0.0,0.0,0.0,0.0,0.0,0.0,0.0,0.0,0.0,0.0
5,0.0,0.0,0.0,1.500134794627288,1.5641271531884648,0.0,-0.42480540322889526,0.13354206374721744,-0.2738290052758805,0.0,0.0,0.0,0.0,0.0,0.0,0.0,0.0,0.0,0.0,0.0,0.0,0.0,0.0,0.0,0.0,0.0,0.0
6,0.0,0.0,0.0,0.0,0.0,-0.42480540322889526,0.0,0.4518815727348889,-0.8201864788186077,0.0,0.0,0.0,0.0,0.0,0.0,0.0,0.0,0.0,0.0,0.0,0.0,0.0,0.0,0.0,0.0,0.0,0.0
7,0.0,0.0,0.0,0.0,0.0,0.13354206374721744,0.4518815727348889,0.0,0.6086040428042251,0.452630418410277,0.0,0.0,0.0,0.0,0.0,0.0,0.0,0.0,0.0,0.0,0.0,0.0,0.0,0.0,0.0,0.0,0.0
8,0.0,0.0,0.0,0.0,0.0,-0.2738290052758805,-0.8201864788186077,0.6086040428042251,0.0,-1.7147845145879936,0.0,-0.28823481129802575,0.0,0.0,0.0,0.0,0.0,0.0,0.0,0.0,0.0,0.0,0.0,0.0,0.0,0.0,0.0
9,0.0,0.0,0.0,0.0,0.0,0.0,0.0,0.452630418410277,-1.7147845145879936,0.0,0.8067309509062113,-0.4124221978660005,0.0,0.0,0.0,0.0,0.0,0.0,0.0,0.0,0.0,0.0,0.0,0.0,0.0,0.0,0.0
10,0.0,0.0,0.0,0.0,0.0,0.0,0.0,0.0,0.0,0.8067309509062113,0.0,0.9603715953485025,0.6590837307673717,0.0,0.0,0.0,0.0,0.0,0.0,0.0,0.0,0.0,0.0,0.0,0.0,0.0,0.0
11,0.0,0.0,0.0,0.0,0.0,0.0,0.0,0.0,-0.28823481129802575,-0.4124221978660005,0.9603715953485025,0.0,-0.6192905101056522,0.0,-0.7747684184274607,0.0,0.0,0.0,0.0,0.0,0.0,0.0,0.0,0.0,0.0,0.0,0.0
12,0.0,0.0,0.0,0.0,0.0,0.0,0.0,0.0,0.0,0.0,0.6590837307673717,-0.6192905101056522,0.0,0.3933189994619735,-2.2592102334139907,-1.0905941286293666,0.0,0.0,0.0,0.0,0.0,0.0,0.0,0.0,0.0,0.0,0.0
13,0.0,0.0,0.0,0.0,0.0,0.0,0.0,0.0,0.0,0.0,0.0,0.0,0.3933189994619735,0.0,0.0,0.5094268531423511,-0.23687522084115306,0.0,0.0,0.0,0.0,0.0,0.0,0.0,0.0,0.0,0.0
14,0.0,0.0,0.0,0.0,0.0,0.0,0.0,0.0,0.0,0.0,0.0,-0.7747684184274607,-2.2592102334139907,0.0,0.0,-1.2319839748353905,0.0,-1.0103327967703768,0.0,0.0,0.0,0.0,0.0,0.0,0.0,0.0,0.0
15,0.0,0.0,0.0,0.0,0.0,0.0,0.0,0.0,0.0,0.0,0.0,0.0,-1.0905941286293666,0.5094268531423511,-1.2319839748353905,0.0,-0.3924109771680785,-1.0913581709377327,0.0,0.0,0.0,0.0,0.0,0.0,0.0,0.0,0.0
16,0.0,0.0,0.0,0.0,0.0,0.0,0.0,0.0,0.0,0.0,0.0,0.0,0.0,-0.23687522084115306,0.0,-0.3924109771680785,0.0,-0.703828504250554,0.0,-0.7210004759796368,0.0,0.0,0.0,0.0,0.0,0.0,0.0
17,0.0,0.0,0.0,0.0,0.0,0.0,0.0,0.0,0.0,0.0,0.0,0.0,0.0,0.0,-1.0103327967703768,-1.0913581709377327,-0.703828504250554,0.0,0.0,-0.45128302233042816,0.0,0.0,0.0,0.0,0.0,0.0,0.0
18,0.0,0.0,0.0,0.0,0.0,0.0,0.0,0.0,0.0,0.0,0.0,0.0,0.0,0.0,0.0,0.0,0.0,0.0,0.0,-0.0323374424607625,-1.4744415781180293,-1.7438001049716174,-1.7953256728859321,0.0,0.0,0.0,0.0
19,0.0,0.0,0.0,0.0,0.0,0.0,0.0,0.0,0.0,0.0,0.0,0.0,0.0,0.0,0.0,0.0,-0.7210004759796368,-0.45128302233042816,-0.0323374424607625,0.0,0.0,0.0,0.0,0.0,0.0,0.0,0.0
20,0.0,0.0,0.0,0.0,0.0,0.0,0.0,0.0,0.0,0.0,0.0,0.0,0.0,0.0,0.0,0.0,0.0,0.0,-1.4744415781180293,0.0,0.0,-1.0880822347492787,-1.677797776971626,0.0,0.0,-0.07966513270311558,0.0
21,0.0,0.0,0.0,0.0,0.0,0.0,0.0,0.0,0.0,0.0,0.0,0.0,0.0,0.0,0.0,0.0,0.0,0.0,-1.7438001049716174,0.0,-1.0880822347492787,0.0,-1.1205951170581832,-1.0165855600149307,-1.0721582345349956,0.0,0.0
22,0.0,0.0,0.0,0.0,0.0,0.0,0.0,0.0,0.0,0.0,0.0,0.0,0.0,0.0,0.0,0.0,0.0,0.0,-1.7953256728859321,0.0,-1.677797776971626,-1.1205951170581832,0.0,-2.4390022020203905,-2.8525561619136846,-0.09732523411203997,-1.525520921708759
23,0.0,0.0,0.0,0.0,0.0,0.0,0.0,0.0,0.0,0.0,0.0,0.0,0.0,0.0,0.0,0.0,0.0,0.0,0.0,0.0,0.0,-1.0165855600149307,-2.4390022020203905,0.0,-3.0722753027436402,0.0,0.0
24,0.0,0.0,0.0,0.0,0.0,0.0,0.0,0.0,0.0,0.0,0.0,0.0,0.0,0.0,0.0,0.0,0.0,0.0,0.0,0.0,0.0,-1.0721582345349956,-2.8525561619136846,-3.0722753027436402,0.0,0.0,-1.5320629271050936
25,0.0,0.0,0.0,0.0,0.0,0.0,0.0,0.0,0.0,0.0,0.0,0.0,0.0,0.0,0.0,0.0,0.0,0.0,0.0,0.0,-0.07966513270311558,0.0,-0.09732523411203997,0.0,0.0,0.0,-0.5380696244044899
26,0.0,0.0,0.0,0.0,0.0,0.0,0.0,0.0,0.0,0.0,0.0,0.0,0.0,0.0,0.0,0.0,0.0,0.0,0.0,0.0,0.0,0.0,-1.525520921708759,0.0,-1.5320629271050936,-0.5380696244044899,0.0
