,0,1,2,3,4,5,6,7,8,9,10,11,12,13,14,15,16,17
0,0.0,0.8995241035966571,0.11448790233706374,-1.0817411462349389,0.0,0.0,0.0,0.0,0.0,0.0,0.0,0.0,0.0,0.0,0.0,0.0,0.0,0.0
1,0.8995241035966571,0.0,0.8016704641518579,0.13467683470001376,0.0,0.0,0.0,0.0,0.0,0.0,0.0,0.0,0.0,0.0,0.0,0.0,0.0,0.0
2,0.11448790233706374,0.8016704641518579,0.0,-0.5597685028142387,0.5552029010892605,0.0,0.0,0.0,0.0,0.0,0.0,0.0,0.0,0.0,0.0,0.0,0.0,0.0
3,-1.0817411462349389,0.13467683470001376,-0.5597685028142387,0.0,0.34000247503231457,-1.5940325487127396,0.0,0.0,0.0,0.0,0.0,0.0,0.0,0.0,0.0,0.0,0.0,0.0
4,0.0,0.0,0.5552029010892605,0.34000247503231457,0.0,0.16360788859288286,-0.0054180533616696724,0.0,0.0,0.0,0.0,0.0,0.0,0.0,0.0,0.0,0.0,0.0
5,0.0,0.0,0.0,-1.5940325487127396,0.16360788859288286,0.0,-0.45685868274698027,-2.4420914806341814,0.0,0.0,0.0,0.0,0.0,0.0,0.0,0.0,0.0,0.0
6,0.0,0.0,0.0,0.0,-0.0054180533616696724,-0.45685868274698027,0.0,-1.1583459982560498,-0.037411130224946916,0.0,0.0,0.0,0.0,0.0,0.0,0.0,0.0,0.0
7,0.0,0.0,0.0,0.0,0.0,-2.4420914806341814,-1.1583459982560498,0.0,0.08727717962438025,-1.3462977287781766,-2.0042473095168165,0.0,0.0,0.0,0.0,0.0,0.0,0.0
8,0.0,0.0,0.0,0.0,0.0,0.0,-0.037411130224946916,0.08727717962438025,0.0,0.14254301265753466,-0.06965744140048914,0.0,0.0,0.0,0.0,0.0,0.0,0.0
9,0.0,0.0,0.0,0.0,0.0,0.0,0.0,-1.3462977287781766,0.14254301265753466,0.0,-2.329796508730126,-0.6423865655650514,0.0,0.0,0.0,0.0,0.0,0.0
10,0.0,0.0,0.0,0.0,0.0,0.0,0.0,-2.0042473095168165,-0.06965744140048914,-2.329796508730126,0.0,-0.538430489419732,-0.27100844334077606,0.0,0.0,0.0,0.0,0.0
11,0.0,0.0,0.0,0.0,0.0,0.0,0.0,0.0,0.0,-0.6423865655650514,-0.538430489419732,0.0,-0.4583299575661945,0.0,0.0,0.0,0.0,0.0
12,0.0,0.0,0.0,0.0,0.0,0.0,0.0,0.0,0.0,0.0,-0.27100844334077606,-0.4583299575661945,0.0,-0.376481627382756,0.0,0.0,0.0,0.0
13,0.0,0.0,0.0,0.0,0.0,0.0,0.0,0.0,0.0,0.0,0.0,0.0,-0.376481627382756,0.0,0.571668298935688,-0.767736370310918,0.0,0.0
14,0.0,0.0,0.0,0.0,0.0,0.0,0.0,0.0,0.0,0.0,0.0,0.0,0.0,0.571668298935688,0.0,-0.3083997467475241,-0.38776109921458,-0.39234936514364704
15,0.0,0.0,0.0,0.0,0.0,0.0,0.0,0.0,0.0,0.0,0.0,0.0,0.0,-0.767736370310918,-0.3083997467475241,0.0,-1.193886346638397,-1.1476062217181289
16,0.0,0.0,0.0,0.0,0.0,0.0,0.0,0.0,0.0,0.0,0.0,0.0,0.0,0.0,-0.38776109921458,-1.193886346638397,0.0,-2.904925223840959
17,0.0,0.0,0.0,0.0,0.0,0.0,0.0,0.0,0.0,0.0,0.0,0.0,0.0,0.0,-0.39234936514364704,-1.1476062217181289,-2.904925223840959,0.0
