,0,1,2,3,4,5,6,7,8,9,10,11,12,13,14,15,16,17,18,19,20,21,22,23,24
0,0.0,-0.3154563484772663,-1.7334804249116167,-0.1850285906896134,0.0,0.0,0.0,0.0,0.0,0.0,0.0,0.0,0.0,0.0,0.0,0.0,0.0,0.0,0.0,0.0,0.0,0.0,0.0,0.0,0.0
1,-0.3154563484772663,0.0,-0.8500379187928572,0.004381710264563664,-1.4434101413935265,0.0,0.0,0.0,0.0,0.0,0.0,0.0,0.0,0.0,0.0,0.0,0.0,0.0,0.0,0.0,0.0,0.0,0.0,0.0,0.0
2,-1.7334804249116167,-0.8500379187928572,0.0,-0.14353976087336312,-1.6431649892151696,0.0,0.0,0.0,0.0,0.0,0.0,0.0,0.0,0.0,0.0,0.0,0.0,0.0,0.0,0.0,0.0,0.0,0.0,0.0,0.0
3,-0.1850285906896134,0.004381710264563664,-0.14353976087336312,0.0,-0.07742965507116371,-1.1126325462465372,-1.9775860985057232,0.0,0.0,0.0,0.0,0.0,0.0,0.0,0.0,0.0,0.0,0.0,0.0,0.0,0.0,0.0,0.0,0.0,0.0
4,0.0,-1.4434101413935265,-1.6431649892151696,-0.07742965507116371,0.0,0.1403681371511963,-0.22375084548962215,0.0,0.0,0.0,0.0,0.0,0.0,0.0,0.0,0.0,0.0,0.0,0.0,0.0,0.0,0.0,0.0,0.0,0.0
5,0.0,0.0,0.0,-1.1126325462465372,0.1403681371511963,0.0,-1.2204025188277223,0.9554329523565506,0.0,0.0,0.0,0.0,0.0,0.0,0.0,0.0,0.0,0.0,0.0,0.0,0.0,0.0,0.0,0.0,0.0
6,0.0,0.0,0.0,-1.9775860985057232,-0.22375084548962215,-1.2204025188277223,0.0,0.8542606075761218,-0.08159636494561846,0.0,0.0,0.0,0.0,0.0,0.0,0.0,0.0,0.0,0.0,0.0,0.0,0.0,0.0,0.0,0.0
7,0.0,0.0,0.0,0.0,0.0,0.9554329523565506,0.8542606075761218,0.0,0.5834396929887637,0.0,0.0,0.0,0.0,0.0,0.0,0.0,0.0,0.0,0.0,0.0,0.0,0.0,0.0,0.0,0.0
8,0.0,0.0,0.0,0.0,0.0,0.0,-0.08159636494561846,0.5834396929887637,0.0,-0.9008306581539179,0.0,0.0,0.0,0.0,0.0,0.0,0.0,0.0,0.0,0.0,0.0,0.0,0.0,0.0,0.0
9,0.0,0.0,0.0,0.0,0.0,0.0,0.0,0.0,-0.9008306581539179,0.0,-2.6097160020950043,-0.4529438124862461,-2.623850706727199,0.0,0.0,0.0,0.0,0.0,0.0,0.0,0.0,0.0,0.0,0.0,0.0
10,0.0,0.0,0.0,0.0,0.0,0.0,0.0,0.0,0.0,-2.6097160020950043,0.0,-0.5236752429875163,-1.9830450712144239,-1.698028691953237,0.0,0.0,0.0,0.0,0.0,0.0,0.0,0.0,0.0,0.0,0.0
11,0.0,0.0,0.0,0.0,0.0,0.0,0.0,0.0,0.0,-0.4529438124862461,-0.5236752429875163,0.0,-0.371255283978888,-0.5808412557217141,0.0,0.0,0.0,0.0,0.0,0.0,0.0,0.0,0.0,0.0,0.0
12,0.0,0.0,0.0,0.0,0.0,0.0,0.0,0.0,0.0,-2.623850706727199,-1.9830450712144239,-0.371255283978888,0.0,-1.2936523692864867,-1.9579580047683163,0.0,0.0,0.0,0.0,0.0,0.0,0.0,0.0,0.0,0.0
13,0.0,0.0,0.0,0.0,0.0,0.0,0.0,0.0,0.0,0.0,-1.698028691953237,-0.5808412557217141,-1.2936523692864867,0.0,-1.36646789455243,0.0,0.0,0.0,0.0,0.0,0.0,0.0,0.0,0.0,0.0
14,0.0,0.0,0.0,0.0,0.0,0.0,0.0,0.0,0.0,0.0,0.0,0.0,-1.9579580047683163,-1.36646789455243,0.0,-0.753858281372682,0.0,0.0,0.0,0.0,0.0,0.0,0.0,0.0,0.0
15,0.0,0.0,0.0,0.0,0.0,0.0,0.0,0.0,0.0,0.0,0.0,0.0,0.0,0.0,-0.753858281372682,0.0,-0.5635615382956399,0.527689367888591,0.0991066001980207,0.0,0.0,0.0,0.0,0.0,0.0
16,0.0,0.0,0.0,0.0,0.0,0.0,0.0,0.0,0.0,0.0,0.0,0.0,0.0,0.0,0.0,-0.5635615382956399,0.0,0.5623796155769514,-0.03568295899733339,-1.9104861285460504,0.0,0.0,0.0,0.0,0.0
17,0.0,0.0,0.0,0.0,0.0,0.0,0.0,0.0,0.0,0.0,0.0,0.0,0.0,0.0,0.0,0.527689367888591,0.5623796155769514,0.0,-0.1994709637701447,0.3595719680976053,0.0,0.0,0.0,0.0,0.0
18,0.0,0.0,0.0,0.0,0.0,0.0,0.0,0.0,0.0,0.0,0.0,0.0,0.0,0.0,0.0,0.0991066001980207,-0.03568295899733339,-0.1994709637701447,0.0,-0.09973175787057584,0.0,0.0,0.0,0.0,0.0
19,0.0,0.0,0.0,0.0,0.0,0.0,0.0,0.0,0.0,0.0,0.0,0.0,0.0,0.0,0.0,0.0,-1.9104861285460504,0.3595719680976053,-0.09973175787057584,0.0,-2.3549550916289244,0.0,0.0,-1.210811309520015,0.0
20,0.0,0.0,0.0,0.0,0.0,0.0,0.0,0.0,0.0,0.0,0.0,0.0,0.0,0.0,0.0,0.0,0.0,0.0,0.0,-2.3549550916289244,0.0,-2.1194496300718617,-2.5784426030849787,-1.0745592860183604,-0.6153950239640683
21,0.0,0.0,0.0,0.0,0.0,0.0,0.0,0.0,0.0,0.0,0.0,0.0,0.0,0.0,0.0,0.0,0.0,0.0,0.0,0.0,-2.1194496300718617,0.0,-2.276019726212681,-0.8632108191229643,0.0
22,0.0,0.0,0.0,0.0,0.0,0.0,0.0,0.0,0.0,0.0,0.0,0.0,0.0,0.0,0.0,0.0,0.0,0.0,0.0,0.0,-2.5784426030849787,-2.276019726212681,0.0,-1.1304816793323331,-0.7254075468930806
23,0.0,0.0,0.0,0.0,0.0,0.0,0.0,0.0,0.0,0.0,0.0,0.0,0.0,0.0,0.0,0.0,0.0,0.0,0.0,-1.210811309520015,-1.0745592860183604,-0.8632108191229643,-1.1304816793323331,0.0,-0.6130403758680617
24,0.0,0.0,0.0,0.0,0.0,0.0,0.0,0.0,0.0,0.0,0.0,0.0,0.0,0.0,0.0,0.0,0.0,0.0,0.0,0.0,-0.6153950239640683,0.0,-0.7254075468930806,-0.6130403758680617,0.0
