,0,1,2,3,4,5,6,7,8,9,10,11,12,13,14,15,16,17,18,19,20
0,0.0,0.46613559219135203,0.7540378656148118,-1.4574540474255453,0.0,0.0,0.0,0.0,0.0,0.0,0.0,0.0,0.0,0.0,0.0,0.0,0.0,0.0,0.0,0.0,0.0
1,0.46613559219135203,0.0,0.3920821948744134,-0.09193888303545175,0.0,0.0,0.0,0.0,0.0,0.0,0.0,0.0,0.0,0.0,0.0,0.0,0.0,0.0,0.0,0.0,0.0
2,0.7540378656148118,0.3920821948744134,0.0,0.7302063641537776,-0.19712641774866319,0.13917176985245844,0.0,0.0,0.0,0.0,0.0,0.0,0.0,0.0,0.0,0.0,0.0,0.0,0.0,0.0,0.0
3,-1.4574540474255453,-0.09193888303545175,0.7302063641537776,0.0,0.27538666806697754,-1.5414538375939126,0.0,0.0,0.0,0.0,0.0,0.0,0.0,0.0,0.0,0.0,0.0,0.0,0.0,0.0,0.0
4,0.0,0.0,-0.19712641774866319,0.27538666806697754,0.0,0.17076473656574945,0.9318091588021463,-0.29117345306938264,0.0,0.0,0.0,0.0,0.0,0.0,0.0,0.0,0.0,0.0,0.0,0.0,0.0
5,0.0,0.0,0.13917176985245844,-1.5414538375939126,0.17076473656574945,0.0,1.2073505358857906,0.27751332058966255,0.0,0.0,0.0,0.0,0.0,0.0,0.0,0.0,0.0,0.0,0.0,0.0,0.0
6,0.0,0.0,0.0,0.0,0.9318091588021463,1.2073505358857906,0.0,0.055987164424943066,-0.014113029157835782,0.0,0.0,0.0,0.0,0.0,0.0,0.0,0.0,0.0,0.0,0.0,0.0
7,0.0,0.0,0.0,0.0,-0.29117345306938264,0.27751332058966255,0.055987164424943066,0.0,-0.7165743377708153,-0.39073887954591235,0.0,0.0,0.0,0.0,0.0,0.0,0.0,0.0,0.0,0.0,0.0
8,0.0,0.0,0.0,0.0,0.0,0.0,-0.014113029157835782,-0.7165743377708153,0.0,-0.6579101194471798,-0.836319118766858,-0.6989510117062274,0.0,0.0,0.0,0.0,0.0,0.0,0.0,0.0,0.0
9,0.0,0.0,0.0,0.0,0.0,0.0,0.0,-0.39073887954591235,-0.6579101194471798,0.0,-1.227754877653362,-0.16195271596553673,0.0,0.0,0.0,0.0,0.0,0.0,0.0,0.0,0.0
10,0.0,0.0,0.0,0.0,0.0,0.0,0.0,0.0,-0.836319118766858,-1.227754877653362,0.0,-0.34887236197747074,0.0,0.0,0.0,0.0,0.0,0.0,0.0,0.0,0.0
11,0.0,0.0,0.0,0.0,0.0,0.0,0.0,0.0,-0.6989510117062274,-0.16195271596553673,-0.34887236197747074,0.0,0.5166329341220103,-1.46811831292433,-1.005733520995513,0.0,0.0,0.0,0.0,0.0,0.0
12,0.0,0.0,0.0,0.0,0.0,0.0,0.0,0.0,0.0,0.0,0.0,0.5166329341220103,0.0,0.4611689165270638,0.15587889367999141,0.0,0.0,0.0,0.0,0.0,0.0
13,0.0,0.0,0.0,0.0,0.0,0.0,0.0,0.0,0.0,0.0,0.0,-1.46811831292433,0.4611689165270638,0.0,-0.9359734647710581,-1.1095958677231474,0.0,0.0,0.0,0.0,0.0
14,0.0,0.0,0.0,0.0,0.0,0.0,0.0,0.0,0.0,0.0,0.0,-1.005733520995513,0.15587889367999141,-0.9359734647710581,0.0,-1.053262865941343,0.0,0.0,0.0,0.0,0.0
15,0.0,0.0,0.0,0.0,0.0,0.0,0.0,0.0,0.0,0.0,0.0,0.0,0.0,-1.1095958677231474,-1.053262865941343,0.0,-1.411756336119257,-1.8062873632967549,-1.3575298279265255,0.0,0.0
16,0.0,0.0,0.0,0.0,0.0,0.0,0.0,0.0,0.0,0.0,0.0,0.0,0.0,0.0,0.0,-1.411756336119257,0.0,-2.549971824882033,-2.507859184623315,0.0,0.0
17,0.0,0.0,0.0,0.0,0.0,0.0,0.0,0.0,0.0,0.0,0.0,0.0,0.0,0.0,0.0,-1.8062873632967549,-2.549971824882033,0.0,-1.9155523651580095,-1.6405382551746073,-1.8540975694816864
18,0.0,0.0,0.0,0.0,0.0,0.0,0.0,0.0,0.0,0.0,0.0,0.0,0.0,0.0,0.0,-1.3575298279265255,-2.507859184623315,-1.9155523651580095,0.0,-1.4614947087811407,-2.5524725109487014
19,0.0,0.0,0.0,0.0,0.0,0.0,0.0,0.0,0.0,0.0,0.0,0.0,0.0,0.0,0.0,0.0,0.0,-1.6405382551746073,-1.4614947087811407,0.0,-1.3571567450338549
20,0.0,0.0,0.0,0.0,0.0,0.0,0.0,0.0,0.0,0.0,0.0,0.0,0.0,0.0,0.0,0.0,0.0,-1.8540975694816864,-2.5524725109487014,-1.3571567450338549,0.0
