,0,1,2,3,4,5,6,7,8,9,10,11,12,13,14,15,16,17,18,19
0,0.0,0.8961460450415994,-1.0736373909783654,3.981047043678515,0.0,0.0,0.0,0.0,0.0,0.0,0.0,0.0,0.0,0.0,0.0,0.0,0.0,0.0,0.0,0.0
1,0.8961460450415994,0.0,0.7637541020769671,3.9618589365954207,0.0,0.0,0.0,0.0,0.0,0.0,0.0,0.0,0.0,0.0,0.0,0.0,0.0,0.0,0.0,0.0
2,-1.0736373909783654,0.7637541020769671,0.0,3.9859887230957822,0.0,0.0,0.0,0.0,0.0,0.0,0.0,0.0,0.0,0.0,0.0,0.0,0.0,0.0,0.0,0.0
3,3.981047043678515,3.9618589365954207,3.9859887230957822,0.0,2.7554596642762794,0.0,0.0,0.0,0.0,0.0,0.0,0.0,0.0,0.0,0.0,0.0,0.0,0.0,0.0,0.0
4,0.0,0.0,0.0,2.7554596642762794,0.0,-0.0727552481508337,0.07216723095830882,0.39441257231210386,0.0,0.0,0.0,0.0,0.0,0.0,0.0,0.0,0.0,0.0,0.0,0.0
5,0.0,0.0,0.0,0.0,-0.0727552481508337,0.0,0.5415246690231812,0.7480120349570722,0.0,0.0,0.0,0.0,0.0,0.0,0.0,0.0,0.0,0.0,0.0,0.0
6,0.0,0.0,0.0,0.0,0.07216723095830882,0.5415246690231812,0.0,-0.8756991692159496,0.0,0.0,0.0,0.0,0.0,0.0,0.0,0.0,0.0,0.0,0.0,0.0
7,0.0,0.0,0.0,0.0,0.39441257231210386,0.7480120349570722,-0.8756991692159496,0.0,0.0,0.0,0.0,0.0,0.0,0.0,0.0,0.0,0.0,0.0,0.0,0.0
8,0.0,0.0,0.0,0.0,0.0,0.0,0.0,0.0,0.0,-0.5494559378957249,1.641975116659178,-1.9004488024408879,0.0,0.0,0.0,0.0,0.0,0.0,0.0,0.0
9,0.0,0.0,0.0,0.0,0.0,0.0,0.0,0.0,-0.5494559378957249,0.0,1.5279054770526752,-1.854724707179431,0.0,0.0,0.0,0.0,0.0,0.0,0.0,0.0
10,0.0,0.0,0.0,0.0,0.0,0.0,0.0,0.0,1.641975116659178,1.5279054770526752,0.0,0.6005842423978811,0.0,0.0,0.0,0.0,0.0,0.0,0.0,0.0
11,0.0,0.0,0.0,0.0,0.0,0.0,0.0,0.0,-1.9004488024408879,-1.854724707179431,0.6005842423978811,0.0,-1.7012113595188236,-2.666107526757543,0.0,0.0,-1.0183908069100729,0.0,0.0,0.0
12,0.0,0.0,0.0,0.0,0.0,0.0,0.0,0.0,0.0,0.0,0.0,-1.7012113595188236,0.0,-1.4391184545772664,0.33863506873370447,0.0,-1.2990276931489952,0.0,0.0,0.0
13,0.0,0.0,0.0,0.0,0.0,0.0,0.0,0.0,0.0,0.0,0.0,-2.666107526757543,-1.4391184545772664,0.0,0.0,0.15262614458676738,0.0,0.0,0.0,0.0
14,0.0,0.0,0.0,0.0,0.0,0.0,0.0,0.0,0.0,0.0,0.0,0.0,0.33863506873370447,0.0,0.0,-1.2227454606833577,0.06907540288952699,0.0,0.0,0.0
15,0.0,0.0,0.0,0.0,0.0,0.0,0.0,0.0,0.0,0.0,0.0,0.0,0.0,0.15262614458676738,-1.2227454606833577,0.0,-0.0889757239107223,-0.43633257659969593,-1.9224482645252572,-1.2441948704782972
16,0.0,0.0,0.0,0.0,0.0,0.0,0.0,0.0,0.0,0.0,0.0,-1.0183908069100729,-1.2990276931489952,0.0,0.06907540288952699,-0.0889757239107223,0.0,0.0,0.0,0.0
17,0.0,0.0,0.0,0.0,0.0,0.0,0.0,0.0,0.0,0.0,0.0,0.0,0.0,0.0,0.0,-0.43633257659969593,0.0,0.0,-0.3331990023800303,-1.7925693047926974
18,0.0,0.0,0.0,0.0,0.0,0.0,0.0,0.0,0.0,0.0,0.0,0.0,0.0,0.0,0.0,-1.9224482645252572,0.0,-0.3331990023800303,0.0,-0.9180647966053277
19,0.0,0.0,0.0,0.0,0.0,0.0,0.0,0.0,0.0,0.0,0.0,0.0,0.0,0.0,0.0,-1.2441948704782972,0.0,-1.7925693047926974,-0.9180647966053277,0.0
