,0,1,2,3,4,5,6,7,8,9,10,11,12,13,14,15
0,0.0,-0.0968916723243385,-0.8007332788852302,-1.5476139215968434,0.0,0.0,0.0,0.0,0.0,0.0,0.0,0.0,0.0,0.0,0.0,0.0
1,-0.0968916723243385,0.0,-0.010317742383784622,-0.19505786182821788,0.1368948907631759,0.0,0.0,0.0,0.0,0.0,0.0,0.0,0.0,0.0,0.0,0.0
2,-0.8007332788852302,-0.010317742383784622,0.0,-0.641012115279698,-1.091481852956067,0.0,0.0,0.0,0.0,0.0,0.0,0.0,0.0,0.0,0.0,0.0
3,-1.5476139215968434,-0.19505786182821788,-0.641012115279698,0.0,-0.26171602772091596,0.0,0.0,0.0,0.0,0.0,0.0,0.0,0.0,0.0,0.0,0.0
4,0.0,0.1368948907631759,-1.091481852956067,-0.26171602772091596,0.0,0.0,0.0,0.0,0.0,0.0,0.0,0.0,0.0,0.0,0.0,0.0
5,0.0,0.0,0.0,0.0,0.0,0.0,-0.28826547052108503,-1.5828835829011996,-0.7501659697441931,0.0,0.0,0.0,0.0,0.0,0.0,0.0
6,0.0,0.0,0.0,0.0,0.0,-0.28826547052108503,0.0,-0.2337501220754837,-0.2633588073727272,0.0,0.0,0.0,0.0,0.0,0.0,0.0
7,0.0,0.0,0.0,0.0,0.0,-1.5828835829011996,-0.2337501220754837,0.0,-0.8534793799374932,0.0,0.0,0.0,0.0,0.0,0.0,0.0
8,0.0,0.0,0.0,0.0,0.0,-0.7501659697441931,-0.2633588073727272,-0.8534793799374932,0.0,0.0,0.0,0.0,0.0,0.0,0.0,0.0
9,0.0,0.0,0.0,0.0,0.0,0.0,0.0,0.0,0.0,0.0,0.2962486833536174,-0.5410749737183217,0.4731695703501637,0.0,0.0,0.0
10,0.0,0.0,0.0,0.0,0.0,0.0,0.0,0.0,0.0,0.2962486833536174,0.0,0.46899197966878864,0.944683771771581,0.0,0.0,0.0
11,0.0,0.0,0.0,0.0,0.0,0.0,0.0,0.0,0.0,-0.5410749737183217,0.46899197966878864,0.0,0.09766056885141511,0.0,0.0,0.0
12,0.0,0.0,0.0,0.0,0.0,0.0,0.0,0.0,0.0,0.4731695703501637,0.944683771771581,0.09766056885141511,0.0,-0.2421400503800027,-0.32636840994430566,-0.5725044248063481
13,0.0,0.0,0.0,0.0,0.0,0.0,0.0,0.0,0.0,0.0,0.0,0.0,-0.2421400503800027,0.0,-1.8832960057311356,-0.9148213043188999
14,0.0,0.0,0.0,0.0,0.0,0.0,0.0,0.0,0.0,0.0,0.0,0.0,-0.32636840994430566,-1.8832960057311356,0.0,-0.8571531557560913
15,0.0,0.0,0.0,0.0,0.0,0.0,0.0,0.0,0.0,0.0,0.0,0.0,-0.5725044248063481,-0.9148213043188999,-0.8571531557560913,0.0
