,0,1,2,3,4,5,6,7,8,9,10,11,12,13,14
0,0.0,0.696155414618053,-0.016416799694057342,-0.39471603987542486,0.0,0.0,0.0,0.0,0.0,0.0,0.0,0.0,0.0,0.0,0.0
1,0.696155414618053,0.0,0.04563705324219057,-0.0517260935243057,0.0,0.0,0.0,0.0,0.0,0.0,0.0,0.0,0.0,0.0,0.0
2,-0.016416799694057342,0.04563705324219057,0.0,-1.4030299768228591,-0.10217342785704826,0.0,0.0,0.0,0.0,0.0,0.0,0.0,0.0,0.0,0.0
3,-0.39471603987542486,-0.0517260935243057,-1.4030299768228591,0.0,-0.2757556655991052,-2.1634116235143015,0.0,0.0,0.0,0.0,0.0,0.0,0.0,0.0,0.0
4,0.0,0.0,-0.10217342785704826,-0.2757556655991052,0.0,-0.30654977404276107,-1.154466169799014,-3.3807595597785567,0.0,0.0,0.0,0.0,0.0,0.0,0.0
5,0.0,0.0,0.0,-2.1634116235143015,-0.30654977404276107,0.0,-1.3904792612148038,-0.7240579394367236,0.0,0.0,0.0,0.0,0.0,0.0,0.0
6,0.0,0.0,0.0,0.0,-1.154466169799014,-1.3904792612148038,0.0,-1.1622745052708863,0.0,0.0,0.0,0.0,0.0,0.0,0.0
7,0.0,0.0,0.0,0.0,-3.3807595597785567,-0.7240579394367236,-1.1622745052708863,0.0,0.0,0.0,0.0,0.0,0.0,0.0,0.0
8,0.0,0.0,0.0,0.0,0.0,0.0,0.0,0.0,0.0,-2.107995901395004,-1.8646075669445514,0.0,0.0,-0.6294016189713962,0.0
9,0.0,0.0,0.0,0.0,0.0,0.0,0.0,0.0,-2.107995901395004,0.0,-2.0218242207879467,0.0,0.0,-0.6233681089913948,0.0
10,0.0,0.0,0.0,0.0,0.0,0.0,0.0,0.0,-1.8646075669445514,-2.0218242207879467,0.0,0.0,0.0,-0.7450975578011844,0.0
11,0.0,0.0,0.0,0.0,0.0,0.0,0.0,0.0,0.0,0.0,0.0,0.0,-1.2649581710230189,-0.7308584390622039,-1.0417776879858673
12,0.0,0.0,0.0,0.0,0.0,0.0,0.0,0.0,0.0,0.0,0.0,-1.2649581710230189,0.0,-0.9410323515786706,-0.6050726321327548
13,0.0,0.0,0.0,0.0,0.0,0.0,0.0,0.0,-0.6294016189713962,-0.6233681089913948,-0.7450975578011844,-0.7308584390622039,-0.9410323515786706,0.0,-0.19246197207349858
14,0.0,0.0,0.0,0.0,0.0,0.0,0.0,0.0,0.0,0.0,0.0,-1.0417776879858673,-0.6050726321327548,-0.19246197207349858,0.0
