,0,1,2,3,4,5,6,7,8,9,10,11,12,13,14,15,16,17,18,19,20
0,0.0,1.7837108047663612,0.9176048786325521,0.5019940295245956,0.0,0.0,0.0,0.0,0.0,0.0,0.0,0.0,0.0,0.0,0.0,0.0,0.0,0.0,0.0,0.0,0.0
1,1.7837108047663612,0.0,1.462447010470675,1.6978395200240515,1.4642819240772824,0.0,0.0,0.0,0.0,0.0,0.0,0.0,0.0,0.0,0.0,0.0,0.0,0.0,0.0,0.0,0.0
2,0.9176048786325521,1.462447010470675,0.0,0.4385348561670702,0.682703431782734,0.27530804493169786,0.0,0.0,0.0,0.0,0.0,0.0,0.0,0.0,0.0,0.0,0.0,0.0,0.0,0.0,0.0
3,0.5019940295245956,1.6978395200240515,0.4385348561670702,0.0,0.44375414536568664,0.3020602289594745,0.0,0.0,0.0,0.0,0.0,0.0,0.0,0.0,0.0,0.0,0.0,0.0,0.0,0.0,0.0
4,0.0,1.4642819240772824,0.682703431782734,0.44375414536568664,0.0,-0.45654937107397614,0.0,0.0,0.0,0.0,0.0,0.0,0.0,0.0,0.0,0.0,0.0,0.0,0.0,0.0,0.0
5,0.0,0.0,0.27530804493169786,0.3020602289594745,-0.45654937107397614,0.0,0.0,0.0,0.0,0.0,0.0,0.0,0.0,0.0,0.0,0.0,0.0,0.0,0.0,0.0,0.0
6,0.0,0.0,0.0,0.0,0.0,0.0,0.0,-1.4610410984661413,-0.9146366077645407,-0.5994876378351658,0.0,0.0,0.0,0.0,0.0,0.0,0.0,0.0,0.0,0.0,0.0
7,0.0,0.0,0.0,0.0,0.0,0.0,-1.4610410984661413,0.0,-0.548345615203574,-0.8947933470969459,0.0,0.0,0.0,0.0,0.0,0.0,0.0,0.0,0.0,0.0,0.0
8,0.0,0.0,0.0,0.0,0.0,0.0,-0.9146366077645407,-0.548345615203574,0.0,-0.20450415828553264,-0.2397783430332142,0.031876849028071585,0.0,0.0,0.0,0.0,0.0,0.0,0.0,0.0,0.0
9,0.0,0.0,0.0,0.0,0.0,0.0,-0.5994876378351658,-0.8947933470969459,-0.20450415828553264,0.0,-1.2230861258359547,-0.01273033328181566,0.0,0.0,0.0,0.0,0.0,0.0,0.0,0.0,0.0
10,0.0,0.0,0.0,0.0,0.0,0.0,0.0,0.0,-0.2397783430332142,-1.2230861258359547,0.0,-0.3538846778257594,0.0,0.0,0.0,0.0,0.0,0.0,0.0,0.0,0.0
11,0.0,0.0,0.0,0.0,0.0,0.0,0.0,0.0,0.031876849028071585,-0.01273033328181566,-0.3538846778257594,0.0,0.0,0.0,0.0,0.0,0.0,0.0,0.0,0.0,0.0
12,0.0,0.0,0.0,0.0,0.0,0.0,0.0,0.0,0.0,0.0,0.0,0.0,0.0,0.36111801547851036,0.8553208408861552,0.5085334933569658,0.0,0.0,0.0,0.0,0.0
13,0.0,0.0,0.0,0.0,0.0,0.0,0.0,0.0,0.0,0.0,0.0,0.0,0.36111801547851036,0.0,0.21096562866716947,0.5099169125717277,0.0,0.0,0.0,0.0,0.0
14,0.0,0.0,0.0,0.0,0.0,0.0,0.0,0.0,0.0,0.0,0.0,0.0,0.8553208408861552,0.21096562866716947,0.0,0.3816293560216579,0.0,0.0,0.0,0.0,0.0
15,0.0,0.0,0.0,0.0,0.0,0.0,0.0,0.0,0.0,0.0,0.0,0.0,0.5085334933569658,0.5099169125717277,0.3816293560216579,0.0,-0.09404233698401221,0.0,0.0,0.0,0.0
16,0.0,0.0,0.0,0.0,0.0,0.0,0.0,0.0,0.0,0.0,0.0,0.0,0.0,0.0,0.0,-0.09404233698401221,0.0,-0.32471659773146255,-0.5483184580472905,-0.5568213060126573,0.0
17,0.0,0.0,0.0,0.0,0.0,0.0,0.0,0.0,0.0,0.0,0.0,0.0,0.0,0.0,0.0,0.0,-0.32471659773146255,0.0,-1.8196611319298988,-1.7588725865399015,-1.055550100955668
18,0.0,0.0,0.0,0.0,0.0,0.0,0.0,0.0,0.0,0.0,0.0,0.0,0.0,0.0,0.0,0.0,-0.5483184580472905,-1.8196611319298988,0.0,-1.484889473976397,-1.357301229744631
19,0.0,0.0,0.0,0.0,0.0,0.0,0.0,0.0,0.0,0.0,0.0,0.0,0.0,0.0,0.0,0.0,-0.5568213060126573,-1.7588725865399015,-1.484889473976397,0.0,-1.0321453179859519
20,0.0,0.0,0.0,0.0,0.0,0.0,0.0,0.0,0.0,0.0,0.0,0.0,0.0,0.0,0.0,0.0,0.0,-1.055550100955668,-1.357301229744631,-1.0321453179859519,0.0
