,0,1,2,3,4,5,6,7,8,9,10,11,12,13,14,15,16,17,18,19
0,0.0,1.8393105194773176,1.3571992882624948,1.1735038859816223,0.0,0.0,0.0,0.0,0.0,0.0,0.0,0.0,0.0,0.0,0.0,0.0,0.0,0.0,0.0,0.0
1,1.8393105194773176,0.0,-1.2449400119597147,0.14300557975821793,-0.5023485485324592,0.0,0.0,0.0,0.0,0.0,0.0,0.0,0.0,0.0,0.0,0.0,0.0,0.0,0.0,0.0
2,1.3571992882624948,-1.2449400119597147,0.0,-0.048655032450403535,-0.6111078466442541,0.0,0.0,0.0,0.0,0.0,0.0,0.0,0.0,0.0,0.0,0.0,0.0,0.0,0.0,0.0
3,1.1735038859816223,0.14300557975821793,-0.048655032450403535,0.0,-0.5123706797107271,-1.3190138610091104,0.0,0.0,0.0,0.0,0.0,0.0,0.0,0.0,0.0,0.0,0.0,0.0,0.0,0.0
4,0.0,-0.5023485485324592,-0.6111078466442541,-0.5123706797107271,0.0,-1.9526600520320663,0.0,0.0,0.0,0.0,0.0,0.0,0.0,0.0,0.0,0.0,0.0,0.0,0.0,0.0
5,0.0,0.0,0.0,-1.3190138610091104,-1.9526600520320663,0.0,-1.221312192287541,-1.4949818510918342,0.0,-1.1338983110046144,0.0,0.0,0.0,0.0,0.0,0.0,0.0,0.0,0.0,0.0
6,0.0,0.0,0.0,0.0,0.0,-1.221312192287541,0.0,-2.887293352802756,-0.06750346461211168,-1.0379075147456656,0.0,0.0,0.0,0.0,0.0,0.0,0.0,0.0,0.0,0.0
7,0.0,0.0,0.0,0.0,0.0,-1.4949818510918342,-2.887293352802756,0.0,-0.05213107511640963,-0.91973776721812,0.0,0.0,0.0,-0.19804554948956318,0.0,0.0,0.0,0.0,0.0,0.0
8,0.0,0.0,0.0,0.0,0.0,0.0,-0.06750346461211168,-0.05213107511640963,0.0,-0.2524503652879115,0.0,0.0,0.0,0.10174246715683669,0.0,0.0,0.0,0.0,0.0,0.0
9,0.0,0.0,0.0,0.0,0.0,-1.1338983110046144,-1.0379075147456656,-0.91973776721812,-0.2524503652879115,0.0,0.0,0.0,0.0,-0.4784773973768384,0.0,0.0,0.0,0.0,0.0,0.0
10,0.0,0.0,0.0,0.0,0.0,0.0,0.0,0.0,0.0,0.0,0.0,-1.3656081582031507,-1.4519567786916,0.007081957754507404,-1.0940900749522569,0.0,0.0,0.0,0.0,0.0
11,0.0,0.0,0.0,0.0,0.0,0.0,0.0,0.0,0.0,0.0,-1.3656081582031507,0.0,-1.9320316521879082,0.0,-1.5901592583058135,0.0,0.0,0.0,0.0,0.0
12,0.0,0.0,0.0,0.0,0.0,0.0,0.0,0.0,0.0,0.0,-1.4519567786916,-1.9320316521879082,0.0,0.0,-1.8699627572159712,0.0,0.0,0.0,0.0,0.0
13,0.0,0.0,0.0,0.0,0.0,0.0,0.0,-0.19804554948956318,0.10174246715683669,-0.4784773973768384,0.007081957754507404,0.0,0.0,0.0,0.0,0.0,0.0,0.0,0.0,0.0
14,0.0,0.0,0.0,0.0,0.0,0.0,0.0,0.0,0.0,0.0,-1.0940900749522569,-1.5901592583058135,-1.8699627572159712,0.0,0.0,-1.824447629748077,0.0,0.0,0.0,0.0
15,0.0,0.0,0.0,0.0,0.0,0.0,0.0,0.0,0.0,0.0,0.0,0.0,0.0,0.0,-1.824447629748077,0.0,-2.130514721697015,-1.0447936610046569,0.0,-0.8175077522124058
16,0.0,0.0,0.0,0.0,0.0,0.0,0.0,0.0,0.0,0.0,0.0,0.0,0.0,0.0,0.0,-2.130514721697015,0.0,-1.071717826569052,-1.1975804279987312,-0.9100743303224803
17,0.0,0.0,0.0,0.0,0.0,0.0,0.0,0.0,0.0,0.0,0.0,0.0,0.0,0.0,0.0,-1.0447936610046569,-1.071717826569052,0.0,-2.250837532639124,-1.6045620756724455
18,0.0,0.0,0.0,0.0,0.0,0.0,0.0,0.0,0.0,0.0,0.0,0.0,0.0,0.0,0.0,0.0,-1.1975804279987312,-2.250837532639124,0.0,-1.999541833863976
19,0.0,0.0,0.0,0.0,0.0,0.0,0.0,0.0,0.0,0.0,0.0,0.0,0.0,0.0,0.0,-0.8175077522124058,-0.9100743303224803,-1.6045620756724455,-1.999541833863976,0.0
