,0,1,2,3,4,5,6,7,8,9,10,11,12,13,14,15,16,17
0,0.0,-0.7809653464944495,-1.0670240757774048,-1.0368578232487815,0.0,0.0,0.0,0.0,0.0,0.0,0.0,0.0,0.0,0.0,0.0,0.0,0.0,0.0
1,-0.7809653464944495,0.0,-0.9745184017202577,-0.6992115531371467,0.0,0.0,0.0,0.0,0.0,0.0,0.0,0.0,0.0,0.0,0.0,0.0,0.0,0.0
2,-1.0670240757774048,-0.9745184017202577,0.0,-0.6554923184618964,-1.1952087368920923,0.0,0.0,0.0,0.0,0.0,0.0,0.0,0.0,0.0,0.0,0.0,0.0,0.0
3,-1.0368578232487815,-0.6992115531371467,-0.6554923184618964,0.0,-1.2591764451448975,1.9658676072461159,0.0,0.0,0.0,0.0,0.0,0.0,0.0,0.0,0.0,0.0,0.0,0.0
4,0.0,0.0,-1.1952087368920923,-1.2591764451448975,0.0,1.9741482288407448,-0.47763260416130515,0.0,-0.8375046106410787,0.0,0.0,0.0,0.0,0.0,0.0,0.0,0.0,0.0
5,0.0,0.0,0.0,1.9658676072461159,1.9741482288407448,0.0,1.6323621928266838,-0.47239472035006164,0.0,0.0,0.0,0.0,0.0,0.0,0.0,0.0,0.0,0.0
6,0.0,0.0,0.0,0.0,-0.47763260416130515,1.6323621928266838,0.0,0.0,-0.32570303295791037,-0.9051375562403242,-0.938243792646721,0.0,0.0,0.0,0.0,0.0,0.0,0.0
7,0.0,0.0,0.0,0.0,0.0,-0.47239472035006164,0.0,0.0,1.5577449371442302,1.4698043092621427,1.37772900441792,0.0,0.0,0.0,0.0,0.0,0.0,0.0
8,0.0,0.0,0.0,0.0,-0.8375046106410787,0.0,-0.32570303295791037,1.5577449371442302,0.0,-0.5591573045192225,-1.2746288516998616,0.0,0.0,0.0,0.0,0.0,0.0,0.0
9,0.0,0.0,0.0,0.0,0.0,0.0,-0.9051375562403242,1.4698043092621427,-0.5591573045192225,0.0,-1.3957660558305354,0.0,0.0,0.0,0.0,0.0,0.0,0.0
10,0.0,0.0,0.0,0.0,0.0,0.0,-0.938243792646721,1.37772900441792,-1.2746288516998616,-1.3957660558305354,0.0,0.0,0.0,0.0,0.0,0.0,0.0,0.0
11,0.0,0.0,0.0,0.0,0.0,0.0,0.0,0.0,0.0,0.0,0.0,0.0,0.16484555160481304,-1.9916949962940398,0.0,-0.7483520820750151,0.0,0.0
12,0.0,0.0,0.0,0.0,0.0,0.0,0.0,0.0,0.0,0.0,0.0,0.16484555160481304,0.0,0.10937239891732388,-1.9959193025963349,0.0,0.0,0.0
13,0.0,0.0,0.0,0.0,0.0,0.0,0.0,0.0,0.0,0.0,0.0,-1.9916949962940398,0.10937239891732388,0.0,-0.5000751555943154,-0.5845130528967171,-1.0303634968863706,-0.5965527205594018
14,0.0,0.0,0.0,0.0,0.0,0.0,0.0,0.0,0.0,0.0,0.0,0.0,-1.9959193025963349,-0.5000751555943154,0.0,-0.42391988915689643,-0.6669414225784327,-0.43381313889312995
15,0.0,0.0,0.0,0.0,0.0,0.0,0.0,0.0,0.0,0.0,0.0,-0.7483520820750151,0.0,-0.5845130528967171,-0.42391988915689643,0.0,-0.20034711350223258,-2.3820308766113563
16,0.0,0.0,0.0,0.0,0.0,0.0,0.0,0.0,0.0,0.0,0.0,0.0,0.0,-1.0303634968863706,-0.6669414225784327,-0.20034711350223258,0.0,0.0
17,0.0,0.0,0.0,0.0,0.0,0.0,0.0,0.0,0.0,0.0,0.0,0.0,0.0,-0.5965527205594018,-0.43381313889312995,-2.3820308766113563,0.0,0.0
