,0,1,2,3,4,5,6,7,8,9,10,11,12,13,14,15,16,17,18,19,20
0,0.0,2.1355443423075897,2.1134665877526166,1.7587934146549675,0.0,0.0,0.0,0.0,0.0,0.0,0.0,0.0,0.0,0.0,0.0,0.0,0.0,0.0,0.0,0.0,0.0
1,2.1355443423075897,0.0,-0.45940501552904367,-0.10549607662080202,0.0,0.0,0.0,0.0,0.0,0.0,0.0,0.0,0.0,0.0,0.0,0.0,0.0,0.0,0.0,0.0,0.0
2,2.1134665877526166,-0.45940501552904367,0.0,-0.06674667739880168,-1.585570134638937,0.0,0.0,0.0,0.0,0.0,0.0,0.0,0.0,0.0,0.0,0.0,0.0,0.0,0.0,0.0,0.0
3,1.7587934146549675,-0.10549607662080202,-0.06674667739880168,0.0,-0.16872392791377924,0.0,0.0,0.0,0.0,0.0,0.0,0.0,0.0,0.0,0.0,0.0,0.0,0.0,0.0,0.0,0.0
4,0.0,0.0,-1.585570134638937,-0.16872392791377924,0.0,-0.20286146024292914,0.0,0.0,0.0,0.0,0.0,0.0,0.0,0.0,0.0,0.0,0.0,0.0,0.0,0.0,0.0
5,0.0,0.0,0.0,0.0,-0.20286146024292914,0.0,1.502510910796741,0.7246584317449265,-0.5548898321478186,0.0,0.0,0.0,0.0,0.0,0.0,0.0,0.0,0.0,0.0,0.0,0.0
6,0.0,0.0,0.0,0.0,0.0,1.502510910796741,0.0,0.8340558080170077,1.0464746079985663,1.0066192869517028,0.0,0.0,0.0,0.0,0.0,0.0,0.0,0.0,0.0,0.0,0.0
7,0.0,0.0,0.0,0.0,0.0,0.7246584317449265,0.8340558080170077,0.0,0.057963405300698226,0.036068305377357945,0.0,0.0,0.0,0.0,0.0,0.0,0.0,0.0,0.0,0.0,0.0
8,0.0,0.0,0.0,0.0,0.0,-0.5548898321478186,1.0464746079985663,0.057963405300698226,0.0,-2.3160582153782205,0.0,0.0,0.0,0.0,0.0,0.0,0.0,0.0,0.0,0.0,0.0
9,0.0,0.0,0.0,0.0,0.0,0.0,1.0066192869517028,0.036068305377357945,-2.3160582153782205,0.0,0.0,0.0,0.0,0.0,0.0,0.0,0.0,0.0,0.0,0.0,0.0
10,0.0,0.0,0.0,0.0,0.0,0.0,0.0,0.0,0.0,0.0,0.0,-0.7459441089819409,-2.2533155937090386,-1.9290566795214086,0.0,0.0,0.0,0.0,0.0,0.0,0.0
11,0.0,0.0,0.0,0.0,0.0,0.0,0.0,0.0,0.0,0.0,-0.7459441089819409,0.0,-0.6294740322759622,-0.7417976335621866,1.050043023800773,0.0,0.0,0.0,0.0,0.0,0.0
12,0.0,0.0,0.0,0.0,0.0,0.0,0.0,0.0,0.0,0.0,-2.2533155937090386,-0.6294740322759622,0.0,-2.618403910062681,1.113180927223926,0.0,0.0,0.0,0.0,0.0,0.0
13,0.0,0.0,0.0,0.0,0.0,0.0,0.0,0.0,0.0,0.0,-1.9290566795214086,-0.7417976335621866,-2.618403910062681,0.0,1.1300144800671337,0.0,0.0,0.0,0.0,0.0,0.0
14,0.0,0.0,0.0,0.0,0.0,0.0,0.0,0.0,0.0,0.0,0.0,1.050043023800773,1.113180927223926,1.1300144800671337,0.0,0.0,-0.7196341871236921,0.0,0.0,0.0,0.0
15,0.0,0.0,0.0,0.0,0.0,0.0,0.0,0.0,0.0,0.0,0.0,0.0,0.0,0.0,0.0,0.0,0.149102651380655,-1.6922671281480204,-1.2436247608501525,-2.6676070045258524,0.0
16,0.0,0.0,0.0,0.0,0.0,0.0,0.0,0.0,0.0,0.0,0.0,0.0,0.0,0.0,-0.7196341871236921,0.149102651380655,0.0,-0.18399473146442794,-0.4474279591594035,0.0,0.0
17,0.0,0.0,0.0,0.0,0.0,0.0,0.0,0.0,0.0,0.0,0.0,0.0,0.0,0.0,0.0,-1.6922671281480204,-0.18399473146442794,0.0,-1.6620940402183295,-1.5765122617046394,-0.23804021288641158
18,0.0,0.0,0.0,0.0,0.0,0.0,0.0,0.0,0.0,0.0,0.0,0.0,0.0,0.0,0.0,-1.2436247608501525,-0.4474279591594035,-1.6620940402183295,0.0,-1.147375509307373,-0.4191898599445794
19,0.0,0.0,0.0,0.0,0.0,0.0,0.0,0.0,0.0,0.0,0.0,0.0,0.0,0.0,0.0,-2.6676070045258524,0.0,-1.5765122617046394,-1.147375509307373,0.0,-0.15217316053576344
20,0.0,0.0,0.0,0.0,0.0,0.0,0.0,0.0,0.0,0.0,0.0,0.0,0.0,0.0,0.0,0.0,0.0,-0.23804021288641158,-0.4191898599445794,-0.15217316053576344,0.0
