,0,1,2,3,4,5,6,7,8,9,10,11,12,13,14,15,16,17,18,19,20
0,0.0,1.4530338348055982,0.008763911713597198,-0.31392678386015266,0.0,0.0,0.0,0.0,0.0,0.0,0.0,0.0,0.0,0.0,0.0,0.0,0.0,0.0,0.0,0.0,0.0
1,1.4530338348055982,0.0,0.9120245606934906,0.9133020857654486,0.03850237625571187,0.0,0.0,0.0,0.0,0.0,0.0,0.0,0.0,0.0,0.0,0.0,0.0,0.0,0.0,0.0,0.0
2,0.008763911713597198,0.9120245606934906,0.0,-1.1208087292280504,-1.2050335606714053,1.3357026245051158,0.0,0.0,0.0,0.0,0.0,0.0,0.0,0.0,0.0,0.0,0.0,0.0,0.0,0.0,0.0
3,-0.31392678386015266,0.9133020857654486,-1.1208087292280504,0.0,-1.797182470866212,1.3147380864110825,0.0,0.0,0.0,0.0,0.0,0.0,0.0,0.0,0.0,0.0,0.0,0.0,0.0,0.0,0.0
4,0.0,0.03850237625571187,-1.2050335606714053,-1.797182470866212,0.0,1.295956112214432,-0.8223106308679107,-0.64310141095294,0.0,0.0,0.0,0.0,0.0,0.0,0.0,0.0,0.0,0.0,0.0,0.0,0.0
5,0.0,0.0,1.3357026245051158,1.3147380864110825,1.295956112214432,0.0,1.3680769316412893,0.5645847728189574,0.0,0.0,0.0,0.0,0.0,0.0,0.0,0.0,0.0,0.0,0.0,0.0,0.0
6,0.0,0.0,0.0,0.0,-0.8223106308679107,1.3680769316412893,0.0,-0.23508902534239667,-1.228064618513341,0.0,0.0,0.0,0.0,0.0,0.0,0.0,0.0,0.0,0.0,0.0,0.0
7,0.0,0.0,0.0,0.0,-0.64310141095294,0.5645847728189574,-0.23508902534239667,0.0,-0.21222054187024447,-1.9651952132197077,0.24373348272172257,0.0,0.0,0.0,0.0,0.0,0.0,0.0,0.0,0.0,0.0
8,0.0,0.0,0.0,0.0,0.0,0.0,-1.228064618513341,-0.21222054187024447,0.0,-0.5416824450714555,0.6522715961763108,-0.0617139299635727,0.0,0.0,0.0,0.0,0.0,0.0,0.0,0.0,0.0
9,0.0,0.0,0.0,0.0,0.0,0.0,0.0,-1.9651952132197077,-0.5416824450714555,0.0,0.31657972802193235,-0.7015181667020243,0.2921057307274983,0.0,0.0,0.0,0.0,0.0,0.0,0.0,0.0
10,0.0,0.0,0.0,0.0,0.0,0.0,0.0,0.24373348272172257,0.6522715961763108,0.31657972802193235,0.0,-0.006758898328350266,-0.025299489453298178,0.0,0.0,0.0,0.0,0.0,0.0,0.0,0.0
11,0.0,0.0,0.0,0.0,0.0,0.0,0.0,0.0,-0.0617139299635727,-0.7015181667020243,-0.006758898328350266,0.0,0.3341693098174886,0.0,0.0,0.0,0.0,0.0,0.0,0.0,0.0
12,0.0,0.0,0.0,0.0,0.0,0.0,0.0,0.0,0.0,0.2921057307274983,-0.025299489453298178,0.3341693098174886,0.0,0.0,0.0,0.0,0.0,0.0,0.0,0.0,0.0
13,0.0,0.0,0.0,0.0,0.0,0.0,0.0,0.0,0.0,0.0,0.0,0.0,0.0,0.0,0.46083630045922064,-0.10744691082738622,-0.19118588971105605,0.0,0.0,0.0,0.0
14,0.0,0.0,0.0,0.0,0.0,0.0,0.0,0.0,0.0,0.0,0.0,0.0,0.0,0.46083630045922064,0.0,-1.0083201779808169,-0.44156134699543115,-0.5249638807010398,0.0,0.0,0.0
15,0.0,0.0,0.0,0.0,0.0,0.0,0.0,0.0,0.0,0.0,0.0,0.0,0.0,-0.10744691082738622,-1.0083201779808169,0.0,-1.255305247624424,-1.102001081761607,-0.827571723549272,0.0,0.0
16,0.0,0.0,0.0,0.0,0.0,0.0,0.0,0.0,0.0,0.0,0.0,0.0,0.0,-0.19118588971105605,-0.44156134699543115,-1.255305247624424,0.0,-1.5178467691166289,0.0,0.0,0.0
17,0.0,0.0,0.0,0.0,0.0,0.0,0.0,0.0,0.0,0.0,0.0,0.0,0.0,0.0,-0.5249638807010398,-1.102001081761607,-1.5178467691166289,0.0,-0.40942341934936544,-0.5282901119775641,-1.0096543814225902
18,0.0,0.0,0.0,0.0,0.0,0.0,0.0,0.0,0.0,0.0,0.0,0.0,0.0,0.0,0.0,-0.827571723549272,0.0,-0.40942341934936544,0.0,-0.8759048410382964,-1.794175066611632
19,0.0,0.0,0.0,0.0,0.0,0.0,0.0,0.0,0.0,0.0,0.0,0.0,0.0,0.0,0.0,0.0,0.0,-0.5282901119775641,-0.8759048410382964,0.0,-1.5777652281251342
20,0.0,0.0,0.0,0.0,0.0,0.0,0.0,0.0,0.0,0.0,0.0,0.0,0.0,0.0,0.0,0.0,0.0,-1.0096543814225902,-1.794175066611632,-1.5777652281251342,0.0
