,0,1,2,3,4,5,6,7,8,9,10,11,12,13,14,15,16
0,0.0,0.08587977203992177,-0.970498947406714,-0.7924241960755265,0.0,0.0,0.0,0.0,0.0,0.0,0.0,0.0,0.0,0.0,0.0,0.0,0.0
1,0.08587977203992177,0.0,0.14859671272868152,-0.2074585242339454,-0.30986324237807256,0.0,0.0,0.0,0.0,0.0,0.0,0.0,0.0,0.0,0.0,0.0,0.0
2,-0.970498947406714,0.14859671272868152,0.0,-0.41982500248014126,-0.7062099701771624,0.0,0.0,0.0,0.0,0.0,0.0,0.0,0.0,0.0,0.0,0.0,0.0
3,-0.7924241960755265,-0.2074585242339454,-0.41982500248014126,0.0,-1.6640604332220958,0.0,0.0,0.0,0.0,0.0,0.0,0.0,0.0,0.0,0.0,0.0,0.0
4,0.0,-0.30986324237807256,-0.7062099701771624,-1.6640604332220958,0.0,0.0,0.0,0.0,0.0,0.0,0.0,0.0,0.0,0.0,0.0,0.0,0.0
5,0.0,0.0,0.0,0.0,0.0,0.0,-0.6446124374228035,-0.45744465678401913,-0.36693277211293457,0.0,0.0,0.0,0.0,0.0,0.0,0.0,0.0
6,0.0,0.0,0.0,0.0,0.0,-0.6446124374228035,0.0,-1.9270061971908536,-0.24738501766773016,0.0,0.0,0.0,0.0,0.0,0.0,0.0,0.0
7,0.0,0.0,0.0,0.0,0.0,-0.45744465678401913,-1.9270061971908536,0.0,-0.1935405340907878,0.0,0.0,0.0,0.0,0.0,0.0,0.0,0.0
8,0.0,0.0,0.0,0.0,0.0,-0.36693277211293457,-0.24738501766773016,-0.1935405340907878,0.0,-0.1497066758060271,0.08188374153708886,-0.18938162582319729,0.0,0.0,0.0,0.0,0.0
9,0.0,0.0,0.0,0.0,0.0,0.0,0.0,0.0,-0.1497066758060271,0.0,-0.7442471127269236,-1.7603793299636699,-2.3494269109422072,0.0,0.0,0.0,0.0
10,0.0,0.0,0.0,0.0,0.0,0.0,0.0,0.0,0.08188374153708886,-0.7442471127269236,0.0,-1.292267614011418,-0.8671279771849099,0.0,0.0,0.0,0.0
11,0.0,0.0,0.0,0.0,0.0,0.0,0.0,0.0,-0.18938162582319729,-1.7603793299636699,-1.292267614011418,0.0,-1.432925661857087,0.0,0.0,0.0,0.0
12,0.0,0.0,0.0,0.0,0.0,0.0,0.0,0.0,0.0,-2.3494269109422072,-0.8671279771849099,-1.432925661857087,0.0,0.0,0.0,0.0,0.0
13,0.0,0.0,0.0,0.0,0.0,0.0,0.0,0.0,0.0,0.0,0.0,0.0,0.0,0.0,-0.11348935551074736,-0.8891445329339002,-0.3162323638401199
14,0.0,0.0,0.0,0.0,0.0,0.0,0.0,0.0,0.0,0.0,0.0,0.0,0.0,-0.11348935551074736,0.0,-1.0360633770219472,-0.6723861050113384
15,0.0,0.0,0.0,0.0,0.0,0.0,0.0,0.0,0.0,0.0,0.0,0.0,0.0,-0.8891445329339002,-1.0360633770219472,0.0,-0.7562210868598046
16,0.0,0.0,0.0,0.0,0.0,0.0,0.0,0.0,0.0,0.0,0.0,0.0,0.0,-0.3162323638401199,-0.6723861050113384,-0.7562210868598046,0.0
