,0,1,2,3,4,5,6,7,8,9,10,11,12,13,14,15,16,17,18
0,0.0,-0.19781923348676597,0.5326609005586672,-0.5771740052082036,0.0,0.0,0.0,0.0,0.0,0.0,0.0,0.0,0.0,0.0,0.0,0.0,0.0,0.0,0.0
1,-0.19781923348676597,0.0,0.4273779838285565,-0.6320723601157349,-1.1649502824505615,0.0,0.0,0.0,0.0,0.0,0.0,0.0,0.0,0.0,0.0,0.0,0.0,0.0,0.0
2,0.5326609005586672,0.4273779838285565,0.0,0.24888777435766662,0.055686917968573946,0.10916706955603114,0.0,0.0,0.0,0.0,0.0,0.0,0.0,0.0,0.0,0.0,0.0,0.0,0.0
3,-0.5771740052082036,-0.6320723601157349,0.24888777435766662,0.0,-1.3533207614512197,-0.3927771134420938,0.13435294953628302,0.0,0.0,0.0,0.0,0.0,0.0,0.0,0.0,0.0,0.0,0.0,0.0
4,0.0,-1.1649502824505615,0.055686917968573946,-1.3533207614512197,0.0,-0.7077795228463148,0.0019150044535887678,0.0,0.0,0.0,0.0,0.0,0.0,0.0,0.0,0.0,0.0,0.0,0.0
5,0.0,0.0,0.10916706955603114,-0.3927771134420938,-0.7077795228463148,0.0,-0.17940780580480142,-0.4695651512740208,0.0,0.0,0.0,0.0,0.0,0.0,0.0,0.0,0.0,0.0,0.0
6,0.0,0.0,0.0,0.13435294953628302,0.0019150044535887678,-0.17940780580480142,0.0,-0.032880471460532475,-0.08849172536364663,0.0,0.0,0.0,0.0,0.0,0.0,0.0,0.0,0.0,0.0
7,0.0,0.0,0.0,0.0,0.0,-0.4695651512740208,-0.032880471460532475,0.0,-0.37503115927847713,0.0,0.0,0.0,0.0,0.0,0.0,0.0,0.0,0.0,0.0
8,0.0,0.0,0.0,0.0,0.0,0.0,-0.08849172536364663,-0.37503115927847713,0.0,0.9209321897392271,0.0,1.115712060639325,0.0,-0.9043357392507334,0.0,0.0,0.0,0.0,0.0
9,0.0,0.0,0.0,0.0,0.0,0.0,0.0,0.0,0.9209321897392271,0.0,-0.02617909641521535,-0.2686447438782726,-0.8542423614537026,0.0,0.0,0.0,0.0,0.0,0.0
10,0.0,0.0,0.0,0.0,0.0,0.0,0.0,0.0,0.0,-0.02617909641521535,0.0,-0.3878415376721866,-0.6458565291933314,0.82060428806539,0.5476391496354885,0.0,0.0,0.0,0.0
11,0.0,0.0,0.0,0.0,0.0,0.0,0.0,0.0,1.115712060639325,-0.2686447438782726,-0.3878415376721866,0.0,-0.3453792874704544,0.0,0.0,0.0,0.0,0.0,0.0
12,0.0,0.0,0.0,0.0,0.0,0.0,0.0,0.0,0.0,-0.8542423614537026,-0.6458565291933314,-0.3453792874704544,0.0,0.6667262806785126,0.0,0.0,0.0,0.0,0.0
13,0.0,0.0,0.0,0.0,0.0,0.0,0.0,0.0,-0.9043357392507334,0.0,0.82060428806539,0.0,0.6667262806785126,0.0,-1.5382401117359177,0.0,0.0,0.0,0.0
14,0.0,0.0,0.0,0.0,0.0,0.0,0.0,0.0,0.0,0.0,0.5476391496354885,0.0,0.0,-1.5382401117359177,0.0,0.0,-0.5564561257563885,0.0,0.0
15,0.0,0.0,0.0,0.0,0.0,0.0,0.0,0.0,0.0,0.0,0.0,0.0,0.0,0.0,0.0,0.0,0.01991954417051007,0.09663593909721363,-1.2651193043782454
16,0.0,0.0,0.0,0.0,0.0,0.0,0.0,0.0,0.0,0.0,0.0,0.0,0.0,0.0,-0.5564561257563885,0.01991954417051007,0.0,-0.713132605636708,-0.21169722270452396
17,0.0,0.0,0.0,0.0,0.0,0.0,0.0,0.0,0.0,0.0,0.0,0.0,0.0,0.0,0.0,0.09663593909721363,-0.713132605636708,0.0,0.01602785497124885
18,0.0,0.0,0.0,0.0,0.0,0.0,0.0,0.0,0.0,0.0,0.0,0.0,0.0,0.0,0.0,-1.2651193043782454,-0.21169722270452396,0.01602785497124885,0.0
