,0,1,2,3,4,5,6,7,8,9,10,11,12,13,14,15,16,17,18
0,0.0,-0.7377174022641978,-1.1241955227905855,-0.11253119300101538,0.0,0.0,0.0,0.0,0.0,0.0,0.0,0.0,0.0,0.0,0.0,0.0,0.0,0.0,0.0
1,-0.7377174022641978,0.0,-0.4004780078153735,-0.33796377728521454,-1.5039635925241033,0.0,0.0,0.0,0.0,0.0,0.0,0.0,0.0,0.0,0.0,0.0,0.0,0.0,0.0
2,-1.1241955227905855,-0.4004780078153735,0.0,-0.15274096434568676,-2.1981922550456288,0.0,0.0,0.0,0.0,0.0,0.0,0.0,0.0,0.0,0.0,0.0,0.0,0.0,0.0
3,-0.11253119300101538,-0.33796377728521454,-0.15274096434568676,0.0,-1.4935347731768889,0.0,0.0,0.0,0.0,0.0,0.0,0.0,0.0,0.0,0.0,0.0,0.0,0.0,0.0
4,0.0,-1.5039635925241033,-2.1981922550456288,-1.4935347731768889,0.0,-1.647963696828648,0.18903452981579094,-1.1132170188319421,0.0,0.0,0.0,0.0,0.0,0.0,0.0,0.0,0.0,0.0,0.0
5,0.0,0.0,0.0,0.0,-1.647963696828648,0.0,0.19793685244726414,-1.7451562968120393,0.0,0.0,0.0,0.0,0.0,0.0,0.0,0.0,0.0,0.0,0.0
6,0.0,0.0,0.0,0.0,0.18903452981579094,0.19793685244726414,0.0,0.2532105898116042,0.0,0.0,0.0,0.0,0.0,0.0,0.0,0.0,0.0,0.0,0.0
7,0.0,0.0,0.0,0.0,-1.1132170188319421,-1.7451562968120393,0.2532105898116042,0.0,1.0730076750570106,0.0,0.0,0.0,0.0,0.0,0.0,0.0,0.0,0.0,0.0
8,0.0,0.0,0.0,0.0,0.0,0.0,0.0,1.0730076750570106,0.0,0.9342889777645458,0.7532221835310438,0.6440924762040527,0.0,0.0,0.0,0.0,0.0,0.0,0.0
9,0.0,0.0,0.0,0.0,0.0,0.0,0.0,0.0,0.9342889777645458,0.0,-2.18554332625507,-1.793007442744528,0.0,0.0,0.0,0.0,0.0,0.0,0.0
10,0.0,0.0,0.0,0.0,0.0,0.0,0.0,0.0,0.7532221835310438,-2.18554332625507,0.0,-1.3954354218907465,-1.4505485556320201,0.0,0.0,0.0,0.0,0.0,0.0
11,0.0,0.0,0.0,0.0,0.0,0.0,0.0,0.0,0.6440924762040527,-1.793007442744528,-1.3954354218907465,0.0,-1.4579451438948177,0.0,0.0,0.0,0.0,0.0,0.0
12,0.0,0.0,0.0,0.0,0.0,0.0,0.0,0.0,0.0,0.0,-1.4505485556320201,-1.4579451438948177,0.0,-1.3151295665220286,-1.2387474435958574,-1.837653574203353,0.0,0.0,0.0
13,0.0,0.0,0.0,0.0,0.0,0.0,0.0,0.0,0.0,0.0,0.0,0.0,-1.3151295665220286,0.0,-1.6275605227273098,-3.1067534925145663,-1.848622299375709,0.0,0.0
14,0.0,0.0,0.0,0.0,0.0,0.0,0.0,0.0,0.0,0.0,0.0,0.0,-1.2387474435958574,-1.6275605227273098,0.0,-1.6161675204041641,-1.3461591517619207,0.0,0.0
15,0.0,0.0,0.0,0.0,0.0,0.0,0.0,0.0,0.0,0.0,0.0,0.0,-1.837653574203353,-3.1067534925145663,-1.6161675204041641,0.0,-2.040755062370325,-1.6346242773176756,-2.5216057988753593
16,0.0,0.0,0.0,0.0,0.0,0.0,0.0,0.0,0.0,0.0,0.0,0.0,0.0,-1.848622299375709,-1.3461591517619207,-2.040755062370325,0.0,-2.210558299561348,-3.243105383075842
17,0.0,0.0,0.0,0.0,0.0,0.0,0.0,0.0,0.0,0.0,0.0,0.0,0.0,0.0,0.0,-1.6346242773176756,-2.210558299561348,0.0,-1.9276834975038477
18,0.0,0.0,0.0,0.0,0.0,0.0,0.0,0.0,0.0,0.0,0.0,0.0,0.0,0.0,0.0,-2.5216057988753593,-3.243105383075842,-1.9276834975038477,0.0
