,0,1,2,3,4,5,6,7,8,9,10,11
0,0.0,-0.32160694078744523,-0.2697509300899465,-1.3335828263538958,0.0,0.0,0.0,0.0,0.0,0.0,0.0,0.0
1,-0.32160694078744523,0.0,0.06133201736375308,-0.8680350799154226,0.0,0.0,0.0,0.0,0.0,0.0,0.0,0.0
2,-0.2697509300899465,0.06133201736375308,0.0,-0.7636586071256388,0.0,0.0,0.0,0.0,0.0,0.0,0.0,0.0
3,-1.3335828263538958,-0.8680350799154226,-0.7636586071256388,0.0,-1.2984894085174732,0.5933815993966566,-1.2581258939827324,0.0,0.0,0.0,0.0,0.0
4,0.0,0.0,0.0,-1.2984894085174732,0.0,0.5994778508131494,-1.2346262607674667,0.0,0.0,0.0,0.0,0.0
5,0.0,0.0,0.0,0.5933815993966566,0.5994778508131494,0.0,0.4179796349908676,0.4386374710026699,0.019994535107799128,0.0,0.0,0.0
6,0.0,0.0,0.0,-1.2581258939827324,-1.2346262607674667,0.4179796349908676,0.0,-0.5182254257863409,-0.9375939530771998,0.0,0.0,0.0
7,0.0,0.0,0.0,0.0,0.0,0.4386374710026699,-0.5182254257863409,0.0,-0.5169932094904502,-1.8698905122551845,0.0,0.0
8,0.0,0.0,0.0,0.0,0.0,0.019994535107799128,-0.9375939530771998,-0.5169932094904502,0.0,-1.2260993174778934,0.7647476123677881,0.29785534212598935
9,0.0,0.0,0.0,0.0,0.0,0.0,0.0,-1.8698905122551845,-1.2260993174778934,0.0,0.8607687350545996,0.3011426533530087
10,0.0,0.0,0.0,0.0,0.0,0.0,0.0,0.0,0.7647476123677881,0.8607687350545996,0.0,0.5513589289226893
11,0.0,0.0,0.0,0.0,0.0,0.0,0.0,0.0,0.29785534212598935,0.3011426533530087,0.5513589289226893,0.0
