,0,1,2,3,4,5,6,7,8,9,10,11,12,13,14,15,16,17,18,19,20,21,22,23,24,25,26,27,28
0,0.0,0.026983098148972123,2.592112819381592,-1.9359312621008147,0.0,0.0,0.0,0.0,0.0,0.0,0.0,0.0,0.0,0.0,0.0,0.0,0.0,0.0,0.0,0.0,0.0,0.0,0.0,0.0,0.0,0.0,0.0,0.0,0.0
1,0.026983098148972123,0.0,2.5732124858344934,-0.9455099816602112,1.801861446853616,0.0,0.0,0.0,0.0,0.0,0.0,0.0,0.0,0.0,0.0,0.0,0.0,0.0,0.0,0.0,0.0,0.0,0.0,0.0,0.0,0.0,0.0,0.0,0.0
2,2.592112819381592,2.5732124858344934,0.0,2.571420375192458,1.9704595641839149,0.0,0.19388963338502746,0.0,0.0,0.0,0.0,0.0,0.0,0.0,0.0,0.0,0.0,0.0,0.0,0.0,0.0,0.0,0.0,0.0,0.0,0.0,0.0,0.0,0.0
3,-1.9359312621008147,-0.9455099816602112,2.571420375192458,0.0,1.8440376822458246,0.0,1.985939172208604,0.0,0.0,0.0,0.0,0.0,0.0,0.0,0.0,0.0,0.0,0.0,0.0,0.0,0.0,0.0,0.0,0.0,0.0,0.0,0.0,0.0,0.0
4,0.0,1.801861446853616,1.9704595641839149,1.8440376822458246,0.0,1.5272436187115404,1.8005601610405029,0.0,0.0,0.0,0.0,0.0,0.0,0.0,0.0,0.0,0.0,0.0,0.0,0.0,0.0,0.0,0.0,0.0,0.0,0.0,0.0,0.0,0.0
5,0.0,0.0,0.0,0.0,1.5272436187115404,0.0,1.9403449394965766,-2.468844667910702,0.0,0.0,0.0,0.0,0.0,0.0,0.0,0.0,0.0,0.0,0.0,0.0,0.0,0.0,0.0,0.0,0.0,0.0,0.0,0.0,0.0
6,0.0,0.0,0.19388963338502746,1.985939172208604,1.8005601610405029,1.9403449394965766,0.0,1.6866350769903813,0.0,0.0,0.0,0.0,0.0,0.0,0.0,0.0,0.0,0.0,0.0,0.0,0.0,0.0,0.0,0.0,0.0,0.0,0.0,0.0,0.0
7,0.0,0.0,0.0,0.0,0.0,-2.468844667910702,1.6866350769903813,0.0,-0.03903880611243105,-0.16799164699309188,0.601077917111682,0.0,0.0,0.0,0.0,0.0,0.0,0.0,0.0,0.0,0.0,0.0,0.0,0.0,0.0,0.0,0.0,0.0,0.0
8,0.0,0.0,0.0,0.0,0.0,0.0,0.0,-0.03903880611243105,0.0,0.3373284912209662,0.9760080486284622,0.8957279378316093,0.0,0.0,0.0,0.0,0.0,0.0,0.0,0.0,0.0,0.0,0.0,0.0,0.0,0.0,0.0,0.0,0.0
9,0.0,0.0,0.0,0.0,0.0,0.0,0.0,-0.16799164699309188,0.3373284912209662,0.0,0.510268719548495,0.5847921989971904,0.0,0.0,0.0,0.0,0.0,0.0,0.0,0.0,0.0,0.0,0.0,0.0,0.0,0.0,0.0,0.0,0.0
10,0.0,0.0,0.0,0.0,0.0,0.0,0.0,0.601077917111682,0.9760080486284622,0.510268719548495,0.0,-0.6284155635528179,0.0,0.0,0.0,0.0,0.0,0.0,0.0,0.0,0.0,0.0,0.0,0.0,0.0,0.0,0.0,0.0,0.0
11,0.0,0.0,0.0,0.0,0.0,0.0,0.0,0.0,0.8957279378316093,0.5847921989971904,-0.6284155635528179,0.0,-2.3942601706144715,0.5825714530945009,0.6638438055691295,0.0,0.0,0.0,0.0,0.0,0.0,0.0,0.0,0.0,0.0,0.0,0.0,0.0,0.0
12,0.0,0.0,0.0,0.0,0.0,0.0,0.0,0.0,0.0,0.0,0.0,-2.3942601706144715,0.0,0.5490765113192142,0.6256069107640003,0.0,0.0,0.0,0.0,0.0,0.0,0.0,0.0,0.0,0.0,0.0,0.0,0.0,0.0
13,0.0,0.0,0.0,0.0,0.0,0.0,0.0,0.0,0.0,0.0,0.0,0.5825714530945009,0.5490765113192142,0.0,-0.6643905228790427,0.36098733411017797,0.3082458714963797,0.0,0.0,0.0,0.0,0.0,0.0,0.0,0.0,0.0,0.0,0.0,0.0
14,0.0,0.0,0.0,0.0,0.0,0.0,0.0,0.0,0.0,0.0,0.0,0.6638438055691295,0.6256069107640003,-0.6643905228790427,0.0,0.0,0.0,0.0,0.0,0.0,0.0,0.0,0.0,0.0,0.0,0.0,0.0,0.0,0.0
15,0.0,0.0,0.0,0.0,0.0,0.0,0.0,0.0,0.0,0.0,0.0,0.0,0.0,0.36098733411017797,0.0,0.0,0.2017549705381917,0.0,0.5345657481827637,0.0,0.0,0.0,0.0,0.0,0.0,0.0,0.0,0.0,0.0
16,0.0,0.0,0.0,0.0,0.0,0.0,0.0,0.0,0.0,0.0,0.0,0.0,0.0,0.3082458714963797,0.0,0.2017549705381917,0.0,0.0,-0.24386308809230395,0.0,0.0,0.0,0.0,0.0,0.0,0.0,0.0,0.0,0.0
17,0.0,0.0,0.0,0.0,0.0,0.0,0.0,0.0,0.0,0.0,0.0,0.0,0.0,0.0,0.0,0.0,0.0,0.0,0.0,0.0,0.8677342634368227,0.42049518593728413,0.6955048593450723,0.0,0.3551138789591684,0.0,0.0,0.0,0.0
18,0.0,0.0,0.0,0.0,0.0,0.0,0.0,0.0,0.0,0.0,0.0,0.0,0.0,0.0,0.0,0.5345657481827637,-0.24386308809230395,0.0,0.0,0.0,0.0,0.0,0.0,-0.22511272518020445,0.0,0.0,0.0,0.0,0.0
19,0.0,0.0,0.0,0.0,0.0,0.0,0.0,0.0,0.0,0.0,0.0,0.0,0.0,0.0,0.0,0.0,0.0,0.0,0.0,0.0,0.0,0.0,-0.07848879089627646,0.1895592493999836,0.0,-0.11704754764398838,0.0,0.0,0.0
20,0.0,0.0,0.0,0.0,0.0,0.0,0.0,0.0,0.0,0.0,0.0,0.0,0.0,0.0,0.0,0.0,0.0,0.8677342634368227,0.0,0.0,0.0,-0.4046394725398318,-0.17889807894414603,0.0,-0.7719078490718161,-0.014626066622875097,-1.352415161648038,-1.5618460458088645,0.0
21,0.0,0.0,0.0,0.0,0.0,0.0,0.0,0.0,0.0,0.0,0.0,0.0,0.0,0.0,0.0,0.0,0.0,0.42049518593728413,0.0,0.0,-0.4046394725398318,0.0,0.0,0.0,0.0,0.0,-1.5316064213807816,0.0,-1.10259164582018
22,0.0,0.0,0.0,0.0,0.0,0.0,0.0,0.0,0.0,0.0,0.0,0.0,0.0,0.0,0.0,0.0,0.0,0.6955048593450723,0.0,-0.07848879089627646,-0.17889807894414603,0.0,0.0,-0.1648283834517709,-1.7473733662488942,-0.8456856969374734,0.0,0.0,0.0
23,0.0,0.0,0.0,0.0,0.0,0.0,0.0,0.0,0.0,0.0,0.0,0.0,0.0,0.0,0.0,0.0,0.0,0.0,-0.22511272518020445,0.1895592493999836,0.0,0.0,-0.1648283834517709,0.0,0.0,-1.2061500042087676,0.0,0.0,0.0
24,0.0,0.0,0.0,0.0,0.0,0.0,0.0,0.0,0.0,0.0,0.0,0.0,0.0,0.0,0.0,0.0,0.0,0.3551138789591684,0.0,0.0,-0.7719078490718161,0.0,-1.7473733662488942,0.0,0.0,-0.5341928070046444,-1.7109592108980443,-1.2287874775093053,0.0
25,0.0,0.0,0.0,0.0,0.0,0.0,0.0,0.0,0.0,0.0,0.0,0.0,0.0,0.0,0.0,0.0,0.0,0.0,0.0,-0.11704754764398838,-0.014626066622875097,0.0,-0.8456856969374734,-1.2061500042087676,-0.5341928070046444,0.0,0.0,0.0,0.0
26,0.0,0.0,0.0,0.0,0.0,0.0,0.0,0.0,0.0,0.0,0.0,0.0,0.0,0.0,0.0,0.0,0.0,0.0,0.0,0.0,-1.352415161648038,-1.5316064213807816,0.0,0.0,-1.7109592108980443,0.0,0.0,-1.8330719183514128,-0.7451282722695854
27,0.0,0.0,0.0,0.0,0.0,0.0,0.0,0.0,0.0,0.0,0.0,0.0,0.0,0.0,0.0,0.0,0.0,0.0,0.0,0.0,-1.5618460458088645,0.0,0.0,0.0,-1.2287874775093053,0.0,-1.8330719183514128,0.0,-0.7566695745470978
28,0.0,0.0,0.0,0.0,0.0,0.0,0.0,0.0,0.0,0.0,0.0,0.0,0.0,0.0,0.0,0.0,0.0,0.0,0.0,0.0,0.0,-1.10259164582018,0.0,0.0,0.0,0.0,-0.7451282722695854,-0.7566695745470978,0.0
