,0,1,2,3,4,5,6,7,8,9,10,11,12,13
0,0.0,2.3591968673623747,-1.562449521162952,-0.8240917100888795,0.0,0.0,0.0,0.0,0.0,0.0,0.0,0.0,0.0,0.0
1,2.3591968673623747,0.0,0.28027156725097074,0.42336257565063384,0.0,0.0,0.0,0.0,0.0,0.0,0.0,0.0,0.0,0.0
2,-1.562449521162952,0.28027156725097074,0.0,-0.4479251898747972,-0.33334189270816783,-0.1307621241868156,0.0,0.0,0.0,0.0,0.0,0.0,0.0,0.0
3,-0.8240917100888795,0.42336257565063384,-0.4479251898747972,0.0,0.24244719153693225,0.049745351765364536,0.0,0.0,0.0,0.0,0.0,0.0,0.0,0.0
4,0.0,0.0,-0.33334189270816783,0.24244719153693225,0.0,-0.32668352412053336,0.0,0.0,0.0,0.0,0.0,0.0,0.0,0.0
5,0.0,0.0,-0.1307621241868156,0.049745351765364536,-0.32668352412053336,0.0,-1.5037740050742094,-0.19722556979065314,-2.728888576159433,0.0,0.0,0.0,0.0,0.0
6,0.0,0.0,0.0,0.0,0.0,-1.5037740050742094,0.0,-0.4049363917092997,-1.5540838790083722,-1.0876316531186232,0.0,0.0,0.0,0.0
7,0.0,0.0,0.0,0.0,0.0,-0.19722556979065314,-0.4049363917092997,0.0,-0.1497410707508885,-0.438686828788674,0.0,0.0,0.0,0.0
8,0.0,0.0,0.0,0.0,0.0,-2.728888576159433,-1.5540838790083722,-0.1497410707508885,0.0,-0.9629617984466856,0.0,0.0,0.0,0.0
9,0.0,0.0,0.0,0.0,0.0,0.0,-1.0876316531186232,-0.438686828788674,-0.9629617984466856,0.0,0.0,-0.8440980237557555,0.0,0.0
10,0.0,0.0,0.0,0.0,0.0,0.0,0.0,0.0,0.0,0.0,0.0,-0.8070526885202541,-2.623760598367314,-0.34919334839746696
11,0.0,0.0,0.0,0.0,0.0,0.0,0.0,0.0,0.0,-0.8440980237557555,-0.8070526885202541,0.0,-0.6766336582365233,-0.6456308028698728
12,0.0,0.0,0.0,0.0,0.0,0.0,0.0,0.0,0.0,0.0,-2.623760598367314,-0.6766336582365233,0.0,-0.3027378299147392
13,0.0,0.0,0.0,0.0,0.0,0.0,0.0,0.0,0.0,0.0,-0.34919334839746696,-0.6456308028698728,-0.3027378299147392,0.0
