,0,1,2,3,4,5,6,7,8,9,10,11,12,13,14,15,16,17,18,19,20
0,0.0,0.05241046037483181,-0.8503432443972403,2.4321106239915427,0.0,0.0,0.0,0.0,0.0,0.0,0.0,0.0,0.0,0.0,0.0,0.0,0.0,0.0,0.0,0.0,0.0
1,0.05241046037483181,0.0,-1.208460745943222,2.425994177896608,0.0,0.0,0.0,0.0,0.0,0.0,0.0,0.0,0.0,0.0,0.0,0.0,0.0,0.0,0.0,0.0,0.0
2,-0.8503432443972403,-1.208460745943222,0.0,2.4265087384810147,0.07434065094890036,-0.9129931782345424,0.0,0.0,0.0,0.0,0.0,0.0,0.0,0.0,0.0,0.0,0.0,0.0,0.0,0.0,0.0
3,2.4321106239915427,2.425994177896608,2.4265087384810147,0.0,2.0488025226539976,1.8430044613909708,-1.5261818255851762,0.0,0.0,0.0,0.0,0.0,0.0,0.0,0.0,0.0,0.0,0.0,0.0,0.0,0.0
4,0.0,0.0,0.07434065094890036,2.0488025226539976,0.0,-0.28030804296280293,1.2870100597603693,-0.535375493111004,0.0,0.0,0.0,0.0,0.0,0.0,0.0,0.0,0.0,0.0,0.0,0.0,0.0
5,0.0,0.0,-0.9129931782345424,1.8430044613909708,-0.28030804296280293,0.0,1.3580880767462913,-0.13299902981975267,0.0,0.0,0.0,0.0,0.0,0.0,0.0,0.0,0.0,0.0,0.0,0.0,0.0
6,0.0,0.0,0.0,-1.5261818255851762,1.2870100597603693,1.3580880767462913,0.0,1.0878764991953076,-2.232559658792016,-3.587216555054611,0.0,-2.0015243532190032,0.0,0.0,0.0,0.0,0.0,0.0,0.0,0.0,0.0
7,0.0,0.0,0.0,0.0,-0.535375493111004,-0.13299902981975267,1.0878764991953076,0.0,0.7841933452116536,0.0,-1.737013042299916,0.0,0.0,0.0,0.0,0.0,0.0,0.0,0.0,0.0,0.0
8,0.0,0.0,0.0,0.0,0.0,0.0,-2.232559658792016,0.7841933452116536,0.0,-2.516436254941149,0.0,-1.5402555073380824,0.0,0.0,0.0,0.0,-1.5850348323246626,0.0,0.0,0.0,0.0
9,0.0,0.0,0.0,0.0,0.0,0.0,-3.587216555054611,0.0,-2.516436254941149,0.0,0.0,-1.9404402900851618,0.0,0.0,0.0,0.0,-1.3058381782117372,0.0,0.0,0.0,0.0
10,0.0,0.0,0.0,0.0,0.0,0.0,0.0,-1.737013042299916,0.0,0.0,0.0,0.0,-0.24137935485578238,0.0,-0.30188851191313104,0.12224134670548732,0.0,0.0,-1.1454797221592516,0.0,0.0
11,0.0,0.0,0.0,0.0,0.0,0.0,-2.0015243532190032,0.0,-1.5402555073380824,-1.9404402900851618,0.0,0.0,0.0,0.0,0.0,0.0,-0.9321023840250414,0.0,0.0,0.0,0.0
12,0.0,0.0,0.0,0.0,0.0,0.0,0.0,0.0,0.0,0.0,-0.24137935485578238,0.0,0.0,0.0,0.38318129645622284,0.0,0.0,0.0,-0.3288909558511912,0.0,0.0
13,0.0,0.0,0.0,0.0,0.0,0.0,0.0,0.0,0.0,0.0,0.0,0.0,0.0,0.0,0.0,0.22332645325732411,0.0,-1.2667289385297256,0.0,-0.20608446215527992,0.0
14,0.0,0.0,0.0,0.0,0.0,0.0,0.0,0.0,0.0,0.0,-0.30188851191313104,0.0,0.38318129645622284,0.0,0.0,-0.5952940121806096,0.0,0.18819911554188234,-0.422746099803075,0.0,-1.3586962569047885
15,0.0,0.0,0.0,0.0,0.0,0.0,0.0,0.0,0.0,0.0,0.12224134670548732,0.0,0.0,0.22332645325732411,-0.5952940121806096,0.0,0.0,-0.11799530333946627,0.0,0.0,0.0
16,0.0,0.0,0.0,0.0,0.0,0.0,0.0,0.0,-1.5850348323246626,-1.3058381782117372,0.0,-0.9321023840250414,0.0,0.0,0.0,0.0,0.0,0.0,0.0,-0.10012645855581906,0.0
17,0.0,0.0,0.0,0.0,0.0,0.0,0.0,0.0,0.0,0.0,0.0,0.0,0.0,-1.2667289385297256,0.18819911554188234,-0.11799530333946627,0.0,0.0,0.0,-0.12958503778421152,-0.18749337818645442
18,0.0,0.0,0.0,0.0,0.0,0.0,0.0,0.0,0.0,0.0,-1.1454797221592516,0.0,-0.3288909558511912,0.0,-0.422746099803075,0.0,0.0,0.0,0.0,0.0,-2.0853794162912673
19,0.0,0.0,0.0,0.0,0.0,0.0,0.0,0.0,0.0,0.0,0.0,0.0,0.0,-0.20608446215527992,0.0,0.0,-0.10012645855581906,-0.12958503778421152,0.0,0.0,0.0
20,0.0,0.0,0.0,0.0,0.0,0.0,0.0,0.0,0.0,0.0,0.0,0.0,0.0,0.0,-1.3586962569047885,0.0,0.0,-0.18749337818645442,-2.0853794162912673,0.0,0.0
