,0,1,2,3,4,5,6,7,8,9,10,11,12,13,14,15,16,17,18,19,20,21,22,23
0,0.0,1.3501165985940355,0.4683380728981374,0.6783191669316531,0.0,0.0,0.0,0.0,0.0,0.0,0.0,0.0,0.0,0.0,0.0,0.0,0.0,0.0,0.0,0.0,0.0,0.0,0.0,0.0
1,1.3501165985940355,0.0,-0.731309814121683,0.40586889200630455,0.0,0.0,0.0,0.0,0.0,0.0,0.0,0.0,0.0,0.0,0.0,0.0,0.0,0.0,0.0,0.0,0.0,0.0,0.0,0.0
2,0.4683380728981374,-0.731309814121683,0.0,0.5030219736210305,0.6277338811801458,0.4776875014908024,0.0,0.0,0.0,0.0,0.0,0.0,0.0,0.0,0.0,0.0,0.0,0.0,0.0,0.0,0.0,0.0,0.0,0.0
3,0.6783191669316531,0.40586889200630455,0.5030219736210305,0.0,-0.6563256047654024,-1.3609509432672133,0.1452726823838082,0.0,0.0,0.0,0.0,0.0,0.0,0.0,0.0,0.0,0.0,0.0,0.0,0.0,0.0,0.0,0.0,0.0
4,0.0,0.0,0.6277338811801458,-0.6563256047654024,0.0,-1.1955881298913833,0.2818529025598971,0.0,0.0,0.0,0.0,0.0,0.0,0.0,0.0,0.0,0.0,0.0,0.0,0.0,0.0,0.0,0.0,0.0
5,0.0,0.0,0.4776875014908024,-1.3609509432672133,-1.1955881298913833,0.0,0.29957612669786965,0.0,0.0,0.0,0.0,0.0,0.0,0.0,0.0,0.0,0.0,0.0,0.0,0.0,0.0,0.0,0.0,0.0
6,0.0,0.0,0.0,0.1452726823838082,0.2818529025598971,0.29957612669786965,0.0,0.0,0.0,0.0,0.0,0.0,0.0,0.0,0.0,0.0,0.0,0.0,0.0,0.0,0.0,0.0,0.0,0.0
7,0.0,0.0,0.0,0.0,0.0,0.0,0.0,0.0,-1.2642280114469109,-0.7510780676759936,0.0,-0.7914867521563586,0.0,0.0,0.0,0.0,0.0,0.0,0.0,0.0,0.0,0.0,0.0,0.0
8,0.0,0.0,0.0,0.0,0.0,0.0,0.0,-1.2642280114469109,0.0,-1.4962714475808216,0.0,-1.1826738735090658,0.0,0.0,0.0,0.0,0.0,0.0,0.0,0.0,0.0,0.0,0.0,0.0
9,0.0,0.0,0.0,0.0,0.0,0.0,0.0,-0.7510780676759936,-1.4962714475808216,0.0,-0.7691748839717648,-1.799349454416975,0.0,0.0,0.0,0.0,0.0,0.0,0.0,0.0,0.0,0.0,0.0,0.0
10,0.0,0.0,0.0,0.0,0.0,0.0,0.0,0.0,0.0,-0.7691748839717648,0.0,-1.3714270173042242,-1.2728656537047884,0.0,0.0,0.0,0.0,0.0,0.0,0.0,0.0,0.0,0.0,0.0
11,0.0,0.0,0.0,0.0,0.0,0.0,0.0,-0.7914867521563586,-1.1826738735090658,-1.799349454416975,-1.3714270173042242,0.0,-1.327804809452582,0.09190794803080385,0.0,0.0,0.0,0.0,0.0,0.0,0.0,0.0,0.0,0.0
12,0.0,0.0,0.0,0.0,0.0,0.0,0.0,0.0,0.0,0.0,-1.2728656537047884,-1.327804809452582,0.0,0.02952716323789868,0.0,0.0,-0.5193084181113886,0.0,0.0,0.0,0.0,0.0,0.0,0.0
13,0.0,0.0,0.0,0.0,0.0,0.0,0.0,0.0,0.0,0.0,0.0,0.09190794803080385,0.02952716323789868,0.0,0.0,-0.02681696307575241,0.014481098885533812,0.0,-0.2802991792951322,0.0,0.0,0.0,0.0,0.0
14,0.0,0.0,0.0,0.0,0.0,0.0,0.0,0.0,0.0,0.0,0.0,0.0,0.0,0.0,0.0,0.003271758788717357,0.0,-0.10726556410297265,0.0,-0.10478492431373955,0.0,0.0,0.0,0.0
15,0.0,0.0,0.0,0.0,0.0,0.0,0.0,0.0,0.0,0.0,0.0,0.0,0.0,-0.02681696307575241,0.003271758788717357,0.0,-0.6889652787055237,-2.2863579808101786,-1.8249981980773697,-2.9187223535763738,0.0,0.0,0.0,0.0
16,0.0,0.0,0.0,0.0,0.0,0.0,0.0,0.0,0.0,0.0,0.0,0.0,-0.5193084181113886,0.014481098885533812,0.0,-0.6889652787055237,0.0,-1.004978640693346,-0.6063870024367229,0.0,0.0,0.0,0.0,0.0
17,0.0,0.0,0.0,0.0,0.0,0.0,0.0,0.0,0.0,0.0,0.0,0.0,0.0,0.0,-0.10726556410297265,-2.2863579808101786,-1.004978640693346,0.0,-1.5766316425240448,-1.9836585485973635,0.0,0.0,0.0,0.0
18,0.0,0.0,0.0,0.0,0.0,0.0,0.0,0.0,0.0,0.0,0.0,0.0,0.0,-0.2802991792951322,0.0,-1.8249981980773697,-0.6063870024367229,-1.5766316425240448,0.0,-2.219573648627485,0.0,0.0,0.0,0.0
19,0.0,0.0,0.0,0.0,0.0,0.0,0.0,0.0,0.0,0.0,0.0,0.0,0.0,0.0,-0.10478492431373955,-2.9187223535763738,0.0,-1.9836585485973635,-2.219573648627485,0.0,0.0,0.0,0.0,0.0
20,0.0,0.0,0.0,0.0,0.0,0.0,0.0,0.0,0.0,0.0,0.0,0.0,0.0,0.0,0.0,0.0,0.0,0.0,0.0,0.0,0.0,-0.23706651009823318,-0.7509787086527392,-1.9322636063900096
21,0.0,0.0,0.0,0.0,0.0,0.0,0.0,0.0,0.0,0.0,0.0,0.0,0.0,0.0,0.0,0.0,0.0,0.0,0.0,0.0,-0.23706651009823318,0.0,-0.8008550624911108,-0.7223262706297805
22,0.0,0.0,0.0,0.0,0.0,0.0,0.0,0.0,0.0,0.0,0.0,0.0,0.0,0.0,0.0,0.0,0.0,0.0,0.0,0.0,-0.7509787086527392,-0.8008550624911108,0.0,-1.3869832236454065
23,0.0,0.0,0.0,0.0,0.0,0.0,0.0,0.0,0.0,0.0,0.0,0.0,0.0,0.0,0.0,0.0,0.0,0.0,0.0,0.0,-1.9322636063900096,-0.7223262706297805,-1.3869832236454065,0.0
