,0,1,2,3,4,5,6,7,8,9,10,11,12,13,14,15,16,17,18,19,20,21
0,0.0,0.6779939557603555,0.36907102706043715,0.3871233348400323,0.0,0.0,0.0,0.0,0.0,0.0,0.0,0.0,0.0,0.0,0.0,0.0,0.0,0.0,0.0,0.0,0.0,0.0
1,0.6779939557603555,0.0,-0.7173115174476331,-1.720463105044966,0.0,0.0,0.0,0.0,0.0,0.0,0.0,0.0,0.0,0.0,0.0,0.0,0.0,0.0,0.0,0.0,0.0,0.0
2,0.36907102706043715,-0.7173115174476331,0.0,-0.7339634044059865,-0.35611188124718285,0.0,0.0,0.0,0.0,0.0,0.0,0.0,0.0,0.0,0.0,0.0,0.0,0.0,0.0,0.0,0.0,0.0
3,0.3871233348400323,-1.720463105044966,-0.7339634044059865,0.0,-0.4888671156060572,-0.7559815869282049,0.0,0.0,0.0,0.0,0.0,0.0,0.0,0.0,0.0,0.0,0.0,0.0,0.0,0.0,0.0,0.0
4,0.0,0.0,-0.35611188124718285,-0.4888671156060572,0.0,-0.8904868880303285,0.0,0.0,0.0,0.0,0.0,0.0,0.0,0.0,0.0,0.0,0.0,0.0,0.0,0.0,0.0,0.0
5,0.0,0.0,0.0,-0.7559815869282049,-0.8904868880303285,0.0,-0.268857706870936,0.0,0.0,0.0,0.0,0.0,0.0,0.0,0.0,0.0,0.0,0.0,0.0,0.0,0.0,0.0
6,0.0,0.0,0.0,0.0,0.0,-0.268857706870936,0.0,-0.63469776174461,-0.4505696324403031,-0.477200710347181,0.0,0.0,0.0,0.0,0.0,0.0,0.0,0.0,0.0,0.0,0.0,0.0
7,0.0,0.0,0.0,0.0,0.0,0.0,-0.63469776174461,0.0,-1.6177341310066913,-1.340117374595758,-0.9503065951522465,0.0,0.0,0.0,0.0,0.0,0.0,0.0,0.0,0.0,0.0,0.0
8,0.0,0.0,0.0,0.0,0.0,0.0,-0.4505696324403031,-1.6177341310066913,0.0,-2.1842543431175656,-1.043164951845693,0.0,0.0,0.0,0.0,0.0,0.0,0.0,0.0,0.0,0.0,0.0
9,0.0,0.0,0.0,0.0,0.0,0.0,-0.477200710347181,-1.340117374595758,-2.1842543431175656,0.0,-0.8065896933365129,0.0,0.0,0.0,0.0,0.0,0.0,0.0,0.0,0.0,0.0,0.0
10,0.0,0.0,0.0,0.0,0.0,0.0,0.0,-0.9503065951522465,-1.043164951845693,-0.8065896933365129,0.0,0.469185101109632,0.0,0.0,0.0,0.0,0.0,0.0,0.0,0.0,0.0,0.0
11,0.0,0.0,0.0,0.0,0.0,0.0,0.0,0.0,0.0,0.0,0.469185101109632,0.0,0.447830290652223,-0.23108225916712583,0.0,0.0,0.0,0.0,0.0,0.0,0.0,0.0
12,0.0,0.0,0.0,0.0,0.0,0.0,0.0,0.0,0.0,0.0,0.0,0.447830290652223,0.0,-0.14184396919597303,-1.141041679278781,0.0,0.0,0.0,0.0,0.0,0.0,0.0
13,0.0,0.0,0.0,0.0,0.0,0.0,0.0,0.0,0.0,0.0,0.0,-0.23108225916712583,-0.14184396919597303,0.0,-0.9080158224699574,0.0,0.24875013326773404,0.0,0.0,0.0,0.0,0.0
14,0.0,0.0,0.0,0.0,0.0,0.0,0.0,0.0,0.0,0.0,0.0,0.0,-1.141041679278781,-0.9080158224699574,0.0,-2.3486986958518483,0.3041087894909128,0.0,0.0,0.0,0.0,0.0
15,0.0,0.0,0.0,0.0,0.0,0.0,0.0,0.0,0.0,0.0,0.0,0.0,0.0,0.0,-2.3486986958518483,0.0,0.2802665105639369,-2.1228890992614273,-0.6333508363236726,0.0,0.0,0.0
16,0.0,0.0,0.0,0.0,0.0,0.0,0.0,0.0,0.0,0.0,0.0,0.0,0.0,0.24875013326773404,0.3041087894909128,0.2802665105639369,0.0,0.11744555319947411,-0.5768027042948551,0.0,0.0,0.0
17,0.0,0.0,0.0,0.0,0.0,0.0,0.0,0.0,0.0,0.0,0.0,0.0,0.0,0.0,0.0,-2.1228890992614273,0.11744555319947411,0.0,-0.5114076910538312,-0.736925137196705,0.0,0.0
18,0.0,0.0,0.0,0.0,0.0,0.0,0.0,0.0,0.0,0.0,0.0,0.0,0.0,0.0,0.0,-0.6333508363236726,-0.5768027042948551,-0.5114076910538312,0.0,-2.1174263653247802,-0.2214731587053693,-1.0191100992237205
19,0.0,0.0,0.0,0.0,0.0,0.0,0.0,0.0,0.0,0.0,0.0,0.0,0.0,0.0,0.0,0.0,0.0,-0.736925137196705,-2.1174263653247802,0.0,-0.08451550519510534,-1.0492531845299164
20,0.0,0.0,0.0,0.0,0.0,0.0,0.0,0.0,0.0,0.0,0.0,0.0,0.0,0.0,0.0,0.0,0.0,0.0,-0.2214731587053693,-0.08451550519510534,0.0,-0.2954747384971031
21,0.0,0.0,0.0,0.0,0.0,0.0,0.0,0.0,0.0,0.0,0.0,0.0,0.0,0.0,0.0,0.0,0.0,0.0,-1.0191100992237205,-1.0492531845299164,-0.2954747384971031,0.0
