,0,1,2,3,4,5,6,7
0,0.0,-0.04222099639385161,1.1540561828572569,-1.111586953457999,0.0,0.0,0.0,0.0
1,-0.04222099639385161,0.0,1.3898027677852982,-0.6840620534855085,-0.29139100081960906,0.0,0.0,0.0
2,1.1540561828572569,1.3898027677852982,0.0,-0.14494125359109686,-0.3776875601812385,0.0,0.0,0.0
3,-1.111586953457999,-0.6840620534855085,-0.14494125359109686,0.0,-0.32345862585531726,-1.1219161274868252,-0.6390825726159607,0.0
4,0.0,-0.29139100081960906,-0.3776875601812385,-0.32345862585531726,0.0,-1.2301884448577975,-0.36368742949955624,-2.0440738825294242
5,0.0,0.0,0.0,-1.1219161274868252,-1.2301884448577975,0.0,-0.17353112253762681,-1.6256107569455707
6,0.0,0.0,0.0,-0.6390825726159607,-0.36368742949955624,-0.17353112253762681,0.0,-1.2632008548520883
7,0.0,0.0,0.0,0.0,-2.0440738825294242,-1.6256107569455707,-1.2632008548520883,0.0
