,0,1,2,3,4,5,6,7,8,9,10,11,12,13,14,15,16,17,18,19,20,21,22
0,0.0,0.2462847978163537,0.21561321274606796,0.06669921938685895,0.0,0.0,0.0,0.0,0.0,0.0,0.0,0.0,0.0,0.0,0.0,0.0,0.0,0.0,0.0,0.0,0.0,0.0,0.0
1,0.2462847978163537,0.0,0.3220433878034931,-0.6144761395416449,-0.11353812103409885,0.0,0.0,0.0,0.0,0.0,0.0,0.0,0.0,0.0,0.0,0.0,0.0,0.0,0.0,0.0,0.0,0.0,0.0
2,0.21561321274606796,0.3220433878034931,0.0,0.5098667911952017,-0.08514595627270953,-0.33620361888385814,0.0,0.0,0.0,0.0,0.0,0.0,0.0,0.0,0.0,0.0,0.0,0.0,0.0,0.0,0.0,0.0,0.0
3,0.06669921938685895,-0.6144761395416449,0.5098667911952017,0.0,0.18312930813575828,-0.8363533960381829,0.0,0.0,0.0,0.0,0.0,0.0,0.0,0.0,0.0,0.0,0.0,0.0,0.0,0.0,0.0,0.0,0.0
4,0.0,-0.11353812103409885,-0.08514595627270953,0.18312930813575828,0.0,-0.41965143553469897,0.0,0.5259955963594953,0.0,-0.5423929787689642,0.0,0.0,0.0,0.0,0.0,0.0,0.0,0.0,0.0,0.0,0.0,0.0,0.0
5,0.0,0.0,-0.33620361888385814,-0.8363533960381829,-0.41965143553469897,0.0,0.3496035647947632,0.24069143811270236,0.0,-0.26497992257585884,0.0,0.0,0.0,0.0,0.0,0.0,0.0,0.0,0.0,0.0,0.0,0.0,0.0
6,0.0,0.0,0.0,0.0,0.0,0.3496035647947632,0.0,-0.4653248385105131,0.0,0.4360739489589041,0.0,0.0,0.0,0.0,0.0,0.0,0.0,0.0,0.0,0.0,-0.2702317743366571,0.0,0.0
7,0.0,0.0,0.0,0.0,0.5259955963594953,0.24069143811270236,-0.4653248385105131,0.0,0.0,0.3726543827675734,-0.8338361410538354,-0.3268809455459825,0.0,0.0,0.0,0.0,0.0,0.0,0.0,0.0,0.0,0.0,0.0
8,0.0,0.0,0.0,0.0,0.0,0.0,0.0,0.0,0.0,-0.624759824604394,0.41932050150006994,0.0,0.0,0.0,0.0,0.0,-1.1655032901006404,0.0,0.0,0.0,0.0,0.0,0.0
9,0.0,0.0,0.0,0.0,-0.5423929787689642,-0.26497992257585884,0.4360739489589041,0.3726543827675734,-0.624759824604394,0.0,0.02279528699833721,0.11446796262874892,-0.3182969389810702,0.0,0.0,0.0,0.0,0.0,0.0,0.0,0.0,0.0,0.0
10,0.0,0.0,0.0,0.0,0.0,0.0,0.0,-0.8338361410538354,0.41932050150006994,0.02279528699833721,0.0,-0.3284576786847443,-1.3828134376180785,0.0,0.0,0.0,0.0,0.0,0.0,0.0,0.0,0.0,0.0
11,0.0,0.0,0.0,0.0,0.0,0.0,0.0,-0.3268809455459825,0.0,0.11446796262874892,-0.3284576786847443,0.0,-0.908389189032845,-0.11058301807856356,0.0,0.0,0.0,0.0,0.0,0.0,0.0,0.0,0.0
12,0.0,0.0,0.0,0.0,0.0,0.0,0.0,0.0,0.0,-0.3182969389810702,-1.3828134376180785,-0.908389189032845,0.0,-0.6549906996207192,-0.7897776120960259,-0.9861079835804938,0.0,0.0,0.0,0.0,0.0,0.0,0.0
13,0.0,0.0,0.0,0.0,0.0,0.0,0.0,0.0,0.0,0.0,0.0,-0.11058301807856356,-0.6549906996207192,0.0,-2.1819910966801133,-5.492285050718368,0.0,0.0,0.0,0.0,0.0,0.0,0.0
14,0.0,0.0,0.0,0.0,0.0,0.0,0.0,0.0,0.0,0.0,0.0,0.0,-0.7897776120960259,-2.1819910966801133,0.0,-2.4331863735298414,0.0,0.0,0.0,0.0,0.0,0.0,0.0
15,0.0,0.0,0.0,0.0,0.0,0.0,0.0,0.0,0.0,0.0,0.0,0.0,-0.9861079835804938,-5.492285050718368,-2.4331863735298414,0.0,-1.0312257737995434,0.0,0.0,0.0,0.0,0.0,0.0
16,0.0,0.0,0.0,0.0,0.0,0.0,0.0,0.0,-1.1655032901006404,0.0,0.0,0.0,0.0,0.0,0.0,-1.0312257737995434,0.0,0.6114346231710988,0.0,0.0,0.0,0.0,0.0
17,0.0,0.0,0.0,0.0,0.0,0.0,0.0,0.0,0.0,0.0,0.0,0.0,0.0,0.0,0.0,0.0,0.6114346231710988,0.0,0.40679174208359303,0.19991556115001313,0.0,0.0,-0.36720757101175217
18,0.0,0.0,0.0,0.0,0.0,0.0,0.0,0.0,0.0,0.0,0.0,0.0,0.0,0.0,0.0,0.0,0.0,0.40679174208359303,0.0,-1.7852316280109062,0.0,-0.5571873592657708,-2.050059476633759
19,0.0,0.0,0.0,0.0,0.0,0.0,0.0,0.0,0.0,0.0,0.0,0.0,0.0,0.0,0.0,0.0,0.0,0.19991556115001313,-1.7852316280109062,0.0,-0.09448224193602853,-0.3885655845204378,-2.708040164315296
20,0.0,0.0,0.0,0.0,0.0,0.0,-0.2702317743366571,0.0,0.0,0.0,0.0,0.0,0.0,0.0,0.0,0.0,0.0,0.0,0.0,-0.09448224193602853,0.0,0.0,-0.3777602105747294
21,0.0,0.0,0.0,0.0,0.0,0.0,0.0,0.0,0.0,0.0,0.0,0.0,0.0,0.0,0.0,0.0,0.0,0.0,-0.5571873592657708,-0.3885655845204378,0.0,0.0,-0.4293291261287852
22,0.0,0.0,0.0,0.0,0.0,0.0,0.0,0.0,0.0,0.0,0.0,0.0,0.0,0.0,0.0,0.0,0.0,-0.36720757101175217,-2.050059476633759,-2.708040164315296,-0.3777602105747294,-0.4293291261287852,0.0
