,0,1,2,3,4,5,6,7,8,9,10,11,12,13,14,15,16,17,18,19,20
0,0.0,-0.5612846406604158,-0.530407492693742,0.4471840969769033,0.0,0.0,0.0,0.0,0.0,0.0,0.0,0.0,0.0,0.0,0.0,0.0,0.0,0.0,0.0,0.0,0.0
1,-0.5612846406604158,0.0,-0.21863080439929425,0.4546793233346824,0.0,0.0,0.0,0.0,0.0,0.0,0.0,0.0,0.0,0.0,0.0,0.0,0.0,0.0,0.0,0.0,0.0
2,-0.530407492693742,-0.21863080439929425,0.0,0.6033550832965912,-0.5297247564400724,-1.1898298276460009,0.0,0.0,0.0,0.0,0.0,0.0,0.0,0.0,0.0,0.0,0.0,0.0,0.0,0.0,0.0
3,0.4471840969769033,0.4546793233346824,0.6033550832965912,0.0,-1.089589049061895,-1.3723019157650298,-0.6286146756208535,0.0,0.0,0.0,0.0,0.0,0.0,0.0,0.0,0.0,0.0,0.0,0.0,0.0,0.0
4,0.0,0.0,-0.5297247564400724,-1.089589049061895,0.0,-2.5002282356029846,-0.904458156609077,0.2443854568162409,0.0,0.0,0.0,0.0,0.0,0.0,0.0,0.0,0.0,0.0,0.0,0.0,0.0
5,0.0,0.0,-1.1898298276460009,-1.3723019157650298,-2.5002282356029846,0.0,-1.0948474818621474,0.219492859649608,0.5683741645572848,0.0,0.0,0.0,0.0,0.0,0.0,0.0,0.0,0.0,0.0,0.0,0.0
6,0.0,0.0,0.0,-0.6286146756208535,-0.904458156609077,-1.0948474818621474,0.0,0.040254035524814255,0.43414911902802844,0.0,0.0,0.0,0.0,0.0,0.0,0.0,0.0,0.0,0.0,0.0,0.0
7,0.0,0.0,0.0,0.0,0.2443854568162409,0.219492859649608,0.040254035524814255,0.0,-0.058020376809163283,-0.3758257812214773,0.0,0.0,-0.7905947928161549,0.0,0.0,0.0,0.0,0.0,0.0,0.0,0.0
8,0.0,0.0,0.0,0.0,0.0,0.5683741645572848,0.43414911902802844,-0.058020376809163283,0.0,-1.2507080474678118,0.0,0.0,0.11153819375494115,0.0,0.0,0.0,0.0,0.0,0.0,0.0,0.0
9,0.0,0.0,0.0,0.0,0.0,0.0,0.0,-0.3758257812214773,-1.2507080474678118,0.0,0.08481528166035962,-0.587896029520573,-0.01521022204138291,0.0,0.0,0.0,0.0,0.0,0.0,0.0,0.0
10,0.0,0.0,0.0,0.0,0.0,0.0,0.0,0.0,0.0,0.08481528166035962,0.0,-0.40002252262232063,-0.21550612119453574,-1.3085639632699153,0.0,0.0,0.0,0.0,0.0,0.0,0.0
11,0.0,0.0,0.0,0.0,0.0,0.0,0.0,0.0,0.0,-0.587896029520573,-0.40002252262232063,0.0,0.04999620849151377,-0.27456347095041306,0.0,0.0,0.0,0.0,0.0,0.0,0.0
12,0.0,0.0,0.0,0.0,0.0,0.0,0.0,-0.7905947928161549,0.11153819375494115,-0.01521022204138291,-0.21550612119453574,0.04999620849151377,0.0,0.0,0.0,0.0,0.0,0.0,0.0,0.0,0.0
13,0.0,0.0,0.0,0.0,0.0,0.0,0.0,0.0,0.0,0.0,-1.3085639632699153,-0.27456347095041306,0.0,0.0,0.0,-0.0537184290447732,0.0,0.0,0.0,0.0,0.0
14,0.0,0.0,0.0,0.0,0.0,0.0,0.0,0.0,0.0,0.0,0.0,0.0,0.0,0.0,0.0,-0.08011086404259282,-2.1659763450421954,-0.2842555250899326,0.0,-0.9850757929549248,0.0
15,0.0,0.0,0.0,0.0,0.0,0.0,0.0,0.0,0.0,0.0,0.0,0.0,0.0,-0.0537184290447732,-0.08011086404259282,0.0,-0.13369253477620807,-0.9236123819686378,0.0,0.0,0.0
16,0.0,0.0,0.0,0.0,0.0,0.0,0.0,0.0,0.0,0.0,0.0,0.0,0.0,0.0,-2.1659763450421954,-0.13369253477620807,0.0,-0.24843912122800668,-0.09018717811574947,-1.095085214958638,0.0
17,0.0,0.0,0.0,0.0,0.0,0.0,0.0,0.0,0.0,0.0,0.0,0.0,0.0,0.0,-0.2842555250899326,-0.9236123819686378,-0.24843912122800668,0.0,-0.7231350960032213,-1.0189378349315623,-2.0298585221720504
18,0.0,0.0,0.0,0.0,0.0,0.0,0.0,0.0,0.0,0.0,0.0,0.0,0.0,0.0,0.0,0.0,-0.09018717811574947,-0.7231350960032213,0.0,-0.5813013403832534,-0.9575911162057322
19,0.0,0.0,0.0,0.0,0.0,0.0,0.0,0.0,0.0,0.0,0.0,0.0,0.0,0.0,-0.9850757929549248,0.0,-1.095085214958638,-1.0189378349315623,-0.5813013403832534,0.0,-1.8974775568854165
20,0.0,0.0,0.0,0.0,0.0,0.0,0.0,0.0,0.0,0.0,0.0,0.0,0.0,0.0,0.0,0.0,0.0,-2.0298585221720504,-0.9575911162057322,-1.8974775568854165,0.0
