,0,1,2,3,4,5,6,7,8
0,0.0,0.2045176267168919,-1.3626879526458235,-0.06080684225890418,0.0,0.0,0.0,0.0,0.0
1,0.2045176267168919,0.0,-0.3595798182337047,-0.17115734915671793,-1.0693171342974512,0.0,0.0,0.0,0.0
2,-1.3626879526458235,-0.3595798182337047,0.0,-0.10923209372669304,-1.278731795124643,0.0,0.0,0.0,0.0
3,-0.06080684225890418,-0.17115734915671793,-0.10923209372669304,0.0,0.044652453866791585,-1.587197871271034,-1.7792425625241912,0.0,0.0
4,0.0,-1.0693171342974512,-1.278731795124643,0.044652453866791585,0.0,-0.1393996501728084,-0.6054593534662301,-1.8357126276956641,0.0
5,0.0,0.0,0.0,-1.587197871271034,-0.1393996501728084,0.0,-2.6410436826999923,-0.8492453091687234,-1.4608917146303277
6,0.0,0.0,0.0,-1.7792425625241912,-0.6054593534662301,-2.6410436826999923,0.0,-1.0179660918751914,-1.505704910947789
7,0.0,0.0,0.0,0.0,-1.8357126276956641,-0.8492453091687234,-1.0179660918751914,0.0,-1.7914643260675676
8,0.0,0.0,0.0,0.0,0.0,-1.4608917146303277,-1.505704910947789,-1.7914643260675676,0.0
