,0,1,2,3,4,5,6,7,8,9,10,11,12,13,14,15,16,17,18,19,20,21,22
0,0.0,1.889414543964795,1.6166012747657674,0.49330459689487066,0.0,0.0,0.0,0.0,0.0,0.0,0.0,0.0,0.0,0.0,0.0,0.0,0.0,0.0,0.0,0.0,0.0,0.0,0.0
1,1.889414543964795,0.0,-0.9721301855659134,-1.0098904995937632,0.0,0.0,0.0,0.0,0.0,0.0,0.0,0.0,0.0,0.0,0.0,0.0,0.0,0.0,0.0,0.0,0.0,0.0,0.0
2,1.6166012747657674,-0.9721301855659134,0.0,-0.9545953340409485,0.0,0.0,0.0,0.0,0.0,0.0,0.0,0.0,0.0,0.0,0.0,0.0,0.0,0.0,0.0,0.0,0.0,0.0,0.0
3,0.49330459689487066,-1.0098904995937632,-0.9545953340409485,0.0,0.023235612505818463,-0.055247607736958436,0.0,-1.3076255640906023,0.0,0.0,0.0,0.0,0.0,0.0,0.0,0.0,0.0,0.0,0.0,0.0,0.0,0.0,0.0
4,0.0,0.0,0.0,0.023235612505818463,0.0,0.5503488449161068,-0.39694854672156005,0.040432412539229134,0.0,0.0,0.0,0.0,0.0,0.0,0.0,0.0,0.0,0.0,0.0,0.0,0.0,0.0,0.0
5,0.0,0.0,0.0,-0.055247607736958436,0.5503488449161068,0.0,0.18441327339172134,-0.3642630084137128,0.0,0.0,0.0,0.0,0.0,0.0,0.0,0.0,0.0,0.0,0.0,0.0,0.0,0.0,0.0
6,0.0,0.0,0.0,0.0,-0.39694854672156005,0.18441327339172134,0.0,0.19390642331784763,-0.5079521607968438,-0.8923402039969212,0.0,0.0,0.0,0.0,0.0,0.0,0.0,0.0,0.0,0.0,0.0,0.0,0.0
7,0.0,0.0,0.0,-1.3076255640906023,0.040432412539229134,-0.3642630084137128,0.19390642331784763,0.0,0.37967635467050315,0.0,0.0,0.0,0.0,0.0,0.0,0.0,0.0,0.0,0.0,0.0,0.0,0.0,0.0
8,0.0,0.0,0.0,0.0,0.0,0.0,-0.5079521607968438,0.37967635467050315,0.0,-0.17277930354625795,0.0,0.0,0.0,0.0,0.0,0.0,0.0,0.0,0.0,0.0,0.0,0.0,0.0
9,0.0,0.0,0.0,0.0,0.0,0.0,-0.8923402039969212,0.0,-0.17277930354625795,0.0,-1.1164517393196352,-0.7718600095651941,-0.7223397266234488,1.66824709392919,0.0,0.0,0.0,0.0,0.0,0.0,0.0,0.0,0.0
10,0.0,0.0,0.0,0.0,0.0,0.0,0.0,0.0,0.0,-1.1164517393196352,0.0,-0.4491004450356355,-1.7697201614876192,1.6444842008534437,0.0,0.0,0.0,0.0,0.0,0.0,0.0,0.0,0.0
11,0.0,0.0,0.0,0.0,0.0,0.0,0.0,0.0,0.0,-0.7718600095651941,-0.4491004450356355,0.0,-0.25160793268133896,0.0,0.0,0.0,0.0,0.0,0.0,0.0,0.0,0.0,0.0
12,0.0,0.0,0.0,0.0,0.0,0.0,0.0,0.0,0.0,-0.7223397266234488,-1.7697201614876192,-0.25160793268133896,0.0,1.6299620543046804,0.0,0.0,0.0,0.0,0.0,0.0,0.0,0.0,0.0
13,0.0,0.0,0.0,0.0,0.0,0.0,0.0,0.0,0.0,1.66824709392919,1.6444842008534437,0.0,1.6299620543046804,0.0,0.0,0.0,0.0,0.0,0.0,0.0,0.0,0.0,0.0
14,0.0,0.0,0.0,0.0,0.0,0.0,0.0,0.0,0.0,0.0,0.0,0.0,0.0,0.0,0.0,-1.1727845263057142,-2.224355583272222,-1.0461676290165653,0.0,0.0,0.0,0.0,0.0
15,0.0,0.0,0.0,0.0,0.0,0.0,0.0,0.0,0.0,0.0,0.0,0.0,0.0,0.0,-1.1727845263057142,0.0,-1.9641103925965102,-1.6458572771868478,0.0,0.0,0.0,0.0,0.0
16,0.0,0.0,0.0,0.0,0.0,0.0,0.0,0.0,0.0,0.0,0.0,0.0,0.0,0.0,-2.224355583272222,-1.9641103925965102,0.0,-1.274033812855247,0.0,0.0,0.0,0.0,0.0
17,0.0,0.0,0.0,0.0,0.0,0.0,0.0,0.0,0.0,0.0,0.0,0.0,0.0,0.0,-1.0461676290165653,-1.6458572771868478,-1.274033812855247,0.0,-0.0535033955890997,-0.8719895881275307,-0.7257182855294289,0.0,0.0
18,0.0,0.0,0.0,0.0,0.0,0.0,0.0,0.0,0.0,0.0,0.0,0.0,0.0,0.0,0.0,0.0,0.0,-0.0535033955890997,0.0,-0.6379169587022232,0.2027342866573934,0.0,0.0
19,0.0,0.0,0.0,0.0,0.0,0.0,0.0,0.0,0.0,0.0,0.0,0.0,0.0,0.0,0.0,0.0,0.0,-0.8719895881275307,-0.6379169587022232,0.0,-0.17005746953940143,-0.8293068311725973,0.19916870238122297
20,0.0,0.0,0.0,0.0,0.0,0.0,0.0,0.0,0.0,0.0,0.0,0.0,0.0,0.0,0.0,0.0,0.0,-0.7257182855294289,0.2027342866573934,-0.17005746953940143,0.0,-1.876562290157644,-0.17559667216751004
21,0.0,0.0,0.0,0.0,0.0,0.0,0.0,0.0,0.0,0.0,0.0,0.0,0.0,0.0,0.0,0.0,0.0,0.0,0.0,-0.8293068311725973,-1.876562290157644,0.0,-0.028120422194573426
22,0.0,0.0,0.0,0.0,0.0,0.0,0.0,0.0,0.0,0.0,0.0,0.0,0.0,0.0,0.0,0.0,0.0,0.0,0.0,0.19916870238122297,-0.17559667216751004,-0.028120422194573426,0.0
