,0,1,2,3,4,5,6,7,8,9,10,11,12,13,14,15,16,17
0,0.0,-1.0990838855446186,-1.248797063924025,-1.2247071106420413,0.0,0.0,0.0,0.0,0.0,0.0,0.0,0.0,0.0,0.0,0.0,0.0,0.0,0.0
1,-1.0990838855446186,0.0,-2.753931683189708,-2.8265998474931,0.0,0.0,0.0,0.0,0.0,0.0,0.0,0.0,0.0,0.0,0.0,0.0,0.0,0.0
2,-1.248797063924025,-2.753931683189708,0.0,-4.962669424275901,0.0,0.0,0.0,0.0,0.0,0.0,0.0,0.0,0.0,0.0,0.0,0.0,0.0,0.0
3,-1.2247071106420413,-2.8265998474931,-4.962669424275901,0.0,-4.716592593898441,-2.9497797929139153,-3.450656398033402,0.0,0.0,0.0,0.0,0.0,0.0,0.0,0.0,0.0,0.0,0.0
4,0.0,0.0,0.0,-4.716592593898441,0.0,-2.798947637116207,-3.7035964332801132,0.0,0.0,0.0,0.0,0.0,0.0,0.0,0.0,0.0,0.0,0.0
5,0.0,0.0,0.0,-2.9497797929139153,-2.798947637116207,0.0,-2.57344964439479,-3.803381594629058,0.0,0.0,0.0,0.0,0.0,0.0,0.0,0.0,0.0,0.0
6,0.0,0.0,0.0,-3.450656398033402,-3.7035964332801132,-2.57344964439479,0.0,-2.7840252645222003,-2.914060827881117,-1.5073688674512236,0.0,0.0,0.0,0.0,0.0,0.0,0.0,0.0
7,0.0,0.0,0.0,0.0,0.0,-3.803381594629058,-2.7840252645222003,0.0,-3.064987072411024,-1.828728506674968,0.0,0.0,0.0,0.0,0.0,0.0,0.0,0.0
8,0.0,0.0,0.0,0.0,0.0,0.0,-2.914060827881117,-3.064987072411024,0.0,-1.6311196776745858,-1.9655034574106671,-2.8486973904653463,0.0,0.0,0.0,0.0,0.0,0.0
9,0.0,0.0,0.0,0.0,0.0,0.0,-1.5073688674512236,-1.828728506674968,-1.6311196776745858,0.0,-1.6392233455190375,-1.3972037212761201,0.0,0.0,0.0,0.0,0.0,0.0
10,0.0,0.0,0.0,0.0,0.0,0.0,0.0,0.0,-1.9655034574106671,-1.6392233455190375,0.0,-1.6645049956016873,-2.149821277768887,-2.0549267892732908,0.0,0.0,0.0,0.0
11,0.0,0.0,0.0,0.0,0.0,0.0,0.0,0.0,-2.8486973904653463,-1.3972037212761201,-1.6645049956016873,0.0,-2.207852217270563,-2.7836348497384775,0.0,0.0,0.0,0.0
12,0.0,0.0,0.0,0.0,0.0,0.0,0.0,0.0,0.0,0.0,-2.149821277768887,-2.207852217270563,0.0,-2.5863068296831497,-0.1300198127739133,0.0,0.0,0.0
13,0.0,0.0,0.0,0.0,0.0,0.0,0.0,0.0,0.0,0.0,-2.0549267892732908,-2.7836348497384775,-2.5863068296831497,0.0,-0.18215290136847345,-0.28618343451322337,-1.2399679984824934,-0.9839610948220561
14,0.0,0.0,0.0,0.0,0.0,0.0,0.0,0.0,0.0,0.0,0.0,0.0,-0.1300198127739133,-0.18215290136847345,0.0,-0.7174292885817849,0.0,0.0
15,0.0,0.0,0.0,0.0,0.0,0.0,0.0,0.0,0.0,0.0,0.0,0.0,0.0,-0.28618343451322337,-0.7174292885817849,0.0,-0.2643611237566498,-0.4195428185540782
16,0.0,0.0,0.0,0.0,0.0,0.0,0.0,0.0,0.0,0.0,0.0,0.0,0.0,-1.2399679984824934,0.0,-0.2643611237566498,0.0,-0.4619258701990592
17,0.0,0.0,0.0,0.0,0.0,0.0,0.0,0.0,0.0,0.0,0.0,0.0,0.0,-0.9839610948220561,0.0,-0.4195428185540782,-0.4619258701990592,0.0
