,0,1,2,3,4,5,6,7,8,9,10,11,12,13,14,15,16,17,18,19
0,0.0,-0.8588352586388901,-0.806399836551878,-0.8067315318703653,0.0,0.0,0.0,0.0,0.0,0.0,0.0,0.0,0.0,0.0,0.0,0.0,0.0,0.0,0.0,0.0
1,-0.8588352586388901,0.0,-2.8648565975209164,-2.525495936591762,-2.738166138202051,0.0,0.0,0.0,0.0,0.0,0.0,0.0,0.0,0.0,0.0,0.0,0.0,0.0,0.0,0.0
2,-0.806399836551878,-2.8648565975209164,0.0,-3.679239838150476,-4.842039715388083,0.0,0.0,0.0,0.0,0.0,0.0,0.0,0.0,0.0,0.0,0.0,0.0,0.0,0.0,0.0
3,-0.8067315318703653,-2.525495936591762,-3.679239838150476,0.0,-4.0309216377786,-3.3284474745223287,0.0,0.0,0.0,0.0,0.0,0.0,0.0,0.0,0.0,0.0,0.0,0.0,0.0,0.0
4,0.0,-2.738166138202051,-4.842039715388083,-4.0309216377786,0.0,-2.980431812392645,0.0,0.0,0.0,0.0,0.0,0.0,0.0,0.0,0.0,0.0,0.0,0.0,0.0,0.0
5,0.0,0.0,0.0,-3.3284474745223287,-2.980431812392645,0.0,-2.697933690156387,-2.531524796788833,0.0,0.0,0.0,0.0,0.0,0.0,0.0,0.0,0.0,0.0,0.0,0.0
6,0.0,0.0,0.0,0.0,0.0,-2.697933690156387,0.0,-3.625901899544197,-3.7769147257191644,0.0,0.0,0.0,0.0,0.0,0.0,0.0,0.0,0.0,0.0,0.0
7,0.0,0.0,0.0,0.0,0.0,-2.531524796788833,-3.625901899544197,0.0,-4.522221143684449,0.0,0.0,0.0,0.0,0.0,0.0,0.0,0.0,0.0,0.0,0.0
8,0.0,0.0,0.0,0.0,0.0,0.0,-3.7769147257191644,-4.522221143684449,0.0,-3.362490567593675,-2.528463778578805,0.0,0.0,0.0,0.0,0.0,0.0,0.0,0.0,0.0
9,0.0,0.0,0.0,0.0,0.0,0.0,0.0,0.0,-3.362490567593675,0.0,-2.599834345699635,0.0,-2.943285062039669,0.0,0.0,0.0,0.0,0.0,0.0,0.0
10,0.0,0.0,0.0,0.0,0.0,0.0,0.0,0.0,-2.528463778578805,-2.599834345699635,0.0,-2.9210818651080057,-2.8506325394923184,0.0,0.0,0.0,0.0,0.0,0.0,0.0
11,0.0,0.0,0.0,0.0,0.0,0.0,0.0,0.0,0.0,0.0,-2.9210818651080057,0.0,-2.4572780531598326,-2.8568422701917595,-2.6317550516848636,-3.382747851554373,0.0,0.0,0.0,0.0
12,0.0,0.0,0.0,0.0,0.0,0.0,0.0,0.0,0.0,-2.943285062039669,-2.8506325394923184,-2.4572780531598326,0.0,-3.245207260575168,-3.2518207402017745,0.0,0.0,0.0,0.0,0.0
13,0.0,0.0,0.0,0.0,0.0,0.0,0.0,0.0,0.0,0.0,0.0,-2.8568422701917595,-3.245207260575168,0.0,-4.174444632148245,0.0,-1.742699223299835,0.0,0.0,0.0
14,0.0,0.0,0.0,0.0,0.0,0.0,0.0,0.0,0.0,0.0,0.0,-2.6317550516848636,-3.2518207402017745,-4.174444632148245,0.0,-2.4955758329042395,0.0,0.0,0.0,0.0
15,0.0,0.0,0.0,0.0,0.0,0.0,0.0,0.0,0.0,0.0,0.0,-3.382747851554373,0.0,0.0,-2.4955758329042395,0.0,-1.9355333807193893,-3.009017245282121,0.0,0.0
16,0.0,0.0,0.0,0.0,0.0,0.0,0.0,0.0,0.0,0.0,0.0,0.0,0.0,-1.742699223299835,0.0,-1.9355333807193893,0.0,-1.6505497035073562,-1.6197146867553534,-0.7851172054047828
17,0.0,0.0,0.0,0.0,0.0,0.0,0.0,0.0,0.0,0.0,0.0,0.0,0.0,0.0,0.0,-3.009017245282121,-1.6505497035073562,0.0,-2.2645673301998896,-1.2882807452094234
18,0.0,0.0,0.0,0.0,0.0,0.0,0.0,0.0,0.0,0.0,0.0,0.0,0.0,0.0,0.0,0.0,-1.6197146867553534,-2.2645673301998896,0.0,-1.307550269727215
19,0.0,0.0,0.0,0.0,0.0,0.0,0.0,0.0,0.0,0.0,0.0,0.0,0.0,0.0,0.0,0.0,-0.7851172054047828,-1.2882807452094234,-1.307550269727215,0.0
