,0,1,2,3,4,5,6,7,8,9,10,11,12,13,14,15,16,17,18,19,20
0,0.0,-1.2869496155836777,-1.3068825300831484,0.0,-1.2532857860149234,0.0,0.0,0.0,0.0,0.0,0.0,0.0,0.0,0.0,0.0,0.0,0.0,0.0,0.0,0.0,0.0
1,-1.2869496155836777,0.0,-4.279412864415273,-2.375260473303694,-4.368166268951398,0.0,0.0,0.0,0.0,0.0,0.0,0.0,0.0,0.0,0.0,0.0,0.0,0.0,0.0,0.0,0.0
2,-1.3068825300831484,-4.279412864415273,0.0,-2.2941076540028553,-4.160880925823088,-3.8535279813801018,0.0,0.0,0.0,0.0,0.0,0.0,0.0,0.0,0.0,0.0,0.0,0.0,0.0,0.0,0.0
3,0.0,-2.375260473303694,-2.2941076540028553,0.0,-2.4620002089449633,-2.4793921246052597,-2.6585230935631454,0.0,0.0,0.0,0.0,0.0,0.0,0.0,0.0,0.0,0.0,0.0,0.0,0.0,0.0
4,-1.2532857860149234,-4.368166268951398,-4.160880925823088,-2.4620002089449633,0.0,-4.486169290580869,-3.8778176331025547,0.0,0.0,0.0,0.0,0.0,0.0,0.0,0.0,0.0,0.0,0.0,0.0,0.0,0.0
5,0.0,0.0,-3.8535279813801018,-2.4793921246052597,-4.486169290580869,0.0,-3.5891477038346946,-4.086027691782103,-3.658698329994844,0.0,0.0,0.0,0.0,0.0,0.0,0.0,0.0,0.0,0.0,0.0,0.0
6,0.0,0.0,0.0,-2.6585230935631454,-3.8778176331025547,-3.5891477038346946,0.0,-3.8773397170193142,-4.314471096927339,0.0,0.0,0.0,0.0,0.0,0.0,0.0,0.0,0.0,0.0,0.0,0.0
7,0.0,0.0,0.0,0.0,0.0,-4.086027691782103,-3.8773397170193142,0.0,-3.5955131559304183,0.0,0.0,0.0,0.0,0.0,0.0,0.0,0.0,0.0,0.0,0.0,0.0
8,0.0,0.0,0.0,0.0,0.0,-3.658698329994844,-4.314471096927339,-3.5955131559304183,0.0,0.0,0.0,0.0,0.0,0.0,0.0,0.0,0.0,0.0,0.0,0.0,0.0
9,0.0,0.0,0.0,0.0,0.0,0.0,0.0,0.0,0.0,0.0,-2.5595500955675954,-2.8987244764417976,0.0,0.0,-2.6645590330901747,0.0,0.0,0.0,0.0,0.0,0.0
10,0.0,0.0,0.0,0.0,0.0,0.0,0.0,0.0,0.0,-2.5595500955675954,0.0,-3.1330659570633252,0.0,0.0,-2.835509393769051,0.0,0.0,0.0,0.0,0.0,0.0
11,0.0,0.0,0.0,0.0,0.0,0.0,0.0,0.0,0.0,-2.8987244764417976,-3.1330659570633252,0.0,-2.161378470704857,-0.4665746872998316,-2.51329097705474,-0.9363678883733668,0.0,0.0,0.0,0.0,0.0
12,0.0,0.0,0.0,0.0,0.0,0.0,0.0,0.0,0.0,0.0,0.0,-2.161378470704857,0.0,0.0,-2.8699226702569427,-1.2153027959227332,0.0,0.0,0.0,0.0,0.0
13,0.0,0.0,0.0,0.0,0.0,0.0,0.0,0.0,0.0,0.0,0.0,-0.4665746872998316,0.0,0.0,-0.4315637274240811,-0.7854724645390382,0.0,0.0,-0.6569263221101108,0.0,0.0
14,0.0,0.0,0.0,0.0,0.0,0.0,0.0,0.0,0.0,-2.6645590330901747,-2.835509393769051,-2.51329097705474,-2.8699226702569427,-0.4315637274240811,0.0,-1.0403827568854536,-4.038644561783904,0.0,0.0,0.0,0.0
15,0.0,0.0,0.0,0.0,0.0,0.0,0.0,0.0,0.0,0.0,0.0,-0.9363678883733668,-1.2153027959227332,-0.7854724645390382,-1.0403827568854536,0.0,0.0,0.0,-2.638681962879,0.0,0.0
16,0.0,0.0,0.0,0.0,0.0,0.0,0.0,0.0,0.0,0.0,0.0,0.0,0.0,0.0,-4.038644561783904,0.0,0.0,-1.4810936942149924,0.0,-1.5373712124590408,0.0
17,0.0,0.0,0.0,0.0,0.0,0.0,0.0,0.0,0.0,0.0,0.0,0.0,0.0,0.0,0.0,0.0,-1.4810936942149924,0.0,-0.6793376824263615,-0.8242126589238089,-0.1654002369509549
18,0.0,0.0,0.0,0.0,0.0,0.0,0.0,0.0,0.0,0.0,0.0,0.0,0.0,-0.6569263221101108,0.0,-2.638681962879,0.0,-0.6793376824263615,0.0,-2.1249098041096266,-0.7474462038136027
19,0.0,0.0,0.0,0.0,0.0,0.0,0.0,0.0,0.0,0.0,0.0,0.0,0.0,0.0,0.0,0.0,-1.5373712124590408,-0.8242126589238089,-2.1249098041096266,0.0,-0.8039368447560227
20,0.0,0.0,0.0,0.0,0.0,0.0,0.0,0.0,0.0,0.0,0.0,0.0,0.0,0.0,0.0,0.0,0.0,-0.1654002369509549,-0.7474462038136027,-0.8039368447560227,0.0
