,0,1,2,3,4,5,6,7,8,9,10,11,12,13,14,15,16,17,18,19,20,21,22
0,0.0,-0.8177171015025497,-3.77959549391338,-4.386373007239841,0.0,0.0,0.0,0.0,0.0,0.0,0.0,0.0,0.0,0.0,0.0,0.0,0.0,0.0,0.0,0.0,0.0,0.0,0.0
1,-0.8177171015025497,0.0,-0.7896151899433109,-0.8147280724872025,0.0,0.0,0.0,0.0,0.0,0.0,0.0,0.0,0.0,0.0,0.0,0.0,0.0,0.0,0.0,0.0,0.0,0.0,0.0
2,-3.77959549391338,-0.7896151899433109,0.0,-4.341488460701244,-4.530920276901416,-4.7285425692535945,0.0,0.0,0.0,0.0,0.0,0.0,0.0,0.0,0.0,0.0,0.0,0.0,0.0,0.0,0.0,0.0,0.0
3,-4.386373007239841,-0.8147280724872025,-4.341488460701244,0.0,-5.915273191505442,-3.9157997172365433,0.0,0.0,0.0,0.0,0.0,0.0,0.0,0.0,0.0,0.0,0.0,0.0,0.0,0.0,0.0,0.0,0.0
4,0.0,0.0,-4.530920276901416,-5.915273191505442,0.0,-4.058292199184953,-3.1304916886577216,0.0,0.0,0.0,0.0,0.0,0.0,0.0,0.0,0.0,0.0,0.0,0.0,0.0,0.0,0.0,0.0
5,0.0,0.0,-4.7285425692535945,-3.9157997172365433,-4.058292199184953,0.0,-2.8159159186346785,0.0,0.0,0.0,0.0,0.0,0.0,0.0,0.0,0.0,0.0,0.0,0.0,0.0,0.0,0.0,0.0
6,0.0,0.0,0.0,0.0,-3.1304916886577216,-2.8159159186346785,0.0,-4.102385795031042,-3.1076264833968033,-3.114931509053049,0.0,0.0,0.0,0.0,0.0,0.0,0.0,0.0,0.0,0.0,0.0,0.0,0.0
7,0.0,0.0,0.0,0.0,0.0,0.0,-4.102385795031042,0.0,-3.470471394820802,-3.5806134898793394,0.0,0.0,0.0,0.0,0.0,0.0,0.0,0.0,0.0,0.0,0.0,0.0,0.0
8,0.0,0.0,0.0,0.0,0.0,0.0,-3.1076264833968033,-3.470471394820802,0.0,-3.893070621091178,0.0,0.0,0.0,0.0,0.0,0.0,0.0,0.0,0.0,0.0,0.0,0.0,0.0
9,0.0,0.0,0.0,0.0,0.0,0.0,-3.114931509053049,-3.5806134898793394,-3.893070621091178,0.0,0.0,0.0,0.0,0.0,0.0,0.0,0.0,0.0,0.0,0.0,0.0,0.0,0.0
10,0.0,0.0,0.0,0.0,0.0,0.0,0.0,0.0,0.0,0.0,0.0,-1.1318439702622884,-0.9102216777936097,0.0,-0.9097159421956653,0.0,0.0,0.0,0.0,0.0,0.0,0.0,0.0
11,0.0,0.0,0.0,0.0,0.0,0.0,0.0,0.0,0.0,0.0,-1.1318439702622884,0.0,-2.5253776217509696,0.0,-2.522818161842056,0.0,0.0,0.0,0.0,0.0,0.0,0.0,0.0
12,0.0,0.0,0.0,0.0,0.0,0.0,0.0,0.0,0.0,0.0,-0.9102216777936097,-2.5253776217509696,0.0,-0.9820915838663873,-8.454494707175312,0.0,-2.530727394708782,0.0,0.0,0.0,0.0,0.0,0.0
13,0.0,0.0,0.0,0.0,0.0,0.0,0.0,0.0,0.0,0.0,0.0,0.0,-0.9820915838663873,0.0,-0.9825332460368414,-1.09782559687024,-0.8087279843667095,0.0,0.0,0.0,0.0,0.0,0.0
14,0.0,0.0,0.0,0.0,0.0,0.0,0.0,0.0,0.0,0.0,-0.9097159421956653,-2.522818161842056,-8.454494707175312,-0.9825332460368414,0.0,-0.6629228679858779,-2.5280911613732306,0.0,0.0,0.0,0.0,0.0,0.0
15,0.0,0.0,0.0,0.0,0.0,0.0,0.0,0.0,0.0,0.0,0.0,0.0,0.0,-1.09782559687024,-0.6629228679858779,0.0,-0.6018507558865449,0.0,0.0,0.0,0.0,0.0,0.0
16,0.0,0.0,0.0,0.0,0.0,0.0,0.0,0.0,0.0,0.0,0.0,0.0,-2.530727394708782,-0.8087279843667095,-2.5280911613732306,-0.6018507558865449,0.0,-2.6625360225314916,0.0,0.0,0.0,0.0,0.0
17,0.0,0.0,0.0,0.0,0.0,0.0,0.0,0.0,0.0,0.0,0.0,0.0,0.0,0.0,0.0,0.0,-2.6625360225314916,0.0,-1.9650294869246374,-0.71476553996741,0.0,0.0,0.0
18,0.0,0.0,0.0,0.0,0.0,0.0,0.0,0.0,0.0,0.0,0.0,0.0,0.0,0.0,0.0,0.0,0.0,-1.9650294869246374,0.0,-1.0508766737920305,-0.960167651340041,0.0,0.0
19,0.0,0.0,0.0,0.0,0.0,0.0,0.0,0.0,0.0,0.0,0.0,0.0,0.0,0.0,0.0,0.0,0.0,-0.71476553996741,-1.0508766737920305,0.0,-0.606626960893038,-0.7682890688485122,0.11821702522152404
20,0.0,0.0,0.0,0.0,0.0,0.0,0.0,0.0,0.0,0.0,0.0,0.0,0.0,0.0,0.0,0.0,0.0,0.0,-0.960167651340041,-0.606626960893038,0.0,-0.9371876556234652,-0.12373472674399845
21,0.0,0.0,0.0,0.0,0.0,0.0,0.0,0.0,0.0,0.0,0.0,0.0,0.0,0.0,0.0,0.0,0.0,0.0,0.0,-0.7682890688485122,-0.9371876556234652,0.0,-0.4074086015582263
22,0.0,0.0,0.0,0.0,0.0,0.0,0.0,0.0,0.0,0.0,0.0,0.0,0.0,0.0,0.0,0.0,0.0,0.0,0.0,0.11821702522152404,-0.12373472674399845,-0.4074086015582263,0.0
