,0,1,2,3,4,5,6,7,8,9,10,11,12,13,14,15,16,17
0,0.0,-0.5232087181017312,-0.5225005442942192,-0.4980572660634055,0.0,0.0,0.0,0.0,0.0,0.0,0.0,0.0,0.0,0.0,0.0,0.0,0.0,0.0
1,-0.5232087181017312,0.0,-4.0692764249467706,-3.588318037229034,-2.500497358626826,0.0,0.0,0.0,0.0,0.0,0.0,0.0,0.0,0.0,0.0,0.0,0.0,0.0
2,-0.5225005442942192,-4.0692764249467706,0.0,-3.1455699578819867,-2.3681555536080077,0.0,0.0,0.0,0.0,0.0,0.0,0.0,0.0,0.0,0.0,0.0,0.0,0.0
3,-0.4980572660634055,-3.588318037229034,-3.1455699578819867,0.0,-2.8717544435564677,0.0,0.0,0.0,0.0,0.0,0.0,0.0,0.0,0.0,0.0,0.0,0.0,0.0
4,0.0,-2.500497358626826,-2.3681555536080077,-2.8717544435564677,0.0,-2.7834821193951926,-2.27686252165674,-2.5437446352609903,0.0,0.0,0.0,0.0,0.0,0.0,0.0,0.0,0.0,0.0
5,0.0,0.0,0.0,0.0,-2.7834821193951926,0.0,-2.9159301081595133,-3.150046171899609,0.0,0.0,0.0,0.0,0.0,0.0,0.0,0.0,0.0,0.0
6,0.0,0.0,0.0,0.0,-2.27686252165674,-2.9159301081595133,0.0,-3.633192846262893,0.0,0.0,0.0,0.0,0.0,0.0,0.0,0.0,0.0,0.0
7,0.0,0.0,0.0,0.0,-2.5437446352609903,-3.150046171899609,-3.633192846262893,0.0,0.0,0.0,0.0,0.0,0.0,0.0,0.0,0.0,0.0,0.0
8,0.0,0.0,0.0,0.0,0.0,0.0,0.0,0.0,0.0,-2.1457014103469985,-3.3228212111475472,-3.3883290012031795,0.0,0.0,0.0,0.0,0.0,0.0
9,0.0,0.0,0.0,0.0,0.0,0.0,0.0,0.0,-2.1457014103469985,0.0,-2.5109307989970193,-2.4563342134637742,0.0,0.0,0.0,0.0,0.0,0.0
10,0.0,0.0,0.0,0.0,0.0,0.0,0.0,0.0,-3.3228212111475472,-2.5109307989970193,0.0,-4.195838006716594,0.0,0.0,0.0,0.0,0.0,0.0
11,0.0,0.0,0.0,0.0,0.0,0.0,0.0,0.0,-3.3883290012031795,-2.4563342134637742,-4.195838006716594,0.0,0.0,0.0,0.0,0.0,0.0,0.0
12,0.0,0.0,0.0,0.0,0.0,0.0,0.0,0.0,0.0,0.0,0.0,0.0,0.0,-0.19420767383910664,0.0,-2.364942517016257,-3.548410689611744,0.0
13,0.0,0.0,0.0,0.0,0.0,0.0,0.0,0.0,0.0,0.0,0.0,0.0,-0.19420767383910664,0.0,-0.9643922959933026,0.0,0.0,-1.3742142864786657
14,0.0,0.0,0.0,0.0,0.0,0.0,0.0,0.0,0.0,0.0,0.0,0.0,0.0,-0.9643922959933026,0.0,-0.3758496708923094,-0.281978812039528,-1.647244305172319
15,0.0,0.0,0.0,0.0,0.0,0.0,0.0,0.0,0.0,0.0,0.0,0.0,-2.364942517016257,0.0,-0.3758496708923094,0.0,-2.1154389706784675,-0.48622306904639095
16,0.0,0.0,0.0,0.0,0.0,0.0,0.0,0.0,0.0,0.0,0.0,0.0,-3.548410689611744,0.0,-0.281978812039528,-2.1154389706784675,0.0,-0.4230279460201244
17,0.0,0.0,0.0,0.0,0.0,0.0,0.0,0.0,0.0,0.0,0.0,0.0,0.0,-1.3742142864786657,-1.647244305172319,-0.48622306904639095,-0.4230279460201244,0.0
