,0,1,2,3,4,5,6,7,8,9,10,11,12,13,14,15
0,0.0,-1.5120388548273445,-1.5037673622860375,-1.4834479689499576,0.0,0.0,0.0,0.0,0.0,0.0,0.0,0.0,0.0,0.0,0.0,0.0
1,-1.5120388548273445,0.0,-3.867419055484821,-5.0443177262441665,0.0,-4.355440626130021,0.0,0.0,0.0,0.0,0.0,0.0,0.0,0.0,0.0,0.0
2,-1.5037673622860375,-3.867419055484821,0.0,-3.797861325535363,-3.9215581358415927,-3.530357960813866,0.0,0.0,0.0,0.0,0.0,0.0,0.0,0.0,0.0,0.0
3,-1.4834479689499576,-5.0443177262441665,-3.797861325535363,0.0,-3.741395029665023,-4.908690792391263,-5.1233064693112755,0.0,0.0,0.0,0.0,0.0,0.0,0.0,0.0,0.0
4,0.0,0.0,-3.9215581358415927,-3.741395029665023,0.0,-3.489407138948578,-3.995934188153959,0.0,0.0,0.0,0.0,0.0,0.0,0.0,0.0,0.0
5,0.0,-4.355440626130021,-3.530357960813866,-4.908690792391263,-3.489407138948578,0.0,-4.411395992001412,0.0,0.0,0.0,0.0,0.0,0.0,0.0,0.0,0.0
6,0.0,0.0,0.0,-5.1233064693112755,-3.995934188153959,-4.411395992001412,0.0,0.0,0.0,0.0,0.0,0.0,0.0,0.0,0.0,0.0
7,0.0,0.0,0.0,0.0,0.0,0.0,0.0,0.0,-1.3595534182083178,-1.7708207439185624,-1.5025321631328414,0.0,0.0,0.0,0.0,0.0
8,0.0,0.0,0.0,0.0,0.0,0.0,0.0,-1.3595534182083178,0.0,-2.137005123286291,-3.3698377796478485,0.0,0.0,0.0,0.0,0.0
9,0.0,0.0,0.0,0.0,0.0,0.0,0.0,-1.7708207439185624,-2.137005123286291,0.0,-2.3693936626104537,0.0,0.0,0.0,0.0,0.0
10,0.0,0.0,0.0,0.0,0.0,0.0,0.0,-1.5025321631328414,-3.3698377796478485,-2.3693936626104537,0.0,0.0,0.0,0.0,0.0,0.0
11,0.0,0.0,0.0,0.0,0.0,0.0,0.0,0.0,0.0,0.0,0.0,0.0,-2.0683784313901747,0.0,-2.14184376705743,-1.9614344613833026
12,0.0,0.0,0.0,0.0,0.0,0.0,0.0,0.0,0.0,0.0,0.0,-2.0683784313901747,0.0,-0.6283827395144276,-3.7616689686936304,-3.565258383413168
13,0.0,0.0,0.0,0.0,0.0,0.0,0.0,0.0,0.0,0.0,0.0,0.0,-0.6283827395144276,0.0,-0.6722531430139351,-0.577832640459736
14,0.0,0.0,0.0,0.0,0.0,0.0,0.0,0.0,0.0,0.0,0.0,-2.14184376705743,-3.7616689686936304,-0.6722531430139351,0.0,-2.965781807704425
15,0.0,0.0,0.0,0.0,0.0,0.0,0.0,0.0,0.0,0.0,0.0,-1.9614344613833026,-3.565258383413168,-0.577832640459736,-2.965781807704425,0.0
