,0,1,2,3,4,5,6,7,8,9,10,11,12,13,14
0,0.0,-0.9895679917926737,-5.213152424319317,-4.531917544902036,0.0,0.0,0.0,0.0,0.0,0.0,0.0,0.0,0.0,0.0,0.0
1,-0.9895679917926737,0.0,-1.0018960224459075,-0.9747299421380544,0.0,0.0,0.0,0.0,0.0,0.0,0.0,0.0,0.0,0.0,0.0
2,-5.213152424319317,-1.0018960224459075,0.0,-4.146697588464058,-4.131252080047612,0.0,0.0,0.0,0.0,0.0,0.0,0.0,0.0,0.0,0.0
3,-4.531917544902036,-0.9747299421380544,-4.146697588464058,0.0,-3.4532422687215734,-5.472997801073755,0.0,0.0,0.0,0.0,0.0,0.0,0.0,0.0,0.0
4,0.0,0.0,-4.131252080047612,-3.4532422687215734,0.0,-3.3292889787841764,-3.6787331255400746,-3.0735853844091747,0.0,0.0,0.0,0.0,0.0,0.0,0.0
5,0.0,0.0,0.0,-5.472997801073755,-3.3292889787841764,0.0,-4.301602760731486,-4.30345597551609,-2.894243455298193,0.0,0.0,0.0,0.0,0.0,0.0
6,0.0,0.0,0.0,0.0,-3.6787331255400746,-4.301602760731486,0.0,-3.617486957980138,-2.8584296804148024,0.0,0.0,0.0,0.0,0.0,0.0
7,0.0,0.0,0.0,0.0,-3.0735853844091747,-4.30345597551609,-3.617486957980138,0.0,-2.9343209311366887,-3.003763177514356,-4.187604551323428,0.0,0.0,0.0,0.0
8,0.0,0.0,0.0,0.0,0.0,-2.894243455298193,-2.8584296804148024,-2.9343209311366887,0.0,-2.99145701282109,-3.17511717931505,0.0,0.0,0.0,0.0
9,0.0,0.0,0.0,0.0,0.0,0.0,0.0,-3.003763177514356,-2.99145701282109,0.0,-3.322352594481369,0.0,0.0,0.0,0.0
10,0.0,0.0,0.0,0.0,0.0,0.0,0.0,-4.187604551323428,-3.17511717931505,-3.322352594481369,0.0,0.0,0.0,0.0,0.0
11,0.0,0.0,0.0,0.0,0.0,0.0,0.0,0.0,0.0,0.0,0.0,0.0,-0.05962165330730041,-2.863647268952113,-2.3859364333875317
12,0.0,0.0,0.0,0.0,0.0,0.0,0.0,0.0,0.0,0.0,0.0,-0.05962165330730041,0.0,-0.07318639403067406,-0.09351914291028594
13,0.0,0.0,0.0,0.0,0.0,0.0,0.0,0.0,0.0,0.0,0.0,-2.863647268952113,-0.07318639403067406,0.0,-3.3133062516584926
14,0.0,0.0,0.0,0.0,0.0,0.0,0.0,0.0,0.0,0.0,0.0,-2.3859364333875317,-0.09351914291028594,-3.3133062516584926,0.0
