,0,1,2,3,4,5,6,7,8,9,10,11,12,13,14,15,16,17,18
0,0.0,-0.9534981853676526,-0.9482369814053307,-0.8783726499464924,0.0,0.0,0.0,0.0,0.0,0.0,0.0,0.0,0.0,0.0,0.0,0.0,0.0,0.0,0.0
1,-0.9534981853676526,0.0,-3.376581718336963,-3.3422850430333844,-3.873012364918921,0.0,0.0,0.0,0.0,0.0,0.0,0.0,0.0,0.0,0.0,0.0,0.0,0.0,0.0
2,-0.9482369814053307,-3.376581718336963,0.0,-3.4213889439953937,-3.486327649195981,0.0,0.0,0.0,0.0,0.0,0.0,0.0,0.0,0.0,0.0,0.0,0.0,0.0,0.0
3,-0.8783726499464924,-3.3422850430333844,-3.4213889439953937,0.0,-3.0207164735440566,-3.6703269191516004,-3.8962728469801102,0.0,0.0,0.0,0.0,0.0,0.0,0.0,0.0,0.0,0.0,0.0,0.0
4,0.0,-3.873012364918921,-3.486327649195981,-3.0207164735440566,0.0,-2.7177095883491384,-2.672662514601386,0.0,0.0,0.0,0.0,0.0,0.0,0.0,0.0,0.0,0.0,0.0,0.0
5,0.0,0.0,0.0,-3.6703269191516004,-2.7177095883491384,0.0,-3.83566570422614,-2.5015552271246326,-3.4540341272918123,0.0,0.0,0.0,0.0,0.0,0.0,0.0,0.0,0.0,0.0
6,0.0,0.0,0.0,-3.8962728469801102,-2.672662514601386,-3.83566570422614,0.0,-2.5606506408265246,-3.165715894943545,0.0,0.0,0.0,0.0,0.0,0.0,0.0,0.0,0.0,0.0
7,0.0,0.0,0.0,0.0,0.0,-2.5015552271246326,-2.5606506408265246,0.0,-2.8436944561285764,0.0,0.0,0.0,0.0,0.0,0.0,0.0,0.0,0.0,0.0
8,0.0,0.0,0.0,0.0,0.0,-3.4540341272918123,-3.165715894943545,-2.8436944561285764,0.0,-3.643046660572015,0.0,0.0,0.0,0.0,0.0,0.0,0.0,0.0,0.0
9,0.0,0.0,0.0,0.0,0.0,0.0,0.0,0.0,-3.643046660572015,0.0,-1.7766699030599375,-3.778570455833119,0.0,0.0,0.0,0.0,0.0,0.0,0.0
10,0.0,0.0,0.0,0.0,0.0,0.0,0.0,0.0,0.0,-1.7766699030599375,0.0,-1.7036769877383926,-1.750010853449522,0.0,0.0,0.0,0.0,0.0,0.0
11,0.0,0.0,0.0,0.0,0.0,0.0,0.0,0.0,0.0,-3.778570455833119,-1.7036769877383926,0.0,-3.3734647663631745,-3.0511608851113063,0.0,0.0,0.0,0.0,0.0
12,0.0,0.0,0.0,0.0,0.0,0.0,0.0,0.0,0.0,0.0,-1.750010853449522,-3.3734647663631745,0.0,-3.9663194734126144,0.0,0.0,0.0,0.0,0.0
13,0.0,0.0,0.0,0.0,0.0,0.0,0.0,0.0,0.0,0.0,0.0,-3.0511608851113063,-3.9663194734126144,0.0,-3.7687334764752696,0.0,0.0,0.0,0.0
14,0.0,0.0,0.0,0.0,0.0,0.0,0.0,0.0,0.0,0.0,0.0,0.0,0.0,-3.7687334764752696,0.0,-3.662366737841378,-2.185011707826892,-2.213403862355172,-0.17552262521395934
15,0.0,0.0,0.0,0.0,0.0,0.0,0.0,0.0,0.0,0.0,0.0,0.0,0.0,0.0,-3.662366737841378,0.0,-1.986098961644265,-2.16957357583027,0.0
16,0.0,0.0,0.0,0.0,0.0,0.0,0.0,0.0,0.0,0.0,0.0,0.0,0.0,0.0,-2.185011707826892,-1.986098961644265,0.0,-1.7540565973201845,-0.24984882145682807
17,0.0,0.0,0.0,0.0,0.0,0.0,0.0,0.0,0.0,0.0,0.0,0.0,0.0,0.0,-2.213403862355172,-2.16957357583027,-1.7540565973201845,0.0,-0.06124046041566688
18,0.0,0.0,0.0,0.0,0.0,0.0,0.0,0.0,0.0,0.0,0.0,0.0,0.0,0.0,-0.17552262521395934,0.0,-0.24984882145682807,-0.06124046041566688,0.0
