,0,1,2,3,4,5,6,7,8,9,10,11,12,13,14,15,16,17,18
0,0.0,-1.0564140557315695,-1.1043634856788718,-0.9688279382222913,0.0,0.0,0.0,0.0,0.0,0.0,0.0,0.0,0.0,0.0,0.0,0.0,0.0,0.0,0.0
1,-1.0564140557315695,0.0,-3.701830123352588,-2.9278950804999333,-3.7941763398227204,0.0,0.0,0.0,0.0,0.0,0.0,0.0,0.0,0.0,0.0,0.0,0.0,0.0,0.0
2,-1.1043634856788718,-3.701830123352588,0.0,-2.9343457726517324,-3.5664403244918548,0.0,0.0,0.0,0.0,0.0,0.0,0.0,0.0,0.0,0.0,0.0,0.0,0.0,0.0
3,-0.9688279382222913,-2.9278950804999333,-2.9343457726517324,0.0,-3.4723828825850926,-1.3677703765591567,-2.465019012445166,0.0,0.0,0.0,0.0,0.0,0.0,0.0,0.0,0.0,0.0,0.0,0.0
4,0.0,-3.7941763398227204,-3.5664403244918548,-3.4723828825850926,0.0,-1.4348375919776204,-2.72824955081121,-2.0828693380826317,0.0,0.0,0.0,0.0,0.0,0.0,0.0,0.0,0.0,0.0,0.0
5,0.0,0.0,0.0,-1.3677703765591567,-1.4348375919776204,0.0,-1.755488930686024,-2.0762373243910868,0.0,0.0,0.0,0.0,0.0,0.0,0.0,0.0,0.0,0.0,0.0
6,0.0,0.0,0.0,-2.465019012445166,-2.72824955081121,-1.755488930686024,0.0,-2.7223099056858664,0.0,0.0,0.0,0.0,0.0,0.0,0.0,0.0,0.0,0.0,0.0
7,0.0,0.0,0.0,0.0,-2.0828693380826317,-2.0762373243910868,-2.7223099056858664,0.0,-3.551282433694875,-2.4487102369475964,-4.7114361347869504,0.0,0.0,0.0,0.0,0.0,0.0,0.0,0.0
8,0.0,0.0,0.0,0.0,0.0,0.0,0.0,-3.551282433694875,0.0,-2.8515385580579187,-3.3765660471724965,0.0,0.0,0.0,0.0,0.0,0.0,0.0,0.0
9,0.0,0.0,0.0,0.0,0.0,0.0,0.0,-2.4487102369475964,-2.8515385580579187,0.0,-2.3967858904836388,0.0,0.0,0.0,0.0,0.0,0.0,0.0,0.0
10,0.0,0.0,0.0,0.0,0.0,0.0,0.0,-4.7114361347869504,-3.3765660471724965,-2.3967858904836388,0.0,0.0,0.0,0.0,0.0,0.0,0.0,0.0,0.0
11,0.0,0.0,0.0,0.0,0.0,0.0,0.0,0.0,0.0,0.0,0.0,0.0,-1.3364445320496658,-0.1576162035552773,-0.14744986061256815,0.0,0.0,0.0,0.0
12,0.0,0.0,0.0,0.0,0.0,0.0,0.0,0.0,0.0,0.0,0.0,-1.3364445320496658,0.0,-0.31846168885895715,-0.3257306883498004,0.0,0.0,0.0,0.0
13,0.0,0.0,0.0,0.0,0.0,0.0,0.0,0.0,0.0,0.0,0.0,-0.1576162035552773,-0.31846168885895715,0.0,-3.0187402386855644,-2.5169368642589314,0.0,-3.0401966480650873,0.0
14,0.0,0.0,0.0,0.0,0.0,0.0,0.0,0.0,0.0,0.0,0.0,-0.14744986061256815,-0.3257306883498004,-3.0187402386855644,0.0,-2.130247907343751,0.0,-2.9790727714522336,0.0
15,0.0,0.0,0.0,0.0,0.0,0.0,0.0,0.0,0.0,0.0,0.0,0.0,0.0,-2.5169368642589314,-2.130247907343751,0.0,-0.42897978919264296,-2.0594109245061856,-0.2610118912188797
16,0.0,0.0,0.0,0.0,0.0,0.0,0.0,0.0,0.0,0.0,0.0,0.0,0.0,0.0,0.0,-0.42897978919264296,0.0,-0.2661468038878287,-1.590633196493859
17,0.0,0.0,0.0,0.0,0.0,0.0,0.0,0.0,0.0,0.0,0.0,0.0,0.0,-3.0401966480650873,-2.9790727714522336,-2.0594109245061856,-0.2661468038878287,0.0,-0.1388887420801664
18,0.0,0.0,0.0,0.0,0.0,0.0,0.0,0.0,0.0,0.0,0.0,0.0,0.0,0.0,0.0,-0.2610118912188797,-1.590633196493859,-0.1388887420801664,0.0
