,0,1,2,3,4,5,6,7,8,9,10,11,12,13,14,15,16,17,18,19,20,21,22,23,24
0,0.0,-3.4584215466799053,-3.362501535323463,0.0,-3.820813963939032,0.0,0.0,0.0,0.0,0.0,0.0,0.0,0.0,0.0,0.0,0.0,0.0,0.0,0.0,0.0,0.0,0.0,0.0,0.0,0.0
1,-3.4584215466799053,0.0,-4.978997394648429,-0.5709722808397647,-4.594695132513715,0.0,0.0,0.0,0.0,0.0,0.0,0.0,0.0,0.0,0.0,0.0,0.0,0.0,0.0,0.0,0.0,0.0,0.0,0.0,0.0
2,-3.362501535323463,-4.978997394648429,0.0,-0.5712000781197552,-4.354361204244766,0.0,0.0,0.0,0.0,0.0,0.0,0.0,0.0,0.0,0.0,0.0,0.0,0.0,0.0,0.0,0.0,0.0,0.0,0.0,0.0
3,0.0,-0.5709722808397647,-0.5712000781197552,0.0,-0.5533111498100587,0.0,0.0,0.0,0.0,0.0,0.0,0.0,0.0,0.0,0.0,0.0,0.0,0.0,0.0,0.0,0.0,0.0,0.0,0.0,0.0
4,-3.820813963939032,-4.594695132513715,-4.354361204244766,-0.5533111498100587,0.0,-4.635454598714816,0.0,0.0,0.0,0.0,0.0,0.0,0.0,0.0,0.0,0.0,0.0,0.0,0.0,0.0,0.0,0.0,0.0,0.0,0.0
5,0.0,0.0,0.0,0.0,-4.635454598714816,0.0,-3.9869174693680978,-4.48937895197386,0.0,0.0,0.0,0.0,0.0,0.0,0.0,0.0,0.0,0.0,0.0,0.0,0.0,0.0,0.0,0.0,0.0
6,0.0,0.0,0.0,0.0,0.0,-3.9869174693680978,0.0,-4.845435105003306,-4.007593516275477,0.0,0.0,0.0,0.0,0.0,0.0,0.0,0.0,0.0,0.0,0.0,0.0,0.0,0.0,0.0,0.0
7,0.0,0.0,0.0,0.0,0.0,-4.48937895197386,-4.845435105003306,0.0,-3.699252257337848,0.0,0.0,0.0,0.0,0.0,0.0,0.0,0.0,0.0,0.0,0.0,0.0,0.0,0.0,0.0,0.0
8,0.0,0.0,0.0,0.0,0.0,0.0,-4.007593516275477,-3.699252257337848,0.0,-2.8657158818565565,-3.0878570515855497,0.0,0.0,0.0,0.0,0.0,0.0,0.0,0.0,0.0,0.0,0.0,0.0,0.0,0.0
9,0.0,0.0,0.0,0.0,0.0,0.0,0.0,0.0,-2.8657158818565565,0.0,-2.300839507511537,-2.7018745859544886,0.0,0.0,0.0,0.0,0.0,0.0,0.0,0.0,0.0,0.0,0.0,0.0,0.0
10,0.0,0.0,0.0,0.0,0.0,0.0,0.0,0.0,-3.0878570515855497,-2.300839507511537,0.0,-3.3941486789903315,-3.801679334528027,0.0,-2.102446669238764,0.0,0.0,0.0,0.0,0.0,0.0,0.0,0.0,0.0,0.0
11,0.0,0.0,0.0,0.0,0.0,0.0,0.0,0.0,0.0,-2.7018745859544886,-3.3941486789903315,0.0,-3.0264162481648182,-2.0773757709884344,-2.289958478311538,0.0,0.0,0.0,0.0,0.0,0.0,0.0,0.0,0.0,0.0
12,0.0,0.0,0.0,0.0,0.0,0.0,0.0,0.0,0.0,0.0,-3.801679334528027,-3.0264162481648182,0.0,-1.8176185815290558,-2.1377033660167575,0.0,0.0,0.0,0.0,0.0,0.0,0.0,0.0,0.0,0.0
13,0.0,0.0,0.0,0.0,0.0,0.0,0.0,0.0,0.0,0.0,0.0,-2.0773757709884344,-1.8176185815290558,0.0,-1.5858605323499433,-2.0763124346900015,0.0,0.0,0.0,0.0,0.0,0.0,0.0,0.0,0.0
14,0.0,0.0,0.0,0.0,0.0,0.0,0.0,0.0,0.0,0.0,-2.102446669238764,-2.289958478311538,-2.1377033660167575,-1.5858605323499433,0.0,-2.311181121050059,0.0,0.0,0.0,0.0,0.0,0.0,0.0,0.0,0.0
15,0.0,0.0,0.0,0.0,0.0,0.0,0.0,0.0,0.0,0.0,0.0,0.0,0.0,-2.0763124346900015,-2.311181121050059,0.0,-0.46214514893575503,0.0,0.0,0.0,0.0,0.0,0.0,0.0,0.0
16,0.0,0.0,0.0,0.0,0.0,0.0,0.0,0.0,0.0,0.0,0.0,0.0,0.0,0.0,0.0,-0.46214514893575503,0.0,-0.491233363204344,-1.7955717458227805,-1.1220110008699506,0.0,0.0,0.0,0.0,0.0
17,0.0,0.0,0.0,0.0,0.0,0.0,0.0,0.0,0.0,0.0,0.0,0.0,0.0,0.0,0.0,0.0,-0.491233363204344,0.0,-0.7815006184925534,-0.2900715039985438,-3.1832617527681397,0.0,-2.9176605867136702,0.0,0.0
18,0.0,0.0,0.0,0.0,0.0,0.0,0.0,0.0,0.0,0.0,0.0,0.0,0.0,0.0,0.0,0.0,-1.7955717458227805,-0.7815006184925534,0.0,-0.8356827855090695,-0.7246232865386261,-1.0436112253261198,0.0,0.0,0.0
19,0.0,0.0,0.0,0.0,0.0,0.0,0.0,0.0,0.0,0.0,0.0,0.0,0.0,0.0,0.0,0.0,-1.1220110008699506,-0.2900715039985438,-0.8356827855090695,0.0,-0.2390911180575539,0.0,0.0,0.0,0.0
20,0.0,0.0,0.0,0.0,0.0,0.0,0.0,0.0,0.0,0.0,0.0,0.0,0.0,0.0,0.0,0.0,0.0,-3.1832617527681397,-0.7246232865386261,-0.2390911180575539,0.0,-1.9852334974900379,-2.462894802796833,-3.743400482186207,-2.9369810020697957
21,0.0,0.0,0.0,0.0,0.0,0.0,0.0,0.0,0.0,0.0,0.0,0.0,0.0,0.0,0.0,0.0,0.0,0.0,-1.0436112253261198,0.0,-1.9852334974900379,0.0,-1.8067590667975282,0.0,0.0
22,0.0,0.0,0.0,0.0,0.0,0.0,0.0,0.0,0.0,0.0,0.0,0.0,0.0,0.0,0.0,0.0,0.0,-2.9176605867136702,0.0,0.0,-2.462894802796833,-1.8067590667975282,0.0,-2.2500983246284685,-1.9839572144642934
23,0.0,0.0,0.0,0.0,0.0,0.0,0.0,0.0,0.0,0.0,0.0,0.0,0.0,0.0,0.0,0.0,0.0,0.0,0.0,0.0,-3.743400482186207,0.0,-2.2500983246284685,0.0,-3.199184251083756
24,0.0,0.0,0.0,0.0,0.0,0.0,0.0,0.0,0.0,0.0,0.0,0.0,0.0,0.0,0.0,0.0,0.0,0.0,0.0,0.0,-2.9369810020697957,0.0,-1.9839572144642934,-3.199184251083756,0.0
