,0,1,2,3,4,5,6,7,8
0,0.0,-0.7584637140445118,-0.8377155009099019,-0.9551128004602488,0.0,0.0,0.0,0.0,0.0
1,-0.7584637140445118,0.0,-2.781298559754464,-2.2581152696864257,-1.5720461845714773,0.0,0.0,0.0,0.0
2,-0.8377155009099019,-2.781298559754464,0.0,-2.9945687168210915,-1.67762206021117,0.0,0.0,0.0,0.0
3,-0.9551128004602488,-2.2581152696864257,-2.9945687168210915,0.0,-1.8986961554721127,-3.2929860413163983,-0.8068032174880492,0.0,0.0
4,0.0,-1.5720461845714773,-1.67762206021117,-1.8986961554721127,0.0,-1.726479990929609,-1.1813087455809885,0.0,-1.1710736767378345
5,0.0,0.0,0.0,-3.2929860413163983,-1.726479990929609,0.0,-0.7349858488696047,-0.724252816159501,-0.956251512498944
6,0.0,0.0,0.0,-0.8068032174880492,-1.1813087455809885,-0.7349858488696047,0.0,-1.225485638840878,-1.1460473193292977
7,0.0,0.0,0.0,0.0,0.0,-0.724252816159501,-1.225485638840878,0.0,-0.605784739580025
8,0.0,0.0,0.0,0.0,-1.1710736767378345,-0.956251512498944,-1.1460473193292977,-0.605784739580025,0.0
