,0,1,2,3,4,5,6,7,8,9,10,11,12,13,14,15,16,17,18,19,20,21,22
0,0.0,-2.21205151683006,-1.6206189581196555,-2.0124392756482274,0.0,0.0,0.0,0.0,0.0,0.0,0.0,0.0,0.0,0.0,0.0,0.0,0.0,0.0,0.0,0.0,0.0,0.0,0.0
1,-2.21205151683006,0.0,-2.1392102202554666,-3.671555857462424,-3.8742810773428777,0.0,0.0,0.0,0.0,0.0,0.0,0.0,0.0,0.0,0.0,0.0,0.0,0.0,0.0,0.0,0.0,0.0,0.0
2,-1.6206189581196555,-2.1392102202554666,0.0,-2.3097137308380544,-2.305076231863396,0.0,0.0,0.0,0.0,0.0,0.0,0.0,0.0,0.0,0.0,0.0,0.0,0.0,0.0,0.0,0.0,0.0,0.0
3,-2.0124392756482274,-3.671555857462424,-2.3097137308380544,0.0,-5.017959574559073,-5.008257619083538,0.0,0.0,0.0,0.0,0.0,0.0,0.0,0.0,0.0,0.0,0.0,0.0,0.0,0.0,0.0,0.0,0.0
4,0.0,-3.8742810773428777,-2.305076231863396,-5.017959574559073,0.0,-7.391850793869828,-1.9878129294035938,-2.0370711627904834,0.0,0.0,0.0,0.0,0.0,0.0,0.0,0.0,0.0,0.0,0.0,0.0,0.0,0.0,0.0
5,0.0,0.0,0.0,-5.008257619083538,-7.391850793869828,0.0,-1.992296901370903,-2.0416505747423366,-1.9473062255266156,0.0,0.0,0.0,0.0,0.0,0.0,0.0,0.0,0.0,0.0,0.0,0.0,0.0,0.0
6,0.0,0.0,0.0,0.0,-1.9878129294035938,-1.992296901370903,0.0,-3.0258186664635507,-2.9754103307812,-2.913200129181525,0.0,0.0,0.0,0.0,0.0,0.0,0.0,0.0,0.0,0.0,0.0,0.0,0.0
7,0.0,0.0,0.0,0.0,-2.0370711627904834,-2.0416505747423366,-3.0258186664635507,0.0,-4.354731628353238,-3.481706105239669,0.0,0.0,0.0,0.0,0.0,0.0,0.0,0.0,0.0,0.0,0.0,0.0,0.0
8,0.0,0.0,0.0,0.0,0.0,-1.9473062255266156,-2.9754103307812,-4.354731628353238,0.0,-3.132939635626867,-2.020144516484177,-1.8184174178744998,0.0,0.0,0.0,0.0,0.0,0.0,0.0,0.0,0.0,0.0,0.0
9,0.0,0.0,0.0,0.0,0.0,0.0,-2.913200129181525,-3.481706105239669,-3.132939635626867,0.0,-2.364050669761162,-2.128682967942808,0.0,0.0,0.0,0.0,0.0,0.0,0.0,0.0,0.0,0.0,0.0
10,0.0,0.0,0.0,0.0,0.0,0.0,0.0,0.0,-2.020144516484177,-2.364050669761162,0.0,-2.5442989540439505,0.0,0.0,0.0,0.0,0.0,0.0,0.0,0.0,0.0,0.0,0.0
11,0.0,0.0,0.0,0.0,0.0,0.0,0.0,0.0,-1.8184174178744998,-2.128682967942808,-2.5442989540439505,0.0,0.0,0.0,0.0,0.0,0.0,0.0,0.0,0.0,0.0,0.0,0.0
12,0.0,0.0,0.0,0.0,0.0,0.0,0.0,0.0,0.0,0.0,0.0,0.0,0.0,-3.4419194200521726,-3.4257599008485378,-3.033906448984609,0.0,0.0,0.0,0.0,0.0,0.0,0.0
13,0.0,0.0,0.0,0.0,0.0,0.0,0.0,0.0,0.0,0.0,0.0,0.0,-3.4419194200521726,0.0,-3.332904293624208,-3.7488278742443835,-2.8230735343020235,0.0,0.0,0.0,0.0,0.0,0.0
14,0.0,0.0,0.0,0.0,0.0,0.0,0.0,0.0,0.0,0.0,0.0,0.0,-3.4257599008485378,-3.332904293624208,0.0,-2.8267147873953697,-2.3868545657703426,0.0,0.0,0.0,0.0,0.0,0.0
15,0.0,0.0,0.0,0.0,0.0,0.0,0.0,0.0,0.0,0.0,0.0,0.0,-3.033906448984609,-3.7488278742443835,-2.8267147873953697,0.0,-3.2198950966060145,-2.979626806001767,-3.3051090769130256,0.0,0.0,0.0,0.0
16,0.0,0.0,0.0,0.0,0.0,0.0,0.0,0.0,0.0,0.0,0.0,0.0,0.0,-2.8230735343020235,-2.3868545657703426,-3.2198950966060145,0.0,-3.026959825006561,0.0,0.0,0.0,0.0,0.0
17,0.0,0.0,0.0,0.0,0.0,0.0,0.0,0.0,0.0,0.0,0.0,0.0,0.0,0.0,0.0,-2.979626806001767,-3.026959825006561,0.0,-3.0286567875876353,0.0,0.0,0.0,0.0
18,0.0,0.0,0.0,0.0,0.0,0.0,0.0,0.0,0.0,0.0,0.0,0.0,0.0,0.0,0.0,-3.3051090769130256,0.0,-3.0286567875876353,0.0,-1.0311636164704168,0.0,0.0,0.0
19,0.0,0.0,0.0,0.0,0.0,0.0,0.0,0.0,0.0,0.0,0.0,0.0,0.0,0.0,0.0,0.0,0.0,0.0,-1.0311636164704168,0.0,-0.7985762309514003,-0.7002071986872098,-1.0211412016586106
20,0.0,0.0,0.0,0.0,0.0,0.0,0.0,0.0,0.0,0.0,0.0,0.0,0.0,0.0,0.0,0.0,0.0,0.0,0.0,-0.7985762309514003,0.0,-2.8769127856127144,-1.2024366146995122
21,0.0,0.0,0.0,0.0,0.0,0.0,0.0,0.0,0.0,0.0,0.0,0.0,0.0,0.0,0.0,0.0,0.0,0.0,0.0,-0.7002071986872098,-2.8769127856127144,0.0,-1.182655968102997
22,0.0,0.0,0.0,0.0,0.0,0.0,0.0,0.0,0.0,0.0,0.0,0.0,0.0,0.0,0.0,0.0,0.0,0.0,0.0,-1.0211412016586106,-1.2024366146995122,-1.182655968102997,0.0
