,0,1,2,3,4,5,6,7,8,9,10,11,12,13,14,15
0,0.0,-0.8548971615880688,-0.8544072436450565,-0.8583908658083028,0.0,0.0,0.0,0.0,0.0,0.0,0.0,0.0,0.0,0.0,0.0,0.0
1,-0.8548971615880688,0.0,-3.7225662073089345,-3.906662415439982,-2.177725688547006,0.0,0.0,0.0,0.0,0.0,0.0,0.0,0.0,0.0,0.0,0.0
2,-0.8544072436450565,-3.7225662073089345,0.0,-5.4238937561412355,-2.380711877356056,-2.4903116936154377,0.0,0.0,0.0,0.0,0.0,0.0,0.0,0.0,0.0,0.0
3,-0.8583908658083028,-3.906662415439982,-5.4238937561412355,0.0,-2.3529352389377185,-2.455947689458888,0.0,0.0,0.0,0.0,0.0,0.0,0.0,0.0,0.0,0.0
4,0.0,-2.177725688547006,-2.380711877356056,-2.3529352389377185,0.0,-4.414040327707359,0.0,0.0,0.0,0.0,0.0,0.0,0.0,0.0,0.0,0.0
5,0.0,0.0,-2.4903116936154377,-2.455947689458888,-4.414040327707359,0.0,-3.4296025500838683,-2.732848055353031,-2.7493269637157467,0.0,0.0,0.0,0.0,0.0,0.0,0.0
6,0.0,0.0,0.0,0.0,0.0,-3.4296025500838683,0.0,-3.1613493648625535,-2.4050898937225704,0.0,0.0,0.0,0.0,0.0,0.0,0.0
7,0.0,0.0,0.0,0.0,0.0,-2.732848055353031,-3.1613493648625535,0.0,-2.2984911719796877,-2.9858851215583684,-4.570373286165736,0.0,0.0,0.0,0.0,0.0
8,0.0,0.0,0.0,0.0,0.0,-2.7493269637157467,-2.4050898937225704,-2.2984911719796877,0.0,-2.486098270372351,-2.206357092411371,-1.7325134168217153,0.0,0.0,0.0,0.0
9,0.0,0.0,0.0,0.0,0.0,0.0,0.0,-2.9858851215583684,-2.486098270372351,0.0,-2.8242998345147465,-2.3665164367284364,0.0,0.0,0.0,0.0
10,0.0,0.0,0.0,0.0,0.0,0.0,0.0,-4.570373286165736,-2.206357092411371,-2.8242998345147465,0.0,-2.2329428848568496,0.0,0.0,0.0,0.0
11,0.0,0.0,0.0,0.0,0.0,0.0,0.0,0.0,-1.7325134168217153,-2.3665164367284364,-2.2329428848568496,0.0,0.0,0.0,0.0,0.0
12,0.0,0.0,0.0,0.0,0.0,0.0,0.0,0.0,0.0,0.0,0.0,0.0,0.0,-0.7515827185364014,-0.7146977864791187,-0.6029557974551438
13,0.0,0.0,0.0,0.0,0.0,0.0,0.0,0.0,0.0,0.0,0.0,0.0,-0.7515827185364014,0.0,-3.596883246866122,-1.924483301118476
14,0.0,0.0,0.0,0.0,0.0,0.0,0.0,0.0,0.0,0.0,0.0,0.0,-0.7146977864791187,-3.596883246866122,0.0,-2.122678456900235
15,0.0,0.0,0.0,0.0,0.0,0.0,0.0,0.0,0.0,0.0,0.0,0.0,-0.6029557974551438,-1.924483301118476,-2.122678456900235,0.0
