,0,1,2,3,4,5,6,7,8,9,10,11,12,13,14,15,16,17,18,19
0,0.0,-1.222382776626356,-1.2273395666441191,-1.1760568002667469,0.0,0.0,0.0,0.0,0.0,0.0,0.0,0.0,0.0,0.0,0.0,0.0,0.0,0.0,0.0,0.0
1,-1.222382776626356,0.0,-4.680582947212613,-4.2343288221876945,-5.3370125352208495,0.0,0.0,0.0,0.0,0.0,0.0,0.0,0.0,0.0,0.0,0.0,0.0,0.0,0.0,0.0
2,-1.2273395666441191,-4.680582947212613,0.0,-3.8963534694296587,-4.3000932373556315,0.0,0.0,0.0,0.0,0.0,0.0,0.0,0.0,0.0,0.0,0.0,0.0,0.0,0.0,0.0
3,-1.1760568002667469,-4.2343288221876945,-3.8963534694296587,0.0,-4.539356294956863,0.0,0.0,0.0,0.0,0.0,0.0,0.0,0.0,0.0,0.0,0.0,0.0,0.0,0.0,0.0
4,0.0,-5.3370125352208495,-4.3000932373556315,-4.539356294956863,0.0,-2.5073665132097833,-4.556253830527381,-5.234057366993843,0.0,0.0,0.0,0.0,0.0,0.0,0.0,0.0,0.0,0.0,0.0,0.0
5,0.0,0.0,0.0,0.0,-2.5073665132097833,0.0,-2.4071896984011008,-2.570713163718718,0.0,0.0,0.0,0.0,0.0,0.0,0.0,0.0,0.0,0.0,0.0,0.0
6,0.0,0.0,0.0,0.0,-4.556253830527381,-2.4071896984011008,0.0,-4.258717994669983,0.0,0.0,0.0,0.0,0.0,0.0,0.0,0.0,0.0,0.0,0.0,0.0
7,0.0,0.0,0.0,0.0,-5.234057366993843,-2.570713163718718,-4.258717994669983,0.0,-3.0901254813532226,0.0,0.0,0.0,0.0,0.0,0.0,0.0,0.0,0.0,0.0,0.0
8,0.0,0.0,0.0,0.0,0.0,0.0,0.0,-3.0901254813532226,0.0,-3.174227194409883,-3.923302634666126,0.0,-2.9873408679782494,0.0,0.0,0.0,0.0,0.0,0.0,0.0
9,0.0,0.0,0.0,0.0,0.0,0.0,0.0,0.0,-3.174227194409883,0.0,-3.6765217269757624,-0.35633730288572674,-4.277889608572892,0.0,0.0,0.0,0.0,0.0,0.0,0.0
10,0.0,0.0,0.0,0.0,0.0,0.0,0.0,0.0,-3.923302634666126,-3.6765217269757624,0.0,-0.3284578316845011,-3.294952318286329,0.0,0.0,0.0,0.0,0.0,0.0,0.0
11,0.0,0.0,0.0,0.0,0.0,0.0,0.0,0.0,0.0,-0.35633730288572674,-0.3284578316845011,0.0,-0.37634594123408105,-0.0227032076495847,-0.3622013539133718,0.0,0.0,0.0,0.0,0.0
12,0.0,0.0,0.0,0.0,0.0,0.0,0.0,0.0,-2.9873408679782494,-4.277889608572892,-3.294952318286329,-0.37634594123408105,0.0,-0.44340511977679037,-1.271979817747843,0.0,0.0,0.0,0.0,0.0
13,0.0,0.0,0.0,0.0,0.0,0.0,0.0,0.0,0.0,0.0,0.0,-0.0227032076495847,-0.44340511977679037,0.0,-0.9755315398602565,0.0,-0.1343050647740921,0.0,-0.7196344113207956,-1.0449437890288138
14,0.0,0.0,0.0,0.0,0.0,0.0,0.0,0.0,0.0,0.0,0.0,-0.3622013539133718,-1.271979817747843,-0.9755315398602565,0.0,-1.8816187251984509,0.0,-1.3044163242086564,-0.5905726561755897,-0.37871917319419496
15,0.0,0.0,0.0,0.0,0.0,0.0,0.0,0.0,0.0,0.0,0.0,0.0,0.0,0.0,-1.8816187251984509,0.0,0.0,-1.2074855862367355,0.0,-0.26989366384358715
16,0.0,0.0,0.0,0.0,0.0,0.0,0.0,0.0,0.0,0.0,0.0,0.0,0.0,-0.1343050647740921,0.0,0.0,0.0,0.0,-0.7141760670089276,-0.4797259570947314
17,0.0,0.0,0.0,0.0,0.0,0.0,0.0,0.0,0.0,0.0,0.0,0.0,0.0,0.0,-1.3044163242086564,-1.2074855862367355,0.0,0.0,0.0,-0.0581219029432989
18,0.0,0.0,0.0,0.0,0.0,0.0,0.0,0.0,0.0,0.0,0.0,0.0,0.0,-0.7196344113207956,-0.5905726561755897,0.0,-0.7141760670089276,0.0,0.0,-0.8137069891286033
19,0.0,0.0,0.0,0.0,0.0,0.0,0.0,0.0,0.0,0.0,0.0,0.0,0.0,-1.0449437890288138,-0.37871917319419496,-0.26989366384358715,-0.4797259570947314,-0.0581219029432989,-0.8137069891286033,0.0
