,0,1,2,3,4,5,6,7,8,9,10,11,12,13,14,15
0,0.0,-1.286722760770519,-1.2843857046797786,-1.2413504388040002,0.0,0.0,0.0,0.0,0.0,0.0,0.0,0.0,0.0,0.0,0.0,0.0
1,-1.286722760770519,0.0,-4.216478403178083,-4.058603527662949,-4.0920873423154465,0.0,0.0,0.0,0.0,0.0,0.0,0.0,0.0,0.0,0.0,0.0
2,-1.2843857046797786,-4.216478403178083,0.0,-3.529976917638623,-4.143732628506093,-3.4125377259469634,0.0,0.0,0.0,0.0,0.0,0.0,0.0,0.0,0.0,0.0
3,-1.2413504388040002,-4.058603527662949,-3.529976917638623,0.0,-3.3880006925608845,-3.36020345999904,0.0,0.0,0.0,0.0,0.0,0.0,0.0,0.0,0.0,0.0
4,0.0,-4.0920873423154465,-4.143732628506093,-3.3880006925608845,0.0,-3.033849616740676,-4.010330790848573,0.0,0.0,0.0,0.0,0.0,0.0,0.0,0.0,0.0
5,0.0,0.0,-3.4125377259469634,-3.36020345999904,-3.033849616740676,0.0,-3.484237982831935,0.0,0.0,0.0,0.0,0.0,0.0,0.0,0.0,0.0
6,0.0,0.0,0.0,0.0,-4.010330790848573,-3.484237982831935,0.0,-2.415379127192378,0.0,0.0,0.0,0.0,0.0,0.0,0.0,0.0
7,0.0,0.0,0.0,0.0,0.0,0.0,-2.415379127192378,0.0,-2.629197039735851,-1.8090636968803104,-1.556672496542229,0.0,0.0,0.0,0.0,0.0
8,0.0,0.0,0.0,0.0,0.0,0.0,0.0,-2.629197039735851,0.0,-1.9808293335551126,-1.2870203600449812,0.0,0.0,0.0,0.0,0.0
9,0.0,0.0,0.0,0.0,0.0,0.0,0.0,-1.8090636968803104,-1.9808293335551126,0.0,-1.0103537346155302,-0.7722113999970476,0.0,0.0,0.0,0.0
10,0.0,0.0,0.0,0.0,0.0,0.0,0.0,-1.556672496542229,-1.2870203600449812,-1.0103537346155302,0.0,-0.711548757953922,-1.1112029460044721,-0.7030115948423624,0.0,0.0
11,0.0,0.0,0.0,0.0,0.0,0.0,0.0,0.0,0.0,-0.7722113999970476,-0.711548757953922,0.0,-0.740145411282456,0.0,-2.1572262857995845,-0.8572883040877319
12,0.0,0.0,0.0,0.0,0.0,0.0,0.0,0.0,0.0,0.0,-1.1112029460044721,-0.740145411282456,0.0,-0.7721291425095791,-0.5811930653262658,-0.3592967834515016
13,0.0,0.0,0.0,0.0,0.0,0.0,0.0,0.0,0.0,0.0,-0.7030115948423624,0.0,-0.7721291425095791,0.0,-0.0445284101590017,-0.03389254566534042
14,0.0,0.0,0.0,0.0,0.0,0.0,0.0,0.0,0.0,0.0,0.0,-2.1572262857995845,-0.5811930653262658,-0.0445284101590017,0.0,-1.113909621789193
15,0.0,0.0,0.0,0.0,0.0,0.0,0.0,0.0,0.0,0.0,0.0,-0.8572883040877319,-0.3592967834515016,-0.03389254566534042,-1.113909621789193,0.0
