,0,1,2,3,4,5,6,7,8,9,10,11,12,13,14,15,16,17,18,19,20,21
0,0.0,-0.9365276727401768,-1.134420575887125,-1.1369363424794612,0.0,0.0,0.0,0.0,0.0,0.0,0.0,0.0,0.0,0.0,0.0,0.0,0.0,0.0,0.0,0.0,0.0,0.0
1,-0.9365276727401768,0.0,-2.5990432103702097,-2.6101039119444924,-3.0985337736793257,0.0,0.0,0.0,0.0,0.0,0.0,0.0,0.0,0.0,0.0,0.0,0.0,0.0,0.0,0.0,0.0,0.0
2,-1.134420575887125,-2.5990432103702097,0.0,-5.284186320909914,-3.530129621902903,0.0,0.0,0.0,0.0,0.0,0.0,0.0,0.0,0.0,0.0,0.0,0.0,0.0,0.0,0.0,0.0,0.0
3,-1.1369363424794612,-2.6101039119444924,-5.284186320909914,0.0,-3.5588162683440947,-3.845132975051716,0.0,0.0,0.0,0.0,0.0,0.0,0.0,0.0,0.0,0.0,0.0,0.0,0.0,0.0,0.0,0.0
4,0.0,-3.0985337736793257,-3.530129621902903,-3.5588162683440947,0.0,-3.383135228973803,-2.605391318029044,0.0,0.0,0.0,0.0,0.0,0.0,0.0,0.0,0.0,0.0,0.0,0.0,0.0,0.0,0.0
5,0.0,0.0,0.0,-3.845132975051716,-3.383135228973803,0.0,-2.99316084109562,-2.882931655583354,-3.4244379250783643,0.0,0.0,0.0,0.0,0.0,0.0,0.0,0.0,0.0,0.0,0.0,0.0,0.0
6,0.0,0.0,0.0,0.0,-2.605391318029044,-2.99316084109562,0.0,-2.2973188396296513,-2.492896970881403,0.0,0.0,0.0,0.0,0.0,0.0,0.0,0.0,0.0,0.0,0.0,0.0,0.0
7,0.0,0.0,0.0,0.0,0.0,-2.882931655583354,-2.2973188396296513,0.0,-3.2809058519648904,-3.3074582580950094,0.0,0.0,0.0,0.0,0.0,0.0,0.0,0.0,0.0,0.0,0.0,0.0
8,0.0,0.0,0.0,0.0,0.0,-3.4244379250783643,-2.492896970881403,-3.2809058519648904,0.0,-3.360306083856378,0.0,0.0,0.0,0.0,0.0,0.0,0.0,0.0,0.0,0.0,0.0,0.0
9,0.0,0.0,0.0,0.0,0.0,0.0,0.0,-3.3074582580950094,-3.360306083856378,0.0,-3.196979017616673,0.0,0.0,0.0,0.0,0.0,0.0,0.0,0.0,0.0,0.0,0.0
10,0.0,0.0,0.0,0.0,0.0,0.0,0.0,0.0,0.0,-3.196979017616673,0.0,-2.8975460538771065,-1.140220808349161,-0.8874416487651307,0.0,0.0,0.0,0.0,0.0,0.0,0.0,0.0
11,0.0,0.0,0.0,0.0,0.0,0.0,0.0,0.0,0.0,0.0,-2.8975460538771065,0.0,-0.9873433244415281,-0.772292248238984,0.0,0.0,0.0,0.0,0.0,0.0,0.0,0.0
12,0.0,0.0,0.0,0.0,0.0,0.0,0.0,0.0,0.0,0.0,-1.140220808349161,-0.9873433244415281,0.0,-2.2604379043872633,0.0,0.0,0.0,0.0,0.0,0.0,0.0,0.0
13,0.0,0.0,0.0,0.0,0.0,0.0,0.0,0.0,0.0,0.0,-0.8874416487651307,-0.772292248238984,-2.2604379043872633,0.0,0.0,-0.7692231620435712,0.0,0.0,0.0,0.0,0.0,0.0
14,0.0,0.0,0.0,0.0,0.0,0.0,0.0,0.0,0.0,0.0,0.0,0.0,0.0,0.0,0.0,0.0,-0.7238101334904165,-1.0815293687249032,-0.9859021046649273,0.0,-1.6210558738690946,0.0
15,0.0,0.0,0.0,0.0,0.0,0.0,0.0,0.0,0.0,0.0,0.0,0.0,0.0,-0.7692231620435712,0.0,0.0,-2.506308543697397,-1.6007726630167005,-1.4901113330336386,0.0,0.0,0.0
16,0.0,0.0,0.0,0.0,0.0,0.0,0.0,0.0,0.0,0.0,0.0,0.0,0.0,0.0,-0.7238101334904165,-2.506308543697397,0.0,-1.9201625434312348,-1.9194976720260921,-3.528837482262395,0.0,0.0
17,0.0,0.0,0.0,0.0,0.0,0.0,0.0,0.0,0.0,0.0,0.0,0.0,0.0,0.0,-1.0815293687249032,-1.6007726630167005,-1.9201625434312348,0.0,-2.3183201830895706,-1.737735103523444,-0.9368487298311033,-1.7154622093023046
18,0.0,0.0,0.0,0.0,0.0,0.0,0.0,0.0,0.0,0.0,0.0,0.0,0.0,0.0,-0.9859021046649273,-1.4901113330336386,-1.9194976720260921,-2.3183201830895706,0.0,-1.7711438094378238,0.0,0.0
19,0.0,0.0,0.0,0.0,0.0,0.0,0.0,0.0,0.0,0.0,0.0,0.0,0.0,0.0,0.0,0.0,-3.528837482262395,-1.737735103523444,-1.7711438094378238,0.0,-0.6121430001366928,-2.9514794684287753
20,0.0,0.0,0.0,0.0,0.0,0.0,0.0,0.0,0.0,0.0,0.0,0.0,0.0,0.0,-1.6210558738690946,0.0,0.0,-0.9368487298311033,0.0,-0.6121430001366928,0.0,-0.5730455805454145
21,0.0,0.0,0.0,0.0,0.0,0.0,0.0,0.0,0.0,0.0,0.0,0.0,0.0,0.0,0.0,0.0,0.0,-1.7154622093023046,0.0,-2.9514794684287753,-0.5730455805454145,0.0
