,0,1,2,3,4,5,6,7,8,9,10,11,12,13,14,15,16
0,0.0,-0.7981370466803506,-0.7245990702830966,-0.6381377975127414,0.0,0.0,0.0,0.0,0.0,0.0,0.0,0.0,0.0,0.0,0.0,0.0,0.0
1,-0.7981370466803506,0.0,-3.285495345531182,-2.3677578799473324,-3.200547794858542,0.0,0.0,0.0,0.0,0.0,0.0,0.0,0.0,0.0,0.0,0.0,0.0
2,-0.7245990702830966,-3.285495345531182,0.0,-2.852489274474073,-4.291042039151167,-2.9880596056896445,0.0,0.0,0.0,0.0,0.0,0.0,0.0,0.0,0.0,0.0,0.0
3,-0.6381377975127414,-2.3677578799473324,-2.852489274474073,0.0,-2.9277723899869064,-2.262960347701307,-2.50842853273157,0.0,0.0,0.0,0.0,0.0,0.0,0.0,0.0,0.0,0.0
4,0.0,-3.200547794858542,-4.291042039151167,-2.9277723899869064,0.0,-2.984796457237541,-3.579798349082441,0.0,0.0,0.0,0.0,0.0,0.0,0.0,0.0,0.0,0.0
5,0.0,0.0,-2.9880596056896445,-2.262960347701307,-2.984796457237541,0.0,-3.78262388947585,-2.6961652643995646,-1.9390006361114043,0.0,0.0,0.0,0.0,0.0,0.0,0.0,0.0
6,0.0,0.0,0.0,-2.50842853273157,-3.579798349082441,-3.78262388947585,0.0,-3.0991453043236676,-1.897242699274321,0.0,0.0,0.0,0.0,0.0,0.0,0.0,0.0
7,0.0,0.0,0.0,0.0,0.0,-2.6961652643995646,-3.0991453043236676,0.0,-1.8219127314882004,-3.5672135054924508,0.0,0.0,0.0,0.0,0.0,0.0,0.0
8,0.0,0.0,0.0,0.0,0.0,-1.9390006361114043,-1.897242699274321,-1.8219127314882004,0.0,-1.9793721459212525,0.0,0.0,0.0,0.0,0.0,0.0,0.0
9,0.0,0.0,0.0,0.0,0.0,0.0,0.0,-3.5672135054924508,-1.9793721459212525,0.0,-3.0563752577165593,0.0,0.0,0.0,0.0,0.0,0.0
10,0.0,0.0,0.0,0.0,0.0,0.0,0.0,0.0,0.0,-3.0563752577165593,0.0,-3.862551488731342,0.0,-2.6247427120663387,0.0,0.0,0.0
11,0.0,0.0,0.0,0.0,0.0,0.0,0.0,0.0,0.0,0.0,-3.862551488731342,0.0,0.0,-2.444112940034173,0.0,-2.26817874463668,0.0
12,0.0,0.0,0.0,0.0,0.0,0.0,0.0,0.0,0.0,0.0,0.0,0.0,0.0,-2.4184784471049814,-0.5824565723038289,-2.4983815229438835,0.0
13,0.0,0.0,0.0,0.0,0.0,0.0,0.0,0.0,0.0,0.0,-2.6247427120663387,-2.444112940034173,-2.4184784471049814,0.0,-0.4395296462724861,-3.843128161255914,-2.5028316196623637
14,0.0,0.0,0.0,0.0,0.0,0.0,0.0,0.0,0.0,0.0,0.0,0.0,-0.5824565723038289,-0.4395296462724861,0.0,-0.4452866996965485,-0.49604662144672634
15,0.0,0.0,0.0,0.0,0.0,0.0,0.0,0.0,0.0,0.0,0.0,-2.26817874463668,-2.4983815229438835,-3.843128161255914,-0.4452866996965485,0.0,-2.310025993081324
16,0.0,0.0,0.0,0.0,0.0,0.0,0.0,0.0,0.0,0.0,0.0,0.0,0.0,-2.5028316196623637,-0.49604662144672634,-2.310025993081324,0.0
