,0,1,2,3,4,5,6,7,8,9,10,11,12,13,14,15,16,17,18,19,20,21,22,23,24,25
0,0.0,-0.9306487093704792,-0.9109861668979449,-4.876599744112447,0.0,0.0,0.0,0.0,0.0,0.0,0.0,0.0,0.0,0.0,0.0,0.0,0.0,0.0,0.0,0.0,0.0,0.0,0.0,0.0,0.0,0.0
1,-0.9306487093704792,0.0,-3.60592300741947,-0.9241015403128229,-3.302053806027157,0.0,0.0,0.0,0.0,0.0,0.0,0.0,0.0,0.0,0.0,0.0,0.0,0.0,0.0,0.0,0.0,0.0,0.0,0.0,0.0,0.0
2,-0.9109861668979449,-3.60592300741947,0.0,-0.9057365682981992,-2.7757476990650827,-0.05088517281560867,0.0,0.0,0.0,0.0,0.0,0.0,0.0,0.0,0.0,0.0,0.0,0.0,0.0,0.0,0.0,0.0,0.0,0.0,0.0,0.0
3,-4.876599744112447,-0.9241015403128229,-0.9057365682981992,0.0,-0.9832205435143456,-0.5190425840302716,-0.9412384862455341,0.0,0.0,0.0,0.0,0.0,0.0,0.0,0.0,0.0,0.0,0.0,0.0,0.0,0.0,0.0,0.0,0.0,0.0,0.0
4,0.0,-3.302053806027157,-2.7757476990650827,-0.9832205435143456,0.0,-0.06122962943556275,-3.5091169378905094,0.0,0.0,0.0,0.0,0.0,0.0,0.0,0.0,0.0,0.0,0.0,0.0,0.0,0.0,0.0,0.0,0.0,0.0,0.0
5,0.0,0.0,-0.05088517281560867,-0.5190425840302716,-0.06122962943556275,0.0,-0.05371658259481044,-3.3922475159206367,0.0,0.0,0.0,0.0,0.0,0.0,0.0,0.0,0.0,0.0,0.0,0.0,0.0,0.0,0.0,0.0,0.0,0.0
6,0.0,0.0,0.0,-0.9412384862455341,-3.5091169378905094,-0.05371658259481044,0.0,-0.02348030494479483,-0.0603785678963178,0.0,0.0,0.0,0.0,0.0,0.0,0.0,0.0,0.0,0.0,0.0,0.0,0.0,0.0,0.0,0.0,0.0
7,0.0,0.0,0.0,0.0,0.0,-3.3922475159206367,-0.02348030494479483,0.0,-3.339411815363552,0.0,0.0,0.0,0.0,0.0,0.0,0.0,0.0,0.0,0.0,0.0,0.0,0.0,0.0,0.0,0.0,0.0
8,0.0,0.0,0.0,0.0,0.0,0.0,-0.0603785678963178,-3.339411815363552,0.0,-0.02545169059946643,-0.08755928793850987,0.0,0.0,0.0,0.0,0.0,0.0,0.0,0.0,0.0,0.0,0.0,0.0,0.0,0.0,0.0
9,0.0,0.0,0.0,0.0,0.0,0.0,0.0,0.0,-0.02545169059946643,0.0,-2.736557439341362,-2.448562878100709,-1.3063961734362222,0.0,0.0,0.0,0.0,0.0,0.0,0.0,0.0,0.0,0.0,0.0,0.0,0.0
10,0.0,0.0,0.0,0.0,0.0,0.0,0.0,0.0,-0.08755928793850987,-2.736557439341362,0.0,-2.8811797241669277,-1.5381582715768853,0.0,0.0,0.0,0.0,0.0,0.0,0.0,0.0,0.0,0.0,0.0,0.0,0.0
11,0.0,0.0,0.0,0.0,0.0,0.0,0.0,0.0,0.0,-2.448562878100709,-2.8811797241669277,0.0,-1.6709451265722923,0.0,0.0,0.0,0.0,0.0,0.0,0.0,0.0,0.0,0.0,0.0,0.0,0.0
12,0.0,0.0,0.0,0.0,0.0,0.0,0.0,0.0,0.0,-1.3063961734362222,-1.5381582715768853,-1.6709451265722923,0.0,0.0,-0.29286618854307234,0.0,0.0,0.0,0.0,0.0,0.0,0.0,0.0,0.0,0.0,0.0
13,0.0,0.0,0.0,0.0,0.0,0.0,0.0,0.0,0.0,0.0,0.0,0.0,0.0,0.0,-3.07028783964897,-2.120855517358343,0.0,0.0,0.0,-3.214785276476441,0.0,0.0,0.0,0.0,0.0,0.0
14,0.0,0.0,0.0,0.0,0.0,0.0,0.0,0.0,0.0,0.0,0.0,0.0,-0.29286618854307234,-3.07028783964897,0.0,-1.837973724348077,0.0,0.0,0.0,-2.6260013538913567,0.0,0.0,0.0,0.0,0.0,0.0
15,0.0,0.0,0.0,0.0,0.0,0.0,0.0,0.0,0.0,0.0,0.0,0.0,0.0,-2.120855517358343,-1.837973724348077,0.0,0.0,0.0,0.0,-2.4422085442324777,0.0,0.0,0.0,0.0,0.0,0.0
16,0.0,0.0,0.0,0.0,0.0,0.0,0.0,0.0,0.0,0.0,0.0,0.0,0.0,0.0,0.0,0.0,0.0,-0.6704423532443358,-0.7014280731034719,0.0,0.0,-1.2480866183634802,-1.1926773507608877,0.0,0.0,0.0
17,0.0,0.0,0.0,0.0,0.0,0.0,0.0,0.0,0.0,0.0,0.0,0.0,0.0,0.0,0.0,0.0,-0.6704423532443358,0.0,-2.0904864393773965,-0.0038600931372391087,-1.6753158917833586,0.0,0.0,0.0,0.0,0.0
18,0.0,0.0,0.0,0.0,0.0,0.0,0.0,0.0,0.0,0.0,0.0,0.0,0.0,0.0,0.0,0.0,-0.7014280731034719,-2.0904864393773965,0.0,-0.13148203685634186,-2.2770858577449298,0.0,0.0,0.0,0.0,0.0
19,0.0,0.0,0.0,0.0,0.0,0.0,0.0,0.0,0.0,0.0,0.0,0.0,0.0,-3.214785276476441,-2.6260013538913567,-2.4422085442324777,0.0,-0.0038600931372391087,-0.13148203685634186,0.0,-0.13540153777836397,0.0,0.0,0.0,0.0,0.0
20,0.0,0.0,0.0,0.0,0.0,0.0,0.0,0.0,0.0,0.0,0.0,0.0,0.0,0.0,0.0,0.0,0.0,-1.6753158917833586,-2.2770858577449298,-0.13540153777836397,0.0,-0.9804847833269419,0.0,0.0,0.0,0.0
21,0.0,0.0,0.0,0.0,0.0,0.0,0.0,0.0,0.0,0.0,0.0,0.0,0.0,0.0,0.0,0.0,-1.2480866183634802,0.0,0.0,0.0,-0.9804847833269419,0.0,-2.1410669606567994,-1.2554858193488296,-1.0838672015662176,-0.7597070569077139
22,0.0,0.0,0.0,0.0,0.0,0.0,0.0,0.0,0.0,0.0,0.0,0.0,0.0,0.0,0.0,0.0,-1.1926773507608877,0.0,0.0,0.0,0.0,-2.1410669606567994,0.0,-1.7873192157101234,-1.0813984000563275,-0.839222350618583
23,0.0,0.0,0.0,0.0,0.0,0.0,0.0,0.0,0.0,0.0,0.0,0.0,0.0,0.0,0.0,0.0,0.0,0.0,0.0,0.0,0.0,-1.2554858193488296,-1.7873192157101234,0.0,-0.9065186375632057,-0.8330481668706257
24,0.0,0.0,0.0,0.0,0.0,0.0,0.0,0.0,0.0,0.0,0.0,0.0,0.0,0.0,0.0,0.0,0.0,0.0,0.0,0.0,0.0,-1.0838672015662176,-1.0813984000563275,-0.9065186375632057,0.0,0.0
25,0.0,0.0,0.0,0.0,0.0,0.0,0.0,0.0,0.0,0.0,0.0,0.0,0.0,0.0,0.0,0.0,0.0,0.0,0.0,0.0,0.0,-0.7597070569077139,-0.839222350618583,-0.8330481668706257,0.0,0.0
