,0,1,2,3,4,5,6,7,8,9,10,11,12,13,14,15,16,17,18,19,20
0,0.0,-0.43859088818355596,-4.458264681973254,-5.023521828941533,0.0,0.0,0.0,0.0,0.0,0.0,0.0,0.0,0.0,0.0,0.0,0.0,0.0,0.0,0.0,0.0,0.0
1,-0.43859088818355596,0.0,-0.4398136521757193,-0.42863197534202385,0.0,0.0,0.0,0.0,0.0,0.0,0.0,0.0,0.0,0.0,0.0,0.0,0.0,0.0,0.0,0.0,0.0
2,-4.458264681973254,-0.4398136521757193,0.0,-4.2137762726264665,0.0,0.0,0.0,0.0,0.0,0.0,0.0,0.0,0.0,0.0,0.0,0.0,0.0,0.0,0.0,0.0,0.0
3,-5.023521828941533,-0.42863197534202385,-4.2137762726264665,0.0,-4.041889671785155,-3.582583061546383,-3.884257790476963,0.0,0.0,0.0,0.0,0.0,0.0,0.0,0.0,0.0,0.0,0.0,0.0,0.0,0.0
4,0.0,0.0,0.0,-4.041889671785155,0.0,-3.894524786489084,-3.34232426139329,0.0,-2.0731093068473507,0.0,0.0,0.0,0.0,0.0,0.0,0.0,0.0,0.0,0.0,0.0,0.0
5,0.0,0.0,0.0,-3.582583061546383,-3.894524786489084,0.0,-3.373004006676792,-2.9268316765186135,-2.025559137720851,0.0,0.0,0.0,0.0,0.0,0.0,0.0,0.0,0.0,0.0,0.0,0.0
6,0.0,0.0,0.0,-3.884257790476963,-3.34232426139329,-3.373004006676792,0.0,-3.6751692174742336,-2.322281968795204,0.0,0.0,0.0,0.0,0.0,0.0,0.0,0.0,0.0,0.0,0.0,0.0
7,0.0,0.0,0.0,0.0,0.0,-2.9268316765186135,-3.6751692174742336,0.0,-2.413458517916015,0.0,0.0,0.0,0.0,0.0,0.0,0.0,0.0,0.0,0.0,0.0,0.0
8,0.0,0.0,0.0,0.0,-2.0731093068473507,-2.025559137720851,-2.322281968795204,-2.413458517916015,0.0,-2.1210394554912284,0.0,0.0,0.0,0.0,0.0,0.0,0.0,0.0,0.0,0.0,0.0
9,0.0,0.0,0.0,0.0,0.0,0.0,0.0,0.0,-2.1210394554912284,0.0,-3.183934548052388,0.0,-3.0406971456956096,0.0,0.0,0.0,0.0,0.0,0.0,0.0,0.0
10,0.0,0.0,0.0,0.0,0.0,0.0,0.0,0.0,0.0,-3.183934548052388,0.0,-2.339960236722434,-4.232337225212311,-3.5803533880785574,0.0,0.0,0.0,0.0,0.0,0.0,0.0
11,0.0,0.0,0.0,0.0,0.0,0.0,0.0,0.0,0.0,0.0,-2.339960236722434,0.0,0.0,-2.2626475972531668,-2.219948156384531,0.0,0.0,0.0,0.0,0.0,0.0
12,0.0,0.0,0.0,0.0,0.0,0.0,0.0,0.0,0.0,-3.0406971456956096,-4.232337225212311,0.0,0.0,-3.1706403893239874,-3.8458770434467433,-2.5929717171911046,0.0,0.0,0.0,0.0,0.0
13,0.0,0.0,0.0,0.0,0.0,0.0,0.0,0.0,0.0,0.0,-3.5803533880785574,-2.2626475972531668,-3.1706403893239874,0.0,-3.474034566322675,-3.2652333535414666,-3.9882000486098703,0.0,0.0,0.0,0.0
14,0.0,0.0,0.0,0.0,0.0,0.0,0.0,0.0,0.0,0.0,0.0,-2.219948156384531,-3.8458770434467433,-3.474034566322675,0.0,-2.6772138596753847,-3.095807437073691,0.0,0.0,0.0,0.0
15,0.0,0.0,0.0,0.0,0.0,0.0,0.0,0.0,0.0,0.0,0.0,0.0,-2.5929717171911046,-3.2652333535414666,-2.6772138596753847,0.0,-3.6537142709982784,0.0,0.0,0.0,0.0
16,0.0,0.0,0.0,0.0,0.0,0.0,0.0,0.0,0.0,0.0,0.0,0.0,0.0,-3.9882000486098703,-3.095807437073691,-3.6537142709982784,0.0,0.0,0.0,0.0,0.0
17,0.0,0.0,0.0,0.0,0.0,0.0,0.0,0.0,0.0,0.0,0.0,0.0,0.0,0.0,0.0,0.0,0.0,0.0,-1.9708186970830177,-0.3676088271892872,-0.6431383042003628
18,0.0,0.0,0.0,0.0,0.0,0.0,0.0,0.0,0.0,0.0,0.0,0.0,0.0,0.0,0.0,0.0,0.0,-1.9708186970830177,0.0,-0.18562843164543918,-0.40924974178631585
19,0.0,0.0,0.0,0.0,0.0,0.0,0.0,0.0,0.0,0.0,0.0,0.0,0.0,0.0,0.0,0.0,0.0,-0.3676088271892872,-0.18562843164543918,0.0,-1.789239119034584
20,0.0,0.0,0.0,0.0,0.0,0.0,0.0,0.0,0.0,0.0,0.0,0.0,0.0,0.0,0.0,0.0,0.0,-0.6431383042003628,-0.40924974178631585,-1.789239119034584,0.0
