,0,1,2,3,4,5,6,7,8,9,10,11,12,13,14,15
0,0.0,-1.4511727968788903,-1.7070213807785592,-1.6008316163967222,0.0,0.0,0.0,0.0,0.0,0.0,0.0,0.0,0.0,0.0,0.0,0.0
1,-1.4511727968788903,0.0,-2.6405169253830776,-2.852203839363392,0.0,0.0,0.0,0.0,0.0,0.0,0.0,0.0,0.0,0.0,0.0,0.0
2,-1.7070213807785592,-2.6405169253830776,0.0,-3.8885443373991193,-4.459153427151684,-3.2948506377048163,0.0,0.0,0.0,0.0,0.0,0.0,0.0,0.0,0.0,0.0
3,-1.6008316163967222,-2.852203839363392,-3.8885443373991193,0.0,-4.430575937905761,-3.440649126708283,0.0,0.0,0.0,0.0,0.0,0.0,0.0,0.0,0.0,0.0
4,0.0,0.0,-4.459153427151684,-4.430575937905761,0.0,-3.5881580991588207,-4.953464911610333,0.0,0.0,0.0,0.0,0.0,0.0,0.0,0.0,0.0
5,0.0,0.0,-3.2948506377048163,-3.440649126708283,-3.5881580991588207,0.0,-3.3820040567133667,-3.4625422094116995,0.0,-3.0371109618862566,0.0,0.0,0.0,0.0,0.0,0.0
6,0.0,0.0,0.0,0.0,-4.953464911610333,-3.3820040567133667,0.0,-3.4649169068751315,0.0,-2.7857847198066272,0.0,0.0,0.0,0.0,0.0,0.0
7,0.0,0.0,0.0,0.0,0.0,-3.4625422094116995,-3.4649169068751315,0.0,-2.0501010784996625,-3.47953030514586,0.0,0.0,0.0,0.0,0.0,0.0
8,0.0,0.0,0.0,0.0,0.0,0.0,0.0,-2.0501010784996625,0.0,-1.8976340133115703,-2.1075030572652214,0.0,0.0,0.0,0.0,0.0
9,0.0,0.0,0.0,0.0,0.0,-3.0371109618862566,-2.7857847198066272,-3.47953030514586,-1.8976340133115703,0.0,-3.108888359691497,-2.9540991717931218,0.0,0.0,0.0,0.0
10,0.0,0.0,0.0,0.0,0.0,0.0,0.0,0.0,-2.1075030572652214,-3.108888359691497,0.0,-3.110890024461101,-0.42009015204931444,0.0,0.0,-0.32542362474367587
11,0.0,0.0,0.0,0.0,0.0,0.0,0.0,0.0,0.0,-2.9540991717931218,-3.110890024461101,0.0,-0.4305693457329827,-1.6165051448882914,-2.7373432132342668,-0.290814026264303
12,0.0,0.0,0.0,0.0,0.0,0.0,0.0,0.0,0.0,0.0,-0.42009015204931444,-0.4305693457329827,0.0,-0.4720556120421418,-0.5008694574054344,0.3019839475255616
13,0.0,0.0,0.0,0.0,0.0,0.0,0.0,0.0,0.0,0.0,0.0,-1.6165051448882914,-0.4720556120421418,0.0,0.0,-0.10464951390851104
14,0.0,0.0,0.0,0.0,0.0,0.0,0.0,0.0,0.0,0.0,0.0,-2.7373432132342668,-0.5008694574054344,0.0,0.0,-0.2642210515686316
15,0.0,0.0,0.0,0.0,0.0,0.0,0.0,0.0,0.0,0.0,-0.32542362474367587,-0.290814026264303,0.3019839475255616,-0.10464951390851104,-0.2642210515686316,0.0
