,0,1,2,3,4,5,6,7,8,9,10,11,12,13,14,15,16,17
0,0.0,-1.6934405896635953,-4.214652273903432,-3.820742846214529,0.0,0.0,0.0,0.0,0.0,0.0,0.0,0.0,0.0,0.0,0.0,0.0,0.0,0.0
1,-1.6934405896635953,0.0,-1.7754679503989899,-1.7817482053541156,0.0,-1.9587659184503838,0.0,0.0,0.0,0.0,0.0,0.0,0.0,0.0,0.0,0.0,0.0,0.0
2,-4.214652273903432,-1.7754679503989899,0.0,-4.417993359688598,0.0,-2.3645467889430027,0.0,0.0,0.0,0.0,0.0,0.0,0.0,0.0,0.0,0.0,0.0,0.0
3,-3.820742846214529,-1.7817482053541156,-4.417993359688598,0.0,-1.1611176795999787,-2.4843390865712487,-3.6561284114237127,0.0,0.0,0.0,0.0,0.0,0.0,0.0,0.0,0.0,0.0,0.0
4,0.0,0.0,0.0,-1.1611176795999787,0.0,-1.0413906116541802,-1.153190270820867,0.0,0.0,0.0,0.0,0.0,0.0,0.0,0.0,0.0,0.0,0.0
5,0.0,-1.9587659184503838,-2.3645467889430027,-2.4843390865712487,-1.0413906116541802,0.0,-2.231952834665559,0.0,0.0,0.0,0.0,0.0,0.0,0.0,0.0,0.0,0.0,0.0
6,0.0,0.0,0.0,-3.6561284114237127,-1.153190270820867,-2.231952834665559,0.0,0.0,0.0,0.0,0.0,0.0,0.0,0.0,0.0,0.0,0.0,0.0
7,0.0,0.0,0.0,0.0,0.0,0.0,0.0,0.0,-1.8777447435141823,-1.9510261447586899,-1.7907605438462297,0.0,0.0,0.0,0.0,0.0,0.0,0.0
8,0.0,0.0,0.0,0.0,0.0,0.0,0.0,-1.8777447435141823,0.0,-4.424866996029806,-4.021348485508767,0.0,0.0,0.0,0.0,0.0,0.0,0.0
9,0.0,0.0,0.0,0.0,0.0,0.0,0.0,-1.9510261447586899,-4.424866996029806,0.0,-3.519981596765457,-3.271192209393203,0.0,0.0,0.0,0.0,0.0,0.0
10,0.0,0.0,0.0,0.0,0.0,0.0,0.0,-1.7907605438462297,-4.021348485508767,-3.519981596765457,0.0,-2.698492239909638,-1.4769438268848003,0.0,0.0,0.0,0.0,0.0
11,0.0,0.0,0.0,0.0,0.0,0.0,0.0,0.0,0.0,-3.271192209393203,-2.698492239909638,0.0,-1.6294859392249983,-1.8841126764767064,-1.5933402013673856,0.0,0.0,0.0
12,0.0,0.0,0.0,0.0,0.0,0.0,0.0,0.0,0.0,0.0,-1.4769438268848003,-1.6294859392249983,0.0,-2.26666295173706,-2.9282191987096335,-1.6030746593668952,0.0,0.0
13,0.0,0.0,0.0,0.0,0.0,0.0,0.0,0.0,0.0,0.0,0.0,-1.8841126764767064,-2.26666295173706,0.0,-1.9056817725499426,-1.5966314023649664,-1.7607599534850273,-1.8115242563131648
14,0.0,0.0,0.0,0.0,0.0,0.0,0.0,0.0,0.0,0.0,0.0,-1.5933402013673856,-2.9282191987096335,-1.9056817725499426,0.0,-1.6901304262920869,0.0,0.0
15,0.0,0.0,0.0,0.0,0.0,0.0,0.0,0.0,0.0,0.0,0.0,0.0,-1.6030746593668952,-1.5966314023649664,-1.6901304262920869,0.0,-2.9842927821524423,-2.774671502301478
16,0.0,0.0,0.0,0.0,0.0,0.0,0.0,0.0,0.0,0.0,0.0,0.0,0.0,-1.7607599534850273,0.0,-2.9842927821524423,0.0,-4.411755379877348
17,0.0,0.0,0.0,0.0,0.0,0.0,0.0,0.0,0.0,0.0,0.0,0.0,0.0,-1.8115242563131648,0.0,-2.774671502301478,-4.411755379877348,0.0
