,0,1,2,3,4,5,6,7,8,9,10,11,12,13,14,15,16,17,18,19,20,21,22,23
0,0.0,-0.36257975972399403,-2.190676192322599,-2.2464571805001254,0.0,0.0,0.0,0.0,0.0,0.0,0.0,0.0,0.0,0.0,0.0,0.0,0.0,0.0,0.0,0.0,0.0,0.0,0.0,0.0
1,-0.36257975972399403,0.0,-0.23943590036731494,-0.30521403242447676,-0.3493953184211329,0.0,0.0,0.0,0.0,0.0,0.0,0.0,0.0,0.0,0.0,0.0,0.0,0.0,0.0,0.0,0.0,0.0,0.0,0.0
2,-2.190676192322599,-0.23943590036731494,0.0,-2.7752413748808378,-2.282506250105094,0.0,0.0,0.0,0.0,0.0,0.0,0.0,0.0,0.0,0.0,0.0,0.0,0.0,0.0,0.0,0.0,0.0,0.0,0.0
3,-2.2464571805001254,-0.30521403242447676,-2.7752413748808378,0.0,-2.3115298093173786,-2.363680496970851,0.0,0.0,0.0,0.0,0.0,0.0,0.0,0.0,0.0,0.0,0.0,0.0,0.0,0.0,0.0,0.0,0.0,0.0
4,0.0,-0.3493953184211329,-2.282506250105094,-2.3115298093173786,0.0,-2.3846195841229365,-3.9567597180718206,-3.275622652978824,0.0,0.0,0.0,0.0,0.0,0.0,0.0,0.0,0.0,0.0,0.0,0.0,0.0,0.0,0.0,0.0
5,0.0,0.0,0.0,-2.363680496970851,-2.3846195841229365,0.0,-2.428678408764751,-2.5744064432840617,0.0,0.0,0.0,0.0,0.0,0.0,0.0,0.0,0.0,0.0,0.0,0.0,0.0,0.0,0.0,0.0
6,0.0,0.0,0.0,0.0,-3.9567597180718206,-2.428678408764751,0.0,-3.8858304832028123,-2.2768416091469525,-2.5735987993280474,0.0,0.0,0.0,0.0,0.0,0.0,0.0,0.0,0.0,0.0,0.0,0.0,0.0,0.0
7,0.0,0.0,0.0,0.0,-3.275622652978824,-2.5744064432840617,-3.8858304832028123,0.0,-2.323347607222268,-2.799700512334456,-1.099551460080371,0.0,0.0,0.0,0.0,0.0,0.0,0.0,0.0,0.0,0.0,0.0,0.0,0.0
8,0.0,0.0,0.0,0.0,0.0,0.0,-2.2768416091469525,-2.323347607222268,0.0,-2.8166109264732735,-1.0638861279522795,0.0,0.0,0.0,0.0,0.0,0.0,0.0,0.0,0.0,0.0,0.0,0.0,0.0
9,0.0,0.0,0.0,0.0,0.0,0.0,-2.5735987993280474,-2.799700512334456,-2.8166109264732735,0.0,0.0,0.0,0.0,0.0,0.0,0.0,0.0,0.0,0.0,0.0,0.0,0.0,0.0,0.0
10,0.0,0.0,0.0,0.0,0.0,0.0,0.0,-1.099551460080371,-1.0638861279522795,0.0,0.0,-1.03063849690872,-1.0554650831984107,0.0,-1.0461640794960267,0.0,0.0,0.0,0.0,0.0,0.0,0.0,0.0,0.0
11,0.0,0.0,0.0,0.0,0.0,0.0,0.0,0.0,0.0,0.0,-1.03063849690872,0.0,-3.3367233731427173,0.0,-1.9179114231783077,0.0,0.0,0.0,0.0,0.0,0.0,0.0,0.0,0.0
12,0.0,0.0,0.0,0.0,0.0,0.0,0.0,0.0,0.0,0.0,-1.0554650831984107,-3.3367233731427173,0.0,0.0,-2.1944212520798887,0.0,0.0,0.0,0.0,0.0,0.0,0.0,0.0,0.0
13,0.0,0.0,0.0,0.0,0.0,0.0,0.0,0.0,0.0,0.0,0.0,0.0,0.0,0.0,-0.2544956320646104,-1.1968322546791577,0.0,-1.1839361450713854,0.0,0.0,0.0,0.0,0.0,0.0
14,0.0,0.0,0.0,0.0,0.0,0.0,0.0,0.0,0.0,0.0,-1.0461640794960267,-1.9179114231783077,-2.1944212520798887,-0.2544956320646104,0.0,-0.6156291259384408,-2.520766964719112,0.0,0.0,0.0,0.0,0.0,0.0,0.0
15,0.0,0.0,0.0,0.0,0.0,0.0,0.0,0.0,0.0,0.0,0.0,0.0,0.0,-1.1968322546791577,-0.6156291259384408,0.0,-0.739562894826817,-3.724405452699832,-0.7174500336756086,0.0,0.0,0.0,0.0,0.0
16,0.0,0.0,0.0,0.0,0.0,0.0,0.0,0.0,0.0,0.0,0.0,0.0,0.0,0.0,-2.520766964719112,-0.739562894826817,0.0,-0.7782389131474401,-2.364446858436112,0.0,0.0,0.0,0.0,0.0
17,0.0,0.0,0.0,0.0,0.0,0.0,0.0,0.0,0.0,0.0,0.0,0.0,0.0,-1.1839361450713854,0.0,-3.724405452699832,-0.7782389131474401,0.0,-0.7612079428567811,0.0,0.0,0.0,0.0,0.0
18,0.0,0.0,0.0,0.0,0.0,0.0,0.0,0.0,0.0,0.0,0.0,0.0,0.0,0.0,0.0,-0.7174500336756086,-2.364446858436112,-0.7612079428567811,0.0,-0.9139909690221324,-1.902160081216805,-1.6790576782250248,0.0,0.0
19,0.0,0.0,0.0,0.0,0.0,0.0,0.0,0.0,0.0,0.0,0.0,0.0,0.0,0.0,0.0,0.0,0.0,0.0,-0.9139909690221324,0.0,-1.2276551248601812,-1.232558284101547,0.0,0.0
20,0.0,0.0,0.0,0.0,0.0,0.0,0.0,0.0,0.0,0.0,0.0,0.0,0.0,0.0,0.0,0.0,0.0,0.0,-1.902160081216805,-1.2276551248601812,0.0,-3.1695026598300657,-1.7353105928134958,-0.7871647873081103
21,0.0,0.0,0.0,0.0,0.0,0.0,0.0,0.0,0.0,0.0,0.0,0.0,0.0,0.0,0.0,0.0,0.0,0.0,-1.6790576782250248,-1.232558284101547,-3.1695026598300657,0.0,-1.5880925557724488,-0.7095268043056766
22,0.0,0.0,0.0,0.0,0.0,0.0,0.0,0.0,0.0,0.0,0.0,0.0,0.0,0.0,0.0,0.0,0.0,0.0,0.0,0.0,-1.7353105928134958,-1.5880925557724488,0.0,-0.7570174669830368
23,0.0,0.0,0.0,0.0,0.0,0.0,0.0,0.0,0.0,0.0,0.0,0.0,0.0,0.0,0.0,0.0,0.0,0.0,0.0,0.0,-0.7871647873081103,-0.7095268043056766,-0.7570174669830368,0.0
