,0,1,2,3,4,5,6,7,8,9,10,11,12,13,14,15
0,0.0,-0.9240034519436162,-4.720378850670609,0.0,-5.708993209366699,0.0,0.0,0.0,0.0,0.0,0.0,0.0,0.0,0.0,0.0,0.0
1,-0.9240034519436162,0.0,-0.9122248854378031,-1.0214373419805876,-0.9201084254203022,0.0,0.0,0.0,0.0,0.0,0.0,0.0,0.0,0.0,0.0,0.0
2,-4.720378850670609,-0.9122248854378031,0.0,-3.1793250652637295,-5.1838101655328375,0.0,0.0,0.0,0.0,0.0,0.0,0.0,0.0,0.0,0.0,0.0
3,0.0,-1.0214373419805876,-3.1793250652637295,0.0,-3.2581724303928516,-3.1475765579352264,-3.2369567100461394,0.0,0.0,0.0,0.0,0.0,0.0,0.0,0.0,0.0
4,-5.708993209366699,-0.9201084254203022,-5.1838101655328375,-3.2581724303928516,0.0,-4.0880895338687395,-5.08782756695648,0.0,0.0,0.0,0.0,0.0,0.0,0.0,0.0,0.0
5,0.0,0.0,0.0,-3.1475765579352264,-4.0880895338687395,0.0,-4.546861416015042,-4.173047602220028,-2.79476528233003,0.0,0.0,0.0,0.0,0.0,0.0,0.0
6,0.0,0.0,0.0,-3.2369567100461394,-5.08782756695648,-4.546861416015042,0.0,-4.809359366499877,-2.8017287463873166,0.0,0.0,0.0,0.0,0.0,0.0,0.0
7,0.0,0.0,0.0,0.0,0.0,-4.173047602220028,-4.809359366499877,0.0,-2.9325204361751553,-3.6605227353928442,0.0,0.0,0.0,0.0,0.0,0.0
8,0.0,0.0,0.0,0.0,0.0,-2.79476528233003,-2.8017287463873166,-2.9325204361751553,0.0,0.0,0.0,0.0,0.0,0.0,0.0,0.0
9,0.0,0.0,0.0,0.0,0.0,0.0,0.0,-3.6605227353928442,0.0,0.0,-2.2418431885985153,-3.9024088616828565,-2.2984905952142403,0.0,0.0,0.0
10,0.0,0.0,0.0,0.0,0.0,0.0,0.0,0.0,0.0,-2.2418431885985153,0.0,-2.2619187398342064,-3.377477945783967,0.0,0.0,0.0
11,0.0,0.0,0.0,0.0,0.0,0.0,0.0,0.0,0.0,-3.9024088616828565,-2.2619187398342064,0.0,-2.3867475712837805,-0.5175212760327192,0.0,0.0
12,0.0,0.0,0.0,0.0,0.0,0.0,0.0,0.0,0.0,-2.2984905952142403,-3.377477945783967,-2.3867475712837805,0.0,-0.6759606302509953,-2.72999275547678,-2.335887547626686
13,0.0,0.0,0.0,0.0,0.0,0.0,0.0,0.0,0.0,0.0,0.0,-0.5175212760327192,-0.6759606302509953,0.0,-0.6406728392206776,-0.5531580083978169
14,0.0,0.0,0.0,0.0,0.0,0.0,0.0,0.0,0.0,0.0,0.0,0.0,-2.72999275547678,-0.6406728392206776,0.0,-3.0272738244743533
15,0.0,0.0,0.0,0.0,0.0,0.0,0.0,0.0,0.0,0.0,0.0,0.0,-2.335887547626686,-0.5531580083978169,-3.0272738244743533,0.0
