,0,1,2,3,4,5,6,7,8,9,10,11,12,13,14,15,16,17,18,19,20,21
0,0.0,-1.0631087038887725,-0.94665392319292,-1.0248107824856758,0.0,0.0,0.0,0.0,0.0,0.0,0.0,0.0,0.0,0.0,0.0,0.0,0.0,0.0,0.0,0.0,0.0,0.0
1,-1.0631087038887725,0.0,-3.092806885918105,-4.198506355181863,-3.142253451111755,0.0,0.0,0.0,0.0,0.0,0.0,0.0,0.0,0.0,0.0,0.0,0.0,0.0,0.0,0.0,0.0,0.0
2,-0.94665392319292,-3.092806885918105,0.0,-3.296595703648241,-3.8640092799561137,-3.719184296256747,0.0,0.0,0.0,0.0,0.0,0.0,0.0,0.0,0.0,0.0,0.0,0.0,0.0,0.0,0.0,0.0
3,-1.0248107824856758,-4.198506355181863,-3.296595703648241,0.0,-3.51999669335353,-4.34523380683834,0.0,0.0,0.0,0.0,0.0,0.0,0.0,0.0,0.0,0.0,0.0,0.0,0.0,0.0,0.0,0.0
4,0.0,-3.142253451111755,-3.8640092799561137,-3.51999669335353,0.0,-3.971839654337763,0.0,0.0,0.0,0.0,0.0,0.0,0.0,0.0,0.0,0.0,0.0,0.0,0.0,0.0,0.0,0.0
5,0.0,0.0,-3.719184296256747,-4.34523380683834,-3.971839654337763,0.0,0.0,0.0,0.0,0.0,0.0,0.0,0.0,0.0,0.0,0.0,0.0,0.0,0.0,0.0,0.0,0.0
6,0.0,0.0,0.0,0.0,0.0,0.0,0.0,-3.9066192233650465,-3.282382054803265,-2.903316067204263,0.0,0.0,0.0,0.0,0.0,0.0,0.0,0.0,0.0,0.0,0.0,0.0
7,0.0,0.0,0.0,0.0,0.0,0.0,-3.9066192233650465,0.0,-3.169502609752519,-3.3390524615732238,0.0,0.0,0.0,0.0,0.0,0.0,0.0,0.0,0.0,0.0,0.0,0.0
8,0.0,0.0,0.0,0.0,0.0,0.0,-3.282382054803265,-3.169502609752519,0.0,-2.8414493133963066,-3.761430803694751,-1.4460898156209927,0.0,0.0,0.0,0.0,0.0,0.0,0.0,0.0,0.0,0.0
9,0.0,0.0,0.0,0.0,0.0,0.0,-2.903316067204263,-3.3390524615732238,-2.8414493133963066,0.0,-2.6909685894503412,-1.4894186700128242,-2.6170605181109945,0.0,0.0,0.0,0.0,0.0,0.0,0.0,0.0,0.0
10,0.0,0.0,0.0,0.0,0.0,0.0,0.0,0.0,-3.761430803694751,-2.6909685894503412,0.0,-1.3520430397409322,-2.9666483942850883,0.0,0.0,0.0,0.0,0.0,0.0,0.0,0.0,0.0
11,0.0,0.0,0.0,0.0,0.0,0.0,0.0,0.0,-1.4460898156209927,-1.4894186700128242,-1.3520430397409322,0.0,-1.5552343449850832,0.0,0.0,0.0,0.0,0.0,0.0,0.0,0.0,0.0
12,0.0,0.0,0.0,0.0,0.0,0.0,0.0,0.0,0.0,-2.6170605181109945,-2.9666483942850883,-1.5552343449850832,0.0,0.0,0.0,0.0,0.0,0.0,0.0,0.0,0.0,0.0
13,0.0,0.0,0.0,0.0,0.0,0.0,0.0,0.0,0.0,0.0,0.0,0.0,0.0,0.0,-0.9618944851732943,-2.140537124231176,-2.214168566721164,0.0,0.0,0.0,0.0,0.0
14,0.0,0.0,0.0,0.0,0.0,0.0,0.0,0.0,0.0,0.0,0.0,0.0,0.0,-0.9618944851732943,0.0,-0.7687950186082854,-1.205013255317101,0.0,0.0,0.0,0.0,0.0
15,0.0,0.0,0.0,0.0,0.0,0.0,0.0,0.0,0.0,0.0,0.0,0.0,0.0,-2.140537124231176,-0.7687950186082854,0.0,-1.8083365525926023,0.0,0.0,0.0,0.0,0.0
16,0.0,0.0,0.0,0.0,0.0,0.0,0.0,0.0,0.0,0.0,0.0,0.0,0.0,-2.214168566721164,-1.205013255317101,-1.8083365525926023,0.0,-2.094504270685192,0.0,0.0,0.0,0.0
17,0.0,0.0,0.0,0.0,0.0,0.0,0.0,0.0,0.0,0.0,0.0,0.0,0.0,0.0,0.0,0.0,-2.094504270685192,0.0,-2.501628465122525,-1.5207731923565593,0.0,0.0
18,0.0,0.0,0.0,0.0,0.0,0.0,0.0,0.0,0.0,0.0,0.0,0.0,0.0,0.0,0.0,0.0,0.0,-2.501628465122525,0.0,-1.411198139368819,-0.5207893994049416,-1.441437098430558
19,0.0,0.0,0.0,0.0,0.0,0.0,0.0,0.0,0.0,0.0,0.0,0.0,0.0,0.0,0.0,0.0,0.0,-1.5207731923565593,-1.411198139368819,0.0,-0.6922888015008732,-1.5586280340266412
20,0.0,0.0,0.0,0.0,0.0,0.0,0.0,0.0,0.0,0.0,0.0,0.0,0.0,0.0,0.0,0.0,0.0,0.0,-0.5207893994049416,-0.6922888015008732,0.0,-1.0259208337627903
21,0.0,0.0,0.0,0.0,0.0,0.0,0.0,0.0,0.0,0.0,0.0,0.0,0.0,0.0,0.0,0.0,0.0,0.0,-1.441437098430558,-1.5586280340266412,-1.0259208337627903,0.0
