,0,1,2,3,4,5,6,7,8,9,10,11,12,13,14,15,16,17,18,19
0,0.0,-0.9189906581221752,-1.0256659305914249,-1.0251927526291633,0.0,0.0,0.0,0.0,0.0,0.0,0.0,0.0,0.0,0.0,0.0,0.0,0.0,0.0,0.0,0.0
1,-0.9189906581221752,0.0,-3.2061697534938416,-3.2071244529757,-3.191489015963223,0.0,0.0,0.0,0.0,0.0,0.0,0.0,0.0,0.0,0.0,0.0,0.0,0.0,0.0,0.0
2,-1.0256659305914249,-3.2061697534938416,0.0,-4.8570895674079555,-3.366680859834861,-3.7594574220308243,0.0,0.0,0.0,0.0,0.0,0.0,0.0,0.0,0.0,0.0,0.0,0.0,0.0,0.0
3,-1.0251927526291633,-3.2071244529757,-4.8570895674079555,0.0,-3.6032827252882247,-3.746109103882725,0.0,0.0,0.0,0.0,0.0,0.0,0.0,0.0,0.0,0.0,0.0,0.0,0.0,0.0
4,0.0,-3.191489015963223,-3.366680859834861,-3.6032827252882247,0.0,-3.4345167502712495,-3.3015676675385355,-5.103282230326098,0.0,0.0,0.0,0.0,0.0,0.0,0.0,0.0,0.0,0.0,0.0,0.0
5,0.0,0.0,-3.7594574220308243,-3.746109103882725,-3.4345167502712495,0.0,-4.062165750273619,-3.512967026935732,0.0,0.0,0.0,0.0,0.0,0.0,0.0,0.0,0.0,0.0,0.0,0.0
6,0.0,0.0,0.0,0.0,-3.3015676675385355,-4.062165750273619,0.0,-3.4440830278770562,0.0,0.0,0.0,0.0,0.0,0.0,0.0,0.0,0.0,0.0,0.0,0.0
7,0.0,0.0,0.0,0.0,-5.103282230326098,-3.512967026935732,-3.4440830278770562,0.0,-2.970141738044563,-3.346081473280072,-2.78148196358429,0.0,0.0,0.0,0.0,0.0,0.0,0.0,0.0,0.0
8,0.0,0.0,0.0,0.0,0.0,0.0,0.0,-2.970141738044563,0.0,-2.448062312691556,-2.4114750158521665,0.0,0.0,0.0,0.0,0.0,0.0,0.0,0.0,0.0
9,0.0,0.0,0.0,0.0,0.0,0.0,0.0,-3.346081473280072,-2.448062312691556,0.0,-2.8014283045153427,0.0,0.0,0.0,0.0,0.0,0.0,0.0,0.0,0.0
10,0.0,0.0,0.0,0.0,0.0,0.0,0.0,-2.78148196358429,-2.4114750158521665,-2.8014283045153427,0.0,-2.7287401324025904,0.0,0.0,0.0,0.0,0.0,0.0,0.0,0.0
11,0.0,0.0,0.0,0.0,0.0,0.0,0.0,0.0,0.0,0.0,-2.7287401324025904,0.0,-5.043292094984354,-3.5339522988813785,0.0,0.0,0.0,0.0,0.0,0.0
12,0.0,0.0,0.0,0.0,0.0,0.0,0.0,0.0,0.0,0.0,0.0,-5.043292094984354,0.0,-3.5531743325079828,-2.7913337260765694,0.0,0.0,0.0,0.0,0.0
13,0.0,0.0,0.0,0.0,0.0,0.0,0.0,0.0,0.0,0.0,0.0,-3.5339522988813785,-3.5531743325079828,0.0,-2.4976568362097176,0.0,0.0,0.0,0.0,0.0
14,0.0,0.0,0.0,0.0,0.0,0.0,0.0,0.0,0.0,0.0,0.0,0.0,-2.7913337260765694,-2.4976568362097176,0.0,-0.44339097308953085,-0.5653110390245417,-2.5038161247386177,0.0,0.0
15,0.0,0.0,0.0,0.0,0.0,0.0,0.0,0.0,0.0,0.0,0.0,0.0,0.0,0.0,-0.44339097308953085,0.0,-2.482314176711623,-0.5560142194930277,-1.3620916945466044,0.0
16,0.0,0.0,0.0,0.0,0.0,0.0,0.0,0.0,0.0,0.0,0.0,0.0,0.0,0.0,-0.5653110390245417,-2.482314176711623,0.0,-0.6864747750724427,-1.092648237693113,-1.5236114275551682
17,0.0,0.0,0.0,0.0,0.0,0.0,0.0,0.0,0.0,0.0,0.0,0.0,0.0,0.0,-2.5038161247386177,-0.5560142194930277,-0.6864747750724427,0.0,0.0,-0.4123934781964128
18,0.0,0.0,0.0,0.0,0.0,0.0,0.0,0.0,0.0,0.0,0.0,0.0,0.0,0.0,0.0,-1.3620916945466044,-1.092648237693113,0.0,0.0,-1.0987985860234182
19,0.0,0.0,0.0,0.0,0.0,0.0,0.0,0.0,0.0,0.0,0.0,0.0,0.0,0.0,0.0,0.0,-1.5236114275551682,-0.4123934781964128,-1.0987985860234182,0.0
