,0,1,2,3,4,5,6,7,8,9,10,11,12,13,14,15,16,17
0,0.0,-1.7554915389313757,-1.259271213174057,-1.1728008046738037,0.0,0.0,0.0,0.0,0.0,0.0,0.0,0.0,0.0,0.0,0.0,0.0,0.0,0.0
1,-1.7554915389313757,0.0,-1.261903594455171,-1.222529248812279,0.0,0.0,0.0,0.0,0.0,0.0,0.0,0.0,0.0,0.0,0.0,0.0,0.0,0.0
2,-1.259271213174057,-1.261903594455171,0.0,-3.4744746029669815,-5.036241769098476,-3.571288355831945,0.0,0.0,0.0,0.0,0.0,0.0,0.0,0.0,0.0,0.0,0.0,0.0
3,-1.1728008046738037,-1.222529248812279,-3.4744746029669815,0.0,-3.621136901234392,-3.652799910809401,0.0,0.0,0.0,0.0,0.0,0.0,0.0,0.0,0.0,0.0,0.0,0.0
4,0.0,0.0,-5.036241769098476,-3.621136901234392,0.0,-3.5212361095308613,-4.309346618415742,-3.39923593911909,0.0,0.0,0.0,0.0,0.0,0.0,0.0,0.0,0.0,0.0
5,0.0,0.0,-3.571288355831945,-3.652799910809401,-3.5212361095308613,0.0,-3.502511299070192,-2.7653359689209873,-3.2060314180353786,0.0,0.0,0.0,0.0,0.0,0.0,0.0,0.0,0.0
6,0.0,0.0,0.0,0.0,-4.309346618415742,-3.502511299070192,0.0,-3.2726780633583386,-2.677847641405236,0.0,0.0,0.0,0.0,0.0,0.0,0.0,0.0,0.0
7,0.0,0.0,0.0,0.0,-3.39923593911909,-2.7653359689209873,-3.2726780633583386,0.0,-2.3706226656371374,0.0,0.0,0.0,0.0,0.0,0.0,0.0,0.0,0.0
8,0.0,0.0,0.0,0.0,0.0,-3.2060314180353786,-2.677847641405236,-2.3706226656371374,0.0,-2.8171602980547625,-2.350925271598025,-4.117437413472637,0.0,0.0,0.0,0.0,0.0,0.0
9,0.0,0.0,0.0,0.0,0.0,0.0,0.0,0.0,-2.8171602980547625,0.0,-3.298694579724091,-2.9756050796949998,-2.9778413996753677,0.0,0.0,0.0,0.0,0.0
10,0.0,0.0,0.0,0.0,0.0,0.0,0.0,0.0,-2.350925271598025,-3.298694579724091,0.0,-2.4759686622929085,-2.52477731968792,-2.9531575791263633,0.0,0.0,0.0,0.0
11,0.0,0.0,0.0,0.0,0.0,0.0,0.0,0.0,-4.117437413472637,-2.9756050796949998,-2.4759686622929085,0.0,-4.344804746717074,0.0,0.0,0.0,0.0,0.0
12,0.0,0.0,0.0,0.0,0.0,0.0,0.0,0.0,0.0,-2.9778413996753677,-2.52477731968792,-4.344804746717074,0.0,-3.339848944842905,0.0,0.0,0.0,0.0
13,0.0,0.0,0.0,0.0,0.0,0.0,0.0,0.0,0.0,0.0,-2.9531575791263633,0.0,-3.339848944842905,0.0,-3.3930027500536597,-1.7575611942180789,0.0,0.0
14,0.0,0.0,0.0,0.0,0.0,0.0,0.0,0.0,0.0,0.0,0.0,0.0,0.0,-3.3930027500536597,0.0,-1.7363335973664007,-0.049052485320209595,-2.505961719785764
15,0.0,0.0,0.0,0.0,0.0,0.0,0.0,0.0,0.0,0.0,0.0,0.0,0.0,-1.7575611942180789,-1.7363335973664007,0.0,-0.20212913559240622,-1.452887766924339
16,0.0,0.0,0.0,0.0,0.0,0.0,0.0,0.0,0.0,0.0,0.0,0.0,0.0,0.0,-0.049052485320209595,-0.20212913559240622,0.0,-0.04551933184678185
17,0.0,0.0,0.0,0.0,0.0,0.0,0.0,0.0,0.0,0.0,0.0,0.0,0.0,0.0,-2.505961719785764,-1.452887766924339,-0.04551933184678185,0.0
