,0,1,2,3,4,5,6,7,8,9,10,11,12,13,14,15,16,17,18,19,20
0,0.0,-1.1677716927997357,-1.2242326064862976,-1.1511733507797284,0.0,0.0,0.0,0.0,0.0,0.0,0.0,0.0,0.0,0.0,0.0,0.0,0.0,0.0,0.0,0.0,0.0
1,-1.1677716927997357,0.0,-4.015965363599339,-4.820591446891225,0.0,0.0,0.0,0.0,0.0,0.0,0.0,0.0,0.0,0.0,0.0,0.0,0.0,0.0,0.0,0.0,0.0
2,-1.2242326064862976,-4.015965363599339,0.0,-3.803938205100979,-2.7757984912648603,-3.0176224284633038,0.0,0.0,0.0,0.0,0.0,0.0,0.0,0.0,0.0,0.0,0.0,0.0,0.0,0.0,0.0
3,-1.1511733507797284,-4.820591446891225,-3.803938205100979,0.0,-2.9072397654988444,-3.127476567034356,0.0,0.0,0.0,0.0,0.0,0.0,0.0,0.0,0.0,0.0,0.0,0.0,0.0,0.0,0.0
4,0.0,0.0,-2.7757984912648603,-2.9072397654988444,0.0,-4.278553807967987,-2.827177331707269,-2.9353118836050403,0.0,0.0,0.0,0.0,0.0,0.0,0.0,0.0,0.0,0.0,0.0,0.0,0.0
5,0.0,0.0,-3.0176224284633038,-3.127476567034356,-4.278553807967987,0.0,-3.068653330221179,-3.0099539675509646,-2.8171702672052263,0.0,0.0,0.0,0.0,0.0,0.0,0.0,0.0,0.0,0.0,0.0,0.0
6,0.0,0.0,0.0,0.0,-2.827177331707269,-3.068653330221179,0.0,-2.5541171538593277,-4.316925653126499,-2.4646409493201875,0.0,0.0,0.0,0.0,0.0,0.0,0.0,0.0,0.0,0.0,0.0
7,0.0,0.0,0.0,0.0,-2.9353118836050403,-3.0099539675509646,-2.5541171538593277,0.0,-2.4143509799486216,-2.0992457491228134,0.0,0.0,0.0,0.0,0.0,0.0,0.0,0.0,0.0,0.0,0.0
8,0.0,0.0,0.0,0.0,0.0,-2.8171702672052263,-4.316925653126499,-2.4143509799486216,0.0,-2.559247828474214,0.0,0.0,0.0,0.0,0.0,0.0,0.0,0.0,0.0,0.0,0.0
9,0.0,0.0,0.0,0.0,0.0,0.0,-2.4646409493201875,-2.0992457491228134,-2.559247828474214,0.0,-1.907406539888484,-2.3455746544619385,-3.0087871999077507,-0.9070105856217652,0.0,0.0,0.0,0.0,0.0,0.0,0.0
10,0.0,0.0,0.0,0.0,0.0,0.0,0.0,0.0,0.0,-1.907406539888484,0.0,-2.1691278027825365,-2.2824371669385326,0.0,0.0,0.0,0.0,0.0,0.0,0.0,0.0
11,0.0,0.0,0.0,0.0,0.0,0.0,0.0,0.0,0.0,-2.3455746544619385,-2.1691278027825365,0.0,-2.7893734406200403,-0.9269169604592256,0.0,0.0,0.0,0.0,0.0,0.0,0.0
12,0.0,0.0,0.0,0.0,0.0,0.0,0.0,0.0,0.0,-3.0087871999077507,-2.2824371669385326,-2.7893734406200403,0.0,-0.8555850332723323,0.0,0.0,0.0,0.0,0.0,0.0,0.0
13,0.0,0.0,0.0,0.0,0.0,0.0,0.0,0.0,0.0,-0.9070105856217652,0.0,-0.9269169604592256,-0.8555850332723323,0.0,-0.9574702050346697,-0.862409238259124,0.0,0.0,0.0,0.0,0.0
14,0.0,0.0,0.0,0.0,0.0,0.0,0.0,0.0,0.0,0.0,0.0,0.0,0.0,-0.9574702050346697,0.0,-2.8893539842306737,-2.6297230181067786,0.0,0.0,0.0,0.0
15,0.0,0.0,0.0,0.0,0.0,0.0,0.0,0.0,0.0,0.0,0.0,0.0,0.0,-0.862409238259124,-2.8893539842306737,0.0,-3.5902054192081323,0.0,0.0,-2.8782806125837777,0.0
16,0.0,0.0,0.0,0.0,0.0,0.0,0.0,0.0,0.0,0.0,0.0,0.0,0.0,0.0,-2.6297230181067786,-3.5902054192081323,0.0,0.0,-1.6451114286904351,0.0,0.0
17,0.0,0.0,0.0,0.0,0.0,0.0,0.0,0.0,0.0,0.0,0.0,0.0,0.0,0.0,0.0,0.0,0.0,0.0,-0.45620130529149133,-0.5923632056441669,-0.4135149432725127
18,0.0,0.0,0.0,0.0,0.0,0.0,0.0,0.0,0.0,0.0,0.0,0.0,0.0,0.0,0.0,0.0,-1.6451114286904351,-0.45620130529149133,0.0,-1.62632215316463,-1.6839211444684288
19,0.0,0.0,0.0,0.0,0.0,0.0,0.0,0.0,0.0,0.0,0.0,0.0,0.0,0.0,0.0,-2.8782806125837777,0.0,-0.5923632056441669,-1.62632215316463,0.0,-2.21687619691533
20,0.0,0.0,0.0,0.0,0.0,0.0,0.0,0.0,0.0,0.0,0.0,0.0,0.0,0.0,0.0,0.0,0.0,-0.4135149432725127,-1.6839211444684288,-2.21687619691533,0.0
