,0,1,2,3,4,5,6,7,8,9,10,11,12,13,14,15,16,17,18,19,20,21
0,0.0,-1.101116814246056,-1.1692199622555002,-1.1922311572628619,0.0,0.0,0.0,0.0,0.0,0.0,0.0,0.0,0.0,0.0,0.0,0.0,0.0,0.0,0.0,0.0,0.0,0.0
1,-1.101116814246056,0.0,-2.592118979431183,-2.576621659047814,-2.605565393674067,0.0,0.0,0.0,0.0,0.0,0.0,0.0,0.0,0.0,0.0,0.0,0.0,0.0,0.0,0.0,0.0,0.0
2,-1.1692199622555002,-2.592118979431183,0.0,-4.950392006541298,-5.540799199715914,-5.254019079383217,0.0,0.0,0.0,0.0,0.0,0.0,0.0,0.0,0.0,0.0,0.0,0.0,0.0,0.0,0.0,0.0
3,-1.1922311572628619,-2.576621659047814,-4.950392006541298,0.0,-5.573833710648735,-4.398542270215781,-3.5652952112699676,0.0,0.0,0.0,0.0,0.0,0.0,0.0,0.0,0.0,0.0,0.0,0.0,0.0,0.0,0.0
4,0.0,-2.605565393674067,-5.540799199715914,-5.573833710648735,0.0,-4.723863075248589,-3.452696994450448,0.0,0.0,0.0,0.0,0.0,0.0,0.0,0.0,0.0,0.0,0.0,0.0,0.0,0.0,0.0
5,0.0,0.0,-5.254019079383217,-4.398542270215781,-4.723863075248589,0.0,-3.206120066979377,0.0,0.0,0.0,0.0,0.0,0.0,0.0,0.0,0.0,0.0,0.0,0.0,0.0,0.0,0.0
6,0.0,0.0,0.0,-3.5652952112699676,-3.452696994450448,-3.206120066979377,0.0,-3.061964223209297,-3.1344789643946376,-3.901081639607597,0.0,0.0,0.0,0.0,0.0,0.0,0.0,0.0,0.0,0.0,0.0,0.0
7,0.0,0.0,0.0,0.0,0.0,0.0,-3.061964223209297,0.0,-3.5324032013698923,-3.625980119154566,0.0,0.0,0.0,0.0,0.0,0.0,0.0,0.0,0.0,0.0,0.0,0.0
8,0.0,0.0,0.0,0.0,0.0,0.0,-3.1344789643946376,-3.5324032013698923,0.0,-3.532671013461322,0.0,0.0,0.0,0.0,0.0,0.0,0.0,0.0,0.0,0.0,0.0,0.0
9,0.0,0.0,0.0,0.0,0.0,0.0,-3.901081639607597,-3.625980119154566,-3.532671013461322,0.0,-3.548615994228936,0.0,0.0,0.0,0.0,0.0,0.0,0.0,0.0,0.0,0.0,0.0
10,0.0,0.0,0.0,0.0,0.0,0.0,0.0,0.0,0.0,-3.548615994228936,0.0,-2.5511459286858065,-3.112641594056565,-2.8310726988610924,0.0,0.0,0.0,0.0,0.0,0.0,0.0,0.0
11,0.0,0.0,0.0,0.0,0.0,0.0,0.0,0.0,0.0,0.0,-2.5511459286858065,0.0,-2.913412062152337,-2.790780155382603,0.0,0.0,0.0,0.0,0.0,0.0,0.0,0.0
12,0.0,0.0,0.0,0.0,0.0,0.0,0.0,0.0,0.0,0.0,-3.112641594056565,-2.913412062152337,0.0,-4.115752291035969,0.0,0.0,0.0,0.0,0.0,0.0,0.0,0.0
13,0.0,0.0,0.0,0.0,0.0,0.0,0.0,0.0,0.0,0.0,-2.8310726988610924,-2.790780155382603,-4.115752291035969,0.0,0.0,0.0,0.0,0.0,0.0,0.0,0.0,0.0
14,0.0,0.0,0.0,0.0,0.0,0.0,0.0,0.0,0.0,0.0,0.0,0.0,0.0,0.0,0.0,-2.638680692814179,-2.4846921010420657,-2.7124134347093007,0.0,0.0,0.0,0.0
15,0.0,0.0,0.0,0.0,0.0,0.0,0.0,0.0,0.0,0.0,0.0,0.0,0.0,0.0,-2.638680692814179,0.0,-3.4961647973111143,-2.130809365274663,0.0,0.0,0.0,0.0
16,0.0,0.0,0.0,0.0,0.0,0.0,0.0,0.0,0.0,0.0,0.0,0.0,0.0,0.0,-2.4846921010420657,-3.4961647973111143,0.0,-1.9611138694279593,0.0,0.0,0.0,0.0
17,0.0,0.0,0.0,0.0,0.0,0.0,0.0,0.0,0.0,0.0,0.0,0.0,0.0,0.0,-2.7124134347093007,-2.130809365274663,-1.9611138694279593,0.0,0.0,-2.930326482361695,0.0,0.0
18,0.0,0.0,0.0,0.0,0.0,0.0,0.0,0.0,0.0,0.0,0.0,0.0,0.0,0.0,0.0,0.0,0.0,0.0,0.0,-2.1771403337127073,-0.89732373102517,-0.6232536474803997
19,0.0,0.0,0.0,0.0,0.0,0.0,0.0,0.0,0.0,0.0,0.0,0.0,0.0,0.0,0.0,0.0,0.0,-2.930326482361695,-2.1771403337127073,0.0,-0.6537011305222609,-0.8136984000186929
20,0.0,0.0,0.0,0.0,0.0,0.0,0.0,0.0,0.0,0.0,0.0,0.0,0.0,0.0,0.0,0.0,0.0,0.0,-0.89732373102517,-0.6537011305222609,0.0,-0.11709589751585743
21,0.0,0.0,0.0,0.0,0.0,0.0,0.0,0.0,0.0,0.0,0.0,0.0,0.0,0.0,0.0,0.0,0.0,0.0,-0.6232536474803997,-0.8136984000186929,-0.11709589751585743,0.0
