,0,1,2,3,4,5,6,7,8,9,10,11
0,0.0,-0.6614819023507245,-0.6213942577196662,-0.3273432766339078,0.0,0.0,0.0,0.0,0.0,0.0,0.0,0.0
1,-0.6614819023507245,0.0,-3.840614355759061,-1.5531814107764828,0.0,0.0,0.0,0.0,0.0,0.0,0.0,0.0
2,-0.6213942577196662,-3.840614355759061,0.0,-1.6455367906872072,-3.5072836115367045,-3.552084627900851,0.0,0.0,0.0,0.0,0.0,0.0
3,-0.3273432766339078,-1.5531814107764828,-1.6455367906872072,0.0,-1.5827615721280806,-1.5299561280480525,0.0,0.0,0.0,0.0,0.0,0.0
4,0.0,0.0,-3.5072836115367045,-1.5827615721280806,0.0,-4.105359439353829,-5.02391422281283,0.0,0.0,0.0,0.0,0.0
5,0.0,0.0,-3.552084627900851,-1.5299561280480525,-4.105359439353829,0.0,-3.9924842188293286,-3.4898469938992096,0.0,0.0,0.0,0.0
6,0.0,0.0,0.0,0.0,-5.02391422281283,-3.9924842188293286,0.0,-3.059496481732081,-2.28055044235425,0.0,0.0,0.0
7,0.0,0.0,0.0,0.0,0.0,-3.4898469938992096,-3.059496481732081,0.0,-2.780951694423467,0.0,0.0,0.0
8,0.0,0.0,0.0,0.0,0.0,0.0,-2.28055044235425,-2.780951694423467,0.0,-2.4072158333986846,-2.9112673353408907,-0.5886018406499627
9,0.0,0.0,0.0,0.0,0.0,0.0,0.0,0.0,-2.4072158333986846,0.0,-2.2526179681086327,-0.7533095238654284
10,0.0,0.0,0.0,0.0,0.0,0.0,0.0,0.0,-2.9112673353408907,-2.2526179681086327,0.0,-0.5534896642486191
11,0.0,0.0,0.0,0.0,0.0,0.0,0.0,0.0,-0.5886018406499627,-0.7533095238654284,-0.5534896642486191,0.0
