,0,1,2,3,4,5,6,7,8,9,10,11,12,13,14,15,16,17,18,19,20,21
0,0.0,-1.0191151750825898,-1.014898410179723,-0.9455199672563406,0.0,0.0,0.0,0.0,0.0,0.0,0.0,0.0,0.0,0.0,0.0,0.0,0.0,0.0,0.0,0.0,0.0,0.0
1,-1.0191151750825898,0.0,-5.655644579449512,-3.525513488789134,-4.506363589720233,0.0,0.0,0.0,0.0,0.0,0.0,0.0,0.0,0.0,0.0,0.0,0.0,0.0,0.0,0.0,0.0,0.0
2,-1.014898410179723,-5.655644579449512,0.0,-3.612429165306531,-4.449090278836432,-4.6995068737806704,0.0,0.0,0.0,0.0,0.0,0.0,0.0,0.0,0.0,0.0,0.0,0.0,0.0,0.0,0.0,0.0
3,-0.9455199672563406,-3.525513488789134,-3.612429165306531,0.0,-3.7431170375357126,-3.326005355924548,0.0,0.0,0.0,0.0,0.0,0.0,0.0,0.0,0.0,0.0,0.0,0.0,0.0,0.0,0.0,0.0
4,0.0,-4.506363589720233,-4.449090278836432,-3.7431170375357126,0.0,-4.088715546905821,-4.21700589552923,0.0,0.0,0.0,0.0,0.0,0.0,0.0,0.0,0.0,0.0,0.0,0.0,0.0,0.0,0.0
5,0.0,0.0,-4.6995068737806704,-3.326005355924548,-4.088715546905821,0.0,-4.431309640116603,-4.627057193488225,0.0,0.0,0.0,0.0,0.0,0.0,0.0,0.0,0.0,0.0,0.0,0.0,0.0,0.0
6,0.0,0.0,0.0,0.0,-4.21700589552923,-4.431309640116603,0.0,-5.621167076018013,-3.5046574816894553,0.0,0.0,0.0,0.0,0.0,0.0,0.0,0.0,0.0,0.0,0.0,0.0,0.0
7,0.0,0.0,0.0,0.0,0.0,-4.627057193488225,-5.621167076018013,0.0,-3.632067135679219,0.0,0.0,0.0,0.0,0.0,0.0,0.0,0.0,0.0,0.0,0.0,0.0,0.0
8,0.0,0.0,0.0,0.0,0.0,0.0,-3.5046574816894553,-3.632067135679219,0.0,-2.9240919667940166,-3.8487711556685853,-3.2406360569714368,0.0,0.0,0.0,0.0,0.0,0.0,0.0,0.0,0.0,0.0
9,0.0,0.0,0.0,0.0,0.0,0.0,0.0,0.0,-2.9240919667940166,0.0,-2.87575825306115,-3.1789170647614493,0.0,0.0,0.0,0.0,0.0,0.0,0.0,0.0,0.0,0.0
10,0.0,0.0,0.0,0.0,0.0,0.0,0.0,0.0,-3.8487711556685853,-2.87575825306115,0.0,-3.684705069212569,0.0,0.0,0.0,0.0,0.0,0.0,0.0,0.0,0.0,0.0
11,0.0,0.0,0.0,0.0,0.0,0.0,0.0,0.0,-3.2406360569714368,-3.1789170647614493,-3.684705069212569,0.0,0.0,0.0,0.0,0.0,0.0,0.0,0.0,0.0,0.0,0.0
12,0.0,0.0,0.0,0.0,0.0,0.0,0.0,0.0,0.0,0.0,0.0,0.0,0.0,-2.4864072120556484,-3.6254155871941895,-3.087266916486358,0.0,0.0,0.0,0.0,0.0,0.0
13,0.0,0.0,0.0,0.0,0.0,0.0,0.0,0.0,0.0,0.0,0.0,0.0,-2.4864072120556484,0.0,-2.8454454925578934,-2.2870903457558507,0.0,0.0,0.0,0.0,0.0,0.0
14,0.0,0.0,0.0,0.0,0.0,0.0,0.0,0.0,0.0,0.0,0.0,0.0,-3.6254155871941895,-2.8454454925578934,0.0,-2.9907236603386322,0.0,0.0,0.0,0.0,0.0,0.0
15,0.0,0.0,0.0,0.0,0.0,0.0,0.0,0.0,0.0,0.0,0.0,0.0,-3.087266916486358,-2.2870903457558507,-2.9907236603386322,0.0,-2.1873224384028385,-0.6988286465432789,-2.2057582282687243,0.0,0.0,0.0
16,0.0,0.0,0.0,0.0,0.0,0.0,0.0,0.0,0.0,0.0,0.0,0.0,0.0,0.0,0.0,-2.1873224384028385,0.0,-0.8100094016940724,-2.109526257365774,-3.7197244301700483,-2.7335843247842004,0.0
17,0.0,0.0,0.0,0.0,0.0,0.0,0.0,0.0,0.0,0.0,0.0,0.0,0.0,0.0,0.0,-0.6988286465432789,-0.8100094016940724,0.0,-0.9440450546867455,0.0,-0.9325227879779496,-0.9937018383993776
18,0.0,0.0,0.0,0.0,0.0,0.0,0.0,0.0,0.0,0.0,0.0,0.0,0.0,0.0,0.0,-2.2057582282687243,-2.109526257365774,-0.9440450546867455,0.0,-2.0738839184216245,-2.7435701303720297,0.0
19,0.0,0.0,0.0,0.0,0.0,0.0,0.0,0.0,0.0,0.0,0.0,0.0,0.0,0.0,0.0,0.0,-3.7197244301700483,0.0,-2.0738839184216245,0.0,-2.7634419799361316,-0.24279041782718852
20,0.0,0.0,0.0,0.0,0.0,0.0,0.0,0.0,0.0,0.0,0.0,0.0,0.0,0.0,0.0,0.0,-2.7335843247842004,-0.9325227879779496,-2.7435701303720297,-2.7634419799361316,0.0,-0.2988719906986562
21,0.0,0.0,0.0,0.0,0.0,0.0,0.0,0.0,0.0,0.0,0.0,0.0,0.0,0.0,0.0,0.0,0.0,-0.9937018383993776,0.0,-0.24279041782718852,-0.2988719906986562,0.0
