,0,1,2,3,4,5,6,7,8,9,10,11,12,13,14,15,16,17,18,19,20,21,22,23
0,0.0,-1.167993187403197,-1.178882718513751,-1.1962253921161612,0.0,0.0,0.0,0.0,0.0,0.0,0.0,0.0,0.0,0.0,0.0,0.0,0.0,0.0,0.0,0.0,0.0,0.0,0.0,0.0
1,-1.167993187403197,0.0,-5.214364181771995,-4.177420125253253,0.0,0.0,0.0,0.0,0.0,0.0,0.0,0.0,0.0,0.0,0.0,0.0,0.0,0.0,0.0,0.0,0.0,0.0,0.0,0.0
2,-1.178882718513751,-5.214364181771995,0.0,-4.613939776084085,-3.600125641031123,-3.7218522103080143,0.0,0.0,0.0,0.0,0.0,0.0,0.0,0.0,0.0,0.0,0.0,0.0,0.0,0.0,0.0,0.0,0.0,0.0
3,-1.1962253921161612,-4.177420125253253,-4.613939776084085,0.0,-3.4499111316391744,-4.0268188171541235,-5.313375517467026,0.0,0.0,0.0,0.0,0.0,0.0,0.0,0.0,0.0,0.0,0.0,0.0,0.0,0.0,0.0,0.0,0.0
4,0.0,0.0,-3.600125641031123,-3.4499111316391744,0.0,-3.5536379838581356,-3.4948657333312116,-3.629316254823345,0.0,0.0,0.0,0.0,0.0,0.0,0.0,0.0,0.0,0.0,0.0,0.0,0.0,0.0,0.0,0.0
5,0.0,0.0,-3.7218522103080143,-4.0268188171541235,-3.5536379838581356,0.0,-3.8408723856572236,-3.5574380971255843,0.0,0.0,0.0,0.0,0.0,0.0,0.0,0.0,0.0,0.0,0.0,0.0,0.0,0.0,0.0,0.0
6,0.0,0.0,0.0,-5.313375517467026,-3.4948657333312116,-3.8408723856572236,0.0,-4.5699162892445,0.0,0.0,0.0,0.0,0.0,0.0,0.0,0.0,0.0,0.0,0.0,0.0,0.0,0.0,0.0,0.0
7,0.0,0.0,0.0,0.0,-3.629316254823345,-3.5574380971255843,-4.5699162892445,0.0,-2.0173237285288863,-3.002421537144724,0.0,0.0,0.0,0.0,0.0,0.0,0.0,0.0,0.0,0.0,0.0,0.0,0.0,0.0
8,0.0,0.0,0.0,0.0,0.0,0.0,0.0,-2.0173237285288863,0.0,-1.7824991242135544,-2.1927156606042035,0.0,0.0,0.0,0.0,0.0,0.0,0.0,0.0,0.0,0.0,0.0,0.0,0.0
9,0.0,0.0,0.0,0.0,0.0,0.0,0.0,-3.002421537144724,-1.7824991242135544,0.0,-2.5860300207874336,0.0,0.0,0.0,0.0,0.0,0.0,0.0,0.0,0.0,0.0,0.0,0.0,0.0
10,0.0,0.0,0.0,0.0,0.0,0.0,0.0,0.0,-2.1927156606042035,-2.5860300207874336,0.0,-2.7564873788544273,-3.7618522477938434,0.0,0.0,0.0,0.0,0.0,0.0,0.0,0.0,0.0,0.0,0.0
11,0.0,0.0,0.0,0.0,0.0,0.0,0.0,0.0,0.0,0.0,-2.7564873788544273,0.0,-3.0952859701156403,-2.6937288360114375,0.0,0.0,0.0,0.0,0.0,0.0,0.0,0.0,0.0,0.0
12,0.0,0.0,0.0,0.0,0.0,0.0,0.0,0.0,0.0,0.0,-3.7618522477938434,-3.0952859701156403,0.0,-3.5119497536465367,0.0,0.0,0.0,0.0,0.0,0.0,0.0,0.0,0.0,0.0
13,0.0,0.0,0.0,0.0,0.0,0.0,0.0,0.0,0.0,0.0,0.0,-2.6937288360114375,-3.5119497536465367,0.0,-2.0207649140513833,0.0,0.0,0.0,0.0,0.0,0.0,0.0,0.0,0.0
14,0.0,0.0,0.0,0.0,0.0,0.0,0.0,0.0,0.0,0.0,0.0,0.0,0.0,-2.0207649140513833,0.0,-2.5943827030929336,-2.015869517310226,0.0,0.0,0.0,0.0,0.0,0.0,0.0
15,0.0,0.0,0.0,0.0,0.0,0.0,0.0,0.0,0.0,0.0,0.0,0.0,0.0,0.0,-2.5943827030929336,0.0,-2.5573781466010366,-2.5910529865205705,-2.9534876157659764,0.0,0.0,0.0,0.0,0.0
16,0.0,0.0,0.0,0.0,0.0,0.0,0.0,0.0,0.0,0.0,0.0,0.0,0.0,0.0,-2.015869517310226,-2.5573781466010366,0.0,-2.176870794680573,-3.4783361996070976,-2.6814110954145023,0.0,0.0,0.0,0.0
17,0.0,0.0,0.0,0.0,0.0,0.0,0.0,0.0,0.0,0.0,0.0,0.0,0.0,0.0,0.0,-2.5910529865205705,-2.176870794680573,0.0,-2.2429672455022778,-2.7211871095971416,0.0,0.0,0.0,0.0
18,0.0,0.0,0.0,0.0,0.0,0.0,0.0,0.0,0.0,0.0,0.0,0.0,0.0,0.0,0.0,-2.9534876157659764,-3.4783361996070976,-2.2429672455022778,0.0,-3.044825911343503,0.0,0.0,0.0,0.0
19,0.0,0.0,0.0,0.0,0.0,0.0,0.0,0.0,0.0,0.0,0.0,0.0,0.0,0.0,0.0,0.0,-2.6814110954145023,-2.7211871095971416,-3.044825911343503,0.0,-2.9356216682205387,-0.6851956200383346,0.0,0.0
20,0.0,0.0,0.0,0.0,0.0,0.0,0.0,0.0,0.0,0.0,0.0,0.0,0.0,0.0,0.0,0.0,0.0,0.0,0.0,-2.9356216682205387,0.0,-0.5850505130909592,-3.22960571441821,-0.0702456239221067
21,0.0,0.0,0.0,0.0,0.0,0.0,0.0,0.0,0.0,0.0,0.0,0.0,0.0,0.0,0.0,0.0,0.0,0.0,0.0,-0.6851956200383346,-0.5850505130909592,0.0,-0.5839118874593062,-0.5401303402823784
22,0.0,0.0,0.0,0.0,0.0,0.0,0.0,0.0,0.0,0.0,0.0,0.0,0.0,0.0,0.0,0.0,0.0,0.0,0.0,0.0,-3.22960571441821,-0.5839118874593062,0.0,-0.09562067954871789
23,0.0,0.0,0.0,0.0,0.0,0.0,0.0,0.0,0.0,0.0,0.0,0.0,0.0,0.0,0.0,0.0,0.0,0.0,0.0,0.0,-0.0702456239221067,-0.5401303402823784,-0.09562067954871789,0.0
