,0,1,2,3,4,5,6,7,8,9,10,11,12
0,0.0,-0.6012731860069803,-2.16905340692658,-0.5719857046049753,0.0,0.0,0.0,0.0,0.0,0.0,0.0,0.0,0.0
1,-0.6012731860069803,0.0,0.0,-4.1156668046624665,-3.887522865489819,0.0,0.0,0.0,0.0,0.0,0.0,0.0,0.0
2,-2.16905340692658,0.0,0.0,-0.4636445317312852,-0.48612478683587723,-0.536969217835695,0.0,0.0,0.0,0.0,0.0,0.0,0.0
3,-0.5719857046049753,-4.1156668046624665,-0.4636445317312852,0.0,-3.7496193410771266,0.0,0.0,0.0,0.0,0.0,0.0,0.0,0.0
4,0.0,-3.887522865489819,-0.48612478683587723,-3.7496193410771266,0.0,-3.152937713204504,0.0,0.0,0.0,0.0,0.0,0.0,0.0
5,0.0,0.0,-0.536969217835695,0.0,-3.152937713204504,0.0,-4.464218111504297,-2.0419475445398363,0.0,-2.6478743841608887,0.0,0.0,0.0
6,0.0,0.0,0.0,0.0,0.0,-4.464218111504297,0.0,-1.9571044880679078,0.0,-2.5048720790360095,0.0,0.0,0.0
7,0.0,0.0,0.0,0.0,0.0,-2.0419475445398363,-1.9571044880679078,0.0,-0.45526078058920916,-2.729494393706359,0.0,0.0,0.0
8,0.0,0.0,0.0,0.0,0.0,0.0,0.0,-0.45526078058920916,0.0,-0.563783389438662,-0.6639237986487266,-0.5959603401607985,-0.33268405990204797
9,0.0,0.0,0.0,0.0,0.0,-2.6478743841608887,-2.5048720790360095,-2.729494393706359,-0.563783389438662,0.0,-1.7919669927612882,0.0,0.0
10,0.0,0.0,0.0,0.0,0.0,0.0,0.0,0.0,-0.6639237986487266,-1.7919669927612882,0.0,-1.9526823256316617,-1.4543844287673504
11,0.0,0.0,0.0,0.0,0.0,0.0,0.0,0.0,-0.5959603401607985,0.0,-1.9526823256316617,0.0,-1.1194880115573909
12,0.0,0.0,0.0,0.0,0.0,0.0,0.0,0.0,-0.33268405990204797,0.0,-1.4543844287673504,-1.1194880115573909,0.0
