,0,1,2,3,4,5,6,7,8,9,10,11,12,13,14,15,16,17,18,19,20,21,22,23
0,0.0,-0.7509356861326406,-0.740779529727626,-0.781766193583369,0.0,0.0,0.0,0.0,0.0,0.0,0.0,0.0,0.0,0.0,0.0,0.0,0.0,0.0,0.0,0.0,0.0,0.0,0.0,0.0
1,-0.7509356861326406,0.0,-4.606762239934341,-4.160940679361713,-4.672500204450777,0.0,0.0,0.0,0.0,0.0,0.0,0.0,0.0,0.0,0.0,0.0,0.0,0.0,0.0,0.0,0.0,0.0,0.0,0.0
2,-0.740779529727626,-4.606762239934341,0.0,-3.9477381645796004,-3.9459492917163885,0.0,0.0,0.0,0.0,0.0,0.0,0.0,0.0,0.0,0.0,0.0,0.0,0.0,0.0,0.0,0.0,0.0,0.0,0.0
3,-0.781766193583369,-4.160940679361713,-3.9477381645796004,0.0,-4.048064089043321,0.0,0.0,0.0,0.0,0.0,0.0,0.0,0.0,0.0,0.0,0.0,0.0,0.0,0.0,0.0,0.0,0.0,0.0,0.0
4,0.0,-4.672500204450777,-3.9459492917163885,-4.048064089043321,0.0,-3.8882735093227625,-3.6383555239283987,0.0,0.0,0.0,0.0,0.0,0.0,0.0,0.0,0.0,0.0,0.0,0.0,0.0,0.0,0.0,0.0,0.0
5,0.0,0.0,0.0,0.0,-3.8882735093227625,0.0,-3.7069398256156765,-4.354319529179468,-2.6034848064254166,0.0,0.0,0.0,0.0,0.0,0.0,0.0,0.0,0.0,0.0,0.0,0.0,0.0,0.0,0.0
6,0.0,0.0,0.0,0.0,-3.6383555239283987,-3.7069398256156765,0.0,-3.957543704372802,-2.3776010110880073,0.0,0.0,0.0,0.0,0.0,0.0,0.0,0.0,0.0,0.0,0.0,0.0,0.0,0.0,0.0
7,0.0,0.0,0.0,0.0,0.0,-4.354319529179468,-3.957543704372802,0.0,-2.607526840296136,-3.143977752974578,0.0,0.0,0.0,0.0,0.0,0.0,0.0,0.0,0.0,0.0,0.0,0.0,0.0,0.0
8,0.0,0.0,0.0,0.0,0.0,-2.6034848064254166,-2.3776010110880073,-2.607526840296136,0.0,0.0,0.0,0.0,0.0,0.0,0.0,0.0,0.0,0.0,0.0,0.0,0.0,0.0,0.0,0.0
9,0.0,0.0,0.0,0.0,0.0,0.0,0.0,-3.143977752974578,0.0,0.0,-3.5384570777064566,-3.916874946659413,0.0,0.0,0.0,0.0,0.0,0.0,0.0,0.0,0.0,0.0,0.0,0.0
10,0.0,0.0,0.0,0.0,0.0,0.0,0.0,0.0,0.0,-3.5384570777064566,0.0,-3.232412979046339,-3.285500948946641,-3.0283866818524303,0.0,0.0,0.0,0.0,0.0,0.0,0.0,0.0,0.0,0.0
11,0.0,0.0,0.0,0.0,0.0,0.0,0.0,0.0,0.0,-3.916874946659413,-3.232412979046339,0.0,-3.73863177166662,-3.1606337576096055,0.0,0.0,0.0,0.0,0.0,0.0,0.0,0.0,0.0,0.0
12,0.0,0.0,0.0,0.0,0.0,0.0,0.0,0.0,0.0,0.0,-3.285500948946641,-3.73863177166662,0.0,-2.773044094986936,0.0,0.0,0.0,0.0,0.0,0.0,0.0,0.0,0.0,0.0
13,0.0,0.0,0.0,0.0,0.0,0.0,0.0,0.0,0.0,0.0,-3.0283866818524303,-3.1606337576096055,-2.773044094986936,0.0,-2.55123563716425,-2.1382031439882607,0.0,0.0,0.0,0.0,0.0,0.0,0.0,0.0
14,0.0,0.0,0.0,0.0,0.0,0.0,0.0,0.0,0.0,0.0,0.0,0.0,0.0,-2.55123563716425,0.0,-1.9365907946353582,-2.7023951974161378,0.0,0.0,0.0,0.0,0.0,0.0,0.0
15,0.0,0.0,0.0,0.0,0.0,0.0,0.0,0.0,0.0,0.0,0.0,0.0,0.0,-2.1382031439882607,-1.9365907946353582,0.0,-1.9559821612804902,0.0,0.0,0.0,0.0,0.0,0.0,0.0
16,0.0,0.0,0.0,0.0,0.0,0.0,0.0,0.0,0.0,0.0,0.0,0.0,0.0,0.0,-2.7023951974161378,-1.9559821612804902,0.0,-3.277312559004317,-2.5730153901575226,0.0,0.0,-0.9923815087440325,0.0,0.0
17,0.0,0.0,0.0,0.0,0.0,0.0,0.0,0.0,0.0,0.0,0.0,0.0,0.0,0.0,0.0,0.0,-3.277312559004317,0.0,-2.6305394200933856,-1.9945582792801164,0.0,0.0,0.0,0.0
18,0.0,0.0,0.0,0.0,0.0,0.0,0.0,0.0,0.0,0.0,0.0,0.0,0.0,0.0,0.0,0.0,-2.5730153901575226,-2.6305394200933856,0.0,-1.5755180480226425,0.0,-1.201317793264094,0.0,0.0
19,0.0,0.0,0.0,0.0,0.0,0.0,0.0,0.0,0.0,0.0,0.0,0.0,0.0,0.0,0.0,0.0,0.0,-1.9945582792801164,-1.5755180480226425,0.0,-2.1798673530925226,-0.7619166972096372,-0.07941174146975218,0.07634454089884277
20,0.0,0.0,0.0,0.0,0.0,0.0,0.0,0.0,0.0,0.0,0.0,0.0,0.0,0.0,0.0,0.0,0.0,0.0,0.0,-2.1798673530925226,0.0,0.0,-0.18522014944889573,-0.03196453225299916
21,0.0,0.0,0.0,0.0,0.0,0.0,0.0,0.0,0.0,0.0,0.0,0.0,0.0,0.0,0.0,0.0,-0.9923815087440325,0.0,-1.201317793264094,-0.7619166972096372,0.0,0.0,-0.2333661434764456,0.0
22,0.0,0.0,0.0,0.0,0.0,0.0,0.0,0.0,0.0,0.0,0.0,0.0,0.0,0.0,0.0,0.0,0.0,0.0,0.0,-0.07941174146975218,-0.18522014944889573,-0.2333661434764456,0.0,-0.8892937464478953
23,0.0,0.0,0.0,0.0,0.0,0.0,0.0,0.0,0.0,0.0,0.0,0.0,0.0,0.0,0.0,0.0,0.0,0.0,0.0,0.07634454089884277,-0.03196453225299916,0.0,-0.8892937464478953,0.0
