,0,1,2,3,4,5,6,7,8,9,10,11,12,13,14,15,16,17,18,19
0,0.0,-1.3802885076984215,-1.859569383848017,-4.815542582506897,0.0,0.0,0.0,0.0,0.0,0.0,0.0,0.0,0.0,0.0,0.0,0.0,0.0,0.0,0.0,0.0
1,-1.3802885076984215,0.0,-2.3383259366656257,-1.3708244890023276,-3.2327229946861067,0.0,0.0,0.0,0.0,0.0,0.0,0.0,0.0,0.0,0.0,0.0,0.0,0.0,0.0,0.0
2,-1.859569383848017,-2.3383259366656257,0.0,-1.8410258290338566,-2.4943936640990154,0.0,0.0,0.0,0.0,0.0,0.0,0.0,0.0,0.0,0.0,0.0,0.0,0.0,0.0,0.0
3,-4.815542582506897,-1.3708244890023276,-1.8410258290338566,0.0,-1.465942397095812,-1.5779268519858038,0.0,0.0,0.0,0.0,0.0,0.0,0.0,0.0,0.0,0.0,0.0,0.0,0.0,0.0
4,0.0,-3.2327229946861067,-2.4943936640990154,-1.465942397095812,0.0,-3.177721851017362,-5.013967133002251,0.0,0.0,0.0,0.0,0.0,0.0,0.0,0.0,0.0,0.0,0.0,0.0,0.0
5,0.0,0.0,0.0,-1.5779268519858038,-3.177721851017362,0.0,-3.070359776809865,-1.6471522453916663,0.0,0.0,0.0,0.0,0.0,0.0,0.0,0.0,0.0,0.0,0.0,0.0
6,0.0,0.0,0.0,0.0,-5.013967133002251,-3.070359776809865,0.0,-1.9068725854950446,-3.7014154134569233,0.0,0.0,0.0,0.0,0.0,0.0,0.0,0.0,0.0,0.0,0.0
7,0.0,0.0,0.0,0.0,0.0,-1.6471522453916663,-1.9068725854950446,0.0,-1.7623550782454203,0.0,-1.7535826863865318,0.0,0.0,0.0,0.0,0.0,0.0,0.0,0.0,0.0
8,0.0,0.0,0.0,0.0,0.0,0.0,-3.7014154134569233,-1.7623550782454203,0.0,0.0,-3.2723235245640425,-1.6042275862228554,0.0,0.0,0.0,0.0,0.0,0.0,0.0,0.0
9,0.0,0.0,0.0,0.0,0.0,0.0,0.0,0.0,0.0,0.0,-2.5271781591963545,-1.2869349168363478,-1.7456405302059828,0.0,0.0,0.0,0.0,0.0,0.0,0.0
10,0.0,0.0,0.0,0.0,0.0,0.0,0.0,-1.7535826863865318,-3.2723235245640425,-2.5271781591963545,0.0,-1.4881310574298694,-2.3566235146534735,-2.5054845882199412,0.0,0.0,0.0,0.0,0.0,0.0
11,0.0,0.0,0.0,0.0,0.0,0.0,0.0,0.0,-1.6042275862228554,-1.2869349168363478,-1.4881310574298694,0.0,-1.6724353861308565,-1.2767750682540926,0.0,0.0,0.0,0.0,0.0,0.0
12,0.0,0.0,0.0,0.0,0.0,0.0,0.0,0.0,0.0,-1.7456405302059828,-2.3566235146534735,-1.6724353861308565,0.0,-2.305316856820354,0.0,0.0,0.0,0.0,0.0,0.0
13,0.0,0.0,0.0,0.0,0.0,0.0,0.0,0.0,0.0,0.0,-2.5054845882199412,-1.2767750682540926,-2.305316856820354,0.0,-0.9521734560820992,-2.2335405859750344,0.0,0.0,0.0,0.0
14,0.0,0.0,0.0,0.0,0.0,0.0,0.0,0.0,0.0,0.0,0.0,0.0,0.0,-0.9521734560820992,0.0,-1.2693158216953253,-0.33944032515644185,0.0,0.0,0.0
15,0.0,0.0,0.0,0.0,0.0,0.0,0.0,0.0,0.0,0.0,0.0,0.0,0.0,-2.2335405859750344,-1.2693158216953253,0.0,-0.841302341828157,0.0,-3.01079289367772,0.0
16,0.0,0.0,0.0,0.0,0.0,0.0,0.0,0.0,0.0,0.0,0.0,0.0,0.0,0.0,-0.33944032515644185,-0.841302341828157,0.0,-2.444673445957989,-0.9619402073875886,-0.2488588664534845
17,0.0,0.0,0.0,0.0,0.0,0.0,0.0,0.0,0.0,0.0,0.0,0.0,0.0,0.0,0.0,0.0,-2.444673445957989,0.0,-0.7681387121707338,-0.16137340146119286
18,0.0,0.0,0.0,0.0,0.0,0.0,0.0,0.0,0.0,0.0,0.0,0.0,0.0,0.0,0.0,-3.01079289367772,-0.9619402073875886,-0.7681387121707338,0.0,-0.8632125555155872
19,0.0,0.0,0.0,0.0,0.0,0.0,0.0,0.0,0.0,0.0,0.0,0.0,0.0,0.0,0.0,0.0,-0.2488588664534845,-0.16137340146119286,-0.8632125555155872,0.0
