,0,1,2,3,4,5,6,7,8,9,10,11,12,13,14,15,16,17,18,19,20
0,0.0,-2.1012846629806585,-4.874589040912305,-2.926027792637732,0.0,0.0,0.0,0.0,0.0,0.0,0.0,0.0,0.0,0.0,0.0,0.0,0.0,0.0,0.0,0.0,0.0
1,-2.1012846629806585,0.0,-2.091283859782356,-2.358576170239457,0.0,0.0,0.0,0.0,0.0,0.0,0.0,0.0,0.0,0.0,0.0,0.0,0.0,0.0,0.0,0.0,0.0
2,-4.874589040912305,-2.091283859782356,0.0,-3.014488822878267,-3.83032309039656,0.0,0.0,0.0,0.0,0.0,0.0,0.0,0.0,0.0,0.0,0.0,0.0,0.0,0.0,0.0,0.0
3,-2.926027792637732,-2.358576170239457,-3.014488822878267,0.0,-3.5208025757154187,0.0,0.0,0.0,0.0,0.0,0.0,0.0,0.0,0.0,0.0,0.0,0.0,0.0,0.0,0.0,0.0
4,0.0,0.0,-3.83032309039656,-3.5208025757154187,0.0,-3.70659666121675,-3.299210579140585,-3.302376187566084,0.0,0.0,0.0,0.0,0.0,0.0,0.0,0.0,0.0,0.0,0.0,0.0,0.0
5,0.0,0.0,0.0,0.0,-3.70659666121675,0.0,-3.370592292599955,-3.9627646043666016,0.0,0.0,0.0,0.0,0.0,0.0,0.0,0.0,0.0,0.0,0.0,0.0,0.0
6,0.0,0.0,0.0,0.0,-3.299210579140585,-3.370592292599955,0.0,-3.772547764473988,-3.6967946071178925,0.0,0.0,0.0,0.0,0.0,0.0,0.0,0.0,0.0,0.0,0.0,0.0
7,0.0,0.0,0.0,0.0,-3.302376187566084,-3.9627646043666016,-3.772547764473988,0.0,-4.307889951751453,-3.2630570494328173,0.0,0.0,0.0,0.0,0.0,0.0,0.0,0.0,0.0,0.0,0.0
8,0.0,0.0,0.0,0.0,0.0,0.0,-3.6967946071178925,-4.307889951751453,0.0,-2.969095150278466,0.0,0.0,0.0,0.0,0.0,0.0,0.0,0.0,0.0,0.0,0.0
9,0.0,0.0,0.0,0.0,0.0,0.0,0.0,-3.2630570494328173,-2.969095150278466,0.0,-2.745526349983666,-2.778512113071188,-3.3638536270565096,0.0,0.0,0.0,0.0,0.0,0.0,0.0,0.0
10,0.0,0.0,0.0,0.0,0.0,0.0,0.0,0.0,0.0,-2.745526349983666,0.0,-2.258264622098999,-2.5859862507743543,0.0,0.0,0.0,0.0,0.0,0.0,0.0,0.0
11,0.0,0.0,0.0,0.0,0.0,0.0,0.0,0.0,0.0,-2.778512113071188,-2.258264622098999,0.0,-3.4806906728783895,-3.0664261584432815,0.0,0.0,0.0,0.0,0.0,0.0,0.0
12,0.0,0.0,0.0,0.0,0.0,0.0,0.0,0.0,0.0,-3.3638536270565096,-2.5859862507743543,-3.4806906728783895,0.0,-3.565839806265427,-2.442919500741641,-3.2072246698766804,0.0,0.0,0.0,0.0,0.0
13,0.0,0.0,0.0,0.0,0.0,0.0,0.0,0.0,0.0,0.0,0.0,-3.0664261584432815,-3.565839806265427,0.0,-2.2552895802172412,-3.793335360708175,0.0,0.0,0.0,0.0,0.0
14,0.0,0.0,0.0,0.0,0.0,0.0,0.0,0.0,0.0,0.0,0.0,0.0,-2.442919500741641,-2.2552895802172412,0.0,-2.081356516343215,0.0,0.0,0.0,0.0,0.0
15,0.0,0.0,0.0,0.0,0.0,0.0,0.0,0.0,0.0,0.0,0.0,0.0,-3.2072246698766804,-3.793335360708175,-2.081356516343215,0.0,0.0,0.0,0.0,0.0,0.0
16,0.0,0.0,0.0,0.0,0.0,0.0,0.0,0.0,0.0,0.0,0.0,0.0,0.0,0.0,0.0,0.0,0.0,-2.6728586410748307,-3.0706146034662916,-3.0871974133426896,0.0
17,0.0,0.0,0.0,0.0,0.0,0.0,0.0,0.0,0.0,0.0,0.0,0.0,0.0,0.0,0.0,0.0,-2.6728586410748307,0.0,-3.205573051884984,-3.170846210099393,-0.19669481486495527
18,0.0,0.0,0.0,0.0,0.0,0.0,0.0,0.0,0.0,0.0,0.0,0.0,0.0,0.0,0.0,0.0,-3.0706146034662916,-3.205573051884984,0.0,-2.933068551615137,-0.24407393358251522
19,0.0,0.0,0.0,0.0,0.0,0.0,0.0,0.0,0.0,0.0,0.0,0.0,0.0,0.0,0.0,0.0,-3.0871974133426896,-3.170846210099393,-2.933068551615137,0.0,-0.18647065675884789
20,0.0,0.0,0.0,0.0,0.0,0.0,0.0,0.0,0.0,0.0,0.0,0.0,0.0,0.0,0.0,0.0,0.0,-0.19669481486495527,-0.24407393358251522,-0.18647065675884789,0.0
