,0,1,2,3,4,5,6,7,8,9,10,11,12,13,14
0,0.0,-0.7198108982677401,0.0,-0.44227561431014734,-0.6438791425119526,0.0,0.0,0.0,0.0,0.0,0.0,0.0,0.0,0.0,0.0
1,-0.7198108982677401,0.0,-3.12393164108928,-1.5885817661660848,-2.380242599330347,0.0,0.0,0.0,0.0,0.0,0.0,0.0,0.0,0.0,0.0
2,0.0,-3.12393164108928,0.0,-1.811490370071171,-2.0526106041485286,-1.9434052964625692,-2.5537754920954194,0.0,-2.7616021633974066,0.0,0.0,0.0,0.0,0.0,0.0
3,-0.44227561431014734,-1.5885817661660848,-1.811490370071171,0.0,-1.3444900104863735,0.0,-1.5685260389569486,0.0,0.0,0.0,0.0,0.0,0.0,0.0,0.0
4,-0.6438791425119526,-2.380242599330347,-2.0526106041485286,-1.3444900104863735,0.0,-3.702671514592642,-2.9122744710165644,0.0,-2.726657833825551,0.0,0.0,0.0,0.0,0.0,0.0
5,0.0,0.0,-1.9434052964625692,0.0,-3.702671514592642,0.0,0.0,0.0,-2.4963466885814505,0.0,0.0,0.0,0.0,0.0,0.0
6,0.0,0.0,-2.5537754920954194,-1.5685260389569486,-2.9122744710165644,0.0,0.0,0.0,-4.0453695256024025,0.0,0.0,0.0,0.0,0.0,0.0
7,0.0,0.0,0.0,0.0,0.0,0.0,0.0,0.0,0.07424198782191932,0.17141165699344746,0.10567337444749535,0.0,0.0,0.0,0.0
8,0.0,0.0,-2.7616021633974066,0.0,-2.726657833825551,-2.4963466885814505,-4.0453695256024025,0.07424198782191932,0.0,-1.9899150425454817,0.0,0.0,0.0,0.0,0.0
9,0.0,0.0,0.0,0.0,0.0,0.0,0.0,0.17141165699344746,-1.9899150425454817,0.0,-2.1988304929785287,-0.6677106841698676,0.0,0.0,0.0
10,0.0,0.0,0.0,0.0,0.0,0.0,0.0,0.10567337444749535,0.0,-2.1988304929785287,0.0,-0.6741417341233413,-1.7882217703511427,0.0,0.0
11,0.0,0.0,0.0,0.0,0.0,0.0,0.0,0.0,0.0,-0.6677106841698676,-0.6741417341233413,0.0,-0.6607654401196574,-0.8215369226072572,-0.6144465223985839
12,0.0,0.0,0.0,0.0,0.0,0.0,0.0,0.0,0.0,0.0,-1.7882217703511427,-0.6607654401196574,0.0,-2.562074092923073,-1.9178461059039054
13,0.0,0.0,0.0,0.0,0.0,0.0,0.0,0.0,0.0,0.0,0.0,-0.8215369226072572,-2.562074092923073,0.0,-1.826034994379319
14,0.0,0.0,0.0,0.0,0.0,0.0,0.0,0.0,0.0,0.0,0.0,-0.6144465223985839,-1.9178461059039054,-1.826034994379319,0.0
