,0,1,2,3,4,5,6,7,8,9,10,11,12,13,14,15,16,17,18,19,20,21,22
0,0.0,-1.1310292934330795,-1.0636511202562393,-1.0691908169483157,0.0,0.0,0.0,0.0,0.0,0.0,0.0,0.0,0.0,0.0,0.0,0.0,0.0,0.0,0.0,0.0,0.0,0.0,0.0
1,-1.1310292934330795,0.0,-3.6319582348464143,-3.7781961055485005,-3.8070021065874067,0.0,0.0,0.0,0.0,0.0,0.0,0.0,0.0,0.0,0.0,0.0,0.0,0.0,0.0,0.0,0.0,0.0,0.0
2,-1.0636511202562393,-3.6319582348464143,0.0,-5.40038342526812,-3.8234701574009904,0.0,0.0,0.0,0.0,0.0,0.0,0.0,0.0,0.0,0.0,0.0,0.0,0.0,0.0,0.0,0.0,0.0,0.0
3,-1.0691908169483157,-3.7781961055485005,-5.40038342526812,0.0,-4.036121618807714,-5.2262414614859445,-4.054600505272144,0.0,0.0,0.0,0.0,0.0,0.0,0.0,0.0,0.0,0.0,0.0,0.0,0.0,0.0,0.0,0.0
4,0.0,-3.8070021065874067,-3.8234701574009904,-4.036121618807714,0.0,-3.770640632217521,-3.640830330618124,0.0,0.0,0.0,0.0,0.0,0.0,0.0,0.0,0.0,0.0,0.0,0.0,0.0,0.0,0.0,0.0
5,0.0,0.0,0.0,-5.2262414614859445,-3.770640632217521,0.0,-4.054738794125835,0.0,0.0,0.0,0.0,0.0,0.0,0.0,0.0,0.0,0.0,0.0,0.0,0.0,0.0,0.0,0.0
6,0.0,0.0,0.0,-4.054600505272144,-3.640830330618124,-4.054738794125835,0.0,0.0,0.0,0.0,0.0,0.0,0.0,0.0,0.0,0.0,0.0,0.0,0.0,0.0,0.0,0.0,0.0
7,0.0,0.0,0.0,0.0,0.0,0.0,0.0,0.0,-2.834105598251301,-3.289333326514452,-3.193724651995435,0.0,0.0,0.0,0.0,0.0,0.0,0.0,0.0,0.0,0.0,0.0,0.0
8,0.0,0.0,0.0,0.0,0.0,0.0,0.0,-2.834105598251301,0.0,-2.8426293498670305,-2.4490421834456266,-3.9572059359801575,-2.761327586502626,0.0,0.0,0.0,0.0,0.0,0.0,0.0,0.0,0.0,0.0
9,0.0,0.0,0.0,0.0,0.0,0.0,0.0,-3.289333326514452,-2.8426293498670305,0.0,-3.4388188941831523,-2.752941916079156,0.0,0.0,0.0,0.0,0.0,0.0,0.0,0.0,0.0,0.0,0.0
10,0.0,0.0,0.0,0.0,0.0,0.0,0.0,-3.193724651995435,-2.4490421834456266,-3.4388188941831523,0.0,-2.356706073620336,-3.516542821092604,0.0,0.0,0.0,0.0,0.0,0.0,0.0,0.0,0.0,0.0
11,0.0,0.0,0.0,0.0,0.0,0.0,0.0,0.0,-3.9572059359801575,-2.752941916079156,-2.356706073620336,0.0,-2.580194807368221,0.0,0.0,0.0,0.0,0.0,0.0,0.0,0.0,0.0,0.0
12,0.0,0.0,0.0,0.0,0.0,0.0,0.0,0.0,-2.761327586502626,0.0,-3.516542821092604,-2.580194807368221,0.0,0.0,0.0,0.0,0.0,0.0,0.0,0.0,0.0,0.0,0.0
13,0.0,0.0,0.0,0.0,0.0,0.0,0.0,0.0,0.0,0.0,0.0,0.0,0.0,0.0,-2.1829840323397462,-1.979076581622981,0.0,-2.3103799371454463,0.0,0.0,0.0,0.0,0.0
14,0.0,0.0,0.0,0.0,0.0,0.0,0.0,0.0,0.0,0.0,0.0,0.0,0.0,-2.1829840323397462,0.0,-3.669361007067995,0.0,-1.9217115721151143,0.0,0.0,0.0,0.0,0.0
15,0.0,0.0,0.0,0.0,0.0,0.0,0.0,0.0,0.0,0.0,0.0,0.0,0.0,-1.979076581622981,-3.669361007067995,0.0,0.0,-1.7949356250050186,0.0,0.0,0.0,0.0,0.0
16,0.0,0.0,0.0,0.0,0.0,0.0,0.0,0.0,0.0,0.0,0.0,0.0,0.0,0.0,0.0,0.0,0.0,-1.2659547251247842,-0.3109706271451892,-1.1493812896147437,0.0,0.0,0.0
17,0.0,0.0,0.0,0.0,0.0,0.0,0.0,0.0,0.0,0.0,0.0,0.0,0.0,-2.3103799371454463,-1.9217115721151143,-1.7949356250050186,-1.2659547251247842,0.0,-0.3858041527846531,-2.026434241633616,0.0,0.0,0.0
18,0.0,0.0,0.0,0.0,0.0,0.0,0.0,0.0,0.0,0.0,0.0,0.0,0.0,0.0,0.0,0.0,-0.3109706271451892,-0.3858041527846531,0.0,-0.20869484014941606,-0.4009483698054562,0.0,0.0
19,0.0,0.0,0.0,0.0,0.0,0.0,0.0,0.0,0.0,0.0,0.0,0.0,0.0,0.0,0.0,0.0,-1.1493812896147437,-2.026434241633616,-0.20869484014941606,0.0,-1.6472921591343943,-1.9489910492047027,-0.775523504602843
20,0.0,0.0,0.0,0.0,0.0,0.0,0.0,0.0,0.0,0.0,0.0,0.0,0.0,0.0,0.0,0.0,0.0,0.0,-0.4009483698054562,-1.6472921591343943,0.0,-2.985146587827557,-0.8531347574864276
21,0.0,0.0,0.0,0.0,0.0,0.0,0.0,0.0,0.0,0.0,0.0,0.0,0.0,0.0,0.0,0.0,0.0,0.0,0.0,-1.9489910492047027,-2.985146587827557,0.0,-0.8634078955230543
22,0.0,0.0,0.0,0.0,0.0,0.0,0.0,0.0,0.0,0.0,0.0,0.0,0.0,0.0,0.0,0.0,0.0,0.0,0.0,-0.775523504602843,-0.8531347574864276,-0.8634078955230543,0.0
