,0,1,2,3,4,5,6,7,8,9,10,11,12,13,14,15,16,17,18,19,20,21,22,23,24,25,26,27
0,0.0,-1.0918097179372714,-1.2180983680407,-1.2263038975605618,0.0,0.0,0.0,0.0,0.0,0.0,0.0,0.0,0.0,0.0,0.0,0.0,0.0,0.0,0.0,0.0,0.0,0.0,0.0,0.0,0.0,0.0,0.0,0.0
1,-1.0918097179372714,0.0,-3.1848332389977823,-3.089610855266587,0.0,0.0,0.0,0.0,0.0,0.0,0.0,0.0,0.0,0.0,0.0,0.0,0.0,0.0,0.0,0.0,0.0,0.0,0.0,0.0,0.0,0.0,0.0,0.0
2,-1.2180983680407,-3.1848332389977823,0.0,-5.131422024870785,-5.479664123673689,-1.2423071197608564,0.0,0.0,0.0,0.0,0.0,0.0,0.0,0.0,0.0,0.0,0.0,0.0,0.0,0.0,0.0,0.0,0.0,0.0,0.0,0.0,0.0,0.0
3,-1.2263038975605618,-3.089610855266587,-5.131422024870785,0.0,-5.618897362029755,-1.250620979472527,-3.4034125703685314,0.0,0.0,0.0,0.0,0.0,0.0,0.0,0.0,0.0,0.0,0.0,0.0,0.0,0.0,0.0,0.0,0.0,0.0,0.0,0.0,0.0
4,0.0,0.0,-5.479664123673689,-5.618897362029755,0.0,-1.2389573634748543,-3.3029932250417313,0.0,0.0,0.0,0.0,0.0,0.0,0.0,0.0,0.0,0.0,0.0,0.0,0.0,0.0,0.0,0.0,0.0,0.0,0.0,0.0,0.0
5,0.0,0.0,-1.2423071197608564,-1.250620979472527,-1.2389573634748543,0.0,-1.3441288690175348,0.0,0.0,-0.7895974034707253,0.0,0.0,-1.160039346607659,0.0,0.0,0.0,0.0,0.0,0.0,0.0,0.0,0.0,0.0,0.0,0.0,0.0,0.0,0.0
6,0.0,0.0,0.0,-3.4034125703685314,-3.3029932250417313,-1.3441288690175348,0.0,-2.5623891759931894,-2.859558570201624,-0.48591595990338643,0.0,0.0,-2.841198964784716,0.0,0.0,0.0,0.0,0.0,0.0,0.0,0.0,0.0,0.0,0.0,0.0,0.0,0.0,0.0
7,0.0,0.0,0.0,0.0,0.0,0.0,-2.5623891759931894,0.0,0.0,-0.3692938947996916,0.0,-0.6979727492407779,-2.6697472233389923,0.0,0.0,0.0,0.0,0.0,0.0,0.0,0.0,0.0,0.0,0.0,0.0,0.0,0.0,0.0
8,0.0,0.0,0.0,0.0,0.0,0.0,-2.859558570201624,0.0,0.0,-0.5457114032193063,0.0,0.0,-2.833535996946696,0.0,0.0,0.0,0.0,0.0,0.0,0.0,0.0,0.0,0.0,0.0,0.0,0.0,0.0,0.0
9,0.0,0.0,0.0,0.0,0.0,-0.7895974034707253,-0.48591595990338643,-0.3692938947996916,-0.5457114032193063,0.0,-0.9136701728780957,0.0,-0.44962158697497,0.0,-0.4671706563091572,0.0,0.0,0.0,0.0,0.0,0.0,0.0,0.0,0.0,0.0,0.0,0.0,0.0
10,0.0,0.0,0.0,0.0,0.0,0.0,0.0,0.0,0.0,-0.9136701728780957,0.0,0.0,0.0,-1.1924089301103995,-0.19692516585502842,0.0,0.0,0.0,0.0,0.0,0.0,0.0,0.0,0.0,0.0,0.0,0.0,0.0
11,0.0,0.0,0.0,0.0,0.0,0.0,0.0,-0.6979727492407779,0.0,0.0,0.0,0.0,0.0,-1.2609503805666942,-0.7609042243946179,0.0,0.0,0.0,0.0,0.0,0.0,0.0,0.0,0.0,0.0,0.0,0.0,0.0
12,0.0,0.0,0.0,0.0,0.0,-1.160039346607659,-2.841198964784716,-2.6697472233389923,-2.833535996946696,-0.44962158697497,0.0,0.0,0.0,-0.43721285514382474,-4.426506961762899,0.0,0.0,0.0,0.0,0.0,0.0,0.0,0.0,0.0,0.0,0.0,0.0,0.0
13,0.0,0.0,0.0,0.0,0.0,0.0,0.0,0.0,0.0,0.0,-1.1924089301103995,-1.2609503805666942,-0.43721285514382474,0.0,-0.4532157925320631,-1.696765018002455,-0.49055064758715866,-1.7608601630492302,0.0,0.0,0.0,0.0,0.0,0.0,0.0,0.0,0.0,0.0
14,0.0,0.0,0.0,0.0,0.0,0.0,0.0,0.0,0.0,-0.4671706563091572,-0.19692516585502842,-0.7609042243946179,-4.426506961762899,-0.4532157925320631,0.0,0.0,-3.5733517248961446,0.0,0.0,-0.6234183043928435,0.0,0.0,0.0,0.0,0.0,0.0,0.0,0.0
15,0.0,0.0,0.0,0.0,0.0,0.0,0.0,0.0,0.0,0.0,0.0,0.0,0.0,-1.696765018002455,0.0,0.0,0.0,-1.0707148939649114,-0.26924361318191786,0.0,0.0,0.0,0.0,0.0,0.0,0.0,0.0,0.0
16,0.0,0.0,0.0,0.0,0.0,0.0,0.0,0.0,0.0,0.0,0.0,0.0,0.0,-0.49055064758715866,-3.5733517248961446,0.0,0.0,-0.5268527634805121,-4.293343093162888,-0.5733407594430938,0.0,0.0,0.0,0.0,0.0,0.0,0.0,0.0
17,0.0,0.0,0.0,0.0,0.0,0.0,0.0,0.0,0.0,0.0,0.0,0.0,0.0,-1.7608601630492302,0.0,-1.0707148939649114,-0.5268527634805121,0.0,-0.5054012750330772,0.0,0.0,0.0,0.0,0.0,0.0,0.0,0.0,0.0
18,0.0,0.0,0.0,0.0,0.0,0.0,0.0,0.0,0.0,0.0,0.0,0.0,0.0,0.0,0.0,-0.26924361318191786,-4.293343093162888,-0.5054012750330772,0.0,-0.5850559788324317,0.0,0.0,0.0,0.0,0.0,-0.37583951127815984,0.0,0.0
19,0.0,0.0,0.0,0.0,0.0,0.0,0.0,0.0,0.0,0.0,0.0,0.0,0.0,0.0,-0.6234183043928435,0.0,-0.5733407594430938,0.0,-0.5850559788324317,0.0,0.0,0.0,0.0,0.0,0.0,0.0,0.0,0.0
20,0.0,0.0,0.0,0.0,0.0,0.0,0.0,0.0,0.0,0.0,0.0,0.0,0.0,0.0,0.0,0.0,0.0,0.0,0.0,0.0,0.0,-0.9837685347923171,-0.09720645864545785,-1.4263650560170864,-1.3890835295164308,0.0,0.0,0.0
21,0.0,0.0,0.0,0.0,0.0,0.0,0.0,0.0,0.0,0.0,0.0,0.0,0.0,0.0,0.0,0.0,0.0,0.0,0.0,0.0,-0.9837685347923171,0.0,-0.1655020040930977,0.0,0.0,0.2991421709016398,0.0,0.0
22,0.0,0.0,0.0,0.0,0.0,0.0,0.0,0.0,0.0,0.0,0.0,0.0,0.0,0.0,0.0,0.0,0.0,0.0,0.0,0.0,-0.09720645864545785,-0.1655020040930977,0.0,0.0,-0.4102357775112368,-0.35725515705117833,-0.4208914144871897,-0.08684282913606832
23,0.0,0.0,0.0,0.0,0.0,0.0,0.0,0.0,0.0,0.0,0.0,0.0,0.0,0.0,0.0,0.0,0.0,0.0,0.0,0.0,-1.4263650560170864,0.0,0.0,0.0,-3.072346920946948,0.0,-0.6744744095171161,0.0
24,0.0,0.0,0.0,0.0,0.0,0.0,0.0,0.0,0.0,0.0,0.0,0.0,0.0,0.0,0.0,0.0,0.0,0.0,0.0,0.0,-1.3890835295164308,0.0,-0.4102357775112368,-3.072346920946948,0.0,0.0,-0.5980187900560264,-0.6941237305259292
25,0.0,0.0,0.0,0.0,0.0,0.0,0.0,0.0,0.0,0.0,0.0,0.0,0.0,0.0,0.0,0.0,0.0,0.0,-0.37583951127815984,0.0,0.0,0.2991421709016398,-0.35725515705117833,0.0,0.0,0.0,0.0,0.0
26,0.0,0.0,0.0,0.0,0.0,0.0,0.0,0.0,0.0,0.0,0.0,0.0,0.0,0.0,0.0,0.0,0.0,0.0,0.0,0.0,0.0,0.0,-0.4208914144871897,-0.6744744095171161,-0.5980187900560264,0.0,0.0,0.04262769848281398
27,0.0,0.0,0.0,0.0,0.0,0.0,0.0,0.0,0.0,0.0,0.0,0.0,0.0,0.0,0.0,0.0,0.0,0.0,0.0,0.0,0.0,0.0,-0.08684282913606832,0.0,-0.6941237305259292,0.0,0.04262769848281398,0.0
