,0,1,2,3,4,5,6,7,8,9,10,11,12,13,14,15,16
0,0.0,-0.8152732901409434,-4.363183676340621,-0.8145487215885521,0.0,0.0,0.0,0.0,0.0,0.0,0.0,0.0,0.0,0.0,0.0,0.0,0.0
1,-0.8152732901409434,0.0,-0.8444566902619329,-4.320209056516479,-3.8518250074540044,0.0,0.0,0.0,0.0,0.0,0.0,0.0,0.0,0.0,0.0,0.0,0.0
2,-4.363183676340621,-0.8444566902619329,0.0,-0.8437330364190803,-0.8013105546979378,-0.8335592661004152,0.0,0.0,0.0,0.0,0.0,0.0,0.0,0.0,0.0,0.0,0.0
3,-0.8145487215885521,-4.320209056516479,-0.8437330364190803,0.0,-3.5150983227347083,0.0,0.0,0.0,0.0,0.0,0.0,0.0,0.0,0.0,0.0,0.0,0.0
4,0.0,-3.8518250074540044,-0.8013105546979378,-3.5150983227347083,0.0,-4.154091061168184,0.0,0.0,0.0,0.0,0.0,0.0,0.0,0.0,0.0,0.0,0.0
5,0.0,0.0,-0.8335592661004152,0.0,-4.154091061168184,0.0,-2.1925737019466163,0.0,0.0,0.0,0.0,0.0,0.0,0.0,0.0,0.0,0.0
6,0.0,0.0,0.0,0.0,0.0,-2.1925737019466163,0.0,-1.9886687548867188,-1.648311279729021,0.0,0.0,0.0,0.0,0.0,0.0,0.0,0.0
7,0.0,0.0,0.0,0.0,0.0,0.0,-1.9886687548867188,0.0,-2.2076964151402416,-3.8443669401394756,0.0,0.0,0.0,0.0,0.0,0.0,0.0
8,0.0,0.0,0.0,0.0,0.0,0.0,-1.648311279729021,-2.2076964151402416,0.0,-2.2540460491348835,-1.9758291328139614,0.0,0.0,0.0,0.0,0.0,0.0
9,0.0,0.0,0.0,0.0,0.0,0.0,0.0,-3.8443669401394756,-2.2540460491348835,0.0,-3.3080929113939006,-4.153767174848411,-1.673609050614208,0.0,0.0,0.0,0.0
10,0.0,0.0,0.0,0.0,0.0,0.0,0.0,0.0,-1.9758291328139614,-3.3080929113939006,0.0,-3.1677501896513154,-1.7691203410848375,0.0,0.0,0.0,0.0
11,0.0,0.0,0.0,0.0,0.0,0.0,0.0,0.0,0.0,-4.153767174848411,-3.1677501896513154,0.0,-1.5991670753245482,0.0,0.0,0.0,0.0
12,0.0,0.0,0.0,0.0,0.0,0.0,0.0,0.0,0.0,-1.673609050614208,-1.7691203410848375,-1.5991670753245482,0.0,-1.5329350821924799,0.0,0.0,0.0
13,0.0,0.0,0.0,0.0,0.0,0.0,0.0,0.0,0.0,0.0,0.0,0.0,-1.5329350821924799,0.0,-2.5502058684391864,-2.205469057595342,-1.8324037477721922
14,0.0,0.0,0.0,0.0,0.0,0.0,0.0,0.0,0.0,0.0,0.0,0.0,0.0,-2.5502058684391864,0.0,-1.8351901242731001,-2.295757406668108
15,0.0,0.0,0.0,0.0,0.0,0.0,0.0,0.0,0.0,0.0,0.0,0.0,0.0,-2.205469057595342,-1.8351901242731001,0.0,-1.6851231659457173
16,0.0,0.0,0.0,0.0,0.0,0.0,0.0,0.0,0.0,0.0,0.0,0.0,0.0,-1.8324037477721922,-2.295757406668108,-1.6851231659457173,0.0
