,0,1,2,3,4,5,6,7,8,9,10,11,12,13,14,15,16
0,0.0,-4.656883645785172,-3.83832142840814,-0.4696333452107984,0.0,0.0,0.0,0.0,0.0,0.0,0.0,0.0,0.0,0.0,0.0,0.0,0.0
1,-4.656883645785172,0.0,-3.7186359042892945,-0.45501466049807765,-3.2961904087308147,0.0,0.0,0.0,0.0,0.0,0.0,0.0,0.0,0.0,0.0,0.0,0.0
2,-3.83832142840814,-3.7186359042892945,0.0,-0.46349184835937346,-3.939357533038533,0.0,0.0,0.0,0.0,0.0,0.0,0.0,0.0,0.0,0.0,0.0,0.0
3,-0.4696333452107984,-0.45501466049807765,-0.46349184835937346,0.0,-0.43890328187735006,-0.45271753474000204,-0.48042317111159627,0.0,0.0,0.0,0.0,0.0,0.0,0.0,0.0,0.0,0.0
4,0.0,-3.2961904087308147,-3.939357533038533,-0.43890328187735006,0.0,-3.5704274074195244,-3.177500826968179,-3.0643823403350345,0.0,0.0,0.0,0.0,0.0,0.0,0.0,0.0,0.0
5,0.0,0.0,0.0,-0.45271753474000204,-3.5704274074195244,0.0,-3.99596893585004,-3.9146906178939513,0.0,0.0,0.0,0.0,0.0,0.0,0.0,0.0,0.0
6,0.0,0.0,0.0,-0.48042317111159627,-3.177500826968179,-3.99596893585004,0.0,-4.744361806622924,0.0,0.0,0.0,0.0,0.0,0.0,0.0,0.0,0.0
7,0.0,0.0,0.0,0.0,-3.0643823403350345,-3.9146906178939513,-4.744361806622924,0.0,-2.421024174860739,-4.503790728956237,-4.323114901647968,0.0,0.0,0.0,0.0,0.0,0.0
8,0.0,0.0,0.0,0.0,0.0,0.0,0.0,-2.421024174860739,0.0,-2.533509286046405,-2.5825521725425036,0.0,0.0,0.0,0.0,0.0,0.0
9,0.0,0.0,0.0,0.0,0.0,0.0,0.0,-4.503790728956237,-2.533509286046405,0.0,-4.9752636150813565,0.0,0.0,0.0,0.0,0.0,0.0
10,0.0,0.0,0.0,0.0,0.0,0.0,0.0,-4.323114901647968,-2.5825521725425036,-4.9752636150813565,0.0,-4.170753962394509,0.0,0.0,0.0,0.0,0.0
11,0.0,0.0,0.0,0.0,0.0,0.0,0.0,0.0,0.0,0.0,-4.170753962394509,0.0,-2.010116474219601,-1.9780542468362683,0.0,0.0,0.0
12,0.0,0.0,0.0,0.0,0.0,0.0,0.0,0.0,0.0,0.0,0.0,-2.010116474219601,0.0,-1.9554723281118325,-1.1614178961556716,0.0,0.0
13,0.0,0.0,0.0,0.0,0.0,0.0,0.0,0.0,0.0,0.0,0.0,-1.9780542468362683,-1.9554723281118325,0.0,-0.9297871835848599,-2.5948117986540535,-1.5429225267053026
14,0.0,0.0,0.0,0.0,0.0,0.0,0.0,0.0,0.0,0.0,0.0,0.0,-1.1614178961556716,-0.9297871835848599,0.0,-0.9082099640032516,-0.9384187939338997
15,0.0,0.0,0.0,0.0,0.0,0.0,0.0,0.0,0.0,0.0,0.0,0.0,0.0,-2.5948117986540535,-0.9082099640032516,0.0,-1.2502877701110404
16,0.0,0.0,0.0,0.0,0.0,0.0,0.0,0.0,0.0,0.0,0.0,0.0,0.0,-1.5429225267053026,-0.9384187939338997,-1.2502877701110404,0.0
