,0,1,2,3,4,5,6,7,8,9,10,11,12,13,14,15,16,17,18
0,0.0,-0.9999148612961172,-1.0101842265577037,-0.9713233043965824,0.0,0.0,0.0,0.0,0.0,0.0,0.0,0.0,0.0,0.0,0.0,0.0,0.0,0.0,0.0
1,-0.9999148612961172,0.0,-5.283901467540004,-4.540060683621682,-3.4368680229937922,0.0,0.0,0.0,0.0,0.0,0.0,0.0,0.0,0.0,0.0,0.0,0.0,0.0,0.0
2,-1.0101842265577037,-5.283901467540004,0.0,-4.2074483761329935,-3.5949246096619487,0.0,0.0,0.0,0.0,0.0,0.0,0.0,0.0,0.0,0.0,0.0,0.0,0.0,0.0
3,-0.9713233043965824,-4.540060683621682,-4.2074483761329935,0.0,-3.257784329208477,0.0,0.0,0.0,0.0,0.0,0.0,0.0,0.0,0.0,0.0,0.0,0.0,0.0,0.0
4,0.0,-3.4368680229937922,-3.5949246096619487,-3.257784329208477,0.0,-3.4586432808171352,-3.381146094961894,-6.189217299432395,0.0,0.0,0.0,0.0,0.0,0.0,0.0,0.0,0.0,0.0,0.0
5,0.0,0.0,0.0,0.0,-3.4586432808171352,0.0,-5.734225997342439,-3.437744936411096,0.0,0.0,0.0,0.0,0.0,0.0,0.0,0.0,0.0,0.0,0.0
6,0.0,0.0,0.0,0.0,-3.381146094961894,-5.734225997342439,0.0,-3.358561833429388,0.0,0.0,0.0,0.0,0.0,0.0,0.0,0.0,0.0,0.0,0.0
7,0.0,0.0,0.0,0.0,-6.189217299432395,-3.437744936411096,-3.358561833429388,0.0,-4.035493919738014,0.0,0.0,0.0,0.0,0.0,0.0,0.0,0.0,0.0,0.0
8,0.0,0.0,0.0,0.0,0.0,0.0,0.0,-4.035493919738014,0.0,-3.3988297279468336,0.0,-3.54794629524793,0.0,0.0,0.0,0.0,0.0,0.0,0.0
9,0.0,0.0,0.0,0.0,0.0,0.0,0.0,0.0,-3.3988297279468336,0.0,-1.5779524268880636,-3.103153004388722,-1.2081171431795683,0.0,0.0,0.0,0.0,0.0,0.0
10,0.0,0.0,0.0,0.0,0.0,0.0,0.0,0.0,0.0,-1.5779524268880636,0.0,-1.8201501986772584,-1.158235688325285,0.0,0.0,0.0,0.0,0.0,0.0
11,0.0,0.0,0.0,0.0,0.0,0.0,0.0,0.0,-3.54794629524793,-3.103153004388722,-1.8201501986772584,0.0,-1.2587437238097887,-1.90541098964152,-2.812757351763069,0.0,0.0,0.0,0.0
12,0.0,0.0,0.0,0.0,0.0,0.0,0.0,0.0,0.0,-1.2081171431795683,-1.158235688325285,-1.2587437238097887,0.0,-0.8434297428986098,-1.2295840165099998,0.0,0.0,0.0,0.0
13,0.0,0.0,0.0,0.0,0.0,0.0,0.0,0.0,0.0,0.0,0.0,-1.90541098964152,-0.8434297428986098,0.0,-1.7677910674218777,0.0,0.0,0.0,0.0
14,0.0,0.0,0.0,0.0,0.0,0.0,0.0,0.0,0.0,0.0,0.0,-2.812757351763069,-1.2295840165099998,-1.7677910674218777,0.0,0.0,0.0,0.0,0.0
15,0.0,0.0,0.0,0.0,0.0,0.0,0.0,0.0,0.0,0.0,0.0,0.0,0.0,0.0,0.0,0.0,-2.047582740595512,-0.6713690054293596,-2.148864535441863
16,0.0,0.0,0.0,0.0,0.0,0.0,0.0,0.0,0.0,0.0,0.0,0.0,0.0,0.0,0.0,-2.047582740595512,0.0,-0.7742542909917582,-2.5871926201325066
17,0.0,0.0,0.0,0.0,0.0,0.0,0.0,0.0,0.0,0.0,0.0,0.0,0.0,0.0,0.0,-0.6713690054293596,-0.7742542909917582,0.0,-0.6253662256601508
18,0.0,0.0,0.0,0.0,0.0,0.0,0.0,0.0,0.0,0.0,0.0,0.0,0.0,0.0,0.0,-2.148864535441863,-2.5871926201325066,-0.6253662256601508,0.0
