,0,1,2,3,4,5,6,7,8,9,10,11,12,13,14,15,16,17,18,19,20,21
0,0.0,-0.8512558868884259,-0.7687149860799485,-0.8240501470060845,0.0,0.0,0.0,0.0,0.0,0.0,0.0,0.0,0.0,0.0,0.0,0.0,0.0,0.0,0.0,0.0,0.0,0.0
1,-0.8512558868884259,0.0,-3.2992719271182582,-4.131156562525427,-2.7378307454348327,0.0,0.0,0.0,0.0,0.0,0.0,0.0,0.0,0.0,0.0,0.0,0.0,0.0,0.0,0.0,0.0,0.0
2,-0.7687149860799485,-3.2992719271182582,0.0,-3.534961878105628,-3.550235883756848,0.0,0.0,0.0,0.0,0.0,0.0,0.0,0.0,0.0,0.0,0.0,0.0,0.0,0.0,0.0,0.0,0.0
3,-0.8240501470060845,-4.131156562525427,-3.534961878105628,0.0,-2.9253797264820918,0.0,0.0,0.0,0.0,0.0,0.0,0.0,0.0,0.0,0.0,0.0,0.0,0.0,0.0,0.0,0.0,0.0
4,0.0,-2.7378307454348327,-3.550235883756848,-2.9253797264820918,0.0,-3.313265783751101,-3.7701759626667006,-3.15616524275524,0.0,0.0,0.0,0.0,0.0,0.0,0.0,0.0,0.0,0.0,0.0,0.0,0.0,0.0
5,0.0,0.0,0.0,0.0,-3.313265783751101,0.0,-3.9603945811524848,-4.07085435469726,0.0,0.0,0.0,0.0,0.0,0.0,0.0,0.0,0.0,0.0,0.0,0.0,0.0,0.0
6,0.0,0.0,0.0,0.0,-3.7701759626667006,-3.9603945811524848,0.0,-3.4084885640166127,0.0,0.0,0.0,0.0,0.0,0.0,0.0,0.0,0.0,0.0,0.0,0.0,0.0,0.0
7,0.0,0.0,0.0,0.0,-3.15616524275524,-4.07085435469726,-3.4084885640166127,0.0,-2.095843900070803,-3.158581573351308,0.0,0.0,0.0,0.0,0.0,0.0,0.0,0.0,0.0,0.0,0.0,0.0
8,0.0,0.0,0.0,0.0,0.0,0.0,0.0,-2.095843900070803,0.0,-2.182738866277561,-2.1985565960951696,0.0,0.0,0.0,0.0,0.0,0.0,0.0,0.0,0.0,0.0,0.0
9,0.0,0.0,0.0,0.0,0.0,0.0,0.0,-3.158581573351308,-2.182738866277561,0.0,-2.8755870368540704,0.0,0.0,0.0,0.0,0.0,0.0,0.0,0.0,0.0,0.0,0.0
10,0.0,0.0,0.0,0.0,0.0,0.0,0.0,0.0,-2.1985565960951696,-2.8755870368540704,0.0,-0.02233486724480283,0.0,0.0,0.0,0.0,0.0,0.0,0.0,0.0,0.0,0.0
11,0.0,0.0,0.0,0.0,0.0,0.0,0.0,0.0,0.0,0.0,-0.02233486724480283,0.0,-0.01595239611044221,0.0,-0.031451518258356605,0.0,-0.22460214933936362,0.0,0.0,0.0,0.0,0.0
12,0.0,0.0,0.0,0.0,0.0,0.0,0.0,0.0,0.0,0.0,0.0,-0.01595239611044221,0.0,-1.9106264149493888,-2.188852106944713,-0.7615861002654761,-1.4703678200315204,0.0,0.0,0.0,0.0,0.0
13,0.0,0.0,0.0,0.0,0.0,0.0,0.0,0.0,0.0,0.0,0.0,0.0,-1.9106264149493888,0.0,-1.3627264032968522,0.0,-0.9987995963458239,0.0,0.0,0.0,0.0,0.0
14,0.0,0.0,0.0,0.0,0.0,0.0,0.0,0.0,0.0,0.0,0.0,-0.031451518258356605,-2.188852106944713,-1.3627264032968522,0.0,-0.9672064313844962,-1.7501272554982727,0.0,0.0,0.0,0.0,0.0
15,0.0,0.0,0.0,0.0,0.0,0.0,0.0,0.0,0.0,0.0,0.0,0.0,-0.7615861002654761,0.0,-0.9672064313844962,0.0,-0.7149101982140056,0.0,0.0,0.0,0.0,0.0
16,0.0,0.0,0.0,0.0,0.0,0.0,0.0,0.0,0.0,0.0,0.0,-0.22460214933936362,-1.4703678200315204,-0.9987995963458239,-1.7501272554982727,-0.7149101982140056,0.0,-1.7242825210799901,0.0,0.0,0.0,0.0
17,0.0,0.0,0.0,0.0,0.0,0.0,0.0,0.0,0.0,0.0,0.0,0.0,0.0,0.0,0.0,0.0,-1.7242825210799901,0.0,-1.9873653459706753,-0.8359251020973819,0.0,-1.1214451636201557
18,0.0,0.0,0.0,0.0,0.0,0.0,0.0,0.0,0.0,0.0,0.0,0.0,0.0,0.0,0.0,0.0,0.0,-1.9873653459706753,0.0,-1.0822867514931258,-0.6489052626208252,-1.325764638019741
19,0.0,0.0,0.0,0.0,0.0,0.0,0.0,0.0,0.0,0.0,0.0,0.0,0.0,0.0,0.0,0.0,0.0,-0.8359251020973819,-1.0822867514931258,0.0,-0.7312240773106677,-1.9822455500610932
20,0.0,0.0,0.0,0.0,0.0,0.0,0.0,0.0,0.0,0.0,0.0,0.0,0.0,0.0,0.0,0.0,0.0,0.0,-0.6489052626208252,-0.7312240773106677,0.0,-0.9997956160779905
21,0.0,0.0,0.0,0.0,0.0,0.0,0.0,0.0,0.0,0.0,0.0,0.0,0.0,0.0,0.0,0.0,0.0,-1.1214451636201557,-1.325764638019741,-1.9822455500610932,-0.9997956160779905,0.0
