,0,1,2,3,4,5,6,7,8,9,10,11
0,0.0,-0.8779116859244538,-0.8790298610663391,-0.876042329629003,0.0,0.0,0.0,0.0,0.0,0.0,0.0,0.0
1,-0.8779116859244538,0.0,-5.150877546861608,-4.228698240447513,-4.492079152773204,0.0,0.0,0.0,0.0,0.0,0.0,0.0
2,-0.8790298610663391,-5.150877546861608,0.0,-4.727391050996006,-4.883410289561743,0.0,0.0,0.0,0.0,0.0,0.0,0.0
3,-0.876042329629003,-4.228698240447513,-4.727391050996006,0.0,-4.86776620450623,-4.459552783795593,0.0,0.0,0.0,0.0,0.0,0.0
4,0.0,-4.492079152773204,-4.883410289561743,-4.86776620450623,0.0,-5.3687321600633915,0.0,0.0,0.0,0.0,0.0,0.0
5,0.0,0.0,0.0,-4.459552783795593,-5.3687321600633915,0.0,-4.110350425470883,-4.111474189116863,0.0,0.0,0.0,0.0
6,0.0,0.0,0.0,0.0,0.0,-4.110350425470883,0.0,-4.832062279575499,-3.283412008528882,0.0,0.0,0.0
7,0.0,0.0,0.0,0.0,0.0,-4.111474189116863,-4.832062279575499,0.0,-3.2892105141950316,-3.083629418440565,0.0,0.0
8,0.0,0.0,0.0,0.0,0.0,0.0,-3.283412008528882,-3.2892105141950316,0.0,-2.494167798215328,-3.148266838577444,-0.8369215597184247
9,0.0,0.0,0.0,0.0,0.0,0.0,0.0,-3.083629418440565,-2.494167798215328,0.0,-3.2188971051795314,-0.8233715872916576
10,0.0,0.0,0.0,0.0,0.0,0.0,0.0,0.0,-3.148266838577444,-3.2188971051795314,0.0,-0.8255288221550838
11,0.0,0.0,0.0,0.0,0.0,0.0,0.0,0.0,-0.8369215597184247,-0.8233715872916576,-0.8255288221550838,0.0
