,0,1,2,3,4,5,6,7,8,9,10,11,12,13,14,15,16,17,18,19,20,21,22,23,24,25,26
0,0.0,-0.6566915314491154,-0.6549605995278341,-0.6328862317958237,0.0,0.0,0.0,0.0,0.0,0.0,0.0,0.0,0.0,0.0,0.0,0.0,0.0,0.0,0.0,0.0,0.0,0.0,0.0,0.0,0.0,0.0,0.0
1,-0.6566915314491154,0.0,-6.879172244896425,-4.000798897098236,-4.583950288412887,0.0,0.0,0.0,0.0,0.0,0.0,0.0,0.0,0.0,0.0,0.0,0.0,0.0,0.0,0.0,0.0,0.0,0.0,0.0,0.0,0.0,0.0
2,-0.6549605995278341,-6.879172244896425,0.0,-4.012091515630093,-4.689741714061476,0.0,0.0,0.0,0.0,0.0,0.0,0.0,0.0,0.0,0.0,0.0,0.0,0.0,0.0,0.0,0.0,0.0,0.0,0.0,0.0,0.0,0.0
3,-0.6328862317958237,-4.000798897098236,-4.012091515630093,0.0,-3.9329709732822007,-3.6822708742648866,0.0,0.0,0.0,0.0,0.0,0.0,0.0,0.0,0.0,0.0,0.0,0.0,0.0,0.0,0.0,0.0,0.0,0.0,0.0,0.0,0.0
4,0.0,-4.583950288412887,-4.689741714061476,-3.9329709732822007,0.0,-5.136615153369849,-4.190799350727829,0.0,0.0,0.0,0.0,0.0,0.0,0.0,0.0,0.0,0.0,0.0,0.0,0.0,0.0,0.0,0.0,0.0,0.0,0.0,0.0
5,0.0,0.0,0.0,-3.6822708742648866,-5.136615153369849,0.0,-4.0229966896453115,0.0,0.0,0.0,0.0,0.0,0.0,0.0,0.0,0.0,0.0,0.0,0.0,0.0,0.0,0.0,0.0,0.0,0.0,0.0,0.0
6,0.0,0.0,0.0,0.0,-4.190799350727829,-4.0229966896453115,0.0,0.0,-4.449251204116912,0.0,0.0,0.0,0.0,0.0,0.0,0.0,0.0,0.0,0.0,0.0,0.0,0.0,0.0,0.0,0.0,0.0,0.0
7,0.0,0.0,0.0,0.0,0.0,0.0,0.0,0.0,-4.096270931445616,-3.2140021985659253,-3.9598366461871812,0.0,0.0,0.0,0.0,0.0,0.0,0.0,0.0,0.0,0.0,0.0,0.0,0.0,0.0,0.0,0.0
8,0.0,0.0,0.0,0.0,0.0,0.0,-4.449251204116912,-4.096270931445616,0.0,-3.623952384953308,-3.7725471506666657,0.0,0.0,0.0,0.0,0.0,0.0,0.0,0.0,0.0,0.0,0.0,0.0,0.0,0.0,0.0,0.0
9,0.0,0.0,0.0,0.0,0.0,0.0,0.0,-3.2140021985659253,-3.623952384953308,0.0,-3.437730443649857,0.0,0.0,0.0,0.0,0.0,0.0,0.0,0.0,0.0,0.0,0.0,0.0,0.0,0.0,0.0,0.0
10,0.0,0.0,0.0,0.0,0.0,0.0,0.0,-3.9598366461871812,-3.7725471506666657,-3.437730443649857,0.0,-3.6556307988946157,-3.6958696481868554,0.0,0.0,0.0,0.0,0.0,0.0,0.0,0.0,0.0,0.0,0.0,0.0,0.0,0.0
11,0.0,0.0,0.0,0.0,0.0,0.0,0.0,0.0,0.0,0.0,-3.6556307988946157,0.0,-3.3129072325869084,-2.613315216455778,0.0,0.0,0.0,0.0,0.0,0.0,0.0,0.0,0.0,0.0,0.0,0.0,0.0
12,0.0,0.0,0.0,0.0,0.0,0.0,0.0,0.0,0.0,0.0,-3.6958696481868554,-3.3129072325869084,0.0,-3.269742707768555,0.0,0.0,0.0,0.0,0.0,0.0,0.0,0.0,0.0,0.0,0.0,0.0,0.0
13,0.0,0.0,0.0,0.0,0.0,0.0,0.0,0.0,0.0,0.0,0.0,-2.613315216455778,-3.269742707768555,0.0,-1.8632403149636299,-3.049321276933444,-0.24895705142356553,0.0,0.0,0.0,0.0,0.0,0.0,0.0,0.0,0.0,0.0
14,0.0,0.0,0.0,0.0,0.0,0.0,0.0,0.0,0.0,0.0,0.0,0.0,0.0,-1.8632403149636299,0.0,-2.1210896963406976,-0.2114706859947668,0.0,-0.3022204604434055,0.0,0.0,0.0,0.0,0.0,0.0,0.0,0.0
15,0.0,0.0,0.0,0.0,0.0,0.0,0.0,0.0,0.0,0.0,0.0,0.0,0.0,-3.049321276933444,-2.1210896963406976,0.0,0.0,0.0,-0.36515459482377993,0.0,0.0,0.0,0.0,0.0,0.0,0.0,0.0
16,0.0,0.0,0.0,0.0,0.0,0.0,0.0,0.0,0.0,0.0,0.0,0.0,0.0,-0.24895705142356553,-0.2114706859947668,0.0,0.0,0.0,-2.4805031407537412,0.0,0.0,0.0,0.0,0.0,0.0,0.0,0.0
17,0.0,0.0,0.0,0.0,0.0,0.0,0.0,0.0,0.0,0.0,0.0,0.0,0.0,0.0,0.0,0.0,0.0,0.0,0.0,0.0,-1.2136457110372045,0.0,0.0,0.0,-0.4302013316747739,-1.1163754081589925,-0.8488003350519348
18,0.0,0.0,0.0,0.0,0.0,0.0,0.0,0.0,0.0,0.0,0.0,0.0,0.0,0.0,-0.3022204604434055,-0.36515459482377993,-2.4805031407537412,0.0,0.0,0.0,-0.9984826943748848,0.0,0.0,0.0,0.0,0.0,0.0
19,0.0,0.0,0.0,0.0,0.0,0.0,0.0,0.0,0.0,0.0,0.0,0.0,0.0,0.0,0.0,0.0,0.0,0.0,0.0,0.0,-0.8941612243183921,-3.30057348215153,0.0,-2.4406791385065776,0.0,0.0,0.0
20,0.0,0.0,0.0,0.0,0.0,0.0,0.0,0.0,0.0,0.0,0.0,0.0,0.0,0.0,0.0,0.0,0.0,-1.2136457110372045,-0.9984826943748848,-0.8941612243183921,0.0,-0.966583214920419,-0.5705238875045756,0.0,0.0,0.0,0.0
21,0.0,0.0,0.0,0.0,0.0,0.0,0.0,0.0,0.0,0.0,0.0,0.0,0.0,0.0,0.0,0.0,0.0,0.0,0.0,-3.30057348215153,-0.966583214920419,0.0,-1.5892553911440441,-2.0880135594051086,0.0,0.0,0.0
22,0.0,0.0,0.0,0.0,0.0,0.0,0.0,0.0,0.0,0.0,0.0,0.0,0.0,0.0,0.0,0.0,0.0,0.0,0.0,0.0,-0.5705238875045756,-1.5892553911440441,0.0,-2.4869637645120695,0.0,-0.2665935487458783,-0.02415193948182726
23,0.0,0.0,0.0,0.0,0.0,0.0,0.0,0.0,0.0,0.0,0.0,0.0,0.0,0.0,0.0,0.0,0.0,0.0,0.0,-2.4406791385065776,0.0,-2.0880135594051086,-2.4869637645120695,0.0,0.0,-0.37650013471893923,-0.1089397617929745
24,0.0,0.0,0.0,0.0,0.0,0.0,0.0,0.0,0.0,0.0,0.0,0.0,0.0,0.0,0.0,0.0,0.0,-0.4302013316747739,0.0,0.0,0.0,0.0,0.0,0.0,0.0,-1.1199880255357006,-1.1868408595221323
25,0.0,0.0,0.0,0.0,0.0,0.0,0.0,0.0,0.0,0.0,0.0,0.0,0.0,0.0,0.0,0.0,0.0,-1.1163754081589925,0.0,0.0,0.0,0.0,-0.2665935487458783,-0.37650013471893923,-1.1199880255357006,0.0,-1.5571242137404968
26,0.0,0.0,0.0,0.0,0.0,0.0,0.0,0.0,0.0,0.0,0.0,0.0,0.0,0.0,0.0,0.0,0.0,-0.8488003350519348,0.0,0.0,0.0,0.0,-0.02415193948182726,-0.1089397617929745,-1.1868408595221323,-1.5571242137404968,0.0
