,0,1,2,3,4,5,6,7,8,9,10,11,12,13,14,15,16,17
0,0.0,-1.1177675993190315,-1.1673766532607646,-1.153658297879099,0.0,0.0,0.0,0.0,0.0,0.0,0.0,0.0,0.0,0.0,0.0,0.0,0.0,0.0
1,-1.1177675993190315,0.0,-3.634748708246207,-3.9688354394081973,-3.3971355365295812,0.0,0.0,0.0,0.0,0.0,0.0,0.0,0.0,0.0,0.0,0.0,0.0,0.0
2,-1.1673766532607646,-3.634748708246207,0.0,-3.3355888291343274,-3.2630661746677667,0.0,0.0,0.0,0.0,0.0,0.0,0.0,0.0,0.0,0.0,0.0,0.0,0.0
3,-1.153658297879099,-3.9688354394081973,-3.3355888291343274,0.0,-4.022995650432996,0.0,0.0,0.0,0.0,0.0,0.0,0.0,0.0,0.0,0.0,0.0,0.0,0.0
4,0.0,-3.3971355365295812,-3.2630661746677667,-4.022995650432996,0.0,-3.77967390140663,-3.5711004648945233,-4.042988796384018,0.0,0.0,0.0,0.0,0.0,0.0,0.0,0.0,0.0,0.0
5,0.0,0.0,0.0,0.0,-3.77967390140663,0.0,-5.2140715698210975,-4.270881014336209,0.0,0.0,0.0,0.0,0.0,0.0,0.0,0.0,0.0,0.0
6,0.0,0.0,0.0,0.0,-3.5711004648945233,-5.2140715698210975,0.0,-4.074198700735707,0.0,0.0,0.0,0.0,0.0,0.0,0.0,0.0,0.0,0.0
7,0.0,0.0,0.0,0.0,-4.042988796384018,-4.270881014336209,-4.074198700735707,0.0,-3.5120109742245536,-2.855896335472259,0.0,0.0,0.0,0.0,0.0,0.0,0.0,0.0
8,0.0,0.0,0.0,0.0,0.0,0.0,0.0,-3.5120109742245536,0.0,-2.8843843216495597,-2.56411961099901,-4.599384818077258,0.0,0.0,0.0,0.0,0.0,0.0
9,0.0,0.0,0.0,0.0,0.0,0.0,0.0,-2.855896335472259,-2.8843843216495597,0.0,-2.0204034805061997,-3.0694122242553346,0.0,0.0,0.0,0.0,0.0,0.0
10,0.0,0.0,0.0,0.0,0.0,0.0,0.0,0.0,-2.56411961099901,-2.0204034805061997,0.0,-2.443164106733812,0.0,-3.4872390903913044,0.0,0.0,0.0,0.0
11,0.0,0.0,0.0,0.0,0.0,0.0,0.0,0.0,-4.599384818077258,-3.0694122242553346,-2.443164106733812,0.0,-0.27777507349039715,-2.8763838312446666,0.0,0.0,0.0,0.0
12,0.0,0.0,0.0,0.0,0.0,0.0,0.0,0.0,0.0,0.0,0.0,-0.27777507349039715,0.0,-0.2370302729360892,-2.215357629580594,0.0,0.0,0.0
13,0.0,0.0,0.0,0.0,0.0,0.0,0.0,0.0,0.0,0.0,-3.4872390903913044,-2.8763838312446666,-0.2370302729360892,0.0,-0.11276218164373976,-2.6452817076311868,-0.3235620116614179,-3.8269030622161906
14,0.0,0.0,0.0,0.0,0.0,0.0,0.0,0.0,0.0,0.0,0.0,0.0,-2.215357629580594,-0.11276218164373976,0.0,0.0,-1.7250449248002542,0.0
15,0.0,0.0,0.0,0.0,0.0,0.0,0.0,0.0,0.0,0.0,0.0,0.0,0.0,-2.6452817076311868,0.0,0.0,-0.3810375090677064,-2.3870060532995976
16,0.0,0.0,0.0,0.0,0.0,0.0,0.0,0.0,0.0,0.0,0.0,0.0,0.0,-0.3235620116614179,-1.7250449248002542,-0.3810375090677064,0.0,-0.31359585780085264
17,0.0,0.0,0.0,0.0,0.0,0.0,0.0,0.0,0.0,0.0,0.0,0.0,0.0,-3.8269030622161906,0.0,-2.3870060532995976,-0.31359585780085264,0.0
