,0,1,2,3,4,5,6,7,8,9,10,11,12,13,14,15,16,17,18,19,20
0,0.0,5.759784652888977,7.938884261952268,2.233313797529792,0.0,0.0,0.0,0.0,0.0,0.0,0.0,0.0,0.0,0.0,0.0,0.0,0.0,0.0,0.0,0.0,0.0
1,5.759784652888977,0.0,7.044175314351331,3.025235305943482,0.0,0.0,0.0,0.0,0.0,0.0,0.0,0.0,0.0,0.0,0.0,0.0,0.0,0.0,0.0,0.0,0.0
2,7.938884261952268,7.044175314351331,0.0,4.845396988732326,0.0,1.5626775569550866,1.0781427159342645,0.0,0.0,0.0,0.0,0.0,0.0,0.0,0.0,0.0,0.0,0.0,0.0,0.0,0.0
3,2.233313797529792,3.025235305943482,4.845396988732326,0.0,0.037110510327979,3.4848243546341044,3.819741076466883,0.0,0.0,0.0,0.0,0.0,0.0,0.0,0.0,0.0,0.0,0.0,0.0,0.0,0.0
4,0.0,0.0,0.0,0.037110510327979,0.0,2.8210696054561786,3.187373955253528,0.6624829167608,3.117084325417569,0.0,0.0,0.0,0.0,0.0,0.0,0.0,0.0,0.0,0.0,0.0,0.0
5,0.0,0.0,1.5626775569550866,3.4848243546341044,2.8210696054561786,0.0,1.2846430467791454,0.0,1.0815696339488505,0.0,0.0,0.0,0.0,0.0,0.0,0.0,0.0,0.0,0.0,0.0,0.0
6,0.0,0.0,1.0781427159342645,3.819741076466883,3.187373955253528,1.2846430467791454,0.0,0.0,-0.6286965518642594,0.0,0.0,0.0,0.0,0.0,0.0,0.0,0.0,0.0,0.0,0.0,0.0
7,0.0,0.0,0.0,0.0,0.6624829167608,0.0,0.0,0.0,0.0,1.2370825761297826,0.21144422114207306,1.448288288592752,0.0,0.0,0.0,0.0,0.0,0.0,0.0,0.0,0.0
8,0.0,0.0,0.0,0.0,3.117084325417569,1.0815696339488505,-0.6286965518642594,0.0,0.0,0.0,0.0,0.0,0.0,0.0,0.0,0.0,0.0,0.0,0.0,0.0,0.0
9,0.0,0.0,0.0,0.0,0.0,0.0,0.0,1.2370825761297826,0.0,0.0,0.47789475326745157,2.506120623407975,0.0,-1.0442411690875328,0.0,0.0,0.0,0.0,0.0,0.0,0.0
10,0.0,0.0,0.0,0.0,0.0,0.0,0.0,0.21144422114207306,0.0,0.47789475326745157,0.0,1.8071882662659022,0.0,0.2944574862210684,0.0,0.0,0.0,0.0,0.0,0.0,0.0
11,0.0,0.0,0.0,0.0,0.0,0.0,0.0,1.448288288592752,0.0,2.506120623407975,1.8071882662659022,0.0,0.0,0.0,0.0,0.0,0.0,0.0,0.0,0.0,0.0
12,0.0,0.0,0.0,0.0,0.0,0.0,0.0,0.0,0.0,0.0,0.0,0.0,0.0,2.653534367806423,2.117755284066501,1.8927540186528233,0.0,0.0,0.0,0.0,0.0
13,0.0,0.0,0.0,0.0,0.0,0.0,0.0,0.0,0.0,-1.0442411690875328,0.2944574862210684,0.0,2.653534367806423,0.0,0.6173303425851131,0.0,0.0,0.0,0.0,0.0,0.0
14,0.0,0.0,0.0,0.0,0.0,0.0,0.0,0.0,0.0,0.0,0.0,0.0,2.117755284066501,0.6173303425851131,0.0,0.29414146021473137,0.0,0.0,0.0,0.0,0.0
15,0.0,0.0,0.0,0.0,0.0,0.0,0.0,0.0,0.0,0.0,0.0,0.0,1.8927540186528233,0.0,0.29414146021473137,0.0,-0.10935123556841786,0.0,0.0,0.0,0.0
16,0.0,0.0,0.0,0.0,0.0,0.0,0.0,0.0,0.0,0.0,0.0,0.0,0.0,0.0,0.0,-0.10935123556841786,0.0,-1.2524888197701847,0.4267227828569236,-1.5039501551954029,0.0
17,0.0,0.0,0.0,0.0,0.0,0.0,0.0,0.0,0.0,0.0,0.0,0.0,0.0,0.0,0.0,0.0,-1.2524888197701847,0.0,-0.7443937175471502,-2.427348159745434,-4.128365413159868
18,0.0,0.0,0.0,0.0,0.0,0.0,0.0,0.0,0.0,0.0,0.0,0.0,0.0,0.0,0.0,0.0,0.4267227828569236,-0.7443937175471502,0.0,-0.5543148853117016,-0.7202505472074182
19,0.0,0.0,0.0,0.0,0.0,0.0,0.0,0.0,0.0,0.0,0.0,0.0,0.0,0.0,0.0,0.0,-1.5039501551954029,-2.427348159745434,-0.5543148853117016,0.0,-3.652045708859623
20,0.0,0.0,0.0,0.0,0.0,0.0,0.0,0.0,0.0,0.0,0.0,0.0,0.0,0.0,0.0,0.0,0.0,-4.128365413159868,-0.7202505472074182,-3.652045708859623,0.0
