,0,1,2,3,4,5,6,7,8,9,10,11,12,13
0,0.0,7.096414582414928,6.881736687265951,5.813521149887581,0.0,0.0,0.0,0.0,0.0,0.0,0.0,0.0,0.0,0.0
1,7.096414582414928,0.0,0.03565169297133174,1.5419837394149682,0.18326785804600476,0.0,0.0,0.0,0.0,0.0,0.0,0.0,0.0,0.0
2,6.881736687265951,0.03565169297133174,0.0,1.308458043278467,0.13008313972424898,0.0,0.0,0.0,0.0,0.0,0.0,0.0,0.0,0.0
3,5.813521149887581,1.5419837394149682,1.308458043278467,0.0,0.8967569905057238,2.6052515888137653,0.0,0.0,0.2748309188835978,0.0,0.0,0.0,0.0,0.0
4,0.0,0.18326785804600476,0.13008313972424898,0.8967569905057238,0.0,1.3187252125514457,1.8081467389752468,0.0,0.4624112491595675,0.0,0.0,0.0,0.0,0.0
5,0.0,0.0,0.0,2.6052515888137653,1.3187252125514457,0.0,1.6944886977626545,0.0,1.4584330203201454,0.0,0.0,0.0,0.0,0.0
6,0.0,0.0,0.0,0.0,1.8081467389752468,1.6944886977626545,0.0,0.8090413383390788,1.1617018294517953,0.5497146574703469,0.0,0.0,0.0,0.0
7,0.0,0.0,0.0,0.0,0.0,0.0,0.8090413383390788,0.0,0.7546340937572309,-0.28198868831861496,0.0,0.0,0.0,0.0
8,0.0,0.0,0.0,0.2748309188835978,0.4624112491595675,1.4584330203201454,1.1617018294517953,0.7546340937572309,0.0,-0.8977474505364632,0.0,0.0,0.0,0.0
9,0.0,0.0,0.0,0.0,0.0,0.0,0.5497146574703469,-0.28198868831861496,-0.8977474505364632,0.0,-0.9480740216622232,-1.6776353380074753,-2.268244159757203,0.0
10,0.0,0.0,0.0,0.0,0.0,0.0,0.0,0.0,0.0,-0.9480740216622232,0.0,-0.5877918414100369,-1.0848202130734514,-1.4843293071004375
11,0.0,0.0,0.0,0.0,0.0,0.0,0.0,0.0,0.0,-1.6776353380074753,-0.5877918414100369,0.0,-2.3419837065262303,-2.4775451120047074
12,0.0,0.0,0.0,0.0,0.0,0.0,0.0,0.0,0.0,-2.268244159757203,-1.0848202130734514,-2.3419837065262303,0.0,-3.0702042285197715
13,0.0,0.0,0.0,0.0,0.0,0.0,0.0,0.0,0.0,0.0,-1.4843293071004375,-2.4775451120047074,-3.0702042285197715,0.0
