,0,1,2,3,4,5,6,7,8,9,10,11,12,13,14
0,0.0,6.814362791665736,0.8686370946935325,0.0,7.149807747911141,0.0,0.0,0.0,0.0,0.0,0.0,0.0,0.0,0.0,0.0
1,6.814362791665736,0.0,5.660133150991956,0.0,7.1111057650699125,0.0,0.0,0.0,0.0,0.0,0.0,0.0,0.0,0.0,0.0
2,0.8686370946935325,5.660133150991956,0.0,1.4006073225651827,5.880195851039574,5.609729254584994,0.0,0.0,0.0,0.0,0.0,0.0,0.0,0.0,0.0
3,0.0,0.0,1.4006073225651827,0.0,4.1749411381350345,3.8917218092082835,3.6751204914533693,0.0,0.0,0.0,0.0,0.0,0.0,0.0,0.0
4,7.149807747911141,7.1111057650699125,5.880195851039574,4.1749411381350345,0.0,1.3011184825058086,1.085117887850142,0.0,0.0,0.0,0.0,0.0,0.0,0.0,0.0
5,0.0,0.0,5.609729254584994,3.8917218092082835,1.3011184825058086,0.0,0.8800285355562134,0.0,0.0,0.0,0.0,0.0,0.0,0.0,0.0
6,0.0,0.0,0.0,3.6751204914533693,1.085117887850142,0.8800285355562134,0.0,0.0,0.0,0.0,-3.561775527514255,0.0,0.0,0.0,0.0
7,0.0,0.0,0.0,0.0,0.0,0.0,0.0,0.0,-0.5530433593778812,1.8165125733166982,2.272452932362114,0.0,0.0,0.0,0.0
8,0.0,0.0,0.0,0.0,0.0,0.0,0.0,-0.5530433593778812,0.0,1.643324825726212,2.0115943127390636,0.4959845594756675,0.756820836006113,0.0,0.0
9,0.0,0.0,0.0,0.0,0.0,0.0,0.0,1.8165125733166982,1.643324825726212,0.0,0.1754977705823659,0.26552489013354746,0.016255834347817983,0.0,0.0
10,0.0,0.0,0.0,0.0,0.0,0.0,-3.561775527514255,2.272452932362114,2.0115943127390636,0.1754977705823659,0.0,0.0,-0.08147394473394008,0.0,0.0
11,0.0,0.0,0.0,0.0,0.0,0.0,0.0,0.0,0.4959845594756675,0.26552489013354746,0.0,0.0,-0.029629967608077908,-0.9766511530946355,-0.24571102265191516
12,0.0,0.0,0.0,0.0,0.0,0.0,0.0,0.0,0.756820836006113,0.016255834347817983,-0.08147394473394008,-0.029629967608077908,0.0,-3.6647112926816914,-0.3880180150704295
13,0.0,0.0,0.0,0.0,0.0,0.0,0.0,0.0,0.0,0.0,0.0,-0.9766511530946355,-3.6647112926816914,0.0,-1.0948671677973638
14,0.0,0.0,0.0,0.0,0.0,0.0,0.0,0.0,0.0,0.0,0.0,-0.24571102265191516,-0.3880180150704295,-1.0948671677973638,0.0
