,0,1,2,3,4,5,6,7,8,9,10,11,12,13,14,15,16,17,18,19,20,21,22,23,24,25
0,0.0,6.66359035510342,6.440970365300806,6.030704244155356,0.0,0.0,0.0,0.0,0.0,0.0,0.0,0.0,0.0,0.0,0.0,0.0,0.0,0.0,0.0,0.0,0.0,0.0,0.0,0.0,0.0,0.0
1,6.66359035510342,0.0,-0.3181694408781127,-0.35406412211508936,1.682139418404256,0.0,0.0,0.0,0.0,0.0,0.0,0.0,0.0,0.0,0.0,0.0,0.0,0.0,0.0,0.0,0.0,0.0,0.0,0.0,0.0,0.0
2,6.440970365300806,-0.3181694408781127,0.0,-0.4738558856777832,1.6851254498560502,0.0,0.0,0.0,0.0,0.0,0.0,0.0,0.0,0.0,0.0,0.0,0.0,0.0,0.0,0.0,0.0,0.0,0.0,0.0,0.0,0.0
3,6.030704244155356,-0.35406412211508936,-0.4738558856777832,0.0,0.9185006937317116,5.505370444980778,-1.8654961499993141,0.0,0.0,0.0,0.0,0.0,0.0,0.0,0.0,0.0,0.0,0.0,0.0,0.0,0.0,0.0,0.0,0.0,0.0,0.0
4,0.0,1.682139418404256,1.6851254498560502,0.9185006937317116,0.0,5.075779011380731,0.5988282394609036,-0.5901483068124509,0.0,0.0,0.0,0.0,0.0,0.0,0.0,0.0,0.0,0.0,0.0,0.0,0.0,0.0,0.0,0.0,0.0,0.0
5,0.0,0.0,0.0,5.505370444980778,5.075779011380731,0.0,5.163047805208515,4.69950573614466,0.0,0.0,0.0,0.0,0.0,0.0,0.0,0.0,0.0,0.0,0.0,0.0,0.0,0.0,0.0,0.0,0.0,0.0
6,0.0,0.0,0.0,-1.8654961499993141,0.5988282394609036,5.163047805208515,0.0,-0.3522644439054765,0.0,0.0,0.0,0.0,0.0,0.0,0.0,0.0,0.0,0.0,0.0,0.0,0.0,0.0,0.0,0.0,0.0,0.0
7,0.0,0.0,0.0,0.0,-0.5901483068124509,4.69950573614466,-0.3522644439054765,0.0,4.198966563797449,0.0,0.0,0.0,0.0,0.0,0.0,0.0,0.0,0.0,0.0,0.0,0.0,0.0,0.0,0.0,0.0,0.0
8,0.0,0.0,0.0,0.0,0.0,0.0,0.0,4.198966563797449,0.0,-0.4504095175988482,0.7374210916702384,-0.15642382316997697,0.0,0.0,0.0,0.0,0.0,0.0,0.0,0.0,0.0,0.0,0.0,0.0,0.0,0.0
9,0.0,0.0,0.0,0.0,0.0,0.0,0.0,0.0,-0.4504095175988482,0.0,0.35729068542450126,-2.674803516225073,0.0,0.0,0.0,0.0,0.0,0.0,0.0,0.0,0.0,0.0,0.0,0.0,0.0,0.0
10,0.0,0.0,0.0,0.0,0.0,0.0,0.0,0.0,0.7374210916702384,0.35729068542450126,0.0,0.01671345725164722,0.0,0.0,-0.6340464139501801,0.0,0.0,0.0,0.0,0.0,0.0,0.0,0.0,0.0,0.0,0.0
11,0.0,0.0,0.0,0.0,0.0,0.0,0.0,0.0,-0.15642382316997697,-2.674803516225073,0.01671345725164722,0.0,0.0,0.0,-3.7674123699703976,0.0,-4.691927022004127,0.0,-4.391908189048591,0.0,0.0,0.0,0.0,0.0,0.0,0.0
12,0.0,0.0,0.0,0.0,0.0,0.0,0.0,0.0,0.0,0.0,0.0,0.0,0.0,-3.261086881675967,0.0,-0.061423416854619294,0.0,0.0892615102100962,0.0,0.050752683596255434,0.0,0.0,0.0,0.0,0.0,0.0
13,0.0,0.0,0.0,0.0,0.0,0.0,0.0,0.0,0.0,0.0,0.0,0.0,-3.261086881675967,0.0,0.0,-0.17888190049738426,0.0,-0.0906423242363804,0.0,-0.3067103091875272,0.0,0.0,0.0,0.0,0.0,0.0
14,0.0,0.0,0.0,0.0,0.0,0.0,0.0,0.0,0.0,0.0,-0.6340464139501801,-3.7674123699703976,0.0,0.0,0.0,0.0,-4.085505669017029,0.0,-7.194876297024743,0.0,0.0,0.0,0.0,0.0,0.0,0.0
15,0.0,0.0,0.0,0.0,0.0,0.0,0.0,0.0,0.0,0.0,0.0,0.0,-0.061423416854619294,-0.17888190049738426,0.0,0.0,0.0,-0.3695054347205893,0.0,0.0,0.0,0.0,0.0,0.0,0.0,0.0
16,0.0,0.0,0.0,0.0,0.0,0.0,0.0,0.0,0.0,0.0,0.0,-4.691927022004127,0.0,0.0,-4.085505669017029,0.0,0.0,0.0,-4.688928286530829,0.0,0.0,0.0,0.0,0.0,0.0,0.0
17,0.0,0.0,0.0,0.0,0.0,0.0,0.0,0.0,0.0,0.0,0.0,0.0,0.0892615102100962,-0.0906423242363804,0.0,-0.3695054347205893,0.0,0.0,0.0,0.34066317983677985,0.6191252115612771,0.0,0.0,0.0,0.0,0.0
18,0.0,0.0,0.0,0.0,0.0,0.0,0.0,0.0,0.0,0.0,0.0,-4.391908189048591,0.0,0.0,-7.194876297024743,0.0,-4.688928286530829,0.0,0.0,0.7908772352418466,0.0,-2.6761784106558735,0.0,0.0,0.0,0.0
19,0.0,0.0,0.0,0.0,0.0,0.0,0.0,0.0,0.0,0.0,0.0,0.0,0.050752683596255434,-0.3067103091875272,0.0,0.0,0.0,0.34066317983677985,0.7908772352418466,0.0,0.0,0.42770916776613915,0.0,0.5288843222511789,0.0,0.0
20,0.0,0.0,0.0,0.0,0.0,0.0,0.0,0.0,0.0,0.0,0.0,0.0,0.0,0.0,0.0,0.0,0.0,0.6191252115612771,0.0,0.0,0.0,-3.143220789264305,-0.4082256514679058,-2.5516029886794906,0.0,0.0
21,0.0,0.0,0.0,0.0,0.0,0.0,0.0,0.0,0.0,0.0,0.0,0.0,0.0,0.0,0.0,0.0,0.0,0.0,-2.6761784106558735,0.42770916776613915,-3.143220789264305,0.0,-0.5671300269321234,-3.49345776409516,-5.612180515769023,0.21587363517033617
22,0.0,0.0,0.0,0.0,0.0,0.0,0.0,0.0,0.0,0.0,0.0,0.0,0.0,0.0,0.0,0.0,0.0,0.0,0.0,0.0,-0.4082256514679058,-0.5671300269321234,0.0,-0.6805557519370196,0.0,0.0
23,0.0,0.0,0.0,0.0,0.0,0.0,0.0,0.0,0.0,0.0,0.0,0.0,0.0,0.0,0.0,0.0,0.0,0.0,0.0,0.5288843222511789,-2.5516029886794906,-3.49345776409516,-0.6805557519370196,0.0,-3.2949125134028088,0.3895209761742657
24,0.0,0.0,0.0,0.0,0.0,0.0,0.0,0.0,0.0,0.0,0.0,0.0,0.0,0.0,0.0,0.0,0.0,0.0,0.0,0.0,0.0,-5.612180515769023,0.0,-3.2949125134028088,0.0,-0.2640791054281356
25,0.0,0.0,0.0,0.0,0.0,0.0,0.0,0.0,0.0,0.0,0.0,0.0,0.0,0.0,0.0,0.0,0.0,0.0,0.0,0.0,0.0,0.21587363517033617,0.0,0.3895209761742657,-0.2640791054281356,0.0
