,0,1,2,3,4,5,6,7,8,9,10,11,12,13,14,15,16,17,18,19,20,21,22,23,24,25,26,27,28
0,0.0,7.705771437025096,6.024894867717042,5.370319229918665,0.0,0.0,0.0,0.0,0.0,0.0,0.0,0.0,0.0,0.0,0.0,0.0,0.0,0.0,0.0,0.0,0.0,0.0,0.0,0.0,0.0,0.0,0.0,0.0,0.0
1,7.705771437025096,0.0,3.6347442898650404,1.3393575329317355,0.0,0.0,0.0,0.0,0.0,0.0,0.0,0.0,0.0,0.0,0.0,0.0,0.0,0.0,0.0,0.0,0.0,0.0,0.0,0.0,0.0,0.0,0.0,0.0,0.0
2,6.024894867717042,3.6347442898650404,0.0,1.5012045388150796,0.3087210549002263,2.4432387533554185,0.0,0.0,0.0,0.0,0.0,0.0,0.0,0.0,0.0,0.0,0.0,0.0,0.0,0.0,0.0,0.0,0.0,0.0,0.0,0.0,0.0,0.0,0.0
3,5.370319229918665,1.3393575329317355,1.5012045388150796,0.0,-0.7390594077494466,0.842997925927191,2.3695615580354885,0.0,0.0,0.0,0.0,0.0,0.0,0.0,0.0,0.0,0.0,0.0,0.0,0.0,0.0,0.0,0.0,0.0,0.0,0.0,0.0,0.0,0.0
4,0.0,0.0,0.3087210549002263,-0.7390594077494466,0.0,0.5589537188603456,2.034827328480886,0.0,0.0,0.0,0.0,0.0,0.0,0.0,0.0,0.0,0.0,0.0,0.0,0.0,0.0,0.0,0.0,0.0,0.0,0.0,0.0,0.0,0.0
5,0.0,0.0,2.4432387533554185,0.842997925927191,0.5589537188603456,0.0,1.064505088923874,0.6229985653299911,0.0,0.0,0.0,0.0,0.0,0.0,0.0,0.0,0.0,0.0,0.0,0.0,0.0,0.0,0.0,0.0,0.0,0.0,0.0,0.0,0.0
6,0.0,0.0,0.0,2.3695615580354885,2.034827328480886,1.064505088923874,0.0,0.0,2.3824566282395847,0.0,0.0,0.0,0.0,0.0,0.0,0.0,0.0,0.0,0.0,0.0,0.0,0.0,0.0,0.0,0.0,0.0,0.0,0.0,0.0
7,0.0,0.0,0.0,0.0,0.0,0.6229985653299911,0.0,0.0,2.5676241159958675,-0.26800953879011297,0.4917228815756309,0.0,0.0,0.0,0.0,0.0,0.0,0.0,0.0,0.0,0.0,0.0,0.0,0.0,0.0,0.0,0.0,0.0,0.0
8,0.0,0.0,0.0,0.0,0.0,0.0,2.3824566282395847,2.5676241159958675,0.0,2.4403160331144895,1.9714536065118233,0.0,0.0,0.0,0.0,0.0,0.0,0.0,0.0,0.0,0.0,0.0,0.0,0.0,0.0,0.0,0.0,0.0,0.0
9,0.0,0.0,0.0,0.0,0.0,0.0,0.0,-0.26800953879011297,2.4403160331144895,0.0,-0.2380903030141086,-2.534024453399071,-1.2414012448056886,0.0,0.0,0.34373061828616597,0.0,0.0,0.0,0.0,0.0,0.0,0.0,0.0,0.0,0.0,0.0,0.0,0.0
10,0.0,0.0,0.0,0.0,0.0,0.0,0.0,0.4917228815756309,1.9714536065118233,-0.2380903030141086,0.0,-0.23363340226661436,0.0,-4.709591329921282,0.0,0.0,0.0,0.0,0.0,0.0,0.0,0.0,0.0,0.0,0.0,0.0,0.0,0.0,0.0
11,0.0,0.0,0.0,0.0,0.0,0.0,0.0,0.0,0.0,-2.534024453399071,-0.23363340226661436,0.0,-1.249391319660384,-0.33877299495385804,0.0,0.3055160139817091,0.0,0.0,0.0,0.0,0.0,0.0,0.0,0.0,0.0,0.0,0.0,0.0,0.0
12,0.0,0.0,0.0,0.0,0.0,0.0,0.0,0.0,0.0,-1.2414012448056886,0.0,-1.249391319660384,0.0,-0.031312246395131436,0.0,0.7592541591844196,0.0,0.0,0.0,0.0,0.0,0.0,0.0,0.0,0.0,0.0,0.0,0.0,0.0
13,0.0,0.0,0.0,0.0,0.0,0.0,0.0,0.0,0.0,0.0,-4.709591329921282,-0.33877299495385804,-0.031312246395131436,0.0,0.0,-0.8171611773995179,0.0,0.0,0.0,0.0,0.0,0.0,0.0,0.0,0.0,0.0,0.0,0.0,0.0
14,0.0,0.0,0.0,0.0,0.0,0.0,0.0,0.0,0.0,0.0,0.0,0.0,0.0,0.0,0.0,-0.9147168642122167,-1.9658043708773179,-1.9013820498734,0.7059776315754333,0.0,0.0,0.0,0.0,0.0,0.0,0.0,0.0,0.0,0.0
15,0.0,0.0,0.0,0.0,0.0,0.0,0.0,0.0,0.0,0.34373061828616597,0.0,0.3055160139817091,0.7592541591844196,-0.8171611773995179,-0.9147168642122167,0.0,-1.3183236885843619,-1.8590687925980744,0.0,0.0,0.0,0.0,0.0,0.0,0.0,0.0,0.0,0.0,0.0
16,0.0,0.0,0.0,0.0,0.0,0.0,0.0,0.0,0.0,0.0,0.0,0.0,0.0,0.0,-1.9658043708773179,-1.3183236885843619,0.0,-4.067074319795722,0.0,0.0,0.0,0.0,0.0,0.0,0.0,0.0,0.0,0.0,0.0
17,0.0,0.0,0.0,0.0,0.0,0.0,0.0,0.0,0.0,0.0,0.0,0.0,0.0,0.0,-1.9013820498734,-1.8590687925980744,-4.067074319795722,0.0,0.0,0.0,0.0,0.0,0.0,0.0,0.0,0.0,0.0,0.0,0.0
18,0.0,0.0,0.0,0.0,0.0,0.0,0.0,0.0,0.0,0.0,0.0,0.0,0.0,0.0,0.7059776315754333,0.0,0.0,0.0,0.0,0.7948190135873436,0.0,0.0,0.0,0.0,0.0,1.0094802608717244,0.0,0.0,0.0
19,0.0,0.0,0.0,0.0,0.0,0.0,0.0,0.0,0.0,0.0,0.0,0.0,0.0,0.0,0.0,0.0,0.0,0.0,0.7948190135873436,0.0,0.0,0.0,-2.6208215440646576,0.0,0.0,-1.5178602354827764,0.0,0.0,0.0
20,0.0,0.0,0.0,0.0,0.0,0.0,0.0,0.0,0.0,0.0,0.0,0.0,0.0,0.0,0.0,0.0,0.0,0.0,0.0,0.0,0.0,0.0,0.0,1.520058112168028,1.516864534981649,0.0,0.0,1.6557107612969821,0.0
21,0.0,0.0,0.0,0.0,0.0,0.0,0.0,0.0,0.0,0.0,0.0,0.0,0.0,0.0,0.0,0.0,0.0,0.0,0.0,0.0,0.0,0.0,-0.8818854029899263,-2.5383727924641626,-4.096937603026079,0.0,0.0,0.0,0.0
22,0.0,0.0,0.0,0.0,0.0,0.0,0.0,0.0,0.0,0.0,0.0,0.0,0.0,0.0,0.0,0.0,0.0,0.0,0.0,-2.6208215440646576,0.0,-0.8818854029899263,0.0,-1.01134687609818,-1.0682544194039303,-2.5120276642940946,-1.3927336283573282,0.0,0.0
23,0.0,0.0,0.0,0.0,0.0,0.0,0.0,0.0,0.0,0.0,0.0,0.0,0.0,0.0,0.0,0.0,0.0,0.0,0.0,0.0,1.520058112168028,-2.5383727924641626,-1.01134687609818,0.0,-3.8629447756911905,0.0,-0.7565381622288473,-1.7655012235689374,-2.078349306164034
24,0.0,0.0,0.0,0.0,0.0,0.0,0.0,0.0,0.0,0.0,0.0,0.0,0.0,0.0,0.0,0.0,0.0,0.0,0.0,0.0,1.516864534981649,-4.096937603026079,-1.0682544194039303,-3.8629447756911905,0.0,0.0,0.0,-2.247446957505996,-1.7561233147452715
25,0.0,0.0,0.0,0.0,0.0,0.0,0.0,0.0,0.0,0.0,0.0,0.0,0.0,0.0,0.0,0.0,0.0,0.0,1.0094802608717244,-1.5178602354827764,0.0,0.0,-2.5120276642940946,0.0,0.0,0.0,-0.7513293072045932,-1.8416907744974127,0.0
26,0.0,0.0,0.0,0.0,0.0,0.0,0.0,0.0,0.0,0.0,0.0,0.0,0.0,0.0,0.0,0.0,0.0,0.0,0.0,0.0,0.0,0.0,-1.3927336283573282,-0.7565381622288473,0.0,-0.7513293072045932,0.0,0.0,0.0
27,0.0,0.0,0.0,0.0,0.0,0.0,0.0,0.0,0.0,0.0,0.0,0.0,0.0,0.0,0.0,0.0,0.0,0.0,0.0,0.0,1.6557107612969821,0.0,0.0,-1.7655012235689374,-2.247446957505996,-1.8416907744974127,0.0,0.0,-1.5453436186931702
28,0.0,0.0,0.0,0.0,0.0,0.0,0.0,0.0,0.0,0.0,0.0,0.0,0.0,0.0,0.0,0.0,0.0,0.0,0.0,0.0,0.0,0.0,0.0,-2.078349306164034,-1.7561233147452715,0.0,0.0,-1.5453436186931702,0.0
