,0,1,2,3,4,5,6,7,8,9,10,11,12,13,14,15,16,17,18,19,20,21,22,23,24,25,26
0,0.0,6.176647577025472,5.18907107672239,5.141746425037425,0.0,0.0,0.0,0.0,0.0,0.0,0.0,0.0,0.0,0.0,0.0,0.0,0.0,0.0,0.0,0.0,0.0,0.0,0.0,0.0,0.0,0.0,0.0
1,6.176647577025472,0.0,0.9315575860804924,-1.8659999022083635,0.0,0.0,0.0,0.0,0.0,0.0,0.0,0.0,0.0,0.0,0.0,0.0,0.0,0.0,0.0,0.0,0.0,0.0,0.0,0.0,0.0,0.0,0.0
2,5.18907107672239,0.9315575860804924,0.0,-0.2087239073413824,2.570783063877844,-0.8616061205880653,0.0,0.0,0.0,0.0,0.0,0.0,0.0,0.0,0.0,0.0,0.0,0.0,0.0,0.0,0.0,0.0,0.0,0.0,0.0,0.0,0.0
3,5.141746425037425,-1.8659999022083635,-0.2087239073413824,0.0,2.643307080874575,-0.5253059039751723,-1.353085987174918,0.0,0.0,0.0,0.0,0.0,0.0,0.0,0.0,0.0,0.0,0.0,0.0,0.0,0.0,0.0,0.0,0.0,0.0,0.0,0.0
4,0.0,0.0,2.570783063877844,2.643307080874575,0.0,2.452929243495153,2.279173706620628,0.0,0.0,0.0,0.0,0.0,0.0,0.0,0.0,0.0,0.0,0.0,0.0,0.0,0.0,0.0,0.0,0.0,0.0,0.0,0.0
5,0.0,0.0,-0.8616061205880653,-0.5253059039751723,2.452929243495153,0.0,-1.3303506827016394,0.0,0.0,0.0,0.0,0.0,0.0,0.0,0.0,0.0,0.0,0.0,0.0,0.0,0.0,0.0,0.0,0.0,0.0,0.0,0.0
6,0.0,0.0,0.0,-1.353085987174918,2.279173706620628,-1.3303506827016394,0.0,0.0,0.0,0.0,0.0,0.0,0.0,0.0,0.0,0.0,0.0,0.0,0.0,0.0,0.0,0.0,0.0,0.0,0.0,0.0,0.0
7,0.0,0.0,0.0,0.0,0.0,0.0,0.0,0.0,1.2300327887417675,5.230029980389139,4.802312991601249,0.0,0.0,0.0,0.0,0.0,0.0,0.0,0.0,0.0,0.0,0.0,0.0,0.0,0.0,0.0,0.0
8,0.0,0.0,0.0,0.0,0.0,0.0,0.0,1.2300327887417675,0.0,5.218593067561554,4.790394922990544,0.0,0.0,0.0,0.0,0.0,0.0,0.0,0.0,0.0,0.0,0.0,0.0,0.0,0.0,0.0,0.0
9,0.0,0.0,0.0,0.0,0.0,0.0,0.0,5.230029980389139,5.218593067561554,0.0,-2.3826467472769486,-0.39854850920622825,0.0,0.0,0.0,0.0,0.0,0.0,0.0,0.0,0.0,0.0,0.0,0.0,0.0,0.0,0.0
10,0.0,0.0,0.0,0.0,0.0,0.0,0.0,4.802312991601249,4.790394922990544,-2.3826467472769486,0.0,-0.7685163812829144,0.0,2.994278816859036,0.0,0.0,0.0,0.0,0.0,0.0,0.0,0.0,0.0,0.0,0.0,0.0,0.0
11,0.0,0.0,0.0,0.0,0.0,0.0,0.0,0.0,0.0,-0.39854850920622825,-0.7685163812829144,0.0,0.0,2.844036076008052,-0.7111244265284804,0.0,-2.8467380549250563,0.0,0.0,0.0,0.0,0.0,0.0,0.0,0.0,0.0,0.0
12,0.0,0.0,0.0,0.0,0.0,0.0,0.0,0.0,0.0,0.0,0.0,0.0,0.0,0.8969694980785827,0.0,0.0,0.0,-0.4757948407521165,1.4308479100840696,0.0,0.0,0.0,0.0,0.0,0.0,0.0,0.0
13,0.0,0.0,0.0,0.0,0.0,0.0,0.0,0.0,0.0,0.0,2.994278816859036,2.844036076008052,0.8969694980785827,0.0,2.398755941151543,0.0,0.0,0.0,0.0,0.0,0.0,0.0,0.0,0.0,0.0,0.0,0.0
14,0.0,0.0,0.0,0.0,0.0,0.0,0.0,0.0,0.0,0.0,0.0,-0.7111244265284804,0.0,2.398755941151543,0.0,-0.08195235034471761,-0.9871452619747483,0.0,1.2015288697083129,0.0,0.0,0.0,0.0,0.0,0.0,0.0,0.0
15,0.0,0.0,0.0,0.0,0.0,0.0,0.0,0.0,0.0,0.0,0.0,0.0,0.0,0.0,-0.08195235034471761,0.0,0.6759813053827217,0.0,0.0,1.200533680092332,0.0,0.0,0.0,0.0,0.0,0.0,0.0
16,0.0,0.0,0.0,0.0,0.0,0.0,0.0,0.0,0.0,0.0,0.0,-2.8467380549250563,0.0,0.0,-0.9871452619747483,0.6759813053827217,0.0,0.0,0.6303312440273501,0.0,0.0,0.0,0.0,0.0,0.0,0.0,0.0
17,0.0,0.0,0.0,0.0,0.0,0.0,0.0,0.0,0.0,0.0,0.0,0.0,-0.4757948407521165,0.0,0.0,0.0,0.0,0.0,0.3620132233964106,1.3808210288814529,0.0,0.0,0.0,-0.6810450964348322,0.0,0.0,0.0
18,0.0,0.0,0.0,0.0,0.0,0.0,0.0,0.0,0.0,0.0,0.0,0.0,1.4308479100840696,0.0,1.2015288697083129,0.0,0.6303312440273501,0.3620132233964106,0.0,-0.035071734422834934,-0.5166435358252334,0.0,0.0,0.0,0.0,0.0,0.0
19,0.0,0.0,0.0,0.0,0.0,0.0,0.0,0.0,0.0,0.0,0.0,0.0,0.0,0.0,0.0,1.200533680092332,0.0,1.3808210288814529,-0.035071734422834934,0.0,-1.9468353303444186,-0.8720068330425573,0.0,0.0,0.0,0.0,0.0
20,0.0,0.0,0.0,0.0,0.0,0.0,0.0,0.0,0.0,0.0,0.0,0.0,0.0,0.0,0.0,0.0,0.0,0.0,-0.5166435358252334,-1.9468353303444186,0.0,-1.6606016596713091,0.0,0.0,0.0,0.0,0.0
21,0.0,0.0,0.0,0.0,0.0,0.0,0.0,0.0,0.0,0.0,0.0,0.0,0.0,0.0,0.0,0.0,0.0,0.0,0.0,-0.8720068330425573,-1.6606016596713091,0.0,-1.9086480764177751,0.0,0.0,0.0,0.0
22,0.0,0.0,0.0,0.0,0.0,0.0,0.0,0.0,0.0,0.0,0.0,0.0,0.0,0.0,0.0,0.0,0.0,0.0,0.0,0.0,0.0,-1.9086480764177751,0.0,-0.17914255541380814,-0.11453731372237558,-3.459309225279918,0.0
23,0.0,0.0,0.0,0.0,0.0,0.0,0.0,0.0,0.0,0.0,0.0,0.0,0.0,0.0,0.0,0.0,0.0,-0.6810450964348322,0.0,0.0,0.0,0.0,-0.17914255541380814,0.0,-2.7224770006283605,0.0,-4.081532193776239
24,0.0,0.0,0.0,0.0,0.0,0.0,0.0,0.0,0.0,0.0,0.0,0.0,0.0,0.0,0.0,0.0,0.0,0.0,0.0,0.0,0.0,0.0,-0.11453731372237558,-2.7224770006283605,0.0,-0.850210180878297,-2.4798178361737846
25,0.0,0.0,0.0,0.0,0.0,0.0,0.0,0.0,0.0,0.0,0.0,0.0,0.0,0.0,0.0,0.0,0.0,0.0,0.0,0.0,0.0,0.0,-3.459309225279918,0.0,-0.850210180878297,0.0,-0.8768798093232477
26,0.0,0.0,0.0,0.0,0.0,0.0,0.0,0.0,0.0,0.0,0.0,0.0,0.0,0.0,0.0,0.0,0.0,0.0,0.0,0.0,0.0,0.0,0.0,-4.081532193776239,-2.4798178361737846,-0.8768798093232477,0.0
