,0,1,2,3,4,5,6,7,8,9,10,11,12,13,14,15,16
0,0.0,6.285774303847129,6.297574507085408,6.312437002475797,0.0,0.0,0.0,0.0,0.0,0.0,0.0,0.0,0.0,0.0,0.0,0.0,0.0
1,6.285774303847129,0.0,4.082468789296821,4.116268410237675,1.1336782346995244,0.0,0.0,0.0,0.0,0.0,0.0,0.0,0.0,0.0,0.0,0.0,0.0
2,6.297574507085408,4.082468789296821,0.0,-0.25833250745524877,3.6750566283571486,0.0,0.0,0.0,0.0,0.0,0.0,0.0,0.0,0.0,0.0,0.0,0.0
3,6.312437002475797,4.116268410237675,-0.25833250745524877,0.0,3.7100598287197686,0.0,0.0,0.0,0.0,0.0,0.0,0.0,0.0,0.0,0.0,0.0,0.0
4,0.0,1.1336782346995244,3.6750566283571486,3.7100598287197686,0.0,3.1578840537659203,0.640231398733258,0.0,0.0,0.0,0.0,0.0,0.0,0.0,0.0,0.0,0.0
5,0.0,0.0,0.0,0.0,3.1578840537659203,0.0,2.4884128681877486,0.0,2.3800731523289183,-1.0479118247367931,0.0,0.0,0.0,0.0,0.0,0.0,0.0
6,0.0,0.0,0.0,0.0,0.640231398733258,2.4884128681877486,0.0,0.0,-0.41864401590980205,2.45851459989865,0.0,0.0,0.0,0.0,0.0,0.0,0.0
7,0.0,0.0,0.0,0.0,0.0,0.0,0.0,0.0,-0.1781126324845981,2.3927973681382273,0.39082535538384916,0.0,0.0,0.0,0.0,0.0,0.0
8,0.0,0.0,0.0,0.0,0.0,2.3800731523289183,-0.41864401590980205,-0.1781126324845981,0.0,2.307318485564027,0.0,0.0,0.0,0.0,0.0,0.0,0.0
9,0.0,0.0,0.0,0.0,0.0,-1.0479118247367931,2.45851459989865,2.3927973681382273,2.307318485564027,0.0,0.0,0.0,0.0,0.0,0.0,0.0,0.0
10,0.0,0.0,0.0,0.0,0.0,0.0,0.0,0.39082535538384916,0.0,0.0,0.0,-0.403292993183278,-0.6393832825765641,0.0,0.0,0.0,0.0
11,0.0,0.0,0.0,0.0,0.0,0.0,0.0,0.0,0.0,0.0,-0.403292993183278,0.0,0.3617831250083245,0.11807339370260192,0.0,0.0,0.0
12,0.0,0.0,0.0,0.0,0.0,0.0,0.0,0.0,0.0,0.0,-0.6393832825765641,0.3617831250083245,0.0,0.11632215727219414,0.0,0.0,0.0
13,0.0,0.0,0.0,0.0,0.0,0.0,0.0,0.0,0.0,0.0,0.0,0.11807339370260192,0.11632215727219414,0.0,-0.628062246057223,1.7795146340295949,-1.511619614141391
14,0.0,0.0,0.0,0.0,0.0,0.0,0.0,0.0,0.0,0.0,0.0,0.0,0.0,-0.628062246057223,0.0,1.5701268698187048,-3.196311241676461
15,0.0,0.0,0.0,0.0,0.0,0.0,0.0,0.0,0.0,0.0,0.0,0.0,0.0,1.7795146340295949,1.5701268698187048,0.0,0.23523298589028602
16,0.0,0.0,0.0,0.0,0.0,0.0,0.0,0.0,0.0,0.0,0.0,0.0,0.0,-1.511619614141391,-3.196311241676461,0.23523298589028602,0.0
