,0,1,2,3,4,5,6,7,8,9,10,11,12,13,14,15,16,17,18,19,20,21,22,23,24,25,26,27
0,0.0,4.208742649892869,6.754039581187525,5.851728266436303,0.0,0.0,0.0,0.0,0.0,0.0,0.0,0.0,0.0,0.0,0.0,0.0,0.0,0.0,0.0,0.0,0.0,0.0,0.0,0.0,0.0,0.0,0.0,0.0
1,4.208742649892869,0.0,5.97461241798272,5.004592630125084,0.0,0.0,0.0,0.0,0.0,0.0,0.0,0.0,0.0,0.0,0.0,0.0,0.0,0.0,0.0,0.0,0.0,0.0,0.0,0.0,0.0,0.0,0.0,0.0
2,6.754039581187525,5.97461241798272,0.0,2.9982880480328267,5.432787306058155,0.0,0.0,0.0,0.0,0.0,0.0,0.0,0.0,0.0,0.0,0.0,0.0,0.0,0.0,0.0,0.0,0.0,0.0,0.0,0.0,0.0,0.0,0.0
3,5.851728266436303,5.004592630125084,2.9982880480328267,0.0,4.556907962299674,2.9818278762676025,0.0,0.0,0.0,0.0,0.0,0.0,0.0,0.0,0.0,0.0,0.0,0.0,0.0,0.0,0.0,0.0,0.0,0.0,0.0,0.0,0.0,0.0
4,0.0,0.0,5.432787306058155,4.556907962299674,0.0,4.686314863851352,1.5018477702248887,0.0,0.0,0.0,0.0,0.0,0.0,0.0,0.0,0.0,0.0,0.0,0.0,0.0,0.0,0.0,0.0,0.0,0.0,0.0,0.0,0.0
5,0.0,0.0,0.0,2.9818278762676025,4.686314863851352,0.0,3.645691039488309,3.9030933470075344,0.0,0.0,0.0,0.0,0.0,0.0,0.0,0.0,0.0,0.0,0.0,0.0,0.0,0.0,0.0,0.0,0.0,0.0,0.0,0.0
6,0.0,0.0,0.0,0.0,1.5018477702248887,3.645691039488309,0.0,0.05768461259347077,0.03377120185680179,0.4955880882585225,0.0,0.0,0.0,0.0,0.0,0.0,0.0,0.0,0.0,0.0,0.0,0.0,0.0,0.0,0.0,0.0,0.0,0.0
7,0.0,0.0,0.0,0.0,0.0,3.9030933470075344,0.05768461259347077,0.0,-3.158075460837275,-0.7823233466933149,0.0,0.0,0.0,0.0,0.0,0.0,0.0,0.0,0.0,0.0,0.0,0.0,0.0,0.0,0.0,0.0,0.0,0.0
8,0.0,0.0,0.0,0.0,0.0,0.0,0.03377120185680179,-3.158075460837275,0.0,-1.0944467220865015,0.0,0.0,0.0,0.0,0.0,0.0,0.0,0.0,0.0,0.0,0.0,0.0,0.0,0.0,0.0,0.0,0.0,0.0
9,0.0,0.0,0.0,0.0,0.0,0.0,0.4955880882585225,-0.7823233466933149,-1.0944467220865015,0.0,-1.9335041467772478,-2.097550117766177,-1.49973074597395,0.0,0.0,0.0,0.0,0.0,0.0,0.0,0.0,0.0,0.0,0.0,0.0,0.0,0.0,0.0
10,0.0,0.0,0.0,0.0,0.0,0.0,0.0,0.0,0.0,-1.9335041467772478,0.0,-2.6110294318072866,-3.283783984235097,0.0,0.0,0.0,0.0,0.0,0.0,0.0,0.0,0.0,0.0,0.0,0.0,0.0,0.0,0.0
11,0.0,0.0,0.0,0.0,0.0,0.0,0.0,0.0,0.0,-2.097550117766177,-2.6110294318072866,0.0,-2.463825312058548,0.0,0.0,0.0,0.0,0.0,0.0,0.0,0.0,0.0,0.0,0.0,0.0,0.0,0.0,0.0
12,0.0,0.0,0.0,0.0,0.0,0.0,0.0,0.0,0.0,-1.49973074597395,-3.283783984235097,-2.463825312058548,0.0,0.0,0.0,0.0,0.0,0.0,0.0,0.0,0.0,0.0,0.0,0.0,0.0,0.0,0.0,0.0
13,0.0,0.0,0.0,0.0,0.0,0.0,0.0,0.0,0.0,0.0,0.0,0.0,0.0,0.0,-2.1556389604655832,0.0,-0.2479755746020725,-1.5753714400291783,0.0,0.0,0.0,0.0,0.0,0.0,0.0,0.0,0.0,0.0
14,0.0,0.0,0.0,0.0,0.0,0.0,0.0,0.0,0.0,0.0,0.0,0.0,0.0,-2.1556389604655832,0.0,-0.9208151970691665,-0.48402249032536193,-0.8672157148389409,0.0,0.0,0.0,0.0,0.0,-0.7377545071116394,0.0,0.0,0.0,0.0
15,0.0,0.0,0.0,0.0,0.0,0.0,0.0,0.0,0.0,0.0,0.0,0.0,0.0,0.0,-0.9208151970691665,0.0,0.12495826702686647,-2.0730983180198357,0.0,0.0,0.0,0.0,0.0,0.0,0.0,0.0,0.0,0.0
16,0.0,0.0,0.0,0.0,0.0,0.0,0.0,0.0,0.0,0.0,0.0,0.0,0.0,-0.2479755746020725,-0.48402249032536193,0.12495826702686647,0.0,0.017817107473207687,0.0,0.0,0.0,0.0,0.0,-0.18517125133682014,0.0,0.0,0.0,0.0
17,0.0,0.0,0.0,0.0,0.0,0.0,0.0,0.0,0.0,0.0,0.0,0.0,0.0,-1.5753714400291783,-0.8672157148389409,-2.0730983180198357,0.017817107473207687,0.0,0.0,0.0,0.0,0.0,0.0,-1.578909189907692,0.0,0.0,0.0,0.0
18,0.0,0.0,0.0,0.0,0.0,0.0,0.0,0.0,0.0,0.0,0.0,0.0,0.0,0.0,0.0,0.0,0.0,0.0,0.0,0.0,-2.4920620164435343,-2.184090420646576,0.0,0.0,0.0,-1.2114289788288453,0.0,0.0
19,0.0,0.0,0.0,0.0,0.0,0.0,0.0,0.0,0.0,0.0,0.0,0.0,0.0,0.0,0.0,0.0,0.0,0.0,0.0,0.0,-1.0298846442809586,0.0,-5.686313208385663,-1.7411153421642653,0.0,0.0,-3.2250058125575514,0.0
20,0.0,0.0,0.0,0.0,0.0,0.0,0.0,0.0,0.0,0.0,0.0,0.0,0.0,0.0,0.0,0.0,0.0,0.0,-2.4920620164435343,-1.0298846442809586,0.0,-3.323805034795357,-1.2164510570336613,0.0,-3.6247486589637394,-2.365190484915066,0.0,0.0
21,0.0,0.0,0.0,0.0,0.0,0.0,0.0,0.0,0.0,0.0,0.0,0.0,0.0,0.0,0.0,0.0,0.0,0.0,-2.184090420646576,0.0,-3.323805034795357,0.0,0.0,0.0,-2.5617470116596013,-1.68536231660836,-1.2544270497320378,-2.7433887660573104
22,0.0,0.0,0.0,0.0,0.0,0.0,0.0,0.0,0.0,0.0,0.0,0.0,0.0,0.0,0.0,0.0,0.0,0.0,0.0,-5.686313208385663,-1.2164510570336613,0.0,0.0,0.0,0.0,-2.295858555672524,-3.971063210679633,0.0
23,0.0,0.0,0.0,0.0,0.0,0.0,0.0,0.0,0.0,0.0,0.0,0.0,0.0,0.0,-0.7377545071116394,0.0,-0.18517125133682014,-1.578909189907692,0.0,-1.7411153421642653,0.0,0.0,0.0,0.0,0.0,0.0,0.0,0.0
24,0.0,0.0,0.0,0.0,0.0,0.0,0.0,0.0,0.0,0.0,0.0,0.0,0.0,0.0,0.0,0.0,0.0,0.0,0.0,0.0,-3.6247486589637394,-2.5617470116596013,0.0,0.0,0.0,-2.078709380371612,0.0,-3.5385311899776952
25,0.0,0.0,0.0,0.0,0.0,0.0,0.0,0.0,0.0,0.0,0.0,0.0,0.0,0.0,0.0,0.0,0.0,0.0,-1.2114289788288453,0.0,-2.365190484915066,-1.68536231660836,-2.295858555672524,0.0,-2.078709380371612,0.0,-3.27623204167367,-1.5647412590648173
26,0.0,0.0,0.0,0.0,0.0,0.0,0.0,0.0,0.0,0.0,0.0,0.0,0.0,0.0,0.0,0.0,0.0,0.0,0.0,-3.2250058125575514,0.0,-1.2544270497320378,-3.971063210679633,0.0,0.0,-3.27623204167367,0.0,0.0
27,0.0,0.0,0.0,0.0,0.0,0.0,0.0,0.0,0.0,0.0,0.0,0.0,0.0,0.0,0.0,0.0,0.0,0.0,0.0,0.0,0.0,-2.7433887660573104,0.0,0.0,-3.5385311899776952,-1.5647412590648173,0.0,0.0
