,0,1,2,3,4,5,6,7,8,9,10,11,12
0,0.0,7.0804049829887745,6.663716111650374,6.3390080841284595,0.0,0.0,0.0,0.0,0.0,0.0,0.0,0.0,0.0
1,7.0804049829887745,0.0,0.9522766145455493,1.3808671035971047,1.032807996068922,0.0,0.0,0.0,0.0,0.0,0.0,0.0,0.0
2,6.663716111650374,0.9522766145455493,0.0,-0.9379410174129202,-1.2043997528627364,0.0,0.0,0.0,0.0,0.0,0.0,0.0,0.0
3,6.3390080841284595,1.3808671035971047,-0.9379410174129202,0.0,-1.0318031940404722,-2.447447261210547,0.0,0.0,0.0,0.0,0.0,0.0,0.0
4,0.0,1.032807996068922,-1.2043997528627364,-1.0318031940404722,0.0,-1.1538464191185862,0.71903644976078,0.0,0.0,0.0,0.0,0.0,0.0
5,0.0,0.0,0.0,-2.447447261210547,-1.1538464191185862,0.0,0.6171273251590406,0.3403654808073026,0.0,0.0,0.0,0.0,0.0
6,0.0,0.0,0.0,0.0,0.71903644976078,0.6171273251590406,0.0,-1.1110124180906318,0.0,0.0,0.0,0.0,0.0
7,0.0,0.0,0.0,0.0,0.0,0.3403654808073026,-1.1110124180906318,0.0,-0.818998937163887,-1.697943408201083,-3.460301532735351,0.0,0.0
8,0.0,0.0,0.0,0.0,0.0,0.0,0.0,-0.818998937163887,0.0,-0.18160207907857107,-0.841294940274936,0.0,0.0
9,0.0,0.0,0.0,0.0,0.0,0.0,0.0,-1.697943408201083,-0.18160207907857107,0.0,-2.955219349780492,-2.208858429644032,-1.5074933566152102
10,0.0,0.0,0.0,0.0,0.0,0.0,0.0,-3.460301532735351,-0.841294940274936,-2.955219349780492,0.0,-2.5233778700451963,-1.7284302533822054
11,0.0,0.0,0.0,0.0,0.0,0.0,0.0,0.0,0.0,-2.208858429644032,-2.5233778700451963,0.0,-2.8367836074750525
12,0.0,0.0,0.0,0.0,0.0,0.0,0.0,0.0,0.0,-1.5074933566152102,-1.7284302533822054,-2.8367836074750525,0.0
