,0,1,2,3,4,5,6,7
0,0.0,7.572096210992517,7.462647088626476,7.075045108199978,0.0,0.0,0.0,0.0
1,7.572096210992517,0.0,0.6706805159326423,2.0370919635376517,-2.729004650877443,0.0,0.0,0.0
2,7.462647088626476,0.6706805159326423,0.0,2.002050921310478,0.2106191502792435,0.0,0.0,0.0
3,7.075045108199978,2.0370919635376517,2.002050921310478,0.0,0.8276998627258674,0.0,0.0,0.0
4,0.0,-2.729004650877443,0.2106191502792435,0.8276998627258674,0.0,0.2690976816288912,-3.7643237907795193,-1.4478442035164847
5,0.0,0.0,0.0,0.0,0.2690976816288912,0.0,-1.0473414179421099,-1.3750033541355686
6,0.0,0.0,0.0,0.0,-3.7643237907795193,-1.0473414179421099,0.0,-2.8256142753236753
7,0.0,0.0,0.0,0.0,-1.4478442035164847,-1.3750033541355686,-2.8256142753236753,0.0
