,0,1,2,3,4,5,6,7,8,9,10,11,12,13,14,15,16,17,18,19
0,0.0,5.989999355040363,6.652959399913037,6.212215172954832,0.0,0.0,0.0,0.0,0.0,0.0,0.0,0.0,0.0,0.0,0.0,0.0,0.0,0.0,0.0,0.0
1,5.989999355040363,0.0,2.3903406913427276,0.07060899642535329,1.9413078523607787,0.0,0.0,0.0,0.0,0.0,0.0,0.0,0.0,0.0,0.0,0.0,0.0,0.0,0.0,0.0
2,6.652959399913037,2.3903406913427276,0.0,2.0187822779886195,3.3038434468774307,0.0,0.0,0.0,0.0,0.0,0.0,0.0,0.0,0.0,0.0,0.0,0.0,0.0,0.0,0.0
3,6.212215172954832,0.07060899642535329,2.0187822779886195,0.0,2.2136075715747374,0.0,0.0,0.0,0.0,0.0,0.0,0.0,0.0,0.0,0.0,0.0,0.0,0.0,0.0,0.0
4,0.0,1.9413078523607787,3.3038434468774307,2.2136075715747374,0.0,0.0,0.0,0.0,0.0,0.0,0.0,0.0,0.0,0.0,0.0,0.0,0.0,0.0,0.0,0.0
5,0.0,0.0,0.0,0.0,0.0,0.0,3.044650119707814,2.4953939500072218,1.5984494611078175,0.0,0.0,0.0,0.0,0.0,0.0,0.0,0.0,0.0,0.0,0.0
6,0.0,0.0,0.0,0.0,0.0,3.044650119707814,0.0,-0.5834423349752751,1.8325378844590552,-0.6277920678937761,0.0,0.0,0.0,0.0,0.0,0.0,0.0,0.0,0.0,0.0
7,0.0,0.0,0.0,0.0,0.0,2.4953939500072218,-0.5834423349752751,0.0,1.0892154776119116,0.08140807344744126,0.0,0.0,0.0,0.0,0.0,0.0,0.0,0.0,0.0,0.0
8,0.0,0.0,0.0,0.0,0.0,1.5984494611078175,1.8325378844590552,1.0892154776119116,0.0,1.7501750776141016,0.0,0.0,0.0,0.0,0.0,0.0,0.0,0.0,0.0,0.0
9,0.0,0.0,0.0,0.0,0.0,0.0,-0.6277920678937761,0.08140807344744126,1.7501750776141016,0.0,0.0,-1.5010160677272808,0.0,0.0,0.0,0.0,0.0,0.0,0.0,0.0
10,0.0,0.0,0.0,0.0,0.0,0.0,0.0,0.0,0.0,0.0,0.0,-4.771338450648494,0.5118978740874303,-2.117800022725937,0.0,0.0,0.0,0.0,0.0,0.0
11,0.0,0.0,0.0,0.0,0.0,0.0,0.0,0.0,0.0,-1.5010160677272808,-4.771338450648494,0.0,0.4711727992518692,-2.251057504310635,0.0,0.0,0.0,0.0,0.0,0.0
12,0.0,0.0,0.0,0.0,0.0,0.0,0.0,0.0,0.0,0.0,0.5118978740874303,0.4711727992518692,0.0,-0.16092127183737512,0.0,0.0,0.0,0.0,0.0,0.0
13,0.0,0.0,0.0,0.0,0.0,0.0,0.0,0.0,0.0,0.0,-2.117800022725937,-2.251057504310635,-0.16092127183737512,0.0,0.0,0.0,0.0,0.0,0.0,0.0
14,0.0,0.0,0.0,0.0,0.0,0.0,0.0,0.0,0.0,0.0,0.0,0.0,0.0,0.0,0.0,-2.2305393878959374,-1.3529839269028485,0.0,-2.0349693028094364,0.0
15,0.0,0.0,0.0,0.0,0.0,0.0,0.0,0.0,0.0,0.0,0.0,0.0,0.0,0.0,-2.2305393878959374,0.0,0.0,-3.98249797333056,-1.1764969218351788,0.0
16,0.0,0.0,0.0,0.0,0.0,0.0,0.0,0.0,0.0,0.0,0.0,0.0,0.0,0.0,-1.3529839269028485,0.0,0.0,0.0,-4.376950506884437,-3.2050793211548383
17,0.0,0.0,0.0,0.0,0.0,0.0,0.0,0.0,0.0,0.0,0.0,0.0,0.0,0.0,0.0,-3.98249797333056,0.0,0.0,-1.4754895790597138,-1.4762775229918117
18,0.0,0.0,0.0,0.0,0.0,0.0,0.0,0.0,0.0,0.0,0.0,0.0,0.0,0.0,-2.0349693028094364,-1.1764969218351788,-4.376950506884437,-1.4754895790597138,0.0,-3.025992981109192
19,0.0,0.0,0.0,0.0,0.0,0.0,0.0,0.0,0.0,0.0,0.0,0.0,0.0,0.0,0.0,0.0,-3.2050793211548383,-1.4762775229918117,-3.025992981109192,0.0
