,0,1,2,3,4,5,6,7,8,9,10,11,12,13,14,15
0,0.0,6.902109997816952,5.9577908297768065,6.422351556181177,0.0,0.0,0.0,0.0,0.0,0.0,0.0,0.0,0.0,0.0,0.0,0.0
1,6.902109997816952,0.0,1.2248357734033728,5.970481321429293,0.978004852801851,0.0,0.0,0.0,0.0,0.0,0.0,0.0,0.0,0.0,0.0,0.0
2,5.9577908297768065,1.2248357734033728,0.0,5.110958644768014,-0.5662957227353869,4.230408837523202,0.0,0.0,0.0,0.0,0.0,0.0,0.0,0.0,0.0,0.0
3,6.422351556181177,5.970481321429293,5.110958644768014,0.0,4.326591762723692,-0.03026845673732279,-1.4295095488258251,0.0,0.0,0.0,0.0,0.0,0.0,0.0,0.0,0.0
4,0.0,0.978004852801851,-0.5662957227353869,4.326591762723692,0.0,3.4281233253064913,3.3403933119757943,0.0,0.0,0.0,0.0,0.0,0.0,0.0,0.0,0.0
5,0.0,0.0,4.230408837523202,-0.03026845673732279,3.4281233253064913,0.0,-0.3394173650355353,-1.1949828461865446,0.0,0.05762275012598958,0.0,0.0,0.0,0.0,0.0,0.0
6,0.0,0.0,0.0,-1.4295095488258251,3.3403933119757943,-0.3394173650355353,0.0,-2.4377540931537798,2.2825893691044707,-1.3177427048932442,0.0,0.0,0.0,0.0,0.0,0.0
7,0.0,0.0,0.0,0.0,0.0,-1.1949828461865446,-2.4377540931537798,0.0,2.1306157221498068,-1.1644783546444921,0.0,0.0,0.0,0.0,0.0,0.0
8,0.0,0.0,0.0,0.0,0.0,0.0,2.2825893691044707,2.1306157221498068,0.0,1.8914600604613714,-0.5423912708588672,1.4482561291214013,0.0,0.0,0.0,0.0
9,0.0,0.0,0.0,0.0,0.0,0.05762275012598958,-1.3177427048932442,-1.1644783546444921,1.8914600604613714,0.0,0.0,0.4715309836467092,0.0,0.0,0.0,0.0
10,0.0,0.0,0.0,0.0,0.0,0.0,0.0,0.0,-0.5423912708588672,0.0,0.0,1.3752816075482683,1.4927160380054434,0.0,-0.2771139950870605,0.0
11,0.0,0.0,0.0,0.0,0.0,0.0,0.0,0.0,1.4482561291214013,0.4715309836467092,1.3752816075482683,0.0,-1.2032880371843855,0.0,0.0,0.0
12,0.0,0.0,0.0,0.0,0.0,0.0,0.0,0.0,0.0,0.0,1.4927160380054434,-1.2032880371843855,0.0,0.9664993844415994,0.22290354604348223,1.6146845135340042
13,0.0,0.0,0.0,0.0,0.0,0.0,0.0,0.0,0.0,0.0,0.0,0.0,0.9664993844415994,0.0,-0.9725229005240363,0.1668524830232414
14,0.0,0.0,0.0,0.0,0.0,0.0,0.0,0.0,0.0,0.0,-0.2771139950870605,0.0,0.22290354604348223,-0.9725229005240363,0.0,0.5877235605991756
15,0.0,0.0,0.0,0.0,0.0,0.0,0.0,0.0,0.0,0.0,0.0,0.0,1.6146845135340042,0.1668524830232414,0.5877235605991756,0.0
