,0,1,2,3,4,5,6,7,8,9,10,11,12,13,14,15,16
0,0.0,5.65201324585592,5.10305268399223,7.457537579789784,0.0,0.0,0.0,0.0,0.0,0.0,0.0,0.0,0.0,0.0,0.0,0.0,0.0
1,5.65201324585592,0.0,0.4747195855274872,7.021316366397902,1.4227954920336088,0.0,0.0,0.0,0.0,0.0,0.0,0.0,0.0,0.0,0.0,0.0,0.0
2,5.10305268399223,0.4747195855274872,0.0,6.323035512049406,1.3215066300673477,5.809385655082627,0.0,0.0,0.0,0.0,0.0,0.0,0.0,0.0,0.0,0.0,0.0
3,7.457537579789784,7.021316366397902,6.323035512049406,0.0,5.677346628433768,1.2020694074609268,0.0,0.0,0.0,0.0,0.0,0.0,0.0,0.0,0.0,0.0,0.0
4,0.0,1.4227954920336088,1.3215066300673477,5.677346628433768,0.0,5.1839893260948084,0.0,0.0,0.0,0.0,0.0,0.0,0.0,0.0,0.0,0.0,0.0
5,0.0,0.0,5.809385655082627,1.2020694074609268,5.1839893260948084,0.0,3.366348931252144,0.0,2.6744804053978983,0.0,0.0,0.0,0.0,0.0,0.0,0.0,0.0
6,0.0,0.0,0.0,0.0,0.0,3.366348931252144,0.0,0.9756447229721535,1.777374138883177,2.3006522647119305,0.0,0.0,0.0,0.0,0.0,0.0,0.0
7,0.0,0.0,0.0,0.0,0.0,0.0,0.9756447229721535,0.0,0.8750898621783371,1.8536896651952968,0.0,0.0,0.0,0.0,0.0,0.0,0.0
8,0.0,0.0,0.0,0.0,0.0,2.6744804053978983,1.777374138883177,0.8750898621783371,0.0,1.7266447989395732,0.0,0.0,0.0,0.0,0.0,0.0,0.0
9,0.0,0.0,0.0,0.0,0.0,0.0,2.3006522647119305,1.8536896651952968,1.7266447989395732,0.0,2.0186794400356707,1.3300779609003945,0.0,0.0,0.0,0.0,0.0
10,0.0,0.0,0.0,0.0,0.0,0.0,0.0,0.0,0.0,2.0186794400356707,0.0,2.231876343910412,1.1031586350119869,0.8804571319379914,0.0,0.0,0.0
11,0.0,0.0,0.0,0.0,0.0,0.0,0.0,0.0,0.0,1.3300779609003945,2.231876343910412,0.0,0.19034990959289783,0.5000449918475237,-2.5900162273060006,0.0,0.0
12,0.0,0.0,0.0,0.0,0.0,0.0,0.0,0.0,0.0,0.0,1.1031586350119869,0.19034990959289783,0.0,-2.652923943421336,0.10152111627924928,-0.16300988440741318,-0.7906399685053163
13,0.0,0.0,0.0,0.0,0.0,0.0,0.0,0.0,0.0,0.0,0.8804571319379914,0.5000449918475237,-2.652923943421336,0.0,0.339135697686885,0.0,0.0
14,0.0,0.0,0.0,0.0,0.0,0.0,0.0,0.0,0.0,0.0,0.0,-2.5900162273060006,0.10152111627924928,0.339135697686885,0.0,0.4684941349932983,-0.4293182979652628
15,0.0,0.0,0.0,0.0,0.0,0.0,0.0,0.0,0.0,0.0,0.0,0.0,-0.16300988440741318,0.0,0.4684941349932983,0.0,-3.576485914528083
16,0.0,0.0,0.0,0.0,0.0,0.0,0.0,0.0,0.0,0.0,0.0,0.0,-0.7906399685053163,0.0,-0.4293182979652628,-3.576485914528083,0.0
