,0,1,2,3,4,5,6,7,8,9,10,11,12,13,14,15,16,17,18
0,0.0,7.763303472594445,6.954742862312407,6.637247484628838,0.0,0.0,0.0,0.0,0.0,0.0,0.0,0.0,0.0,0.0,0.0,0.0,0.0,0.0,0.0
1,7.763303472594445,0.0,4.05169419487941,3.67660985299301,5.526818946780807,0.0,0.0,0.0,0.0,0.0,0.0,0.0,0.0,0.0,0.0,0.0,0.0,0.0,0.0
2,6.954742862312407,4.05169419487941,0.0,0.08369869700862419,5.088427439669056,0.0,0.0,0.0,0.0,0.0,0.0,0.0,0.0,0.0,0.0,0.0,0.0,0.0,0.0
3,6.637247484628838,3.67660985299301,0.08369869700862419,0.0,4.76638790866026,0.0,0.0,0.0,0.0,0.0,0.0,0.0,0.0,0.0,0.0,0.0,0.0,0.0,0.0
4,0.0,5.526818946780807,5.088427439669056,4.76638790866026,0.0,0.4602735827310013,3.8022530979165947,0.0,2.188929187283846,0.0,0.0,0.0,0.0,0.0,0.0,0.0,0.0,0.0,0.0
5,0.0,0.0,0.0,0.0,0.4602735827310013,0.0,3.5640004107453453,0.0,1.9414104620260553,0.0,0.0,0.0,0.0,0.0,0.0,0.0,0.0,0.0,0.0
6,0.0,0.0,0.0,0.0,3.8022530979165947,3.5640004107453453,0.0,2.458443964658772,1.0932562461684345,2.304720804249007,0.0,0.0,0.0,0.0,0.0,0.0,0.0,0.0,0.0
7,0.0,0.0,0.0,0.0,0.0,0.0,2.458443964658772,0.0,0.18039897964591978,0.21194287569139028,0.0,0.0,0.0,0.0,0.0,0.0,0.0,0.0,0.0
8,0.0,0.0,0.0,0.0,2.188929187283846,1.9414104620260553,1.0932562461684345,0.18039897964591978,0.0,0.6080830913780524,-1.788361121194161,0.8170321427380318,0.0,0.0,0.0,0.0,0.0,0.0,0.0
9,0.0,0.0,0.0,0.0,0.0,0.0,2.304720804249007,0.21194287569139028,0.6080830913780524,0.0,0.7093329114792031,-0.42709968769543616,0.0,0.0,0.0,0.0,0.0,0.0,0.0
10,0.0,0.0,0.0,0.0,0.0,0.0,0.0,0.0,-1.788361121194161,0.7093329114792031,0.0,0.8536606644222542,0.7372629239244292,0.0,0.0,0.0,0.0,0.0,0.0
11,0.0,0.0,0.0,0.0,0.0,0.0,0.0,0.0,0.8170321427380318,-0.42709968769543616,0.8536606644222542,0.0,-6.191461380291352,0.0,0.0,0.0,0.0,0.0,0.0
12,0.0,0.0,0.0,0.0,0.0,0.0,0.0,0.0,0.0,0.0,0.7372629239244292,-6.191461380291352,0.0,-0.5353513541586127,0.0,0.0,0.0,0.0,0.0
13,0.0,0.0,0.0,0.0,0.0,0.0,0.0,0.0,0.0,0.0,0.0,0.0,-0.5353513541586127,0.0,0.6275848791184815,-0.43484044633846386,0.7052252045277863,0.0,0.0
14,0.0,0.0,0.0,0.0,0.0,0.0,0.0,0.0,0.0,0.0,0.0,0.0,0.0,0.6275848791184815,0.0,0.4590297122080147,0.0,-0.740755729650939,-6.348598656407881
15,0.0,0.0,0.0,0.0,0.0,0.0,0.0,0.0,0.0,0.0,0.0,0.0,0.0,-0.43484044633846386,0.4590297122080147,0.0,-0.5173503280649786,-1.756101254061883,-0.28647275180860843
16,0.0,0.0,0.0,0.0,0.0,0.0,0.0,0.0,0.0,0.0,0.0,0.0,0.0,0.7052252045277863,0.0,-0.5173503280649786,0.0,-0.0718969538718818,0.0
17,0.0,0.0,0.0,0.0,0.0,0.0,0.0,0.0,0.0,0.0,0.0,0.0,0.0,0.0,-0.740755729650939,-1.756101254061883,-0.0718969538718818,0.0,-1.5413792920676654
18,0.0,0.0,0.0,0.0,0.0,0.0,0.0,0.0,0.0,0.0,0.0,0.0,0.0,0.0,-6.348598656407881,-0.28647275180860843,0.0,-1.5413792920676654,0.0
