,0,1,2,3,4,5,6,7,8,9,10,11,12,13,14,15,16,17,18,19,20,21
0,0.0,6.617914408390887,6.3364919382839675,6.155607194231678,0.0,0.0,0.0,0.0,0.0,0.0,0.0,0.0,0.0,0.0,0.0,0.0,0.0,0.0,0.0,0.0,0.0,0.0
1,6.617914408390887,0.0,-0.35214979840199223,-1.8783780601521738,0.05759769714656744,0.0,0.0,0.0,0.0,0.0,0.0,0.0,0.0,0.0,0.0,0.0,0.0,0.0,0.0,0.0,0.0,0.0
2,6.3364919382839675,-0.35214979840199223,0.0,-0.7979339874857421,0.15831579584925998,4.3498332400386435,0.0,0.0,0.0,0.0,0.0,0.0,0.0,0.0,0.0,0.0,0.0,0.0,0.0,0.0,0.0,0.0
3,6.155607194231678,-1.8783780601521738,-0.7979339874857421,0.0,-0.5060051763969906,4.1133758430744845,0.0,0.0,0.0,0.0,0.0,0.0,0.0,0.0,0.0,0.0,0.0,0.0,0.0,0.0,0.0,0.0
4,0.0,0.05759769714656744,0.15831579584925998,-0.5060051763969906,0.0,4.036137271648096,0.10865971397737567,0.0,0.0,0.0,0.0,0.0,0.0,0.0,0.0,0.0,0.0,0.0,0.0,0.0,0.0,0.0
5,0.0,0.0,4.3498332400386435,4.1133758430744845,4.036137271648096,0.0,0.0,0.0,0.0,0.0,0.0,0.0,0.0,0.0,0.0,0.0,0.0,0.0,0.0,0.0,0.0,0.0
6,0.0,0.0,0.0,0.0,0.10865971397737567,0.0,0.0,0.6070588184935082,2.347708610412885,0.0,0.0,0.0,0.0,0.0,0.0,0.0,0.0,0.0,0.0,0.0,0.0,0.0
7,0.0,0.0,0.0,0.0,0.0,0.0,0.6070588184935082,0.0,2.419887198698668,0.5015752361660766,0.8869560347196788,0.0,0.0,0.0,0.0,0.0,0.0,0.0,0.0,0.0,0.0,0.0
8,0.0,0.0,0.0,0.0,0.0,0.0,2.347708610412885,2.419887198698668,0.0,1.2084981410769233,0.0,-0.386889600386027,0.0,0.0,0.0,0.0,0.0,0.0,0.0,0.0,0.0,0.0
9,0.0,0.0,0.0,0.0,0.0,0.0,0.0,0.5015752361660766,1.2084981410769233,0.0,1.1780890928955605,1.3395597849697345,-2.0829216384696863,0.0,0.0,0.0,0.0,0.0,0.0,0.0,0.0,0.0
10,0.0,0.0,0.0,0.0,0.0,0.0,0.0,0.8869560347196788,0.0,1.1780890928955605,0.0,2.383325769065037,0.6086331267458722,0.0,0.0,0.0,0.0,0.0,0.0,0.0,0.0,0.0
11,0.0,0.0,0.0,0.0,0.0,0.0,0.0,0.0,-0.386889600386027,1.3395597849697345,2.383325769065037,0.0,1.3514883543207967,0.0,0.0,0.0,0.0,0.0,0.0,0.0,0.0,0.0
12,0.0,0.0,0.0,0.0,0.0,0.0,0.0,0.0,0.0,-2.0829216384696863,0.6086331267458722,1.3514883543207967,0.0,0.0,0.0,0.0,0.0,0.0,0.0,0.0,0.0,0.0
13,0.0,0.0,0.0,0.0,0.0,0.0,0.0,0.0,0.0,0.0,0.0,0.0,0.0,0.0,0.12275512212074793,-0.19151690486796466,0.0,-0.15541453241890046,0.0,0.0,0.0,0.0
14,0.0,0.0,0.0,0.0,0.0,0.0,0.0,0.0,0.0,0.0,0.0,0.0,0.0,0.12275512212074793,0.0,-0.8648511303617213,0.0,0.3966193458185224,0.0,0.0,0.0,0.0
15,0.0,0.0,0.0,0.0,0.0,0.0,0.0,0.0,0.0,0.0,0.0,0.0,0.0,-0.19151690486796466,-0.8648511303617213,0.0,-0.11490515491004911,-0.08346465726666742,0.0,-0.8924052603922029,0.0,0.0
16,0.0,0.0,0.0,0.0,0.0,0.0,0.0,0.0,0.0,0.0,0.0,0.0,0.0,0.0,0.0,-0.11490515491004911,0.0,-3.0276576670733704,0.0,-2.65267888458255,0.0,0.0
17,0.0,0.0,0.0,0.0,0.0,0.0,0.0,0.0,0.0,0.0,0.0,0.0,0.0,-0.15541453241890046,0.3966193458185224,-0.08346465726666742,-3.0276576670733704,0.0,-1.5665535619052733,-3.487405119276722,-1.04351055234724,-1.3757352601812418
18,0.0,0.0,0.0,0.0,0.0,0.0,0.0,0.0,0.0,0.0,0.0,0.0,0.0,0.0,0.0,0.0,0.0,-1.5665535619052733,0.0,-2.571034700539647,-1.7941415280380706,0.0
19,0.0,0.0,0.0,0.0,0.0,0.0,0.0,0.0,0.0,0.0,0.0,0.0,0.0,0.0,0.0,-0.8924052603922029,-2.65267888458255,-3.487405119276722,-2.571034700539647,0.0,-1.9495682587655108,-2.061783432653751
20,0.0,0.0,0.0,0.0,0.0,0.0,0.0,0.0,0.0,0.0,0.0,0.0,0.0,0.0,0.0,0.0,0.0,-1.04351055234724,-1.7941415280380706,-1.9495682587655108,0.0,-3.7128518064218374
21,0.0,0.0,0.0,0.0,0.0,0.0,0.0,0.0,0.0,0.0,0.0,0.0,0.0,0.0,0.0,0.0,0.0,-1.3757352601812418,0.0,-2.061783432653751,-3.7128518064218374,0.0
