,0,1,2,3,4,5,6,7,8,9,10,11,12,13,14,15,16,17,18,19,20,21,22
0,0.0,-0.5057335079060331,6.784795029046352,1.4944042810063696,0.0,0.0,0.0,0.0,0.0,0.0,0.0,0.0,0.0,0.0,0.0,0.0,0.0,0.0,0.0,0.0,0.0,0.0,0.0
1,-0.5057335079060331,0.0,6.780535598416111,1.2905446376360719,0.0,0.0,0.0,0.0,0.0,0.0,0.0,0.0,0.0,0.0,0.0,0.0,0.0,0.0,0.0,0.0,0.0,0.0,0.0
2,6.784795029046352,6.780535598416111,0.0,5.971847245596135,0.0,0.0,0.0,0.0,0.0,0.0,0.0,0.0,0.0,0.0,0.0,0.0,0.0,0.0,0.0,0.0,0.0,0.0,0.0
3,1.4944042810063696,1.2905446376360719,5.971847245596135,0.0,5.227706758004232,5.130500820183385,-0.0070273372346865105,0.0,0.0,0.0,0.0,0.0,0.0,0.0,0.0,0.0,0.0,0.0,0.0,0.0,0.0,0.0,0.0
4,0.0,0.0,0.0,5.227706758004232,0.0,0.15111571874403426,4.546849285196149,0.0,4.155843863395753,0.0,0.0,0.0,0.0,0.0,0.0,0.0,0.0,0.0,0.0,0.0,0.0,0.0,0.0
5,0.0,0.0,0.0,5.130500820183385,0.15111571874403426,0.0,4.456071607258381,0.0,4.060183795594088,0.0,0.0,0.0,0.0,0.0,0.0,0.0,0.0,0.0,0.0,0.0,0.0,0.0,0.0
6,0.0,0.0,0.0,-0.0070273372346865105,4.546849285196149,4.456071607258381,0.0,0.0,-1.0203940433622691,0.0,0.0,0.0,0.0,0.0,0.0,0.0,0.0,0.0,0.0,0.0,0.0,0.0,0.0
7,0.0,0.0,0.0,0.0,0.0,0.0,0.0,0.0,3.2871262163254245,3.2783584665581333,3.0955775576058877,2.978298658923099,0.0,0.0,0.0,0.0,0.0,0.0,0.0,0.0,0.0,0.0,0.0
8,0.0,0.0,0.0,0.0,4.155843863395753,4.060183795594088,-1.0203940433622691,3.2871262163254245,0.0,-2.8540525342842713,-1.9316050767771722,0.0,0.0,0.0,0.0,0.0,0.0,0.0,0.0,0.0,0.0,0.0,0.0
9,0.0,0.0,0.0,0.0,0.0,0.0,0.0,3.2783584665581333,-2.8540525342842713,0.0,-2.233144477710891,0.0,0.0,0.0,0.0,0.0,0.0,0.0,0.0,0.0,0.0,0.0,0.0
10,0.0,0.0,0.0,0.0,0.0,0.0,0.0,3.0955775576058877,-1.9316050767771722,-2.233144477710891,0.0,-2.116167407321274,0.0,0.0,0.0,0.0,0.0,0.0,0.0,0.0,0.0,0.0,0.0
11,0.0,0.0,0.0,0.0,0.0,0.0,0.0,2.978298658923099,0.0,0.0,-2.116167407321274,0.0,3.031471898226271,0.0,0.0,0.0,0.0,0.0,0.0,0.0,0.0,0.0,0.0
12,0.0,0.0,0.0,0.0,0.0,0.0,0.0,0.0,0.0,0.0,0.0,3.031471898226271,0.0,2.9717879197428148,2.426084969489068,0.0,0.0,0.0,0.0,0.0,0.0,0.0,0.0
13,0.0,0.0,0.0,0.0,0.0,0.0,0.0,0.0,0.0,0.0,0.0,0.0,2.9717879197428148,0.0,0.6087174949977856,2.040930350907787,0.0,0.0,0.0,0.0,0.0,0.0,0.0
14,0.0,0.0,0.0,0.0,0.0,0.0,0.0,0.0,0.0,0.0,0.0,0.0,2.426084969489068,0.6087174949977856,0.0,1.4352533519184527,0.0,0.0,0.0,0.0,0.0,0.0,0.0
15,0.0,0.0,0.0,0.0,0.0,0.0,0.0,0.0,0.0,0.0,0.0,0.0,0.0,2.040930350907787,1.4352533519184527,0.0,0.8004648275689017,0.9903511135624757,1.653870873090991,0.0,0.0,0.0,0.0
16,0.0,0.0,0.0,0.0,0.0,0.0,0.0,0.0,0.0,0.0,0.0,0.0,0.0,0.0,0.0,0.8004648275689017,0.0,-0.7955328707739676,0.006832221613544867,-2.188603952814618,0.0,0.0,-2.9434637970186146
17,0.0,0.0,0.0,0.0,0.0,0.0,0.0,0.0,0.0,0.0,0.0,0.0,0.0,0.0,0.0,0.9903511135624757,-0.7955328707739676,0.0,0.4819509766191306,-0.3624328810507834,-1.50865884284751,-0.6505193191224475,-1.5251891702293316
18,0.0,0.0,0.0,0.0,0.0,0.0,0.0,0.0,0.0,0.0,0.0,0.0,0.0,0.0,0.0,1.653870873090991,0.006832221613544867,0.4819509766191306,0.0,-0.3550916063886931,0.0,0.0,0.0
19,0.0,0.0,0.0,0.0,0.0,0.0,0.0,0.0,0.0,0.0,0.0,0.0,0.0,0.0,0.0,0.0,-2.188603952814618,-0.3624328810507834,-0.3550916063886931,0.0,-1.2331245081314735,0.05414502687086554,-3.382944833905069
20,0.0,0.0,0.0,0.0,0.0,0.0,0.0,0.0,0.0,0.0,0.0,0.0,0.0,0.0,0.0,0.0,0.0,-1.50865884284751,0.0,-1.2331245081314735,0.0,0.0,-2.1549798513791036
21,0.0,0.0,0.0,0.0,0.0,0.0,0.0,0.0,0.0,0.0,0.0,0.0,0.0,0.0,0.0,0.0,0.0,-0.6505193191224475,0.0,0.05414502687086554,0.0,0.0,-1.343056605571028
22,0.0,0.0,0.0,0.0,0.0,0.0,0.0,0.0,0.0,0.0,0.0,0.0,0.0,0.0,0.0,0.0,-2.9434637970186146,-1.5251891702293316,0.0,-3.382944833905069,-2.1549798513791036,-1.343056605571028,0.0
