,0,1,2,3,4,5,6,7,8,9,10,11,12,13,14,15,16,17,18,19,20,21,22,23
0,0.0,6.200711708234407,6.190334374568602,5.679664734794825,0.0,0.0,0.0,0.0,0.0,0.0,0.0,0.0,0.0,0.0,0.0,0.0,0.0,0.0,0.0,0.0,0.0,0.0,0.0,0.0
1,6.200711708234407,0.0,0.3618739871909117,0.5544890426714993,-0.06182252820910126,0.0,0.0,0.0,0.0,0.0,0.0,0.0,0.0,0.0,0.0,0.0,0.0,0.0,0.0,0.0,0.0,0.0,0.0,0.0
2,6.190334374568602,0.3618739871909117,0.0,-1.2837671834653672,-1.4724775360304443,0.0,0.0,0.0,0.0,0.0,0.0,0.0,0.0,0.0,0.0,0.0,0.0,0.0,0.0,0.0,0.0,0.0,0.0,0.0
3,5.679664734794825,0.5544890426714993,-1.2837671834653672,0.0,-0.8562185746439193,-0.6869359341004112,-0.8534970649081347,0.0,0.0,0.0,0.0,0.0,0.0,0.0,0.0,0.0,0.0,0.0,0.0,0.0,0.0,0.0,0.0,0.0
4,0.0,-0.06182252820910126,-1.4724775360304443,-0.8562185746439193,0.0,-0.3008611240854731,-0.6267284412193117,0.0,0.0,0.0,0.0,0.0,0.0,0.0,0.0,0.0,0.0,0.0,0.0,0.0,0.0,0.0,0.0,0.0
5,0.0,0.0,0.0,-0.6869359341004112,-0.3008611240854731,0.0,-5.02231867552206,3.956042187113767,0.0,0.0,0.0,0.0,0.0,0.0,0.0,0.0,0.0,0.0,0.0,0.0,0.0,0.0,0.0,0.0
6,0.0,0.0,0.0,-0.8534970649081347,-0.6267284412193117,-5.02231867552206,0.0,3.730231550303898,-2.7879591053697066,0.0,0.0,0.0,0.0,0.0,0.0,0.0,0.0,0.0,0.0,0.0,0.0,0.0,0.0,0.0
7,0.0,0.0,0.0,0.0,0.0,3.956042187113767,3.730231550303898,0.0,3.179374259697429,0.0,0.0,0.0,0.0,0.0,0.0,0.0,0.0,0.0,0.0,0.0,0.0,0.0,0.0,0.0
8,0.0,0.0,0.0,0.0,0.0,0.0,-2.7879591053697066,3.179374259697429,0.0,0.17149592142053383,1.2589917780298263,0.06858267942321074,0.0,0.0,0.0,0.0,0.0,0.0,0.0,0.0,0.0,0.0,0.0,0.0
9,0.0,0.0,0.0,0.0,0.0,0.0,0.0,0.0,0.17149592142053383,0.0,-0.06970068703088772,0.8438475708577584,0.0,0.0,0.0,0.0,0.0,0.0,0.0,0.0,0.0,0.0,0.0,0.0
10,0.0,0.0,0.0,0.0,0.0,0.0,0.0,0.0,1.2589917780298263,-0.06970068703088772,0.0,1.6908151464291439,0.0,-1.2228655367773906,0.0,0.0,0.0,0.0,0.0,0.0,0.0,0.0,0.0,0.0
11,0.0,0.0,0.0,0.0,0.0,0.0,0.0,0.0,0.06858267942321074,0.8438475708577584,1.6908151464291439,0.0,0.0,0.0,0.0,0.0,0.0,0.0,0.0,0.0,0.0,0.0,0.0,0.0
12,0.0,0.0,0.0,0.0,0.0,0.0,0.0,0.0,0.0,0.0,0.0,0.0,0.0,-2.0077546323174564,0.19328540253103027,-0.055211889681220074,0.0,0.0,0.0,0.0,0.0,0.0,0.0,0.0
13,0.0,0.0,0.0,0.0,0.0,0.0,0.0,0.0,0.0,0.0,-1.2228655367773906,0.0,-2.0077546323174564,0.0,-0.3814782887400853,0.1211739649027249,0.0,0.0,0.0,0.0,0.0,0.0,0.0,0.0
14,0.0,0.0,0.0,0.0,0.0,0.0,0.0,0.0,0.0,0.0,0.0,0.0,0.19328540253103027,-0.3814782887400853,0.0,0.0,-0.7568073210503192,0.0,0.0,0.0,0.0,0.0,0.0,0.0
15,0.0,0.0,0.0,0.0,0.0,0.0,0.0,0.0,0.0,0.0,0.0,0.0,-0.055211889681220074,0.1211739649027249,0.0,0.0,0.10707905123139354,-1.2090588531247644,0.7860965459012655,0.0,0.0,0.0,0.0,0.0
16,0.0,0.0,0.0,0.0,0.0,0.0,0.0,0.0,0.0,0.0,0.0,0.0,0.0,0.0,-0.7568073210503192,0.10707905123139354,0.0,0.2748026513729106,-1.2367709664283886,-2.4852328275521574,-1.63127153118042,0.0,0.0,0.0
17,0.0,0.0,0.0,0.0,0.0,0.0,0.0,0.0,0.0,0.0,0.0,0.0,0.0,0.0,0.0,-1.2090588531247644,0.2748026513729106,0.0,0.0,0.0907879498408039,0.0,0.0,0.0,0.0
18,0.0,0.0,0.0,0.0,0.0,0.0,0.0,0.0,0.0,0.0,0.0,0.0,0.0,0.0,0.0,0.7860965459012655,-1.2367709664283886,0.0,0.0,-1.2516822446478382,-4.926347739955583,0.0,0.0,0.0
19,0.0,0.0,0.0,0.0,0.0,0.0,0.0,0.0,0.0,0.0,0.0,0.0,0.0,0.0,0.0,0.0,-2.4852328275521574,0.0907879498408039,-1.2516822446478382,0.0,-1.6447101370228263,0.0,-1.0281102621945473,0.12462939434614212
20,0.0,0.0,0.0,0.0,0.0,0.0,0.0,0.0,0.0,0.0,0.0,0.0,0.0,0.0,0.0,0.0,-1.63127153118042,0.0,-4.926347739955583,-1.6447101370228263,0.0,1.8932829944874252,-1.4962812134665655,0.2520213661898261
21,0.0,0.0,0.0,0.0,0.0,0.0,0.0,0.0,0.0,0.0,0.0,0.0,0.0,0.0,0.0,0.0,0.0,0.0,0.0,0.0,1.8932829944874252,0.0,1.9131054123045117,2.1506303570839185
22,0.0,0.0,0.0,0.0,0.0,0.0,0.0,0.0,0.0,0.0,0.0,0.0,0.0,0.0,0.0,0.0,0.0,0.0,0.0,-1.0281102621945473,-1.4962812134665655,1.9131054123045117,0.0,-0.5877904413845844
23,0.0,0.0,0.0,0.0,0.0,0.0,0.0,0.0,0.0,0.0,0.0,0.0,0.0,0.0,0.0,0.0,0.0,0.0,0.0,0.12462939434614212,0.2520213661898261,2.1506303570839185,-0.5877904413845844,0.0
