,0,1,2,3,4,5,6,7,8,9,10,11,12,13,14,15,16,17,18
0,0.0,6.75834616715504,6.625205225271182,7.738525006998518,0.0,0.0,0.0,0.0,0.0,0.0,0.0,0.0,0.0,0.0,0.0,0.0,0.0,0.0,0.0
1,6.75834616715504,0.0,-1.35035925015551,3.8207813157565287,0.0,-1.488726457079135,0.0,0.0,0.0,0.0,0.0,0.0,0.0,0.0,0.0,0.0,0.0,0.0,0.0
2,6.625205225271182,-1.35035925015551,0.0,3.536350859431195,0.0,-1.418949011339285,0.0,0.0,0.0,0.0,0.0,0.0,0.0,0.0,0.0,0.0,0.0,0.0,0.0
3,7.738525006998518,3.8207813157565287,3.536350859431195,0.0,3.3255653271259744,3.153579474000978,1.7518770865744042,0.0,0.0,0.0,0.0,0.0,0.0,0.0,0.0,0.0,0.0,0.0,0.0
4,0.0,0.0,0.0,3.3255653271259744,0.0,-0.06271218313621418,1.8247251293325812,0.0,0.0,0.0,0.0,0.0,0.0,0.0,0.0,0.0,0.0,0.0,0.0
5,0.0,-1.488726457079135,-1.418949011339285,3.153579474000978,-0.06271218313621418,0.0,1.8802161642880981,0.0,0.0,0.0,0.0,0.0,0.0,0.0,0.0,0.0,0.0,0.0,0.0
6,0.0,0.0,0.0,1.7518770865744042,1.8247251293325812,1.8802161642880981,0.0,1.4262107184933654,1.2314251653737145,1.304565542904938,0.0,0.0,0.0,0.0,0.0,0.0,0.0,0.0,0.0
7,0.0,0.0,0.0,0.0,0.0,0.0,1.4262107184933654,0.0,-4.12945423721253,-0.5341991555637313,0.0,0.0,0.0,0.0,0.0,0.0,0.0,0.0,0.0
8,0.0,0.0,0.0,0.0,0.0,0.0,1.2314251653737145,-4.12945423721253,0.0,-0.966061093770497,0.8267248341650577,0.0,0.0,0.0,0.0,0.0,0.0,0.0,0.0
9,0.0,0.0,0.0,0.0,0.0,0.0,1.304565542904938,-0.5341991555637313,-0.966061093770497,0.0,0.583153266200479,0.0,0.0,0.0,0.0,0.0,0.0,0.0,0.0
10,0.0,0.0,0.0,0.0,0.0,0.0,0.0,0.0,0.8267248341650577,0.583153266200479,0.0,0.4455511959006044,0.0,0.0,0.0,0.0,0.0,0.0,0.0
11,0.0,0.0,0.0,0.0,0.0,0.0,0.0,0.0,0.0,0.0,0.4455511959006044,0.0,-4.28281788594551,0.30989638894834026,0.0,0.0,0.0,0.0,0.0
12,0.0,0.0,0.0,0.0,0.0,0.0,0.0,0.0,0.0,0.0,0.0,-4.28281788594551,0.0,-0.052705681837573924,0.0,-3.764721507267687,0.0,0.0,0.0
13,0.0,0.0,0.0,0.0,0.0,0.0,0.0,0.0,0.0,0.0,0.0,0.30989638894834026,-0.052705681837573924,0.0,-0.8616523192998985,-0.18233298229878667,-0.6355427181446283,0.0,0.0
14,0.0,0.0,0.0,0.0,0.0,0.0,0.0,0.0,0.0,0.0,0.0,0.0,0.0,-0.8616523192998985,0.0,-1.5992930585615985,-2.544418423172458,-1.75217349206777,0.0
15,0.0,0.0,0.0,0.0,0.0,0.0,0.0,0.0,0.0,0.0,0.0,0.0,-3.764721507267687,-0.18233298229878667,-1.5992930585615985,0.0,-3.505678425265762,0.0,-6.027068084728071
16,0.0,0.0,0.0,0.0,0.0,0.0,0.0,0.0,0.0,0.0,0.0,0.0,0.0,-0.6355427181446283,-2.544418423172458,-3.505678425265762,0.0,-2.7869771507992414,-3.5696528047087828
17,0.0,0.0,0.0,0.0,0.0,0.0,0.0,0.0,0.0,0.0,0.0,0.0,0.0,0.0,-1.75217349206777,0.0,-2.7869771507992414,0.0,-2.547330903834032
18,0.0,0.0,0.0,0.0,0.0,0.0,0.0,0.0,0.0,0.0,0.0,0.0,0.0,0.0,0.0,-6.027068084728071,-3.5696528047087828,-2.547330903834032,0.0
