,0,1,2,3,4,5,6,7,8,9,10,11,12,13,14,15,16,17,18,19,20,21,22
0,0.0,5.548651209150468,5.663864812890539,4.846586983943088,0.0,0.0,0.0,0.0,0.0,0.0,0.0,0.0,0.0,0.0,0.0,0.0,0.0,0.0,0.0,0.0,0.0,0.0,0.0
1,5.548651209150468,0.0,0.49766905926981236,-2.3077051727606306,1.3831461336060848,0.0,0.0,0.0,0.0,0.0,0.0,0.0,0.0,0.0,0.0,0.0,0.0,0.0,0.0,0.0,0.0,0.0,0.0
2,5.663864812890539,0.49766905926981236,0.0,-0.282740210625925,-0.6617865085901491,0.0,2.7824690237445697,0.0,0.0,0.0,0.0,0.0,0.0,0.0,0.0,0.0,0.0,0.0,0.0,0.0,0.0,0.0,0.0
3,4.846586983943088,-2.3077051727606306,-0.282740210625925,0.0,0.606099340114494,3.2886893449382906,2.4290661406015355,0.0,0.0,0.0,0.0,0.0,0.0,0.0,0.0,0.0,0.0,0.0,0.0,0.0,0.0,0.0,0.0
4,0.0,1.3831461336060848,-0.6617865085901491,0.606099340114494,0.0,3.4494186497547092,2.6588008997627712,0.0,0.0,0.0,0.0,0.0,0.0,0.0,0.0,0.0,0.0,0.0,0.0,0.0,0.0,0.0,0.0
5,0.0,0.0,0.0,3.2886893449382906,3.4494186497547092,0.0,1.069875748132797,0.0,0.0,0.0,0.0,2.50212921725635,2.3067126520481653,0.0,0.0,0.0,0.0,0.0,0.0,0.0,0.0,0.0,0.0
6,0.0,0.0,2.7824690237445697,2.4290661406015355,2.6588008997627712,1.069875748132797,0.0,0.0,0.0,0.0,0.0,1.6894712558193388,0.0,0.0,0.0,0.0,0.0,0.0,0.0,0.0,0.0,0.0,0.0
7,0.0,0.0,0.0,0.0,0.0,0.0,0.0,0.0,0.0,1.6457249668162584,0.0,0.025626169226006,-0.1132715668577467,0.0,0.0,0.0,0.0,0.0,0.0,0.0,0.0,0.0,0.0
8,0.0,0.0,0.0,0.0,0.0,0.0,0.0,0.0,0.0,0.5116207824615548,-0.8020063970767176,0.0,0.0,1.1464691832686404,0.0,0.0,0.0,0.0,0.0,0.0,0.0,0.0,0.0
9,0.0,0.0,0.0,0.0,0.0,0.0,0.0,1.6457249668162584,0.5116207824615548,0.0,-0.37085689133302135,1.7846425414822666,1.574697946558854,0.47364443792324,0.0,0.0,0.0,0.0,0.0,0.0,0.0,0.0,0.0
10,0.0,0.0,0.0,0.0,0.0,0.0,0.0,0.0,-0.8020063970767176,-0.37085689133302135,0.0,0.0,0.0,0.07327299739708695,0.0,0.0,0.0,0.0,0.0,0.0,0.0,0.0,0.0
11,0.0,0.0,0.0,0.0,0.0,2.50212921725635,1.6894712558193388,0.025626169226006,0.0,1.7846425414822666,0.0,0.0,-3.1300607760732952,0.4085293345062585,0.0,0.0,0.0,0.0,0.0,0.0,0.0,0.0,0.0
12,0.0,0.0,0.0,0.0,0.0,2.3067126520481653,0.0,-0.1132715668577467,0.0,1.574697946558854,0.0,-3.1300607760732952,0.0,0.08897052918390287,0.0,0.0,0.0,0.0,0.0,0.0,0.0,0.0,0.0
13,0.0,0.0,0.0,0.0,0.0,0.0,0.0,0.0,1.1464691832686404,0.47364443792324,0.07327299739708695,0.4085293345062585,0.08897052918390287,0.0,0.0,0.0,0.0,0.0,0.0,0.0,0.0,0.0,0.0
14,0.0,0.0,0.0,0.0,0.0,0.0,0.0,0.0,0.0,0.0,0.0,0.0,0.0,0.0,0.0,-1.5538120114775635,0.0,-2.2890423451945403,0.0,0.0,0.055678731853167504,1.5686102613418078,0.0
15,0.0,0.0,0.0,0.0,0.0,0.0,0.0,0.0,0.0,0.0,0.0,0.0,0.0,0.0,-1.5538120114775635,0.0,0.0,-1.3873639675133034,0.0,0.0,-0.8681349344300656,1.0910031972365204,0.0
16,0.0,0.0,0.0,0.0,0.0,0.0,0.0,0.0,0.0,0.0,0.0,0.0,0.0,0.0,0.0,0.0,0.0,-2.9333197570016454,-2.138364761520278,0.44202438682793965,0.0,0.0,-0.8305481757160964
17,0.0,0.0,0.0,0.0,0.0,0.0,0.0,0.0,0.0,0.0,0.0,0.0,0.0,0.0,-2.2890423451945403,-1.3873639675133034,-2.9333197570016454,0.0,-2.6354968015183844,0.4215148793382252,0.0,0.0,-0.9506688456764061
18,0.0,0.0,0.0,0.0,0.0,0.0,0.0,0.0,0.0,0.0,0.0,0.0,0.0,0.0,0.0,0.0,-2.138364761520278,-2.6354968015183844,0.0,0.0,0.0,0.0,-0.594897346398341
19,0.0,0.0,0.0,0.0,0.0,0.0,0.0,0.0,0.0,0.0,0.0,0.0,0.0,0.0,0.0,0.0,0.44202438682793965,0.4215148793382252,0.0,0.0,0.20016627330269696,0.0,0.0
20,0.0,0.0,0.0,0.0,0.0,0.0,0.0,0.0,0.0,0.0,0.0,0.0,0.0,0.0,0.055678731853167504,-0.8681349344300656,0.0,0.0,0.0,0.20016627330269696,0.0,0.21704635911709086,0.0
21,0.0,0.0,0.0,0.0,0.0,0.0,0.0,0.0,0.0,0.0,0.0,0.0,0.0,0.0,1.5686102613418078,1.0910031972365204,0.0,0.0,0.0,0.0,0.21704635911709086,0.0,0.0
22,0.0,0.0,0.0,0.0,0.0,0.0,0.0,0.0,0.0,0.0,0.0,0.0,0.0,0.0,0.0,0.0,-0.8305481757160964,-0.9506688456764061,-0.594897346398341,0.0,0.0,0.0,0.0
