,0,1,2,3,4,5,6,7,8,9,10,11,12,13,14,15,16,17,18,19
0,0.0,5.696859699460262,5.499288180316009,5.4747114217260755,0.0,0.0,0.0,0.0,0.0,0.0,0.0,0.0,0.0,0.0,0.0,0.0,0.0,0.0,0.0,0.0
1,5.696859699460262,0.0,-2.359583464826665,-2.772509769749588,4.23632425241826,0.0,0.0,0.0,0.0,0.0,0.0,0.0,0.0,0.0,0.0,0.0,0.0,0.0,0.0,0.0
2,5.499288180316009,-2.359583464826665,0.0,-2.44972130043427,4.1012401869981305,0.0,0.0,0.0,0.0,0.0,0.0,0.0,0.0,0.0,0.0,0.0,0.0,0.0,0.0,0.0
3,5.4747114217260755,-2.772509769749588,-2.44972130043427,0.0,3.990439026803051,0.0,0.0,0.0,0.0,0.0,0.0,0.0,0.0,0.0,0.0,0.0,0.0,0.0,0.0,0.0
4,0.0,4.23632425241826,4.1012401869981305,3.990439026803051,0.0,3.1208369686475814,3.2649253590609333,0.0,0.0,0.0,0.0,0.0,0.0,0.0,0.0,0.0,0.0,0.0,0.0,0.0
5,0.0,0.0,0.0,0.0,3.1208369686475814,0.0,-0.39603456780180823,2.358251947110869,0.0,0.0,0.0,0.0,0.0,0.0,0.0,0.0,0.0,0.0,0.0,0.0
6,0.0,0.0,0.0,0.0,3.2649253590609333,-0.39603456780180823,0.0,2.517386984482458,-0.4176803016244621,0.0,0.0,0.0,0.0,0.0,0.0,0.0,0.0,0.0,0.0,0.0
7,0.0,0.0,0.0,0.0,0.0,2.358251947110869,2.517386984482458,0.0,1.5052575477859698,0.0,0.0,0.0,0.0,0.0,0.0,0.0,0.0,0.0,0.0,0.0
8,0.0,0.0,0.0,0.0,0.0,0.0,-0.4176803016244621,1.5052575477859698,0.0,-2.140159099332641,-0.770007390598927,0.0,0.0,0.0,0.0,0.0,0.0,0.0,0.0,0.0
9,0.0,0.0,0.0,0.0,0.0,0.0,0.0,0.0,-2.140159099332641,0.0,-1.3452120212347611,-0.8125398103117019,0.0,0.0,0.0,0.0,0.0,0.0,0.0,0.0
10,0.0,0.0,0.0,0.0,0.0,0.0,0.0,0.0,-0.770007390598927,-1.3452120212347611,0.0,-0.8578104307671564,0.0,0.0,0.0,0.0,0.0,0.0,0.0,0.0
11,0.0,0.0,0.0,0.0,0.0,0.0,0.0,0.0,0.0,-0.8125398103117019,-0.8578104307671564,0.0,-0.460854153288255,-0.019986043926962096,-2.9274713464429554,0.0,0.0,0.0,0.0,0.0
12,0.0,0.0,0.0,0.0,0.0,0.0,0.0,0.0,0.0,0.0,0.0,-0.460854153288255,0.0,1.0210790312578206,-0.7320516079910824,0.0,0.0,0.0,0.0,0.0
13,0.0,0.0,0.0,0.0,0.0,0.0,0.0,0.0,0.0,0.0,0.0,-0.019986043926962096,1.0210790312578206,0.0,-0.6233407666907215,0.0,0.0,0.0,0.0,0.0
14,0.0,0.0,0.0,0.0,0.0,0.0,0.0,0.0,0.0,0.0,0.0,-2.9274713464429554,-0.7320516079910824,-0.6233407666907215,0.0,-5.440054917586883,-1.505300817398769,0.0,0.0,0.0
15,0.0,0.0,0.0,0.0,0.0,0.0,0.0,0.0,0.0,0.0,0.0,0.0,0.0,0.0,-5.440054917586883,0.0,-1.5474707465685664,-1.2379712365893218,-1.1072049454999362,-1.3231448769724596
16,0.0,0.0,0.0,0.0,0.0,0.0,0.0,0.0,0.0,0.0,0.0,0.0,0.0,0.0,-1.505300817398769,-1.5474707465685664,0.0,-2.476780612372428,-2.4599190342937582,0.0
17,0.0,0.0,0.0,0.0,0.0,0.0,0.0,0.0,0.0,0.0,0.0,0.0,0.0,0.0,0.0,-1.2379712365893218,-2.476780612372428,0.0,-4.629801524122661,-4.1874466077867485
18,0.0,0.0,0.0,0.0,0.0,0.0,0.0,0.0,0.0,0.0,0.0,0.0,0.0,0.0,0.0,-1.1072049454999362,-2.4599190342937582,-4.629801524122661,0.0,-3.692393992353529
19,0.0,0.0,0.0,0.0,0.0,0.0,0.0,0.0,0.0,0.0,0.0,0.0,0.0,0.0,0.0,-1.3231448769724596,0.0,-4.1874466077867485,-3.692393992353529,0.0
