,0,1,2,3,4,5,6,7,8,9,10,11,12,13,14,15,16,17,18
0,0.0,6.630731727687255,6.93140650806066,5.646388372400219,0.0,0.0,0.0,0.0,0.0,0.0,0.0,0.0,0.0,0.0,0.0,0.0,0.0,0.0,0.0
1,6.630731727687255,0.0,1.8977509424384533,0.7308655602910366,0.5576652847440945,0.0,0.0,0.0,0.0,0.0,0.0,0.0,0.0,0.0,0.0,0.0,0.0,0.0,0.0
2,6.93140650806066,1.8977509424384533,0.0,1.037608112520767,0.34288291381777614,0.0,0.0,0.0,0.0,0.0,0.0,0.0,0.0,0.0,0.0,0.0,0.0,0.0,0.0
3,5.646388372400219,0.7308655602910366,1.037608112520767,0.0,-2.7093737053168825,0.8041781079716012,0.9545327222469935,0.0,0.0,0.0,0.0,0.0,0.0,0.0,0.0,0.0,0.0,0.0,0.0
4,0.0,0.5576652847440945,0.34288291381777614,-2.7093737053168825,0.0,0.5932698738490259,0.5823592023847781,0.0,0.0,0.0,0.0,0.0,0.0,0.0,0.0,0.0,0.0,0.0,0.0
5,0.0,0.0,0.0,0.8041781079716012,0.5932698738490259,0.0,1.1194994533048765,0.0,0.0,0.0,0.0,0.0,0.0,0.0,0.0,0.0,0.0,0.0,0.0
6,0.0,0.0,0.0,0.9545327222469935,0.5823592023847781,1.1194994533048765,0.0,1.5286775894099855,0.0,0.0,0.0,0.0,0.0,0.0,0.0,0.0,0.0,0.0,0.0
7,0.0,0.0,0.0,0.0,0.0,0.0,1.5286775894099855,0.0,1.8957513617293866,0.5255272038785502,0.14593682961519303,0.0,0.0,0.0,0.0,0.0,0.0,0.0,0.0
8,0.0,0.0,0.0,0.0,0.0,0.0,0.0,1.8957513617293866,0.0,2.2786499587037636,0.3393896864916648,0.0,0.0,0.0,0.0,0.0,0.0,0.0,0.0
9,0.0,0.0,0.0,0.0,0.0,0.0,0.0,0.5255272038785502,2.2786499587037636,0.0,0.8590599846654162,0.0,0.0,0.0,0.0,0.0,0.0,0.0,0.0
10,0.0,0.0,0.0,0.0,0.0,0.0,0.0,0.14593682961519303,0.3393896864916648,0.8590599846654162,0.0,1.8359761031265898,-0.03675406611198398,0.0,0.0,0.0,0.0,0.0,0.0
11,0.0,0.0,0.0,0.0,0.0,0.0,0.0,0.0,0.0,0.0,1.8359761031265898,0.0,1.7499252461507924,1.774528754514377,0.0,0.0,0.0,0.0,0.0
12,0.0,0.0,0.0,0.0,0.0,0.0,0.0,0.0,0.0,0.0,-0.03675406611198398,1.7499252461507924,0.0,-1.4487847859734375,1.4156130598428116,0.0,0.0,0.0,0.0
13,0.0,0.0,0.0,0.0,0.0,0.0,0.0,0.0,0.0,0.0,0.0,1.774528754514377,-1.4487847859734375,0.0,1.3856872918559135,0.870943136205504,1.6412771827008967,0.0,0.0
14,0.0,0.0,0.0,0.0,0.0,0.0,0.0,0.0,0.0,0.0,0.0,0.0,1.4156130598428116,1.3856872918559135,0.0,2.197712323812409,1.7272294089661417,0.6076273661085707,0.0
15,0.0,0.0,0.0,0.0,0.0,0.0,0.0,0.0,0.0,0.0,0.0,0.0,0.0,0.870943136205504,2.197712323812409,0.0,1.245808204090189,-0.44016846673887244,-0.6673427190992167
16,0.0,0.0,0.0,0.0,0.0,0.0,0.0,0.0,0.0,0.0,0.0,0.0,0.0,1.6412771827008967,1.7272294089661417,1.245808204090189,0.0,0.45785924414310974,-1.1659231239179921
17,0.0,0.0,0.0,0.0,0.0,0.0,0.0,0.0,0.0,0.0,0.0,0.0,0.0,0.0,0.6076273661085707,-0.44016846673887244,0.45785924414310974,0.0,-1.1379165834746583
18,0.0,0.0,0.0,0.0,0.0,0.0,0.0,0.0,0.0,0.0,0.0,0.0,0.0,0.0,0.0,-0.6673427190992167,-1.1659231239179921,-1.1379165834746583,0.0
