,0,1,2,3,4,5,6,7,8,9,10,11,12,13,14,15,16,17,18
0,0.0,6.761569959921457,3.26655771828535,6.770575081799575,0.0,0.0,0.0,0.0,0.0,0.0,0.0,0.0,0.0,0.0,0.0,0.0,0.0,0.0,0.0
1,6.761569959921457,0.0,3.6033216087548903,3.82963024949776,3.3799398396995435,0.0,0.0,0.0,0.0,0.0,0.0,0.0,0.0,0.0,0.0,0.0,0.0,0.0,0.0
2,3.26655771828535,3.6033216087548903,0.0,3.3714046084456055,0.756190346664149,1.010315140013841,0.0,0.0,0.0,0.0,0.0,0.0,0.0,0.0,0.0,0.0,0.0,0.0,0.0
3,6.770575081799575,3.82963024949776,3.3714046084456055,0.0,3.592494470820683,3.6910142690338597,0.0,0.0,0.0,0.0,0.0,0.0,0.0,0.0,0.0,0.0,0.0,0.0,0.0
4,0.0,3.3799398396995435,0.756190346664149,3.592494470820683,0.0,-1.3092119902313326,2.615426924105558,0.0,0.0,0.0,0.0,0.0,0.0,0.0,0.0,0.0,0.0,0.0,0.0
5,0.0,0.0,1.010315140013841,3.6910142690338597,-1.3092119902313326,0.0,2.835248892588941,0.0,0.0,0.0,0.0,0.0,0.0,0.0,0.0,0.0,0.0,0.0,0.0
6,0.0,0.0,0.0,0.0,2.615426924105558,2.835248892588941,0.0,0.7212908098262497,0.0,0.0,0.0,0.0,0.0,0.0,0.0,0.0,0.0,0.0,0.0
7,0.0,0.0,0.0,0.0,0.0,0.0,0.7212908098262497,0.0,0.30100436688047344,0.29906220532005573,0.4259885078389155,0.0,0.0,0.0,0.0,0.0,0.0,0.0,0.0
8,0.0,0.0,0.0,0.0,0.0,0.0,0.0,0.30100436688047344,0.0,0.14968623225247946,0.659337243415851,0.0,0.0,0.0,0.0,0.0,0.0,0.0,0.0
9,0.0,0.0,0.0,0.0,0.0,0.0,0.0,0.29906220532005573,0.14968623225247946,0.0,1.2412528031826506,-3.919790888099321,0.0,0.0,0.0,0.0,0.0,0.0,0.0
10,0.0,0.0,0.0,0.0,0.0,0.0,0.0,0.4259885078389155,0.659337243415851,1.2412528031826506,0.0,0.8989431321480453,0.0,0.0,0.0,0.0,0.0,0.0,0.0
11,0.0,0.0,0.0,0.0,0.0,0.0,0.0,0.0,0.0,-3.919790888099321,0.8989431321480453,0.0,-0.28023713495154795,-0.4164136354386225,0.0,0.0,0.0,0.0,0.0
12,0.0,0.0,0.0,0.0,0.0,0.0,0.0,0.0,0.0,0.0,0.0,-0.28023713495154795,0.0,-3.494078341142113,-3.059112784966413,-2.395011200126252,0.0,0.0,0.0
13,0.0,0.0,0.0,0.0,0.0,0.0,0.0,0.0,0.0,0.0,0.0,-0.4164136354386225,-3.494078341142113,0.0,-2.5533933175204417,-1.6866923872537747,-3.280326434184647,0.0,0.0
14,0.0,0.0,0.0,0.0,0.0,0.0,0.0,0.0,0.0,0.0,0.0,0.0,-3.059112784966413,-2.5533933175204417,0.0,-2.2744126106556197,0.0,0.0,0.0
15,0.0,0.0,0.0,0.0,0.0,0.0,0.0,0.0,0.0,0.0,0.0,0.0,-2.395011200126252,-1.6866923872537747,-2.2744126106556197,0.0,-2.7953348134017513,-2.6408892159578663,-2.4661317929950477
16,0.0,0.0,0.0,0.0,0.0,0.0,0.0,0.0,0.0,0.0,0.0,0.0,0.0,-3.280326434184647,0.0,-2.7953348134017513,0.0,-3.343941930584777,-3.2256310589056056
17,0.0,0.0,0.0,0.0,0.0,0.0,0.0,0.0,0.0,0.0,0.0,0.0,0.0,0.0,0.0,-2.6408892159578663,-3.343941930584777,0.0,-6.49273249935329
18,0.0,0.0,0.0,0.0,0.0,0.0,0.0,0.0,0.0,0.0,0.0,0.0,0.0,0.0,0.0,-2.4661317929950477,-3.2256310589056056,-6.49273249935329,0.0
