,0,1,2,3,4,5,6,7,8,9,10,11,12,13,14,15,16
0,0.0,5.6342433239279295,4.037246672490413,4.768789975585753,0.0,0.0,0.0,0.0,0.0,0.0,0.0,0.0,0.0,0.0,0.0,0.0,0.0
1,5.6342433239279295,0.0,1.4980804981501192,-0.24683540198521994,2.9501222998893386,0.0,0.0,0.0,0.0,0.0,0.0,0.0,0.0,0.0,0.0,0.0,0.0
2,4.037246672490413,1.4980804981501192,0.0,0.9405942585067361,0.9632510528426296,2.1695510976909906,0.0,0.0,0.0,0.0,0.0,0.0,0.0,0.0,0.0,0.0,0.0
3,4.768789975585753,-0.24683540198521994,0.9405942585067361,0.0,2.047061908404724,2.5404519411112036,0.0,0.0,0.0,0.0,0.0,0.0,0.0,0.0,0.0,0.0,0.0
4,0.0,2.9501222998893386,0.9632510528426296,2.047061908404724,0.0,1.5681740578526746,1.2524890619197222,1.38968170203405,0.0,0.0,0.0,0.0,0.0,0.0,0.0,0.0,0.0
5,0.0,0.0,2.1695510976909906,2.5404519411112036,1.5681740578526746,0.0,2.240532133434312,2.2176632155739378,0.0,0.0,0.0,0.0,0.0,0.0,0.0,0.0,0.0
6,0.0,0.0,0.0,0.0,1.2524890619197222,2.240532133434312,0.0,-2.1738876244354115,0.0,0.0,0.0,0.0,0.0,0.0,0.0,0.0,0.0
7,0.0,0.0,0.0,0.0,1.38968170203405,2.2176632155739378,-2.1738876244354115,0.0,0.0,0.0,0.0,0.0,0.0,0.0,0.0,0.0,0.0
8,0.0,0.0,0.0,0.0,0.0,0.0,0.0,0.0,0.0,0.060066398636696806,0.9081138139655691,-2.673213221523369,0.0,0.0,0.0,0.0,0.0
9,0.0,0.0,0.0,0.0,0.0,0.0,0.0,0.0,0.060066398636696806,0.0,0.17705368108471775,-0.475279301310746,0.0,0.0,0.0,0.0,0.0
10,0.0,0.0,0.0,0.0,0.0,0.0,0.0,0.0,0.9081138139655691,0.17705368108471775,0.0,0.23551500612446394,0.0,0.0,0.0,0.0,0.0
11,0.0,0.0,0.0,0.0,0.0,0.0,0.0,0.0,-2.673213221523369,-0.475279301310746,0.23551500612446394,0.0,0.0,0.0,0.0,0.0,0.0
12,0.0,0.0,0.0,0.0,0.0,0.0,0.0,0.0,0.0,0.0,0.0,0.0,0.0,-2.0042521461910967,-2.249487166061146,-1.3030797767476165,0.0
13,0.0,0.0,0.0,0.0,0.0,0.0,0.0,0.0,0.0,0.0,0.0,0.0,-2.0042521461910967,0.0,-2.848065951995957,-2.323771808480867,-3.5003725770780436
14,0.0,0.0,0.0,0.0,0.0,0.0,0.0,0.0,0.0,0.0,0.0,0.0,-2.249487166061146,-2.848065951995957,0.0,-3.300024680292757,-2.8966439634874517
15,0.0,0.0,0.0,0.0,0.0,0.0,0.0,0.0,0.0,0.0,0.0,0.0,-1.3030797767476165,-2.323771808480867,-3.300024680292757,0.0,-3.561713156107494
16,0.0,0.0,0.0,0.0,0.0,0.0,0.0,0.0,0.0,0.0,0.0,0.0,0.0,-3.5003725770780436,-2.8966439634874517,-3.561713156107494,0.0
