,0,1,2,3,4,5,6,7,8,9,10,11,12,13,14,15,16,17,18,19,20
0,0.0,6.10823050245904,7.03821503339565,6.653631251427279,0.0,0.0,0.0,0.0,0.0,0.0,0.0,0.0,0.0,0.0,0.0,0.0,0.0,0.0,0.0,0.0,0.0
1,6.10823050245904,0.0,5.3737008768187176,4.920785546708684,4.943440130371475,0.0,0.0,0.0,0.0,0.0,0.0,0.0,0.0,0.0,0.0,0.0,0.0,0.0,0.0,0.0,0.0
2,7.03821503339565,5.3737008768187176,0.0,1.8147361856598072,0.5484501092433166,0.0,0.0,1.63760835627086,0.0,0.0,0.0,0.0,0.0,0.0,0.0,0.0,0.0,0.0,0.0,0.0,0.0
3,6.653631251427279,4.920785546708684,1.8147361856598072,0.0,1.506326059283354,0.0,0.0,2.2847727514601432,0.0,0.0,0.0,0.0,0.0,0.0,0.0,0.0,0.0,0.0,0.0,0.0,0.0
4,0.0,4.943440130371475,0.5484501092433166,1.506326059283354,0.0,0.0,0.6329484079410105,0.34997252874221774,0.0,0.0,0.0,0.0,0.0,0.0,0.0,0.0,0.0,0.0,0.0,0.0,0.0
5,0.0,0.0,0.0,0.0,0.0,0.0,2.182014645721248,2.640425624222483,2.114449599343331,0.36082840351167217,0.0,0.0,0.0,0.0,0.0,0.0,0.0,0.0,0.0,0.0,0.0
6,0.0,0.0,0.0,0.0,0.6329484079410105,2.182014645721248,0.0,1.1395821269471766,1.2569524768898686,1.1758893055780348,0.0,0.0,0.0,0.0,0.0,0.0,0.0,0.0,0.0,0.0,0.0
7,0.0,0.0,1.63760835627086,2.2847727514601432,0.34997252874221774,2.640425624222483,1.1395821269471766,0.0,0.0,0.0,0.0,0.0,0.0,0.0,0.0,0.0,0.0,0.0,0.0,0.0,0.0
8,0.0,0.0,0.0,0.0,0.0,2.114449599343331,1.2569524768898686,0.0,0.0,0.9635959698072767,-2.243062378163626,0.7228475494726914,0.0,0.0,0.0,0.0,0.0,0.0,0.0,0.0,0.0
9,0.0,0.0,0.0,0.0,0.0,0.36082840351167217,1.1758893055780348,0.0,0.9635959698072767,0.0,0.8944730749543597,0.0,0.0,0.0,0.0,0.0,0.0,0.0,0.0,0.0,0.0
10,0.0,0.0,0.0,0.0,0.0,0.0,0.0,0.0,-2.243062378163626,0.8944730749543597,0.0,0.6054054400713463,0.0,0.0,0.0,0.0,0.0,0.0,0.0,0.0,0.0
11,0.0,0.0,0.0,0.0,0.0,0.0,0.0,0.0,0.7228475494726914,0.0,0.6054054400713463,0.0,-0.46565564014864924,0.1687215306639578,0.0,-0.19221399354107935,0.0,0.0,0.0,0.0,0.0
12,0.0,0.0,0.0,0.0,0.0,0.0,0.0,0.0,0.0,0.0,0.0,-0.46565564014864924,0.0,-0.5818987525059502,-1.9550783828074583,0.0,-0.2746399800556313,-2.8468567653183086,0.6010575989958942,-0.14861810848744883,0.0
13,0.0,0.0,0.0,0.0,0.0,0.0,0.0,0.0,0.0,0.0,0.0,0.1687215306639578,-0.5818987525059502,0.0,0.0,-0.9533773116611716,-0.9507945664059215,0.0,0.0,0.0,0.0
14,0.0,0.0,0.0,0.0,0.0,0.0,0.0,0.0,0.0,0.0,0.0,0.0,-1.9550783828074583,0.0,0.0,0.0,0.1683808634713676,-3.522887059333469,0.0,0.0,-0.5846095013939767
15,0.0,0.0,0.0,0.0,0.0,0.0,0.0,0.0,0.0,0.0,0.0,-0.19221399354107935,0.0,-0.9533773116611716,0.0,0.0,-2.6854160261744338,0.0,-1.3991099522795378,0.0,0.0
16,0.0,0.0,0.0,0.0,0.0,0.0,0.0,0.0,0.0,0.0,0.0,0.0,-0.2746399800556313,-0.9507945664059215,0.1683808634713676,-2.6854160261744338,0.0,0.0,-1.1576646268023623,-2.0272038598318627,0.0
17,0.0,0.0,0.0,0.0,0.0,0.0,0.0,0.0,0.0,0.0,0.0,0.0,-2.8468567653183086,0.0,-3.522887059333469,0.0,0.0,0.0,0.0,-0.27796348791269704,-0.49915196861767785
18,0.0,0.0,0.0,0.0,0.0,0.0,0.0,0.0,0.0,0.0,0.0,0.0,0.6010575989958942,0.0,0.0,-1.3991099522795378,-1.1576646268023623,0.0,0.0,-1.5546054356603185,0.0
19,0.0,0.0,0.0,0.0,0.0,0.0,0.0,0.0,0.0,0.0,0.0,0.0,-0.14861810848744883,0.0,0.0,0.0,-2.0272038598318627,-0.27796348791269704,-1.5546054356603185,0.0,0.5275670395436495
20,0.0,0.0,0.0,0.0,0.0,0.0,0.0,0.0,0.0,0.0,0.0,0.0,0.0,0.0,-0.5846095013939767,0.0,0.0,-0.49915196861767785,0.0,0.5275670395436495,0.0
