,0,1,2,3,4,5,6,7,8,9,10,11,12,13,14
0,0.0,6.9932203606689995,6.115837056004054,-2.1266554006775613,0.0,0.0,0.0,0.0,0.0,0.0,0.0,0.0,0.0,0.0,0.0
1,6.9932203606689995,0.0,3.1909309253835474,5.602798985553474,0.0,0.0,0.0,0.0,0.0,0.0,0.0,0.0,0.0,0.0,0.0
2,6.115837056004054,3.1909309253835474,0.0,4.730508857988743,1.7079650398694985,-0.8362773187745821,0.0,0.0,0.0,0.0,0.0,0.0,0.0,0.0,0.0
3,-2.1266554006775613,5.602798985553474,4.730508857988743,0.0,4.099783375618742,3.7921102687922663,3.9962905736424856,0.0,0.0,0.0,0.0,0.0,0.0,0.0,0.0
4,0.0,0.0,1.7079650398694985,4.099783375618742,0.0,0.6459973400587502,0.8876894731286334,0.7583606676719792,0.0,0.0,0.0,0.0,0.0,0.0,0.0
5,0.0,0.0,-0.8362773187745821,3.7921102687922663,0.6459973400587502,0.0,0.1402758514091996,-0.1832904756040952,0.4841370025716344,0.0,0.0,0.0,0.0,0.0,0.0
6,0.0,0.0,0.0,3.9962905736424856,0.8876894731286334,0.1402758514091996,0.0,-2.2247456571133157,-2.3943375070985495,0.0,0.0,0.0,0.0,0.0,0.0
7,0.0,0.0,0.0,0.0,0.7583606676719792,-0.1832904756040952,-2.2247456571133157,0.0,-1.6346629852802148,0.0,0.0,0.0,0.0,0.0,0.0
8,0.0,0.0,0.0,0.0,0.0,0.4841370025716344,-2.3943375070985495,-1.6346629852802148,0.0,0.0,0.0,0.0,0.0,0.0,0.0
9,0.0,0.0,0.0,0.0,0.0,0.0,0.0,0.0,0.0,0.0,0.6728067352421356,-2.1006975303611566,-1.0301960866908657,0.0,0.0
10,0.0,0.0,0.0,0.0,0.0,0.0,0.0,0.0,0.0,0.6728067352421356,0.0,-0.48857600328128775,0.41787407412370103,0.0,0.0
11,0.0,0.0,0.0,0.0,0.0,0.0,0.0,0.0,0.0,-2.1006975303611566,-0.48857600328128775,0.0,-1.7901795489863965,-1.9568658962327252,-0.4268053829194134
12,0.0,0.0,0.0,0.0,0.0,0.0,0.0,0.0,0.0,-1.0301960866908657,0.41787407412370103,-1.7901795489863965,0.0,-2.761930577500216,-0.8203344251862819
13,0.0,0.0,0.0,0.0,0.0,0.0,0.0,0.0,0.0,0.0,0.0,-1.9568658962327252,-2.761930577500216,0.0,-0.7244040003383981
14,0.0,0.0,0.0,0.0,0.0,0.0,0.0,0.0,0.0,0.0,0.0,-0.4268053829194134,-0.8203344251862819,-0.7244040003383981,0.0
