,0,1,2,3,4,5,6,7,8,9,10,11,12,13,14,15,16,17,18,19,20
0,0.0,2.397317410666122,3.825680874110671,2.4619266950236254,0.0,0.0,0.0,0.0,0.0,0.0,0.0,0.0,0.0,0.0,0.0,0.0,0.0,0.0,0.0,0.0,0.0
1,2.397317410666122,0.0,1.3200134166345026,-0.6954643656652286,-0.5762461484385019,0.0,0.0,0.0,0.0,0.0,0.0,0.0,0.0,0.0,0.0,0.0,0.0,0.0,0.0,0.0,0.0
2,3.825680874110671,1.3200134166345026,0.0,-0.8005523489494876,-0.1898345466327574,3.2524097927277578,0.0,0.0,0.0,0.0,0.0,0.0,0.0,0.0,0.0,0.0,0.0,0.0,0.0,0.0,0.0
3,2.4619266950236254,-0.6954643656652286,-0.8005523489494876,0.0,-2.9133980435041975,3.20360404900644,0.0,0.0,0.0,0.0,0.0,0.0,0.0,0.0,0.0,0.0,0.0,0.0,0.0,0.0,0.0
4,0.0,-0.5762461484385019,-0.1898345466327574,-2.9133980435041975,0.0,3.25487796042714,0.0,0.0,0.0,0.0,0.0,0.0,0.0,0.0,0.0,0.0,0.0,0.0,0.0,0.0,0.0
5,0.0,0.0,3.2524097927277578,3.20360404900644,3.25487796042714,0.0,-2.6442659071408814,0.10320854682133437,0.0,0.0,0.0,1.705439932328132,0.0,0.0,0.0,0.0,0.0,0.0,0.0,0.0,0.0
6,0.0,0.0,0.0,0.0,0.0,-2.6442659071408814,0.0,-0.3819435232115754,0.0,0.0,0.0,1.7524599208282259,0.0,0.0,0.0,0.0,0.0,0.0,0.0,0.0,0.0
7,0.0,0.0,0.0,0.0,0.0,0.10320854682133437,-0.3819435232115754,0.0,0.0,0.0,0.0,1.8279460924542457,0.0,0.0,0.0,0.0,0.0,0.0,0.0,0.0,0.0
8,0.0,0.0,0.0,0.0,0.0,0.0,0.0,0.0,0.0,-0.852824994273474,-0.4666742275371086,0.0,0.0,0.0,1.3425938736990919,0.0,0.0,0.0,0.0,0.0,0.0
9,0.0,0.0,0.0,0.0,0.0,0.0,0.0,0.0,-0.852824994273474,0.0,0.4431384400695284,0.0,0.0,0.0,1.4116250856349046,0.0,0.0,0.0,0.0,0.0,0.0
10,0.0,0.0,0.0,0.0,0.0,0.0,0.0,0.0,-0.4666742275371086,0.4431384400695284,0.0,0.0,1.8293467022508,1.8353064949734026,0.808833209159228,0.0,0.0,0.0,0.0,0.0,0.0
11,0.0,0.0,0.0,0.0,0.0,1.705439932328132,1.7524599208282259,1.8279460924542457,0.0,0.0,0.0,0.0,-3.5225260733299057,0.0,0.0,0.0,0.0,0.0,0.0,0.0,0.0
12,0.0,0.0,0.0,0.0,0.0,0.0,0.0,0.0,0.0,0.0,1.8293467022508,-3.5225260733299057,0.0,0.7007956902557351,-0.23991575319261574,0.0,0.0,0.0,0.0,0.0,0.0
13,0.0,0.0,0.0,0.0,0.0,0.0,0.0,0.0,0.0,0.0,1.8353064949734026,0.0,0.7007956902557351,0.0,0.773453427724766,0.0,0.0,0.0,0.0,0.0,0.0
14,0.0,0.0,0.0,0.0,0.0,0.0,0.0,0.0,1.3425938736990919,1.4116250856349046,0.808833209159228,0.0,-0.23991575319261574,0.773453427724766,0.0,0.7982716484651384,0.0,0.15284278448753222,0.0,0.0,0.0
15,0.0,0.0,0.0,0.0,0.0,0.0,0.0,0.0,0.0,0.0,0.0,0.0,0.0,0.0,0.7982716484651384,0.0,1.31948125538044,0.6647629408080055,0.0,0.0,0.0
16,0.0,0.0,0.0,0.0,0.0,0.0,0.0,0.0,0.0,0.0,0.0,0.0,0.0,0.0,0.0,1.31948125538044,0.0,-0.055712029547091,0.0,0.6421431202006963,0.27797084091301183
17,0.0,0.0,0.0,0.0,0.0,0.0,0.0,0.0,0.0,0.0,0.0,0.0,0.0,0.0,0.15284278448753222,0.6647629408080055,-0.055712029547091,0.0,0.5046401930447366,-0.27429622307093826,-0.7069318179797025
18,0.0,0.0,0.0,0.0,0.0,0.0,0.0,0.0,0.0,0.0,0.0,0.0,0.0,0.0,0.0,0.0,0.0,0.5046401930447366,0.0,-1.8405546095209755,-1.5360499828414012
19,0.0,0.0,0.0,0.0,0.0,0.0,0.0,0.0,0.0,0.0,0.0,0.0,0.0,0.0,0.0,0.0,0.6421431202006963,-0.27429622307093826,-1.8405546095209755,0.0,-4.668392469818392
20,0.0,0.0,0.0,0.0,0.0,0.0,0.0,0.0,0.0,0.0,0.0,0.0,0.0,0.0,0.0,0.0,0.27797084091301183,-0.7069318179797025,-1.5360499828414012,-4.668392469818392,0.0
