,0,1,2,3,4,5,6,7,8,9,10,11,12,13,14,15,16,17,18,19,20,21,22,23,24
0,0.0,6.893412875838601,7.361073117578462,5.600061488186372,0.0,0.0,0.0,0.0,0.0,0.0,0.0,0.0,0.0,0.0,0.0,0.0,0.0,0.0,0.0,0.0,0.0,0.0,0.0,0.0,0.0
1,6.893412875838601,0.0,4.774007463023715,2.0360034069843675,3.9673724224335203,0.0,0.0,0.0,0.0,0.0,0.0,0.0,0.0,0.0,0.0,0.0,0.0,0.0,0.0,0.0,0.0,0.0,0.0,0.0,0.0
2,7.361073117578462,4.774007463023715,0.0,3.3217449433085036,0.7268705235512428,1.075427029439838,0.0,0.0,0.0,0.0,0.0,0.0,0.0,0.0,0.0,0.0,0.0,0.0,0.0,0.0,0.0,0.0,0.0,0.0,0.0
3,5.600061488186372,2.0360034069843675,3.3217449433085036,0.0,2.5282546399856414,2.271488524355445,0.0,1.9838002083796906,0.0,0.0,0.0,0.0,0.0,0.0,0.0,0.0,0.0,0.0,0.0,0.0,0.0,0.0,0.0,0.0,0.0
4,0.0,3.9673724224335203,0.7268705235512428,2.5282546399856414,0.0,0.08799089191436867,0.8709226156522334,0.0,0.0,0.0,0.0,0.0,0.0,0.0,0.0,0.0,0.0,0.0,0.0,0.0,0.0,0.0,0.0,0.0,0.0
5,0.0,0.0,1.075427029439838,2.271488524355445,0.08799089191436867,0.0,0.6236559974659889,3.0442477710851374,0.0,0.0,0.0,0.0,0.0,0.0,0.0,0.0,0.0,0.0,0.0,0.0,0.0,0.0,0.0,0.0,0.0
6,0.0,0.0,0.0,0.0,0.8709226156522334,0.6236559974659889,0.0,2.559492201391272,2.2270093654426004,0.0,0.0,0.0,0.0,0.0,0.0,0.0,0.0,0.0,0.0,0.0,0.0,0.0,0.0,0.0,0.0
7,0.0,0.0,0.0,1.9838002083796906,0.0,3.0442477710851374,2.559492201391272,0.0,-3.307167855402277,0.0,0.0,0.0,0.0,0.0,0.0,0.0,0.0,0.0,0.0,0.0,0.0,0.0,0.0,0.0,0.0
8,0.0,0.0,0.0,0.0,0.0,0.0,2.2270093654426004,-3.307167855402277,0.0,2.008733815195573,1.616097476574283,0.0,0.0,0.0,0.0,0.0,0.0,0.0,0.0,0.0,0.0,0.0,0.0,0.0,0.0
9,0.0,0.0,0.0,0.0,0.0,0.0,0.0,0.0,2.008733815195573,0.0,-1.9155732188201382,-2.11972559789004,-1.8557795120685925,0.0,0.0,0.0,0.0,0.0,0.0,0.0,0.0,0.0,0.0,0.0,0.0
10,0.0,0.0,0.0,0.0,0.0,0.0,0.0,0.0,1.616097476574283,-1.9155732188201382,0.0,-0.8809848110210887,-2.4532713144337226,0.0,0.0,0.0,0.0,0.0,0.0,0.0,0.0,0.0,0.0,0.0,0.0
11,0.0,0.0,0.0,0.0,0.0,0.0,0.0,0.0,0.0,-2.11972559789004,-0.8809848110210887,0.0,-0.8758843072089986,0.0,0.0,0.0,0.0,0.0,0.0,0.0,0.0,0.0,0.0,0.0,0.0
12,0.0,0.0,0.0,0.0,0.0,0.0,0.0,0.0,0.0,-1.8557795120685925,-2.4532713144337226,-0.8758843072089986,0.0,0.7558473256182613,0.5716370430030125,0.0,0.0,0.0,0.0,0.0,0.0,0.0,0.0,0.0,0.0
13,0.0,0.0,0.0,0.0,0.0,0.0,0.0,0.0,0.0,0.0,0.0,0.0,0.7558473256182613,0.0,-3.132624852187806,0.0,0.0,-1.9199071093119198,0.0,0.0,0.0,0.0,0.0,0.0,0.0
14,0.0,0.0,0.0,0.0,0.0,0.0,0.0,0.0,0.0,0.0,0.0,0.0,0.5716370430030125,-3.132624852187806,0.0,0.0,0.47348247434255597,-1.824497114289319,0.0,0.0,0.0,0.0,0.0,0.0,0.0
15,0.0,0.0,0.0,0.0,0.0,0.0,0.0,0.0,0.0,0.0,0.0,0.0,0.0,0.0,0.0,0.0,-0.4979892744706091,0.0,-4.209148991157351,0.0,0.1511596959726619,-3.7750970571970406,0.0,0.0,0.0
16,0.0,0.0,0.0,0.0,0.0,0.0,0.0,0.0,0.0,0.0,0.0,0.0,0.0,0.0,0.47348247434255597,-0.4979892744706091,0.0,0.695109731750871,-0.675463743609395,0.0,0.0,0.0,0.0,0.0,0.0
17,0.0,0.0,0.0,0.0,0.0,0.0,0.0,0.0,0.0,0.0,0.0,0.0,0.0,-1.9199071093119198,-1.824497114289319,0.0,0.695109731750871,0.0,0.0,-3.227147631277708,0.0,0.0,0.0,0.0,0.0
18,0.0,0.0,0.0,0.0,0.0,0.0,0.0,0.0,0.0,0.0,0.0,0.0,0.0,0.0,0.0,-4.209148991157351,-0.675463743609395,0.0,0.0,0.04603754677875041,-0.23338441081325628,-4.4762427575851085,-1.2142219371296397,0.0,0.0
19,0.0,0.0,0.0,0.0,0.0,0.0,0.0,0.0,0.0,0.0,0.0,0.0,0.0,0.0,0.0,0.0,0.0,-3.227147631277708,0.04603754677875041,0.0,-2.438328300001996,0.0,0.0,-1.9432957019555355,0.0
20,0.0,0.0,0.0,0.0,0.0,0.0,0.0,0.0,0.0,0.0,0.0,0.0,0.0,0.0,0.0,0.1511596959726619,0.0,0.0,-0.23338441081325628,-2.438328300001996,0.0,0.0,0.0,-4.039170032750851,0.0
21,0.0,0.0,0.0,0.0,0.0,0.0,0.0,0.0,0.0,0.0,0.0,0.0,0.0,0.0,0.0,-3.7750970571970406,0.0,0.0,-4.4762427575851085,0.0,0.0,0.0,-1.4280970729188447,-1.0229087506941632,-4.7731619518460615
22,0.0,0.0,0.0,0.0,0.0,0.0,0.0,0.0,0.0,0.0,0.0,0.0,0.0,0.0,0.0,0.0,0.0,0.0,-1.2142219371296397,0.0,0.0,-1.4280970729188447,0.0,0.0,-1.7036302220229411
23,0.0,0.0,0.0,0.0,0.0,0.0,0.0,0.0,0.0,0.0,0.0,0.0,0.0,0.0,0.0,0.0,0.0,0.0,0.0,-1.9432957019555355,-4.039170032750851,-1.0229087506941632,0.0,0.0,-1.4865478846446472
24,0.0,0.0,0.0,0.0,0.0,0.0,0.0,0.0,0.0,0.0,0.0,0.0,0.0,0.0,0.0,0.0,0.0,0.0,0.0,0.0,0.0,-4.7731619518460615,-1.7036302220229411,-1.4865478846446472,0.0
