,0,1,2,3,4,5,6,7,8,9,10,11,12,13,14,15,16,17
0,0.0,5.982854382088038,6.884999678537969,6.600351695516608,0.0,0.0,0.0,0.0,0.0,0.0,0.0,0.0,0.0,0.0,0.0,0.0,0.0,0.0
1,5.982854382088038,0.0,5.336489634982656,5.126746580401015,0.0,-1.6815345636243761,0.0,0.0,0.0,0.0,0.0,0.0,0.0,0.0,0.0,0.0,0.0,0.0
2,6.884999678537969,5.336489634982656,0.0,0.9694955863391574,-0.380058376106106,4.226674968018913,0.0,0.0,0.0,0.0,0.0,0.0,0.0,0.0,0.0,0.0,0.0,0.0
3,6.600351695516608,5.126746580401015,0.9694955863391574,0.0,0.6127761654222779,4.023590314607634,0.0,0.0,0.0,0.0,0.0,0.0,0.0,0.0,0.0,0.0,0.0,0.0
4,0.0,0.0,-0.380058376106106,0.6127761654222779,0.0,3.7892309982704293,2.9098531551011106,3.541056628809388,0.0,0.0,0.0,0.0,0.0,0.0,0.0,0.0,0.0,0.0
5,0.0,-1.6815345636243761,4.226674968018913,4.023590314607634,3.7892309982704293,0.0,1.04052050655805,0.0,0.0,0.0,0.0,0.0,0.0,0.0,0.0,0.0,0.0,0.0
6,0.0,0.0,0.0,0.0,2.9098531551011106,1.04052050655805,0.0,1.0318614930777477,0.0,0.0,0.0,0.0,0.0,0.0,0.0,0.0,0.0,0.0
7,0.0,0.0,0.0,0.0,3.541056628809388,0.0,1.0318614930777477,0.0,3.5274472250584012,0.0,0.0,0.0,0.0,0.0,0.0,0.0,0.0,0.0
8,0.0,0.0,0.0,0.0,0.0,0.0,0.0,3.5274472250584012,0.0,3.1538101650029264,1.7141756152966314,0.0,0.0,0.0,0.0,0.0,0.0,0.0
9,0.0,0.0,0.0,0.0,0.0,0.0,0.0,0.0,3.1538101650029264,0.0,0.833927891030642,0.0,1.7780260542154431,0.0,0.0,0.0,0.0,0.0
10,0.0,0.0,0.0,0.0,0.0,0.0,0.0,0.0,1.7141756152966314,0.833927891030642,0.0,-0.273665589123201,2.1534282399220097,0.0,-0.8554390205783976,0.0,0.0,0.0
11,0.0,0.0,0.0,0.0,0.0,0.0,0.0,0.0,0.0,0.0,-0.273665589123201,0.0,1.026897512962092,0.3988978771320304,-3.637000551471671,0.0,0.0,0.0
12,0.0,0.0,0.0,0.0,0.0,0.0,0.0,0.0,0.0,1.7780260542154431,2.1534282399220097,1.026897512962092,0.0,-0.6755843231864195,1.1217420727622935,0.0,0.0,0.0
13,0.0,0.0,0.0,0.0,0.0,0.0,0.0,0.0,0.0,0.0,0.0,0.3988978771320304,-0.6755843231864195,0.0,0.5404539966791377,1.4099351802741011,-0.03316286786470812,-0.13562555036761131
14,0.0,0.0,0.0,0.0,0.0,0.0,0.0,0.0,0.0,0.0,-0.8554390205783976,-3.637000551471671,1.1217420727622935,0.5404539966791377,0.0,-0.2695506574899555,-2.332640592159088,0.0
15,0.0,0.0,0.0,0.0,0.0,0.0,0.0,0.0,0.0,0.0,0.0,0.0,0.0,1.4099351802741011,-0.2695506574899555,0.0,-0.40532430459715607,-0.45773392664109125
16,0.0,0.0,0.0,0.0,0.0,0.0,0.0,0.0,0.0,0.0,0.0,0.0,0.0,-0.03316286786470812,-2.332640592159088,-0.40532430459715607,0.0,-2.513406892816236
17,0.0,0.0,0.0,0.0,0.0,0.0,0.0,0.0,0.0,0.0,0.0,0.0,0.0,-0.13562555036761131,0.0,-0.45773392664109125,-2.513406892816236,0.0
