,0,1,2,3,4,5,6,7,8,9,10,11,12,13,14,15,16,17
0,0.0,7.660757607543082,-0.19261839788541066,-0.41513161175787006,0.0,0.0,0.0,0.0,0.0,0.0,0.0,0.0,0.0,0.0,0.0,0.0,0.0,0.0
1,7.660757607543082,0.0,6.471816766835055,5.672151232324354,5.208520212965925,0.0,0.0,0.0,0.0,0.0,0.0,0.0,0.0,0.0,0.0,0.0,0.0,0.0
2,-0.19261839788541066,6.471816766835055,0.0,-1.7748869454724339,-0.6001582193216592,0.0,0.0,0.0,0.0,0.0,0.0,0.0,0.0,0.0,0.0,0.0,0.0,0.0
3,-0.41513161175787006,5.672151232324354,-1.7748869454724339,0.0,-1.6849914697984354,1.302391463326503,3.9953434916059796,0.0,0.0,0.0,0.0,0.0,0.0,0.0,0.0,0.0,0.0,0.0
4,0.0,5.208520212965925,-0.6001582193216592,-1.6849914697984354,0.0,0.9356671679021838,3.5695389547841203,-0.48947306778169636,0.0,0.0,0.0,0.0,0.0,0.0,0.0,0.0,0.0,0.0
5,0.0,0.0,0.0,1.302391463326503,0.9356671679021838,0.0,3.310390428805392,0.7209499347769212,0.6195178311061788,0.0,0.0,0.0,0.0,0.0,0.0,0.0,0.0,0.0
6,0.0,0.0,0.0,3.9953434916059796,3.5695389547841203,3.310390428805392,0.0,3.269534202937544,2.5845067861077156,0.0,0.0,0.0,0.0,0.0,0.0,0.0,0.0,0.0
7,0.0,0.0,0.0,0.0,-0.48947306778169636,0.7209499347769212,3.269534202937544,0.0,-0.8689319214073492,0.0,0.0,0.0,0.0,0.0,0.0,0.0,0.0,0.0
8,0.0,0.0,0.0,0.0,0.0,0.6195178311061788,2.5845067861077156,-0.8689319214073492,0.0,1.9558019527063641,1.9054612863625553,0.0,0.0,0.0,0.0,0.0,0.0,0.0
9,0.0,0.0,0.0,0.0,0.0,0.0,0.0,0.0,1.9558019527063641,0.0,-1.8327875551577875,-1.2340492218019392,0.0,0.0,0.0,0.0,0.0,0.0
10,0.0,0.0,0.0,0.0,0.0,0.0,0.0,0.0,1.9054612863625553,-1.8327875551577875,0.0,-0.8967540895108439,0.0,0.8635067160611287,0.0,0.0,0.0,0.0
11,0.0,0.0,0.0,0.0,0.0,0.0,0.0,0.0,0.0,-1.2340492218019392,-0.8967540895108439,0.0,0.519033386571366,0.508072053346065,-0.38495425041340303,0.0,0.0,0.0
12,0.0,0.0,0.0,0.0,0.0,0.0,0.0,0.0,0.0,0.0,0.0,0.519033386571366,0.0,-2.504412727057752,-0.27693981998642,0.0,0.0,0.0
13,0.0,0.0,0.0,0.0,0.0,0.0,0.0,0.0,0.0,0.0,0.8635067160611287,0.508072053346065,-2.504412727057752,0.0,0.0038505112864413785,0.0,0.0,0.0
14,0.0,0.0,0.0,0.0,0.0,0.0,0.0,0.0,0.0,0.0,0.0,-0.38495425041340303,-0.27693981998642,0.0038505112864413785,0.0,-2.0971765321590428,-2.682329063250143,-2.6230731916270207
15,0.0,0.0,0.0,0.0,0.0,0.0,0.0,0.0,0.0,0.0,0.0,0.0,0.0,0.0,-2.0971765321590428,0.0,-3.3296664787335675,-3.131500030943943
16,0.0,0.0,0.0,0.0,0.0,0.0,0.0,0.0,0.0,0.0,0.0,0.0,0.0,0.0,-2.682329063250143,-3.3296664787335675,0.0,-4.501291644875257
17,0.0,0.0,0.0,0.0,0.0,0.0,0.0,0.0,0.0,0.0,0.0,0.0,0.0,0.0,-2.6230731916270207,-3.131500030943943,-4.501291644875257,0.0
