,0,1,2,3,4,5,6,7,8,9,10,11,12
0,0.0,5.163034503146007,3.7588773691256065,2.8261872998768762,0.0,0.0,0.0,0.0,0.0,0.0,0.0,0.0,0.0
1,5.163034503146007,0.0,1.940436852465998,-0.40012654273621584,0.0,0.0,0.0,0.0,0.0,0.0,0.0,0.0,0.0
2,3.7588773691256065,1.940436852465998,0.0,-0.08425891673968518,5.907772274833966,-0.4951305044227677,0.0,0.0,0.0,0.0,0.0,0.0,0.0
3,2.8261872998768762,-0.40012654273621584,-0.08425891673968518,0.0,5.716462965866339,0.13357666381971636,0.0,0.0,0.0,0.0,0.0,0.0,0.0
4,0.0,0.0,5.907772274833966,5.716462965866339,0.0,4.16160211311066,4.267827552331027,0.0,0.0,0.0,0.0,0.0,0.0
5,0.0,0.0,-0.4951305044227677,0.13357666381971636,4.16160211311066,0.0,0.40943623913518734,1.853276112962803,0.0,0.0,0.0,1.9250049494657244,0.0
6,0.0,0.0,0.0,0.0,4.267827552331027,0.40943623913518734,0.0,2.044358948749572,0.0,0.0,0.0,2.233417474792184,0.0
7,0.0,0.0,0.0,0.0,0.0,1.853276112962803,2.044358948749572,0.0,0.0,-0.30361237603625524,0.0,-0.13825148678336238,0.5113745704298973
8,0.0,0.0,0.0,0.0,0.0,0.0,0.0,0.0,0.0,0.4813323623282459,0.35957707341897027,0.0,1.2007497566144547
9,0.0,0.0,0.0,0.0,0.0,0.0,0.0,-0.30361237603625524,0.4813323623282459,0.0,1.0921999891363372,0.6970433620843937,0.9953444764739388
10,0.0,0.0,0.0,0.0,0.0,0.0,0.0,0.0,0.35957707341897027,1.0921999891363372,0.0,0.0,0.2556443991518823
11,0.0,0.0,0.0,0.0,0.0,1.9250049494657244,2.233417474792184,-0.13825148678336238,0.0,0.6970433620843937,0.0,0.0,-1.1354903560241165
12,0.0,0.0,0.0,0.0,0.0,0.0,0.0,0.5113745704298973,1.2007497566144547,0.9953444764739388,0.2556443991518823,-1.1354903560241165,0.0
