,0,1,2,3,4,5,6,7,8,9,10,11,12,13
0,0.0,7.666807645694368,5.740964481300516,5.109009211812875,0.0,0.0,0.0,0.0,0.0,0.0,0.0,0.0,0.0,0.0
1,7.666807645694368,0.0,4.726075399669015,3.41889956879117,3.9997581336937897,0.0,0.0,0.0,0.0,0.0,0.0,0.0,0.0,0.0
2,5.740964481300516,4.726075399669015,0.0,2.3255584283696837,0.1412064359549835,0.0,0.0,0.0,0.0,0.0,0.0,0.0,0.0,0.0
3,5.109009211812875,3.41889956879117,2.3255584283696837,0.0,1.1639319253841314,2.719149443046306,1.0071267918269011,0.0,0.0,0.0,0.0,0.0,0.0,0.0
4,0.0,3.9997581336937897,0.1412064359549835,1.1639319253841314,0.0,3.261809595527212,-0.36603989526596326,0.0,0.0,0.0,0.0,0.0,0.0,0.0
5,0.0,0.0,0.0,2.719149443046306,3.261809595527212,0.0,3.1376180649470156,0.0,0.0,0.0,0.0,0.0,0.0,0.0
6,0.0,0.0,0.0,1.0071267918269011,-0.36603989526596326,3.1376180649470156,0.0,0.0,0.0,0.0,0.0,0.0,0.0,0.0
7,0.0,0.0,0.0,0.0,0.0,0.0,0.0,0.0,0.711279461546021,0.285781531863737,0.4554288938941764,0.0,0.0,0.0
8,0.0,0.0,0.0,0.0,0.0,0.0,0.0,0.711279461546021,0.0,1.5819917652985664,-1.6192561646844648,0.0,0.0,0.0
9,0.0,0.0,0.0,0.0,0.0,0.0,0.0,0.285781531863737,1.5819917652985664,0.0,1.1874200047000834,0.0,0.0,0.0
10,0.0,0.0,0.0,0.0,0.0,0.0,0.0,0.4554288938941764,-1.6192561646844648,1.1874200047000834,0.0,0.7165610725033517,-1.9057088631787036,-1.970715408765999
11,0.0,0.0,0.0,0.0,0.0,0.0,0.0,0.0,0.0,0.0,0.7165610725033517,0.0,0.5814370062087534,0.1760681134674514
12,0.0,0.0,0.0,0.0,0.0,0.0,0.0,0.0,0.0,0.0,-1.9057088631787036,0.5814370062087534,0.0,-5.4597279170787205
13,0.0,0.0,0.0,0.0,0.0,0.0,0.0,0.0,0.0,0.0,-1.970715408765999,0.1760681134674514,-5.4597279170787205,0.0
