,0,1,2,3,4,5,6,7,8,9,10,11,12,13,14
0,0.0,5.554819929832317,7.014134822469327,6.177587074400953,0.0,0.0,0.0,0.0,0.0,0.0,0.0,0.0,0.0,0.0,0.0
1,5.554819929832317,0.0,5.827559499564729,5.021131021052318,4.331412832220603,0.0,0.0,0.0,0.0,0.0,0.0,0.0,0.0,0.0,0.0
2,7.014134822469327,5.827559499564729,0.0,-1.7439960290990515,0.45597457765002464,0.9568861065846909,0.0,0.0,0.0,0.0,0.0,0.0,0.0,0.0,0.0
3,6.177587074400953,5.021131021052318,-1.7439960290990515,0.0,-0.7585433998181591,0.28775189189713596,-1.0929699779488793,0.0,0.0,0.0,0.0,0.0,0.0,0.0,0.0
4,0.0,4.331412832220603,0.45597457765002464,-0.7585433998181591,0.0,-0.2111872645973715,-0.6829190327670964,1.9290960293746584,0.0,0.0,0.0,0.0,0.0,0.0,0.0
5,0.0,0.0,0.9568861065846909,0.28775189189713596,-0.2111872645973715,0.0,0.12290837834704696,1.0212236958099077,-2.08343879170749,0.0,0.0,0.0,0.0,0.0,0.0
6,0.0,0.0,0.0,-1.0929699779488793,-0.6829190327670964,0.12290837834704696,0.0,1.902992027898809,-0.47561141071192603,0.0,0.0,0.0,0.0,0.0,0.0
7,0.0,0.0,0.0,0.0,1.9290960293746584,1.0212236958099077,1.902992027898809,0.0,1.0317587724551498,0.0,0.0,0.0,0.0,0.0,0.0
8,0.0,0.0,0.0,0.0,0.0,-2.08343879170749,-0.47561141071192603,1.0317587724551498,0.0,-1.5692022355747597,0.0,0.0,0.2633324767331252,0.0,0.0
9,0.0,0.0,0.0,0.0,0.0,0.0,0.0,0.0,-1.5692022355747597,0.0,-0.11403338083200168,-0.3008959263470619,0.2831744779002929,0.0,0.0
10,0.0,0.0,0.0,0.0,0.0,0.0,0.0,0.0,0.0,-0.11403338083200168,0.0,-4.058757398759234,0.84540189385735,-0.3590883677003457,-0.449361275561386
11,0.0,0.0,0.0,0.0,0.0,0.0,0.0,0.0,0.0,-0.3008959263470619,-4.058757398759234,0.0,0.853792770526936,-0.47628488581535955,-0.5967707597270855
12,0.0,0.0,0.0,0.0,0.0,0.0,0.0,0.0,0.2633324767331252,0.2831744779002929,0.84540189385735,0.853792770526936,0.0,0.0,0.0
13,0.0,0.0,0.0,0.0,0.0,0.0,0.0,0.0,0.0,0.0,-0.3590883677003457,-0.47628488581535955,0.0,0.0,-3.7153459900023353
14,0.0,0.0,0.0,0.0,0.0,0.0,0.0,0.0,0.0,0.0,-0.449361275561386,-0.5967707597270855,0.0,-3.7153459900023353,0.0
