,0,1,2,3,4,5,6,7,8,9,10,11,12,13,14,15,16,17,18,19,20,21,22,23
0,0.0,6.651697147459619,6.194135231519677,0.0,6.45558325826061,0.0,0.0,0.0,0.0,0.0,0.0,0.0,0.0,0.0,0.0,0.0,0.0,0.0,0.0,0.0,0.0,0.0,0.0,0.0
1,6.651697147459619,0.0,4.7533301325947,4.381076149152804,0.10929296231835485,0.0,0.0,0.0,0.0,0.0,0.0,0.0,0.0,0.0,0.0,0.0,0.0,0.0,0.0,0.0,0.0,0.0,0.0,0.0
2,6.194135231519677,4.7533301325947,0.0,-1.8854496512450687,4.377271640987777,0.0,0.0,0.0,0.0,0.0,0.0,0.0,0.0,0.0,0.0,0.0,0.0,0.0,0.0,0.0,0.0,0.0,0.0,0.0
3,0.0,4.381076149152804,-1.8854496512450687,0.0,4.01358534331151,-0.9349437391262183,3.9209488105602497,0.0,0.0,0.0,0.0,0.0,0.0,0.0,0.0,0.0,0.0,0.0,0.0,0.0,0.0,0.0,0.0,0.0
4,6.45558325826061,0.10929296231835485,4.377271640987777,4.01358534331151,0.0,3.6533249639767957,0.9345353531681063,0.0,0.0,0.0,0.0,0.0,0.0,0.0,0.0,0.0,0.0,0.0,0.0,0.0,0.0,0.0,0.0,0.0
5,0.0,0.0,0.0,-0.9349437391262183,3.6533249639767957,0.0,3.602796600252532,2.5218385463947803,0.0,0.0,0.0,0.0,0.0,0.0,0.0,0.0,0.0,0.0,0.0,0.0,0.0,0.0,0.0,0.0
6,0.0,0.0,0.0,3.9209488105602497,0.9345353531681063,3.602796600252532,0.0,1.421548011025408,1.1190056938835544,0.0,0.0,0.0,0.0,0.0,0.0,0.0,0.0,0.0,0.0,0.0,0.0,0.0,0.0,0.0
7,0.0,0.0,0.0,0.0,0.0,2.5218385463947803,1.421548011025408,0.0,-2.976461544405691,0.0,-2.402675889121529,0.0,0.0,0.0,0.0,0.0,0.0,0.0,0.0,0.0,0.0,0.0,0.0,0.0
8,0.0,0.0,0.0,0.0,0.0,0.0,1.1190056938835544,-2.976461544405691,0.0,2.0362889824223105,-3.7996857570612033,0.0,0.0,0.0,0.0,0.0,0.0,0.0,0.0,0.0,0.0,0.0,0.0,0.0
9,0.0,0.0,0.0,0.0,0.0,0.0,0.0,0.0,2.0362889824223105,0.0,1.9986045755386506,-0.08645465527357214,-0.3139896329512341,1.4110251174103627,0.0,0.0,0.0,0.0,0.0,0.0,0.0,0.0,0.0,0.0
10,0.0,0.0,0.0,0.0,0.0,0.0,0.0,-2.402675889121529,-3.7996857570612033,1.9986045755386506,0.0,1.7837734721983312,0.0,0.0,0.0,0.0,0.0,0.0,0.0,0.0,0.0,0.0,0.0,0.0
11,0.0,0.0,0.0,0.0,0.0,0.0,0.0,0.0,0.0,-0.08645465527357214,1.7837734721983312,0.0,-0.7747132366550575,1.161705430130333,0.0,0.0,0.0,0.0,0.0,0.0,0.0,0.0,0.0,0.0
12,0.0,0.0,0.0,0.0,0.0,0.0,0.0,0.0,0.0,-0.3139896329512341,0.0,-0.7747132366550575,0.0,0.24400416078440304,0.1541940562972943,0.0,0.0,0.0,0.0,0.0,0.0,0.0,0.0,0.0
13,0.0,0.0,0.0,0.0,0.0,0.0,0.0,0.0,0.0,1.4110251174103627,0.0,1.161705430130333,0.24400416078440304,0.0,1.1691029758355562,0.0,0.0,0.0,0.0,0.0,0.0,0.0,0.0,0.0
14,0.0,0.0,0.0,0.0,0.0,0.0,0.0,0.0,0.0,0.0,0.0,0.0,0.1541940562972943,1.1691029758355562,0.0,-2.1356606307234207,-1.0254388735695124,0.0,1.1120474779893355,0.0,0.0,0.0,0.0,0.0
15,0.0,0.0,0.0,0.0,0.0,0.0,0.0,0.0,0.0,0.0,0.0,0.0,0.0,0.0,-2.1356606307234207,0.0,-0.9610510890508933,0.0,0.8761415797377862,0.0,0.0,0.0,0.0,0.0
16,0.0,0.0,0.0,0.0,0.0,0.0,0.0,0.0,0.0,0.0,0.0,0.0,0.0,0.0,-1.0254388735695124,-0.9610510890508933,0.0,0.27757857400096764,0.0,0.0,0.6890268311220938,0.0,0.0,0.0
17,0.0,0.0,0.0,0.0,0.0,0.0,0.0,0.0,0.0,0.0,0.0,0.0,0.0,0.0,0.0,0.0,0.27757857400096764,0.0,-1.5487194608933585,-0.8039136357253157,-0.13098326462879617,0.0,0.0,0.0
18,0.0,0.0,0.0,0.0,0.0,0.0,0.0,0.0,0.0,0.0,0.0,0.0,0.0,0.0,1.1120474779893355,0.8761415797377862,0.0,-1.5487194608933585,0.0,-0.7902434438869248,-0.05241599300027269,0.0,0.0,0.0
19,0.0,0.0,0.0,0.0,0.0,0.0,0.0,0.0,0.0,0.0,0.0,0.0,0.0,0.0,0.0,0.0,0.0,-0.8039136357253157,-0.7902434438869248,0.0,0.5271715413685009,-1.2370013589983344,0.0,0.0
20,0.0,0.0,0.0,0.0,0.0,0.0,0.0,0.0,0.0,0.0,0.0,0.0,0.0,0.0,0.0,0.0,0.6890268311220938,-0.13098326462879617,-0.05241599300027269,0.5271715413685009,0.0,-0.005870815082109555,-0.9470941406131417,0.608968586394619
21,0.0,0.0,0.0,0.0,0.0,0.0,0.0,0.0,0.0,0.0,0.0,0.0,0.0,0.0,0.0,0.0,0.0,0.0,0.0,-1.2370013589983344,-0.005870815082109555,0.0,-1.1049425333110798,0.8408222732618497
22,0.0,0.0,0.0,0.0,0.0,0.0,0.0,0.0,0.0,0.0,0.0,0.0,0.0,0.0,0.0,0.0,0.0,0.0,0.0,0.0,-0.9470941406131417,-1.1049425333110798,0.0,-0.10523076473694618
23,0.0,0.0,0.0,0.0,0.0,0.0,0.0,0.0,0.0,0.0,0.0,0.0,0.0,0.0,0.0,0.0,0.0,0.0,0.0,0.0,0.608968586394619,0.8408222732618497,-0.10523076473694618,0.0
