,0,1,2,3,4,5,6,7,8,9,10,11,12,13,14,15,16,17
0,0.0,6.6574883590738745,6.3754552622637775,6.397565743445059,0.0,0.0,0.0,0.0,0.0,0.0,0.0,0.0,0.0,0.0,0.0,0.0,0.0,0.0
1,6.6574883590738745,0.0,6.51208625296053,6.494636432446127,6.404122806000247,0.0,0.0,0.0,0.0,0.0,0.0,0.0,0.0,0.0,0.0,0.0,0.0,0.0
2,6.3754552622637775,6.51208625296053,0.0,-1.399998583549038,0.34609540863454125,-0.6664553354422983,0.0,0.0,0.0,0.0,0.0,0.0,0.0,0.0,0.0,0.0,0.0,0.0
3,6.397565743445059,6.494636432446127,-1.399998583549038,0.0,-0.5752380775694743,-1.0575132619249836,0.0,0.0,0.0,0.0,0.0,0.0,0.0,0.0,0.0,0.0,0.0,0.0
4,0.0,6.404122806000247,0.34609540863454125,-0.5752380775694743,0.0,-0.12326886962625654,-0.3863456110278671,0.0,0.0,0.0,0.0,0.0,0.0,0.0,0.0,0.0,0.0,0.0
5,0.0,0.0,-0.6664553354422983,-1.0575132619249836,-0.12326886962625654,0.0,-0.30315091013253287,2.6916407030949845,0.0,0.0,0.0,0.0,0.0,0.0,0.0,0.0,0.0,0.0
6,0.0,0.0,0.0,0.0,-0.3863456110278671,-0.30315091013253287,0.0,2.9946581026242933,0.0,0.0,0.0,0.0,0.0,0.0,0.0,0.0,0.0,0.0
7,0.0,0.0,0.0,0.0,0.0,2.6916407030949845,2.9946581026242933,0.0,1.9199655127325355,2.038319499725172,1.9282361900797118,0.0,0.0,0.0,0.0,0.0,0.0,0.0
8,0.0,0.0,0.0,0.0,0.0,0.0,0.0,1.9199655127325355,0.0,-0.013950049441783493,-1.9447304787245512,-2.0428523872195425,0.0,0.0,0.0,0.0,0.0,0.0
9,0.0,0.0,0.0,0.0,0.0,0.0,0.0,2.038319499725172,-0.013950049441783493,0.0,-0.9820453958534814,-0.0019766745991676394,0.0,0.0,0.0,0.0,0.0,0.0
10,0.0,0.0,0.0,0.0,0.0,0.0,0.0,1.9282361900797118,-1.9447304787245512,-0.9820453958534814,0.0,-1.6164662541613541,0.0,0.0,0.0,0.0,0.0,0.0
11,0.0,0.0,0.0,0.0,0.0,0.0,0.0,0.0,-2.0428523872195425,-0.0019766745991676394,-1.6164662541613541,0.0,0.0,0.0,0.0,0.0,0.0,0.0
12,0.0,0.0,0.0,0.0,0.0,0.0,0.0,0.0,0.0,0.0,0.0,0.0,0.0,-0.57411688102065,-1.2977095682226805,-1.6568633352320872,0.0,0.0
13,0.0,0.0,0.0,0.0,0.0,0.0,0.0,0.0,0.0,0.0,0.0,0.0,-0.57411688102065,0.0,-2.394468025645036,-3.2063182710581213,-1.4915453531111615,0.0
14,0.0,0.0,0.0,0.0,0.0,0.0,0.0,0.0,0.0,0.0,0.0,0.0,-1.2977095682226805,-2.394468025645036,0.0,-3.329097930947245,0.0,-1.535078876654923
15,0.0,0.0,0.0,0.0,0.0,0.0,0.0,0.0,0.0,0.0,0.0,0.0,-1.6568633352320872,-3.2063182710581213,-3.329097930947245,0.0,-2.2263583660184216,-1.9964583053673193
16,0.0,0.0,0.0,0.0,0.0,0.0,0.0,0.0,0.0,0.0,0.0,0.0,0.0,-1.4915453531111615,0.0,-2.2263583660184216,0.0,-3.809241966796775
17,0.0,0.0,0.0,0.0,0.0,0.0,0.0,0.0,0.0,0.0,0.0,0.0,0.0,0.0,-1.535078876654923,-1.9964583053673193,-3.809241966796775,0.0
