,0,1,2,3,4,5,6,7,8,9,10,11,12,13,14,15,16,17,18,19,20,21,22,23,24,25
0,0.0,6.556642717741472,5.409702856270088,5.575504837424057,0.0,0.0,0.0,0.0,0.0,0.0,0.0,0.0,0.0,0.0,0.0,0.0,0.0,0.0,0.0,0.0,0.0,0.0,0.0,0.0,0.0,0.0
1,6.556642717741472,0.0,-0.12580408378719798,2.341561568706811,0.0,0.0,0.0,0.0,0.0,0.0,0.0,0.0,0.0,0.0,0.0,0.0,0.0,0.0,0.0,0.0,0.0,0.0,0.0,0.0,0.0,0.0
2,5.409702856270088,-0.12580408378719798,0.0,1.237696369183737,2.668644685569779,-0.3577806624121397,0.0,0.0,0.0,0.0,0.0,0.0,0.0,0.0,0.0,0.0,0.0,0.0,0.0,0.0,0.0,0.0,0.0,0.0,0.0,0.0
3,5.575504837424057,2.341561568706811,1.237696369183737,0.0,2.913720242120975,0.7055555787608752,0.0,0.0,0.0,0.0,0.0,0.0,0.0,0.0,0.0,0.0,0.0,0.0,0.0,0.0,0.0,0.0,0.0,0.0,0.0,0.0
4,0.0,0.0,2.668644685569779,2.913720242120975,0.0,2.522452764850069,2.184326304414137,0.9680932855911132,0.0,0.0,0.0,0.0,0.0,0.0,0.0,0.0,0.0,0.0,0.0,0.0,0.0,0.0,0.0,0.0,0.0,0.0
5,0.0,0.0,-0.3577806624121397,0.7055555787608752,2.522452764850069,0.0,-0.4131961388822991,0.8114457953887255,0.0,0.0,0.0,0.0,0.0,0.0,0.0,0.0,0.0,0.0,0.0,0.0,0.0,0.0,0.0,0.0,0.0,0.0
6,0.0,0.0,0.0,0.0,2.184326304414137,-0.4131961388822991,0.0,0.39257259261717464,0.0,0.0,0.0,0.0,0.0,0.0,0.0,0.0,0.0,0.0,0.0,0.0,0.0,0.0,0.0,0.0,0.0,0.0
7,0.0,0.0,0.0,0.0,0.9680932855911132,0.8114457953887255,0.39257259261717464,0.0,0.6384329580193774,0.0,0.0,0.0,0.0,0.0,0.0,0.0,0.0,0.0,0.0,0.0,0.0,0.0,0.0,0.0,0.0,0.0
8,0.0,0.0,0.0,0.0,0.0,0.0,0.0,0.6384329580193774,0.0,0.8357865016992572,-1.4769863537928942,0.0,-0.09721804678406944,0.0,0.0,0.0,0.0,0.0,0.0,0.0,0.0,0.0,0.0,0.0,0.0,0.0
9,0.0,0.0,0.0,0.0,0.0,0.0,0.0,0.0,0.8357865016992572,0.0,0.7376751440620185,0.0,0.3452366065687132,0.0,0.0,0.0,0.0,0.0,0.0,0.0,0.0,0.0,0.0,0.0,0.0,0.0
10,0.0,0.0,0.0,0.0,0.0,0.0,0.0,0.0,-1.4769863537928942,0.7376751440620185,0.0,0.0,-0.3791032715461694,0.741242340807703,0.0,0.0,0.0,0.0,0.0,0.0,0.0,0.0,0.0,0.0,0.0,0.0
11,0.0,0.0,0.0,0.0,0.0,0.0,0.0,0.0,0.0,0.0,0.0,0.0,3.268238554807172,0.0,2.771978143483338,2.3852525450202324,0.0,0.0,0.0,0.0,0.0,0.0,0.0,0.0,0.0,0.0
12,0.0,0.0,0.0,0.0,0.0,0.0,0.0,0.0,-0.09721804678406944,0.3452366065687132,-0.3791032715461694,3.268238554807172,0.0,0.3616951563189038,3.225092103235476,0.0,0.0,0.0,0.0,0.0,0.0,0.0,0.0,0.0,0.0,0.0
13,0.0,0.0,0.0,0.0,0.0,0.0,0.0,0.0,0.0,0.0,0.741242340807703,0.0,0.3616951563189038,0.0,3.290422309338684,0.0,0.0,0.0,0.0,0.0,0.0,0.0,0.0,0.0,0.0,0.0
14,0.0,0.0,0.0,0.0,0.0,0.0,0.0,0.0,0.0,0.0,0.0,2.771978143483338,3.225092103235476,3.290422309338684,0.0,-1.6948116188080597,0.0,0.0,0.0,0.0,0.0,0.0,0.0,0.0,0.0,0.0
15,0.0,0.0,0.0,0.0,0.0,0.0,0.0,0.0,0.0,0.0,0.0,2.3852525450202324,0.0,0.0,-1.6948116188080597,0.0,2.204044631493573,-1.060746405064911,0.0,0.0,0.0,1.9091366232091211,0.0,0.0,0.0,0.0
16,0.0,0.0,0.0,0.0,0.0,0.0,0.0,0.0,0.0,0.0,0.0,0.0,0.0,0.0,0.0,2.204044631493573,0.0,1.5762075661028532,0.0,0.0,0.0,0.8026813387743313,0.0,0.0,0.0,0.0
17,0.0,0.0,0.0,0.0,0.0,0.0,0.0,0.0,0.0,0.0,0.0,0.0,0.0,0.0,0.0,-1.060746405064911,1.5762075661028532,0.0,0.3115560114721224,1.1706361573621622,0.0,1.171891360429609,0.0,0.0,0.0,0.0
18,0.0,0.0,0.0,0.0,0.0,0.0,0.0,0.0,0.0,0.0,0.0,0.0,0.0,0.0,0.0,0.0,0.0,0.3115560114721224,0.0,-0.9693799365081731,-0.949457877671321,-0.06986886281850893,0.0,0.659516553408199,0.0,0.0
19,0.0,0.0,0.0,0.0,0.0,0.0,0.0,0.0,0.0,0.0,0.0,0.0,0.0,0.0,0.0,0.0,0.0,1.1706361573621622,-0.9693799365081731,0.0,-1.5731055664650289,0.07810035981113446,0.0,0.277142865085694,0.0,0.0
20,0.0,0.0,0.0,0.0,0.0,0.0,0.0,0.0,0.0,0.0,0.0,0.0,0.0,0.0,0.0,0.0,0.0,0.0,-0.949457877671321,-1.5731055664650289,0.0,0.0,-1.5927985972891254,0.0,-4.380404359473126,-2.5540740837031315
21,0.0,0.0,0.0,0.0,0.0,0.0,0.0,0.0,0.0,0.0,0.0,0.0,0.0,0.0,0.0,1.9091366232091211,0.8026813387743313,1.171891360429609,-0.06986886281850893,0.07810035981113446,0.0,0.0,0.0,-0.4827621094570472,0.0,0.0
22,0.0,0.0,0.0,0.0,0.0,0.0,0.0,0.0,0.0,0.0,0.0,0.0,0.0,0.0,0.0,0.0,0.0,0.0,0.0,0.0,-1.5927985972891254,0.0,0.0,0.0,-2.615915966840859,-2.364170792877149
23,0.0,0.0,0.0,0.0,0.0,0.0,0.0,0.0,0.0,0.0,0.0,0.0,0.0,0.0,0.0,0.0,0.0,0.0,0.659516553408199,0.277142865085694,0.0,-0.4827621094570472,0.0,0.0,0.0,0.0
24,0.0,0.0,0.0,0.0,0.0,0.0,0.0,0.0,0.0,0.0,0.0,0.0,0.0,0.0,0.0,0.0,0.0,0.0,0.0,0.0,-4.380404359473126,0.0,-2.615915966840859,0.0,0.0,-3.9169794429317766
25,0.0,0.0,0.0,0.0,0.0,0.0,0.0,0.0,0.0,0.0,0.0,0.0,0.0,0.0,0.0,0.0,0.0,0.0,0.0,0.0,-2.5540740837031315,0.0,-2.364170792877149,0.0,-3.9169794429317766,0.0
