,0,1,2,3,4,5,6,7,8,9,10,11,12,13,14,15,16,17,18,19,20,21,22
0,0.0,7.675436189176171,6.5654277822354175,6.224158892360848,0.0,0.0,0.0,0.0,0.0,0.0,0.0,0.0,0.0,0.0,0.0,0.0,0.0,0.0,0.0,0.0,0.0,0.0,0.0
1,7.675436189176171,0.0,1.1526211444187846,0.9235855540923015,6.118953452176741,0.0,0.0,0.0,0.0,0.0,0.0,0.0,0.0,0.0,0.0,0.0,0.0,0.0,0.0,0.0,0.0,0.0,0.0
2,6.5654277822354175,1.1526211444187846,0.0,0.03868029674534899,4.880402948533594,4.237067875606685,0.0,0.0,0.0,0.0,0.0,0.0,0.0,0.0,0.0,0.0,0.0,0.0,0.0,0.0,0.0,0.0,0.0
3,6.224158892360848,0.9235855540923015,0.03868029674534899,0.0,4.577950449601216,3.9334717242174393,0.0,0.0,0.0,0.0,0.0,0.0,0.0,0.0,0.0,0.0,0.0,0.0,0.0,0.0,0.0,0.0,0.0
4,0.0,6.118953452176741,4.880402948533594,4.577950449601216,0.0,-0.1388511155971178,-1.1711249009862814,1.8191410701137953,0.0,0.0,0.0,0.0,0.0,0.0,0.0,0.0,0.0,0.0,0.0,0.0,0.0,0.0,0.0
5,0.0,0.0,4.237067875606685,3.9334717242174393,-0.1388511155971178,0.0,-0.44711246720271963,1.1840279380189915,0.0,0.0,0.0,0.0,0.0,0.0,0.0,0.0,0.0,0.0,0.0,0.0,0.0,0.0,0.0
6,0.0,0.0,0.0,0.0,-1.1711249009862814,-0.44711246720271963,0.0,1.580562304413855,0.0,0.0,0.0,1.7200058685089268,0.0,0.0,0.0,0.0,0.0,0.0,0.0,0.0,0.0,0.0,0.0
7,0.0,0.0,0.0,0.0,1.8191410701137953,1.1840279380189915,1.580562304413855,0.0,0.0,0.0,0.0,1.06135073843739,0.0,0.0,0.0,0.0,0.0,0.0,0.0,0.0,0.0,0.0,0.0
8,0.0,0.0,0.0,0.0,0.0,0.0,0.0,0.0,0.0,-0.987836383616003,0.9160640431885309,0.0,-0.24486566285099892,0.0,0.0,0.0,0.0,0.0,0.0,0.0,0.0,0.0,0.0
9,0.0,0.0,0.0,0.0,0.0,0.0,0.0,0.0,-0.987836383616003,0.0,1.4540558593699335,0.0,0.5960806671350963,0.0,0.0,0.0,0.0,0.0,0.0,0.0,0.0,0.0,0.0
10,0.0,0.0,0.0,0.0,0.0,0.0,0.0,0.0,0.9160640431885309,1.4540558593699335,0.0,0.0,-1.2023134314424242,0.0,0.0,0.0,0.0,0.0,0.0,0.0,0.0,0.0,0.0
11,0.0,0.0,0.0,0.0,0.0,0.0,1.7200058685089268,1.06135073843739,0.0,0.0,0.0,0.0,0.0,0.8340991358690756,0.9800280132439035,1.12129004461891,0.0,0.0,0.0,0.0,0.0,0.0,0.0
12,0.0,0.0,0.0,0.0,0.0,0.0,0.0,0.0,-0.24486566285099892,0.5960806671350963,-1.2023134314424242,0.0,0.0,0.0,-0.060636831331604295,0.0,0.0,0.0,0.4425646146735178,0.0,0.0,0.0,0.0
13,0.0,0.0,0.0,0.0,0.0,0.0,0.0,0.0,0.0,0.0,0.0,0.8340991358690756,0.0,0.0,0.0,1.6041810497715066,0.0,1.2668598724093585,0.0,0.0,0.0,0.0,0.0
14,0.0,0.0,0.0,0.0,0.0,0.0,0.0,0.0,0.0,0.0,0.0,0.9800280132439035,-0.060636831331604295,0.0,0.0,1.3666244862309047,0.48403200623738063,0.5692167737603456,0.0,0.0,0.0,0.0,0.0
15,0.0,0.0,0.0,0.0,0.0,0.0,0.0,0.0,0.0,0.0,0.0,1.12129004461891,0.0,1.6041810497715066,1.3666244862309047,0.0,0.6031031993541206,0.5425922495252,0.0,0.0,0.0,0.0,0.0
16,0.0,0.0,0.0,0.0,0.0,0.0,0.0,0.0,0.0,0.0,0.0,0.0,0.0,0.0,0.48403200623738063,0.6031031993541206,0.0,-3.9277906853659923,0.0,0.0,0.0,0.0,0.0
17,0.0,0.0,0.0,0.0,0.0,0.0,0.0,0.0,0.0,0.0,0.0,0.0,0.0,1.2668598724093585,0.5692167737603456,0.5425922495252,-3.9277906853659923,0.0,0.0,0.0,0.0,0.0,0.0
18,0.0,0.0,0.0,0.0,0.0,0.0,0.0,0.0,0.0,0.0,0.0,0.0,0.4425646146735178,0.0,0.0,0.0,0.0,0.0,0.0,-0.04213373959807596,0.016814229512589908,0.0,0.0
19,0.0,0.0,0.0,0.0,0.0,0.0,0.0,0.0,0.0,0.0,0.0,0.0,0.0,0.0,0.0,0.0,0.0,0.0,-0.04213373959807596,0.0,-1.4831430284381046,-0.5475991978804093,-1.069777965537758
20,0.0,0.0,0.0,0.0,0.0,0.0,0.0,0.0,0.0,0.0,0.0,0.0,0.0,0.0,0.0,0.0,0.0,0.0,0.016814229512589908,-1.4831430284381046,0.0,0.05136294016352844,-0.36336584550550033
21,0.0,0.0,0.0,0.0,0.0,0.0,0.0,0.0,0.0,0.0,0.0,0.0,0.0,0.0,0.0,0.0,0.0,0.0,0.0,-0.5475991978804093,0.05136294016352844,0.0,-4.876560467114585
22,0.0,0.0,0.0,0.0,0.0,0.0,0.0,0.0,0.0,0.0,0.0,0.0,0.0,0.0,0.0,0.0,0.0,0.0,0.0,-1.069777965537758,-0.36336584550550033,-4.876560467114585,0.0
