,0,1,2,3,4,5,6,7,8,9,10,11,12,13,14,15,16,17,18,19,20
0,0.0,7.898877852839363,4.833862994291717,6.968439359702146,0.0,0.0,0.0,0.0,0.0,0.0,0.0,0.0,0.0,0.0,0.0,0.0,0.0,0.0,0.0,0.0,0.0
1,7.898877852839363,0.0,4.168577517892154,-0.8142459270308859,-0.5249437550382586,0.0,0.0,0.0,0.0,0.0,0.0,0.0,0.0,0.0,0.0,0.0,0.0,0.0,0.0,0.0,0.0
2,4.833862994291717,4.168577517892154,0.0,3.2505132379719828,2.719303811715105,0.15067573208515436,0.0,0.0,0.0,0.0,0.0,0.0,0.0,0.0,0.0,0.0,0.0,0.0,0.0,0.0,0.0
3,6.968439359702146,-0.8142459270308859,3.2505132379719828,0.0,-1.643952277421264,2.0293685336703238,1.568208555293138,0.0,0.0,0.0,0.0,0.0,0.0,0.0,0.0,0.0,0.0,0.0,0.0,0.0,0.0
4,0.0,-0.5249437550382586,2.719303811715105,-1.643952277421264,0.0,1.4378313146524053,1.1186245451429215,1.1189526276499915,0.0,0.0,0.0,0.0,0.0,0.0,0.0,0.0,0.0,0.0,0.0,0.0,0.0
5,0.0,0.0,0.15067573208515436,2.0293685336703238,1.4378313146524053,0.0,0.6258485454166798,-3.1301185077227984,0.0,0.0,0.0,0.0,0.0,0.0,0.0,0.0,0.0,0.0,0.0,0.0,0.0
6,0.0,0.0,0.0,1.568208555293138,1.1186245451429215,0.6258485454166798,0.0,0.3871483035727701,0.1836217950788212,0.0,0.0,0.0,0.0,0.0,0.0,0.0,0.0,0.0,0.0,0.0,0.0
7,0.0,0.0,0.0,0.0,1.1189526276499915,-3.1301185077227984,0.3871483035727701,0.0,-0.05142983011697653,0.0,0.870847387164578,0.0,0.0,0.0,0.0,0.0,0.0,0.0,0.0,0.0,0.0
8,0.0,0.0,0.0,0.0,0.0,0.0,0.1836217950788212,-0.05142983011697653,0.0,0.0,0.40361073395601066,0.0,0.0,0.0,0.0,0.0,0.0,0.0,0.0,0.0,0.0
9,0.0,0.0,0.0,0.0,0.0,0.0,0.0,0.0,0.0,0.0,0.720230410119179,0.0,0.0,0.0,0.0,-0.20654751822583647,0.0,0.9311582942386154,0.0,0.0,0.0
10,0.0,0.0,0.0,0.0,0.0,0.0,0.0,0.870847387164578,0.40361073395601066,0.720230410119179,0.0,0.0,0.3168954802597727,0.0,0.0,0.0,0.0,-0.1231950579250939,0.0,-0.6250872621428282,0.0
11,0.0,0.0,0.0,0.0,0.0,0.0,0.0,0.0,0.0,0.0,0.0,0.0,0.6448904152243327,0.0,-0.42025451755137444,0.0,0.0,0.0,0.41812257828750193,0.0,0.0
12,0.0,0.0,0.0,0.0,0.0,0.0,0.0,0.0,0.0,0.0,0.3168954802597727,0.6448904152243327,0.0,0.0,-1.6294991930600045,-1.6801293218317315,0.0,-0.5898616086009948,-1.3721550138593566,0.0,-0.42287689713205895
13,0.0,0.0,0.0,0.0,0.0,0.0,0.0,0.0,0.0,0.0,0.0,0.0,0.0,0.0,-2.446197683801081,-1.5198134350674695,-1.549321451726668,0.0,0.0,0.0,0.0
14,0.0,0.0,0.0,0.0,0.0,0.0,0.0,0.0,0.0,0.0,0.0,-0.42025451755137444,-1.6294991930600045,-2.446197683801081,0.0,0.0,-3.161675120060764,0.0,0.0,-1.2413735440448528,0.0
15,0.0,0.0,0.0,0.0,0.0,0.0,0.0,0.0,0.0,-0.20654751822583647,0.0,0.0,-1.6801293218317315,-1.5198134350674695,0.0,0.0,-3.194190559017661,-1.4551721740751347,-1.922950562469211,-1.5123759415740352,-1.294433911177075
16,0.0,0.0,0.0,0.0,0.0,0.0,0.0,0.0,0.0,0.0,0.0,0.0,0.0,-1.549321451726668,-3.161675120060764,-3.194190559017661,0.0,0.0,-2.44044859515618,-1.7606057846976122,0.0
17,0.0,0.0,0.0,0.0,0.0,0.0,0.0,0.0,0.0,0.9311582942386154,-0.1231950579250939,0.0,-0.5898616086009948,0.0,0.0,-1.4551721740751347,0.0,0.0,-2.107736767551508,0.0,0.0
18,0.0,0.0,0.0,0.0,0.0,0.0,0.0,0.0,0.0,0.0,0.0,0.41812257828750193,-1.3721550138593566,0.0,0.0,-1.922950562469211,-2.44044859515618,-2.107736767551508,0.0,0.0,-1.727145447992298
19,0.0,0.0,0.0,0.0,0.0,0.0,0.0,0.0,0.0,0.0,-0.6250872621428282,0.0,0.0,0.0,-1.2413735440448528,-1.5123759415740352,-1.7606057846976122,0.0,0.0,0.0,0.0
20,0.0,0.0,0.0,0.0,0.0,0.0,0.0,0.0,0.0,0.0,0.0,0.0,-0.42287689713205895,0.0,0.0,-1.294433911177075,0.0,0.0,-1.727145447992298,0.0,0.0
