,0,1,2,3,4,5,6,7,8,9,10,11,12,13,14,15,16,17,18
0,0.0,6.255148064828954,6.920109022639847,5.625820714516644,0.0,0.0,0.0,0.0,0.0,0.0,0.0,0.0,0.0,0.0,0.0,0.0,0.0,0.0,0.0
1,6.255148064828954,0.0,3.702548013208626,-1.7067986814681106,1.8801768734206186,0.0,0.0,0.0,0.0,0.0,0.0,0.0,0.0,0.0,0.0,0.0,0.0,0.0,0.0
2,6.920109022639847,3.702548013208626,0.0,3.179797486796287,1.2023554381139492,0.0,0.0,0.0,0.0,0.0,0.0,0.0,0.0,0.0,0.0,0.0,0.0,0.0,0.0
3,5.625820714516644,-1.7067986814681106,3.179797486796287,0.0,1.4395614229924922,2.782522991838344,0.0,0.0,0.0,0.0,0.0,0.0,0.0,0.0,0.0,0.0,0.0,0.0,0.0
4,0.0,1.8801768734206186,1.2023554381139492,1.4395614229924922,0.0,1.1412326585965646,0.9131857092123783,0.0,0.0,0.0,0.0,0.0,0.0,0.0,0.0,0.0,0.0,0.0,0.0
5,0.0,0.0,0.0,2.782522991838344,1.1412326585965646,0.0,2.2015666371551337,0.0,0.0,0.0,0.0,0.0,0.0,0.0,0.0,0.0,0.0,0.0,0.0
6,0.0,0.0,0.0,0.0,0.9131857092123783,2.2015666371551337,0.0,1.5446107380754401,0.0,0.0,0.0,0.0,0.0,0.0,0.0,0.0,0.0,0.0,0.0
7,0.0,0.0,0.0,0.0,0.0,0.0,1.5446107380754401,0.0,0.22161409602028398,-0.10881091314190171,-0.023539836750654557,0.0,0.0,0.0,0.0,0.0,0.0,0.0,0.0
8,0.0,0.0,0.0,0.0,0.0,0.0,0.0,0.22161409602028398,0.0,-1.1324665320041838,-0.31924748443659934,-0.31893805382145823,0.0,0.0,0.0,0.0,0.0,0.0,0.0
9,0.0,0.0,0.0,0.0,0.0,0.0,0.0,-0.10881091314190171,-1.1324665320041838,0.0,-1.9152789369953058,-1.6623851938481022,-1.7752813929818438,0.0,0.0,0.0,0.0,0.0,0.0
10,0.0,0.0,0.0,0.0,0.0,0.0,0.0,-0.023539836750654557,-0.31924748443659934,-1.9152789369953058,0.0,-2.60107717744712,-3.715125434642906,0.0,0.0,0.0,0.0,0.0,0.0
11,0.0,0.0,0.0,0.0,0.0,0.0,0.0,0.0,-0.31893805382145823,-1.6623851938481022,-2.60107717744712,0.0,-4.243397017811873,0.0,0.0,0.0,0.0,0.0,0.0
12,0.0,0.0,0.0,0.0,0.0,0.0,0.0,0.0,0.0,-1.7752813929818438,-3.715125434642906,-4.243397017811873,0.0,0.0,0.0,0.0,0.0,0.0,0.0
13,0.0,0.0,0.0,0.0,0.0,0.0,0.0,0.0,0.0,0.0,0.0,0.0,0.0,0.0,-2.4152283926671205,-3.3345915924031315,-2.708505610951482,0.0,0.0
14,0.0,0.0,0.0,0.0,0.0,0.0,0.0,0.0,0.0,0.0,0.0,0.0,0.0,-2.4152283926671205,0.0,-2.4116585512098165,-2.2449754069565326,-2.8266629884791463,0.0
15,0.0,0.0,0.0,0.0,0.0,0.0,0.0,0.0,0.0,0.0,0.0,0.0,0.0,-3.3345915924031315,-2.4116585512098165,0.0,-5.848423547730333,-4.588831403495637,-3.2195204526521466
16,0.0,0.0,0.0,0.0,0.0,0.0,0.0,0.0,0.0,0.0,0.0,0.0,0.0,-2.708505610951482,-2.2449754069565326,-5.848423547730333,0.0,-3.7871086496444772,-2.8547568247601705
17,0.0,0.0,0.0,0.0,0.0,0.0,0.0,0.0,0.0,0.0,0.0,0.0,0.0,0.0,-2.8266629884791463,-4.588831403495637,-3.7871086496444772,0.0,-4.332039892199938
18,0.0,0.0,0.0,0.0,0.0,0.0,0.0,0.0,0.0,0.0,0.0,0.0,0.0,0.0,0.0,-3.2195204526521466,-2.8547568247601705,-4.332039892199938,0.0
