,0,1,2,3,4,5,6,7,8,9,10,11,12,13,14,15,16,17,18,19,20,21,22,23
0,0.0,4.417571502921154,4.804442744771718,6.8849115722761995,0.0,0.0,0.0,0.0,0.0,0.0,0.0,0.0,0.0,0.0,0.0,0.0,0.0,0.0,0.0,0.0,0.0,0.0,0.0,0.0
1,4.417571502921154,0.0,2.046473386412123,5.96657916284105,0.0,-0.6054700359012598,0.0,0.0,0.0,0.0,0.0,0.0,0.0,0.0,0.0,0.0,0.0,0.0,0.0,0.0,0.0,0.0,0.0,0.0
2,4.804442744771718,2.046473386412123,0.0,5.878109538214055,0.0,0.23172260134208877,0.0,0.0,0.0,0.0,0.0,0.0,0.0,0.0,0.0,0.0,0.0,0.0,0.0,0.0,0.0,0.0,0.0,0.0
3,6.8849115722761995,5.96657916284105,5.878109538214055,0.0,-1.3478277520458666,4.368259540057441,4.473438900231788,0.0,0.0,0.0,0.0,0.0,0.0,0.0,0.0,0.0,0.0,0.0,0.0,0.0,0.0,0.0,0.0,0.0
4,0.0,0.0,0.0,-1.3478277520458666,0.0,3.872453377441942,3.985689776108657,-0.1579414133657733,0.0,0.0,0.0,0.0,0.0,0.0,0.0,0.0,0.0,0.0,0.0,0.0,0.0,0.0,0.0,0.0
5,0.0,-0.6054700359012598,0.23172260134208877,4.368259540057441,3.872453377441942,0.0,-0.9918374619933134,0.0,0.9276529356294506,0.0,0.0,0.0,0.0,0.0,0.0,0.0,0.0,0.0,0.0,0.0,0.0,0.0,0.0,0.0
6,0.0,0.0,0.0,4.473438900231788,3.985689776108657,-0.9918374619933134,0.0,0.0,1.399476908768048,0.0,0.0,0.0,0.0,0.0,0.0,0.0,0.0,0.0,0.0,0.0,0.0,0.0,0.0,0.0
7,0.0,0.0,0.0,0.0,-0.1579414133657733,0.0,0.0,0.0,1.9361748412227562,2.6075684409847724,0.5521444525327815,0.0,0.0,0.0,0.0,0.0,0.0,0.0,0.0,0.0,0.0,0.0,0.0,0.0
8,0.0,0.0,0.0,0.0,0.0,0.9276529356294506,1.399476908768048,1.9361748412227562,0.0,0.4071155990727959,0.4980210514016334,0.0,0.0,0.0,0.0,0.0,0.0,0.0,0.0,0.0,0.0,0.0,0.0,0.0
9,0.0,0.0,0.0,0.0,0.0,0.0,0.0,2.6075684409847724,0.4071155990727959,0.0,1.4885869436824297,0.0,0.0,0.0,0.0,0.0,0.0,0.0,0.0,0.0,0.0,0.0,0.0,0.0
10,0.0,0.0,0.0,0.0,0.0,0.0,0.0,0.5521444525327815,0.4980210514016334,1.4885869436824297,0.0,0.18758394541070897,1.1209798059654772,0.0,0.0,0.0,0.0,0.0,0.0,0.0,0.0,0.0,0.0,0.0
11,0.0,0.0,0.0,0.0,0.0,0.0,0.0,0.0,0.0,0.0,0.18758394541070897,0.0,1.947743506748807,-1.8324268163291109,0.0,0.0,0.0,0.0,0.0,0.0,0.0,0.0,0.0,0.0
12,0.0,0.0,0.0,0.0,0.0,0.0,0.0,0.0,0.0,0.0,1.1209798059654772,1.947743506748807,0.0,1.681244384962336,0.0,0.0,0.0,0.0,0.0,0.0,0.0,0.0,0.0,0.0
13,0.0,0.0,0.0,0.0,0.0,0.0,0.0,0.0,0.0,0.0,0.0,-1.8324268163291109,1.681244384962336,0.0,0.4774460436745661,-2.571386716387274,-2.2330120373955444,0.0,0.0,0.0,0.0,0.0,0.0,0.0
14,0.0,0.0,0.0,0.0,0.0,0.0,0.0,0.0,0.0,0.0,0.0,0.0,0.0,0.4774460436745661,0.0,0.08017210531455632,0.0,-0.32828153119374454,0.0,0.0,0.0,0.0,0.0,0.0
15,0.0,0.0,0.0,0.0,0.0,0.0,0.0,0.0,0.0,0.0,0.0,0.0,0.0,-2.571386716387274,0.08017210531455632,0.0,-3.020263258395034,0.0,0.0,0.0,0.0,0.0,0.0,0.0
16,0.0,0.0,0.0,0.0,0.0,0.0,0.0,0.0,0.0,0.0,0.0,0.0,0.0,-2.2330120373955444,0.0,-3.020263258395034,0.0,0.501039223520926,-5.120695251236411,0.0,0.0,0.0,0.0,0.0
17,0.0,0.0,0.0,0.0,0.0,0.0,0.0,0.0,0.0,0.0,0.0,0.0,0.0,0.0,-0.32828153119374454,0.0,0.501039223520926,0.0,0.21336589403901923,0.0,0.0,0.0,0.0,0.0
18,0.0,0.0,0.0,0.0,0.0,0.0,0.0,0.0,0.0,0.0,0.0,0.0,0.0,0.0,0.0,0.0,-5.120695251236411,0.21336589403901923,0.0,-3.4887475249109894,-0.12194598507324941,-0.16210672984131708,0.0,0.0
19,0.0,0.0,0.0,0.0,0.0,0.0,0.0,0.0,0.0,0.0,0.0,0.0,0.0,0.0,0.0,0.0,0.0,0.0,-3.4887475249109894,0.0,0.008242192658920565,-0.006358435758033795,0.0,0.0
20,0.0,0.0,0.0,0.0,0.0,0.0,0.0,0.0,0.0,0.0,0.0,0.0,0.0,0.0,0.0,0.0,0.0,0.0,-0.12194598507324941,0.008242192658920565,0.0,-4.040229061985662,-2.5331838135394604,-3.8121854086422173
21,0.0,0.0,0.0,0.0,0.0,0.0,0.0,0.0,0.0,0.0,0.0,0.0,0.0,0.0,0.0,0.0,0.0,0.0,-0.16210672984131708,-0.006358435758033795,-4.040229061985662,0.0,-2.3967829981651745,-3.2860119437250574
22,0.0,0.0,0.0,0.0,0.0,0.0,0.0,0.0,0.0,0.0,0.0,0.0,0.0,0.0,0.0,0.0,0.0,0.0,0.0,0.0,-2.5331838135394604,-2.3967829981651745,0.0,-2.496457677483689
23,0.0,0.0,0.0,0.0,0.0,0.0,0.0,0.0,0.0,0.0,0.0,0.0,0.0,0.0,0.0,0.0,0.0,0.0,0.0,0.0,-3.8121854086422173,-3.2860119437250574,-2.496457677483689,0.0
