,0,1,2,3,4,5,6,7,8,9,10,11,12,13
0,0.0,7.66227476256743,6.442964269401744,6.388861204830066,0.0,0.0,0.0,0.0,0.0,0.0,0.0,0.0,0.0,0.0
1,7.66227476256743,0.0,6.584446162405296,6.531976882747017,6.444748138218648,0.0,0.0,0.0,0.0,0.0,0.0,0.0,0.0,0.0
2,6.442964269401744,6.584446162405296,0.0,-2.254229388923427,0.8724839009459271,5.618535368840343,0.0,0.0,0.0,0.0,0.0,0.0,0.0,0.0
3,6.388861204830066,6.531976882747017,-2.254229388923427,0.0,0.9275286433301528,5.566806317817423,0.0,0.0,0.0,0.0,0.0,0.0,0.0,0.0
4,0.0,6.444748138218648,0.8724839009459271,0.9275286433301528,0.0,5.475157139883094,0.0,0.0,0.0,0.0,0.0,0.0,0.0,0.0
5,0.0,0.0,5.618535368840343,5.566806317817423,5.475157139883094,0.0,0.6701789161123894,0.0,0.0,0.0,0.0,0.0,0.0,0.0
6,0.0,0.0,0.0,0.0,0.0,0.6701789161123894,0.0,1.1480870176486015,0.5491735135942746,-1.0821622736435506,0.0,0.0,0.0,0.0
7,0.0,0.0,0.0,0.0,0.0,0.0,1.1480870176486015,0.0,-0.9790448542083053,-0.3479652566606935,2.1999213811953333,0.0,0.0,0.0
8,0.0,0.0,0.0,0.0,0.0,0.0,0.5491735135942746,-0.9790448542083053,0.0,-1.3028632278807548,1.7835099345805199,0.0,0.0,0.0
9,0.0,0.0,0.0,0.0,0.0,0.0,-1.0821622736435506,-0.3479652566606935,-1.3028632278807548,0.0,1.2289557568794875,-1.0899277598551529,-0.6794170469725506,0.0
10,0.0,0.0,0.0,0.0,0.0,0.0,0.0,2.1999213811953333,1.7835099345805199,1.2289557568794875,0.0,-0.04958413639177667,0.0,-0.13507959610648165
11,0.0,0.0,0.0,0.0,0.0,0.0,0.0,0.0,0.0,-1.0899277598551529,-0.04958413639177667,0.0,-0.8406449158997271,-1.866632929878137
12,0.0,0.0,0.0,0.0,0.0,0.0,0.0,0.0,0.0,-0.6794170469725506,0.0,-0.8406449158997271,0.0,-4.1174897419887735
13,0.0,0.0,0.0,0.0,0.0,0.0,0.0,0.0,0.0,0.0,-0.13507959610648165,-1.866632929878137,-4.1174897419887735,0.0
