,0,1,2,3,4,5,6,7,8,9,10,11,12,13,14,15,16,17,18,19,20
0,0.0,5.875464337805763,6.57568779985655,6.1529849814523105,0.0,0.0,0.0,0.0,0.0,0.0,0.0,0.0,0.0,0.0,0.0,0.0,0.0,0.0,0.0,0.0,0.0
1,5.875464337805763,0.0,4.497355101222295,4.611802235048774,4.4679347023637375,0.0,0.0,0.0,0.0,0.0,0.0,0.0,0.0,0.0,0.0,0.0,0.0,0.0,0.0,0.0,0.0
2,6.57568779985655,4.497355101222295,0.0,2.4420273087581994,2.0534147609204405,0.0,0.0,0.0,0.0,0.0,0.0,0.0,0.0,0.0,0.0,0.0,0.0,0.0,0.0,0.0,0.0
3,6.1529849814523105,4.611802235048774,2.4420273087581994,0.0,-1.4772969963846116,0.0,0.0,0.0,0.0,0.0,0.0,0.0,0.0,0.0,0.0,0.0,0.0,0.0,0.0,0.0,0.0
4,0.0,4.4679347023637375,2.0534147609204405,-1.4772969963846116,0.0,4.055064592054079,3.7892720592297837,0.0,0.0,0.0,0.0,0.0,0.0,0.0,0.0,0.0,0.0,0.0,0.0,0.0,0.0
5,0.0,0.0,0.0,0.0,4.055064592054079,0.0,-0.8074435697821831,3.470880276698553,0.0,0.0,0.0,0.0,0.0,0.0,0.0,0.0,0.0,0.0,0.0,0.0,0.0
6,0.0,0.0,0.0,0.0,3.7892720592297837,-0.8074435697821831,0.0,3.216748697921142,0.0,0.0,0.0,0.0,0.0,0.0,0.0,0.0,0.0,0.0,0.0,0.0,0.0
7,0.0,0.0,0.0,0.0,0.0,3.470880276698553,3.216748697921142,0.0,2.473656916316403,3.0891086942515384,0.0,0.0,0.0,0.0,0.0,0.0,0.0,0.0,0.0,0.0,0.0
8,0.0,0.0,0.0,0.0,0.0,0.0,0.0,2.473656916316403,0.0,0.7908923002539551,1.4520662489634493,0.0,0.0,0.0,0.0,0.0,0.0,0.0,0.0,0.0,0.0
9,0.0,0.0,0.0,0.0,0.0,0.0,0.0,3.0891086942515384,0.7908923002539551,0.0,2.2289493274192878,2.3704819717671572,0.0,0.0,0.0,0.0,0.0,0.0,0.0,0.0,0.0
10,0.0,0.0,0.0,0.0,0.0,0.0,0.0,0.0,1.4520662489634493,2.2289493274192878,0.0,-0.10242095017531304,-1.3574968224194546,-0.6504564932838808,0.0,0.0,0.0,0.0,0.0,0.0,0.0
11,0.0,0.0,0.0,0.0,0.0,0.0,0.0,0.0,0.0,2.3704819717671572,-0.10242095017531304,0.0,-0.31125675315327667,0.02306616909117968,1.6010051559561205,0.0,0.0,0.0,0.0,0.0,0.0
12,0.0,0.0,0.0,0.0,0.0,0.0,0.0,0.0,0.0,0.0,-1.3574968224194546,-0.31125675315327667,0.0,-1.9554123501683403,1.4826115782904208,0.8815932617332723,0.0,0.0,0.0,0.0,0.0
13,0.0,0.0,0.0,0.0,0.0,0.0,0.0,0.0,0.0,0.0,-0.6504564932838808,0.02306616909117968,-1.9554123501683403,0.0,1.6292430439825356,1.0653815046381114,0.0,0.0,0.0,0.0,0.0
14,0.0,0.0,0.0,0.0,0.0,0.0,0.0,0.0,0.0,0.0,0.0,1.6010051559561205,1.4826115782904208,1.6292430439825356,0.0,-1.2636947300359653,-1.8256588945457322,0.0,0.0,0.0,0.0
15,0.0,0.0,0.0,0.0,0.0,0.0,0.0,0.0,0.0,0.0,0.0,0.0,0.8815932617332723,1.0653815046381114,-1.2636947300359653,0.0,-2.1817814913479654,0.0,0.0,0.0,0.0
16,0.0,0.0,0.0,0.0,0.0,0.0,0.0,0.0,0.0,0.0,0.0,0.0,0.0,0.0,-1.8256588945457322,-2.1817814913479654,0.0,-0.14686670727054424,0.0,0.0,0.0
17,0.0,0.0,0.0,0.0,0.0,0.0,0.0,0.0,0.0,0.0,0.0,0.0,0.0,0.0,0.0,0.0,-0.14686670727054424,0.0,-1.1667794753832146,-4.790307552769634,-1.6528300297632412
18,0.0,0.0,0.0,0.0,0.0,0.0,0.0,0.0,0.0,0.0,0.0,0.0,0.0,0.0,0.0,0.0,0.0,-1.1667794753832146,0.0,-1.8684702647853553,-4.527272393283189
19,0.0,0.0,0.0,0.0,0.0,0.0,0.0,0.0,0.0,0.0,0.0,0.0,0.0,0.0,0.0,0.0,0.0,-4.790307552769634,-1.8684702647853553,0.0,-2.4559009077510288
20,0.0,0.0,0.0,0.0,0.0,0.0,0.0,0.0,0.0,0.0,0.0,0.0,0.0,0.0,0.0,0.0,0.0,-1.6528300297632412,-4.527272393283189,-2.4559009077510288,0.0
