,0,1,2,3,4,5,6,7,8,9,10,11,12,13,14,15,16,17
0,0.0,3.7915580448015747,2.970274630766611,2.737842780958335,0.0,0.0,0.0,0.0,0.0,0.0,0.0,0.0,0.0,0.0,0.0,0.0,0.0,0.0
1,3.7915580448015747,0.0,-2.038120805634489,-2.6476840472290677,0.04383826341928917,0.0,0.0,0.0,0.0,0.0,0.0,0.0,0.0,0.0,0.0,0.0,0.0,0.0
2,2.970274630766611,-2.038120805634489,0.0,-2.765205242103437,-0.6521405188798659,-0.37307035150314777,0.0,0.0,0.0,0.0,0.0,0.0,0.0,0.0,0.0,0.0,0.0,0.0
3,2.737842780958335,-2.6476840472290677,-2.765205242103437,0.0,-1.405089513318393,-0.5520702053770812,0.0,0.0,0.0,0.0,0.0,0.0,0.0,0.0,0.0,0.0,0.0,0.0
4,0.0,0.04383826341928917,-0.6521405188798659,-1.405089513318393,0.0,-0.5408351007651298,0.0,4.846174763035403,0.0,0.0,0.0,0.0,0.0,0.0,0.0,0.0,0.0,0.0
5,0.0,0.0,-0.37307035150314777,-0.5520702053770812,-0.5408351007651298,0.0,4.098443131555252,4.188589680623007,-0.3391171335113854,0.0,0.0,0.0,0.0,0.0,0.0,0.0,0.0,0.0
6,0.0,0.0,0.0,0.0,0.0,4.098443131555252,0.0,-1.3942285399420404,3.6326986464047315,-0.5379906175384473,0.0,0.0,0.0,0.0,0.0,0.0,0.0,0.0
7,0.0,0.0,0.0,0.0,4.846174763035403,4.188589680623007,-1.3942285399420404,0.0,3.7218668638204493,-1.3799056974382005,0.0,0.0,0.0,0.0,0.0,0.0,0.0,0.0
8,0.0,0.0,0.0,0.0,0.0,-0.3391171335113854,3.6326986464047315,3.7218668638204493,0.0,3.295051634356207,-0.2044698413054271,0.0,0.0,0.0,0.0,0.0,0.0,0.0
9,0.0,0.0,0.0,0.0,0.0,0.0,-0.5379906175384473,-1.3799056974382005,3.295051634356207,0.0,0.0,-1.9352612395202693,1.3191167459833153,-3.4310163627432018,0.0,0.0,0.0,0.0
10,0.0,0.0,0.0,0.0,0.0,0.0,0.0,0.0,-0.2044698413054271,0.0,0.0,2.830948194620116,0.0,2.787955660573373,2.728071370930231,0.0,0.0,0.0
11,0.0,0.0,0.0,0.0,0.0,0.0,0.0,0.0,0.0,-1.9352612395202693,2.830948194620116,0.0,0.9938760125892422,-3.3058863560615808,0.5515543494892252,0.0,0.0,0.0
12,0.0,0.0,0.0,0.0,0.0,0.0,0.0,0.0,0.0,1.3191167459833153,0.0,0.9938760125892422,0.0,0.8696402917944279,1.4611247800638865,0.0,0.0,0.0
13,0.0,0.0,0.0,0.0,0.0,0.0,0.0,0.0,0.0,-3.4310163627432018,2.787955660573373,-3.3058863560615808,0.8696402917944279,0.0,0.21160683083090398,0.0,0.0,0.0
14,0.0,0.0,0.0,0.0,0.0,0.0,0.0,0.0,0.0,0.0,2.728071370930231,0.5515543494892252,1.4611247800638865,0.21160683083090398,0.0,2.000575574411849,1.6949229668060524,0.45435264935312863
15,0.0,0.0,0.0,0.0,0.0,0.0,0.0,0.0,0.0,0.0,0.0,0.0,0.0,0.0,2.000575574411849,0.0,-5.362159555809803,1.8175434960963432
16,0.0,0.0,0.0,0.0,0.0,0.0,0.0,0.0,0.0,0.0,0.0,0.0,0.0,0.0,1.6949229668060524,-5.362159555809803,0.0,1.4834410992003708
17,0.0,0.0,0.0,0.0,0.0,0.0,0.0,0.0,0.0,0.0,0.0,0.0,0.0,0.0,0.45435264935312863,1.8175434960963432,1.4834410992003708,0.0
