,0,1,2,3,4,5,6,7,8,9,10,11,12,13,14,15,16
0,0.0,1.6246874407776586,2.658369023485425,6.694605503599099,0.0,0.0,0.0,0.0,0.0,0.0,0.0,0.0,0.0,0.0,0.0,0.0,0.0
1,1.6246874407776586,0.0,2.476930357447012,6.575220365043962,0.0,0.0,0.0,0.0,0.0,0.0,0.0,0.0,0.0,0.0,0.0,0.0,0.0
2,2.658369023485425,2.476930357447012,0.0,5.541281310881258,1.075174600331988,5.9721445630688725,0.0,0.0,0.0,0.0,0.0,0.0,0.0,0.0,0.0,0.0,0.0
3,6.694605503599099,6.575220365043962,5.541281310881258,0.0,4.549693225582297,5.730403101319114,0.0,0.0,0.0,0.0,0.0,0.0,0.0,0.0,0.0,0.0,0.0
4,0.0,0.0,1.075174600331988,4.549693225582297,0.0,4.732696980457678,0.0,3.891991900612796,0.0,2.5987811253967514,0.0,0.0,0.0,0.0,0.0,0.0,0.0
5,0.0,0.0,5.9721445630688725,5.730403101319114,4.732696980457678,0.0,0.0,1.2124552943080957,2.1336480218839347,1.9648128595205492,0.0,0.0,0.0,0.0,0.0,0.0,0.0
6,0.0,0.0,0.0,0.0,0.0,0.0,0.0,0.0,-0.8466381190325676,0.5835090223398803,-0.8654489811705948,-0.6355573746286002,0.0,0.0,0.0,0.0,0.0
7,0.0,0.0,0.0,0.0,3.891991900612796,1.2124552943080957,0.0,0.0,1.5307434752398008,1.2849580696515195,1.7022673245484246,0.0,0.0,0.0,0.0,0.0,0.0
8,0.0,0.0,0.0,0.0,0.0,2.1336480218839347,-0.8466381190325676,1.5307434752398008,0.0,-0.13639113486966767,-1.0582539489976759,-0.6585345988198164,0.7484890218587639,0.5451003646806009,0.0,0.0,0.0
9,0.0,0.0,0.0,0.0,2.5987811253967514,1.9648128595205492,0.5835090223398803,1.2849580696515195,-0.13639113486966767,0.0,-0.6278240999604837,0.0,0.0,0.0,0.0,0.0,0.0
10,0.0,0.0,0.0,0.0,0.0,0.0,-0.8654489811705948,1.7022673245484246,-1.0582539489976759,-0.6278240999604837,0.0,-3.8150759319403176,0.8603401258806174,1.0272348551069133,0.0,0.0,0.0
11,0.0,0.0,0.0,0.0,0.0,0.0,-0.6355573746286002,0.0,-0.6585345988198164,0.0,-3.8150759319403176,0.0,0.8973237676564727,1.0749738237761013,0.0,-3.0266589554607926,0.0
12,0.0,0.0,0.0,0.0,0.0,0.0,0.0,0.0,0.7484890218587639,0.0,0.8603401258806174,0.8973237676564727,0.0,0.0,0.0,0.0,0.0
13,0.0,0.0,0.0,0.0,0.0,0.0,0.0,0.0,0.5451003646806009,0.0,1.0272348551069133,1.0749738237761013,0.0,0.0,-1.018920184696584,0.0,-1.5553341178489921
14,0.0,0.0,0.0,0.0,0.0,0.0,0.0,0.0,0.0,0.0,0.0,0.0,0.0,-1.018920184696584,0.0,-1.5927065532752536,-2.1410950341123915
15,0.0,0.0,0.0,0.0,0.0,0.0,0.0,0.0,0.0,0.0,0.0,-3.0266589554607926,0.0,0.0,-1.5927065532752536,0.0,-0.8550123969788536
16,0.0,0.0,0.0,0.0,0.0,0.0,0.0,0.0,0.0,0.0,0.0,0.0,0.0,-1.5553341178489921,-2.1410950341123915,-0.8550123969788536,0.0
