,0,1,2,3,4,5,6,7,8,9,10,11,12,13,14,15,16,17,18,19,20,21,22,23
0,0.0,-4.17033025015249,-4.971773684358617,-3.678515010912976,0.0,0.0,0.0,0.0,0.0,0.0,0.0,0.0,0.0,0.0,0.0,0.0,0.0,0.0,0.0,0.0,0.0,0.0,0.0,0.0
1,-4.17033025015249,0.0,-4.076500733451316,-3.763192974706451,-3.7474479904233884,0.0,0.0,0.0,0.0,0.0,0.0,0.0,0.0,0.0,0.0,0.0,0.0,0.0,0.0,0.0,0.0,0.0,0.0,0.0
2,-4.971773684358617,-4.076500733451316,0.0,-3.9491238945464233,-3.7091866655277785,-5.456763724894423,0.0,0.0,0.0,0.0,0.0,0.0,0.0,0.0,0.0,0.0,0.0,0.0,0.0,0.0,0.0,0.0,0.0,0.0
3,-3.678515010912976,-3.763192974706451,-3.9491238945464233,0.0,-3.173292709710744,-3.767498556841527,0.0,0.0,0.0,0.0,0.0,0.0,0.0,0.0,0.0,0.0,0.0,0.0,0.0,0.0,0.0,0.0,0.0,0.0
4,0.0,-3.7474479904233884,-3.7091866655277785,-3.173292709710744,0.0,-3.8993626749753854,-3.6318242640669114,0.0,0.0,0.0,0.0,0.0,0.0,0.0,0.0,0.0,0.0,0.0,0.0,0.0,0.0,0.0,0.0,0.0
5,0.0,0.0,-5.456763724894423,-3.767498556841527,-3.8993626749753854,0.0,-5.072289481152413,-4.0722084574999835,0.0,0.0,0.0,0.0,0.0,0.0,0.0,0.0,0.0,0.0,0.0,0.0,0.0,0.0,0.0,0.0
6,0.0,0.0,0.0,0.0,-3.6318242640669114,-5.072289481152413,0.0,-3.792100891415093,-3.500095714221129,0.0,0.0,0.0,0.0,0.0,0.0,0.0,0.0,0.0,0.0,0.0,0.0,0.0,0.0,0.0
7,0.0,0.0,0.0,0.0,0.0,-4.0722084574999835,-3.792100891415093,0.0,-3.484807645763449,-0.4399500340812417,0.0,0.0,0.0,0.0,0.0,0.0,0.0,0.0,0.0,0.0,0.0,0.0,0.0,0.0
8,0.0,0.0,0.0,0.0,0.0,0.0,-3.500095714221129,-3.484807645763449,0.0,-0.4820749292994406,-0.4048525227130127,-2.815665950796448,0.0,0.0,0.0,0.0,0.0,0.0,0.0,0.0,0.0,0.0,0.0,0.0
9,0.0,0.0,0.0,0.0,0.0,0.0,0.0,-0.4399500340812417,-0.4820749292994406,0.0,-2.565802858626706,-0.4295878727098897,0.0,0.0,0.0,0.0,0.0,0.0,0.0,0.0,0.0,0.0,0.0,0.0
10,0.0,0.0,0.0,0.0,0.0,0.0,0.0,0.0,-0.4048525227130127,-2.565802858626706,0.0,-0.3629456670113731,0.0,0.0,0.0,0.0,0.0,0.0,0.0,0.0,0.0,0.0,0.0,0.0
11,0.0,0.0,0.0,0.0,0.0,0.0,0.0,0.0,-2.815665950796448,-0.4295878727098897,-0.3629456670113731,0.0,0.0,-0.4688459012766158,0.0,0.0,0.0,0.0,0.0,0.0,0.0,0.0,0.0,0.0
12,0.0,0.0,0.0,0.0,0.0,0.0,0.0,0.0,0.0,0.0,0.0,0.0,0.0,-2.1943510047452452,-2.51345186166379,-1.910351533026613,0.0,0.0,0.0,0.0,0.0,0.0,0.0,0.0
13,0.0,0.0,0.0,0.0,0.0,0.0,0.0,0.0,0.0,0.0,0.0,-0.4688459012766158,-2.1943510047452452,0.0,-3.350738932949718,-2.575845809795919,0.0,0.0,0.0,0.0,0.0,0.0,0.0,0.0
14,0.0,0.0,0.0,0.0,0.0,0.0,0.0,0.0,0.0,0.0,0.0,0.0,-2.51345186166379,-3.350738932949718,0.0,-2.5677425940414818,0.0,0.0,0.0,0.0,0.0,0.0,0.0,0.0
15,0.0,0.0,0.0,0.0,0.0,0.0,0.0,0.0,0.0,0.0,0.0,0.0,-1.910351533026613,-2.575845809795919,-2.5677425940414818,0.0,0.0,0.0,0.0,0.0,0.0,0.0,0.0,0.0
16,0.0,0.0,0.0,0.0,0.0,0.0,0.0,0.0,0.0,0.0,0.0,0.0,0.0,0.0,0.0,0.0,0.0,-0.7714013776835701,-0.557196947741917,0.0,-2.749811361300719,0.0,0.0,0.0
17,0.0,0.0,0.0,0.0,0.0,0.0,0.0,0.0,0.0,0.0,0.0,0.0,0.0,0.0,0.0,0.0,-0.7714013776835701,0.0,-1.8021627297239629,-1.1840243347658055,-0.8813770044415266,0.0,0.0,0.0
18,0.0,0.0,0.0,0.0,0.0,0.0,0.0,0.0,0.0,0.0,0.0,0.0,0.0,0.0,0.0,0.0,-0.557196947741917,-1.8021627297239629,0.0,-0.8226594860523642,-0.6237206878073976,-1.691407515024067,0.0,0.0
19,0.0,0.0,0.0,0.0,0.0,0.0,0.0,0.0,0.0,0.0,0.0,0.0,0.0,0.0,0.0,0.0,0.0,-1.1840243347658055,-0.8226594860523642,0.0,-2.181149220201198,0.0,0.0,-0.3199591360558685
20,0.0,0.0,0.0,0.0,0.0,0.0,0.0,0.0,0.0,0.0,0.0,0.0,0.0,0.0,0.0,0.0,-2.749811361300719,-0.8813770044415266,-0.6237206878073976,-2.181149220201198,0.0,-0.6859487040953909,-2.95464011507114,0.0
21,0.0,0.0,0.0,0.0,0.0,0.0,0.0,0.0,0.0,0.0,0.0,0.0,0.0,0.0,0.0,0.0,0.0,0.0,-1.691407515024067,0.0,-0.6859487040953909,0.0,-0.5880937139215952,-0.39511281878892635
22,0.0,0.0,0.0,0.0,0.0,0.0,0.0,0.0,0.0,0.0,0.0,0.0,0.0,0.0,0.0,0.0,0.0,0.0,0.0,0.0,-2.95464011507114,-0.5880937139215952,0.0,-0.24537380101499157
23,0.0,0.0,0.0,0.0,0.0,0.0,0.0,0.0,0.0,0.0,0.0,0.0,0.0,0.0,0.0,0.0,0.0,0.0,0.0,-0.3199591360558685,0.0,-0.39511281878892635,-0.24537380101499157,0.0
