,0,1,2,3,4,5,6,7,8,9,10,11,12,13,14,15,16,17,18,19,20,21,22,23,24
0,0.0,-4.940611485165704,-3.995746861715382,-4.912609738126629,0.0,0.0,0.0,0.0,0.0,0.0,0.0,0.0,0.0,0.0,0.0,0.0,0.0,0.0,0.0,0.0,0.0,0.0,0.0,0.0,0.0
1,-4.940611485165704,0.0,-4.430121524875931,-4.800962635939789,-3.53961046514868,0.0,0.0,0.0,0.0,0.0,0.0,0.0,0.0,0.0,0.0,0.0,0.0,0.0,0.0,0.0,0.0,0.0,0.0,0.0,0.0
2,-3.995746861715382,-4.430121524875931,0.0,-4.220279749758433,-3.988740044864391,0.0,0.0,0.0,0.0,0.0,0.0,0.0,0.0,0.0,0.0,0.0,0.0,0.0,0.0,0.0,0.0,0.0,0.0,0.0,0.0
3,-4.912609738126629,-4.800962635939789,-4.220279749758433,0.0,-3.404814602266764,-0.7171312895941773,0.0,0.0,0.0,0.0,0.0,0.0,0.0,0.0,0.0,0.0,0.0,0.0,0.0,0.0,0.0,0.0,0.0,0.0,0.0
4,0.0,-3.53961046514868,-3.988740044864391,-3.404814602266764,0.0,-0.7043153625218279,-3.4318684040352214,0.0,0.0,0.0,0.0,0.0,0.0,0.0,0.0,0.0,0.0,0.0,0.0,0.0,0.0,0.0,0.0,0.0,0.0
5,0.0,0.0,0.0,-0.7171312895941773,-0.7043153625218279,0.0,-0.7456192313781799,-0.6723033119222155,0.0,0.0,0.0,0.0,0.0,0.0,0.0,0.0,0.0,0.0,0.0,0.0,0.0,0.0,0.0,0.0,0.0
6,0.0,0.0,0.0,0.0,-3.4318684040352214,-0.7456192313781799,0.0,-3.320631230009338,-3.941694439021283,-3.510593655363448,0.0,0.0,0.0,0.0,0.0,0.0,0.0,0.0,0.0,0.0,0.0,0.0,0.0,0.0,0.0
7,0.0,0.0,0.0,0.0,0.0,-0.6723033119222155,-3.320631230009338,0.0,-3.462933001141716,-4.266819937641672,0.0,0.0,0.0,0.0,0.0,0.0,0.0,0.0,0.0,0.0,0.0,0.0,0.0,0.0,0.0
8,0.0,0.0,0.0,0.0,0.0,0.0,-3.941694439021283,-3.462933001141716,0.0,-3.401691221191539,-3.30725769694654,-5.10823916912668,0.0,0.0,0.0,0.0,0.0,0.0,0.0,0.0,0.0,0.0,0.0,0.0,0.0
9,0.0,0.0,0.0,0.0,0.0,0.0,-3.510593655363448,-4.266819937641672,-3.401691221191539,0.0,-3.4009815755802455,-3.273111133384583,0.0,0.0,0.0,0.0,0.0,0.0,0.0,0.0,0.0,0.0,0.0,0.0,0.0
10,0.0,0.0,0.0,0.0,0.0,0.0,0.0,0.0,-3.30725769694654,-3.4009815755802455,0.0,-3.3251385602555463,-0.8729837023238047,-0.924463209259478,0.0,0.0,0.0,0.0,0.0,0.0,0.0,0.0,0.0,0.0,0.0
11,0.0,0.0,0.0,0.0,0.0,0.0,0.0,0.0,-5.10823916912668,-3.273111133384583,-3.3251385602555463,0.0,0.0,0.0,0.0,0.0,0.0,0.0,0.0,0.0,0.0,0.0,0.0,0.0,0.0
12,0.0,0.0,0.0,0.0,0.0,0.0,0.0,0.0,0.0,0.0,-0.8729837023238047,0.0,0.0,-1.7866656536982812,-2.7925595768606484,0.0,0.0,0.0,0.0,0.0,0.0,0.0,0.0,0.0,0.0
13,0.0,0.0,0.0,0.0,0.0,0.0,0.0,0.0,0.0,0.0,-0.924463209259478,0.0,-1.7866656536982812,0.0,-1.9072991595745552,0.0,0.0,0.0,0.0,0.0,0.0,0.0,0.0,0.0,0.0
14,0.0,0.0,0.0,0.0,0.0,0.0,0.0,0.0,0.0,0.0,0.0,0.0,-2.7925595768606484,-1.9072991595745552,0.0,0.0,-0.6706310712223907,0.0,0.0,0.0,0.0,0.0,0.0,0.0,0.0
15,0.0,0.0,0.0,0.0,0.0,0.0,0.0,0.0,0.0,0.0,0.0,0.0,0.0,0.0,0.0,0.0,-2.953977329452027,-0.9791970775900414,-3.0154171112849686,0.0,0.0,0.0,0.0,0.0,0.0
16,0.0,0.0,0.0,0.0,0.0,0.0,0.0,0.0,0.0,0.0,0.0,0.0,0.0,0.0,-0.6706310712223907,-2.953977329452027,0.0,-0.8531860200407182,-3.2667483948955462,0.0,0.0,0.0,0.0,0.0,0.0
17,0.0,0.0,0.0,0.0,0.0,0.0,0.0,0.0,0.0,0.0,0.0,0.0,0.0,0.0,0.0,-0.9791970775900414,-0.8531860200407182,0.0,-0.9099555084633825,-2.224763925643848,0.0,0.0,0.0,0.0,0.0
18,0.0,0.0,0.0,0.0,0.0,0.0,0.0,0.0,0.0,0.0,0.0,0.0,0.0,0.0,0.0,-3.0154171112849686,-3.2667483948955462,-0.9099555084633825,0.0,0.0,0.0,0.0,0.0,0.0,0.0
19,0.0,0.0,0.0,0.0,0.0,0.0,0.0,0.0,0.0,0.0,0.0,0.0,0.0,0.0,0.0,0.0,0.0,-2.224763925643848,0.0,0.0,-0.02679625258870136,-3.5353213693214203,-0.27904526135965585,0.0,0.0
20,0.0,0.0,0.0,0.0,0.0,0.0,0.0,0.0,0.0,0.0,0.0,0.0,0.0,0.0,0.0,0.0,0.0,0.0,0.0,-0.02679625258870136,0.0,-0.0018826150919184898,-1.3696638235869103,0.0,-0.16082951637231307
21,0.0,0.0,0.0,0.0,0.0,0.0,0.0,0.0,0.0,0.0,0.0,0.0,0.0,0.0,0.0,0.0,0.0,0.0,0.0,-3.5353213693214203,-0.0018826150919184898,0.0,-0.24438911643136432,-2.4753049815423513,-1.8610804217398575
22,0.0,0.0,0.0,0.0,0.0,0.0,0.0,0.0,0.0,0.0,0.0,0.0,0.0,0.0,0.0,0.0,0.0,0.0,0.0,-0.27904526135965585,-1.3696638235869103,-0.24438911643136432,0.0,-0.28509151676526445,-0.46189513542358046
23,0.0,0.0,0.0,0.0,0.0,0.0,0.0,0.0,0.0,0.0,0.0,0.0,0.0,0.0,0.0,0.0,0.0,0.0,0.0,0.0,0.0,-2.4753049815423513,-0.28509151676526445,0.0,-2.0452676389743387
24,0.0,0.0,0.0,0.0,0.0,0.0,0.0,0.0,0.0,0.0,0.0,0.0,0.0,0.0,0.0,0.0,0.0,0.0,0.0,0.0,-0.16082951637231307,-1.8610804217398575,-0.46189513542358046,-2.0452676389743387,0.0
