,0,1,2,3,4,5,6,7,8,9,10,11,12,13,14,15,16,17,18,19,20,21,22,23,24,25
0,0.0,-1.5160225231872821,-1.5827727595683412,-1.5229799233346069,0.0,0.0,0.0,0.0,0.0,0.0,0.0,0.0,0.0,0.0,0.0,0.0,0.0,0.0,0.0,0.0,0.0,0.0,0.0,0.0,0.0,0.0
1,-1.5160225231872821,0.0,-4.1035485664868405,-6.082511122678623,0.0,0.0,0.0,0.0,0.0,0.0,0.0,0.0,0.0,0.0,0.0,0.0,0.0,0.0,0.0,0.0,0.0,0.0,0.0,0.0,0.0,0.0
2,-1.5827727595683412,-4.1035485664868405,0.0,-4.243048337336282,-1.3261157503635026,-3.8014875854617327,0.0,0.0,0.0,0.0,0.0,0.0,0.0,0.0,0.0,0.0,0.0,0.0,0.0,0.0,0.0,0.0,0.0,0.0,0.0,0.0
3,-1.5229799233346069,-6.082511122678623,-4.243048337336282,0.0,-1.2812293443221605,-4.640837600473776,-1.35282947498174,0.0,0.0,0.0,0.0,0.0,0.0,0.0,0.0,0.0,0.0,0.0,0.0,0.0,0.0,0.0,0.0,0.0,0.0,0.0
4,0.0,0.0,-1.3261157503635026,-1.2812293443221605,0.0,-1.2478797331575457,-3.763845819122149,0.0,0.0,0.0,0.0,0.0,0.0,0.0,0.0,0.0,0.0,0.0,0.0,0.0,0.0,0.0,0.0,0.0,0.0,0.0
5,0.0,0.0,-3.8014875854617327,-4.640837600473776,-1.2478797331575457,0.0,-1.317461137091218,0.0,0.0,0.0,0.0,0.0,0.0,0.0,0.0,0.0,0.0,0.0,0.0,0.0,0.0,0.0,0.0,0.0,0.0,0.0
6,0.0,0.0,0.0,-1.35282947498174,-3.763845819122149,-1.317461137091218,0.0,-1.3117000484121517,0.0,0.0,0.0,0.0,0.0,0.0,0.0,0.0,0.0,0.0,0.0,0.0,0.0,0.0,0.0,0.0,0.0,0.0
7,0.0,0.0,0.0,0.0,0.0,0.0,-1.3117000484121517,0.0,-1.2706484879182849,0.0,-3.912994926249407,0.0,-1.7556974823843943,0.0,0.0,0.0,0.0,0.0,0.0,0.0,0.0,0.0,0.0,0.0,0.0,0.0
8,0.0,0.0,0.0,0.0,0.0,0.0,0.0,-1.2706484879182849,0.0,-3.9535766801303174,-1.2026132680802548,-1.0370175510143287,0.0,0.0,0.0,0.0,0.0,0.0,0.0,0.0,0.0,0.0,0.0,0.0,0.0,0.0
9,0.0,0.0,0.0,0.0,0.0,0.0,0.0,0.0,-3.9535766801303174,0.0,-1.2597287370991241,-1.0874528728895847,-0.8309063621782973,0.0,0.0,0.0,0.0,0.0,0.0,0.0,0.0,0.0,0.0,0.0,0.0,0.0
10,0.0,0.0,0.0,0.0,0.0,0.0,0.0,-3.912994926249407,-1.2026132680802548,-1.2597287370991241,0.0,-2.807053762342305,-1.8736514022156427,0.0,0.0,0.0,0.0,0.0,0.0,0.0,0.0,0.0,0.0,0.0,0.0,0.0
11,0.0,0.0,0.0,0.0,0.0,0.0,0.0,0.0,-1.0370175510143287,-1.0874528728895847,-2.807053762342305,0.0,-2.3110473257876607,-2.5718225447156087,0.0,0.0,0.0,0.0,0.0,0.0,0.0,0.0,0.0,0.0,0.0,0.0
12,0.0,0.0,0.0,0.0,0.0,0.0,0.0,-1.7556974823843943,0.0,-0.8309063621782973,-1.8736514022156427,-2.3110473257876607,0.0,-2.319568107087993,0.0,0.0,0.0,0.0,0.0,0.0,0.0,0.0,0.0,0.0,0.0,0.0
13,0.0,0.0,0.0,0.0,0.0,0.0,0.0,0.0,0.0,0.0,0.0,-2.5718225447156087,-2.319568107087993,0.0,0.0,-1.9501281366249235,0.0,0.0,0.0,0.0,0.0,0.0,0.0,0.0,0.0,0.0
14,0.0,0.0,0.0,0.0,0.0,0.0,0.0,0.0,0.0,0.0,0.0,0.0,0.0,0.0,0.0,-1.3480771511685412,-1.1693638761203615,-0.7833759938583188,0.0,0.0,0.0,0.0,0.0,0.0,0.0,0.0
15,0.0,0.0,0.0,0.0,0.0,0.0,0.0,0.0,0.0,0.0,0.0,0.0,0.0,-1.9501281366249235,-1.3480771511685412,0.0,-2.5945735133925734,-1.4326062136224298,0.0,0.0,0.0,0.0,0.0,0.0,0.0,0.0
16,0.0,0.0,0.0,0.0,0.0,0.0,0.0,0.0,0.0,0.0,0.0,0.0,0.0,0.0,-1.1693638761203615,-2.5945735133925734,0.0,-1.8045608018528518,0.0,0.0,0.0,0.0,0.0,0.0,0.0,0.0
17,0.0,0.0,0.0,0.0,0.0,0.0,0.0,0.0,0.0,0.0,0.0,0.0,0.0,0.0,-0.7833759938583188,-1.4326062136224298,-1.8045608018528518,0.0,0.0,-1.8238724909713,0.0,0.0,0.0,0.0,0.0,0.0
18,0.0,0.0,0.0,0.0,0.0,0.0,0.0,0.0,0.0,0.0,0.0,0.0,0.0,0.0,0.0,0.0,0.0,0.0,0.0,-0.7580688511446396,-0.11093036338086729,-0.7947712645955487,0.0,0.0,0.0,0.0
19,0.0,0.0,0.0,0.0,0.0,0.0,0.0,0.0,0.0,0.0,0.0,0.0,0.0,0.0,0.0,0.0,0.0,-1.8238724909713,-0.7580688511446396,0.0,-0.7988160861247535,0.0,0.0,0.0,0.0,0.0
20,0.0,0.0,0.0,0.0,0.0,0.0,0.0,0.0,0.0,0.0,0.0,0.0,0.0,0.0,0.0,0.0,0.0,0.0,-0.11093036338086729,-0.7988160861247535,0.0,-0.09288040764400919,0.0,0.0,0.0,-2.4063818400267216
21,0.0,0.0,0.0,0.0,0.0,0.0,0.0,0.0,0.0,0.0,0.0,0.0,0.0,0.0,0.0,0.0,0.0,0.0,-0.7947712645955487,0.0,-0.09288040764400919,0.0,-0.4420046439951851,0.0,-0.1373855824562077,-0.19344833314032445
22,0.0,0.0,0.0,0.0,0.0,0.0,0.0,0.0,0.0,0.0,0.0,0.0,0.0,0.0,0.0,0.0,0.0,0.0,0.0,0.0,0.0,-0.4420046439951851,0.0,-0.3264494238072984,-0.8851390028126366,-0.7315698518746799
23,0.0,0.0,0.0,0.0,0.0,0.0,0.0,0.0,0.0,0.0,0.0,0.0,0.0,0.0,0.0,0.0,0.0,0.0,0.0,0.0,0.0,0.0,-0.3264494238072984,0.0,0.08531145847320702,0.17326363104276546
24,0.0,0.0,0.0,0.0,0.0,0.0,0.0,0.0,0.0,0.0,0.0,0.0,0.0,0.0,0.0,0.0,0.0,0.0,0.0,0.0,0.0,-0.1373855824562077,-0.8851390028126366,0.08531145847320702,0.0,-1.943937147435305
25,0.0,0.0,0.0,0.0,0.0,0.0,0.0,0.0,0.0,0.0,0.0,0.0,0.0,0.0,0.0,0.0,0.0,0.0,0.0,0.0,-2.4063818400267216,-0.19344833314032445,-0.7315698518746799,0.17326363104276546,-1.943937147435305,0.0
