,0,1,2,3,4,5,6,7,8,9,10,11,12,13,14,15,16,17,18
0,0.0,-5.849413695488008,-5.1403501394435445,-3.9203766528137836,0.0,0.0,0.0,0.0,0.0,0.0,0.0,0.0,0.0,0.0,0.0,0.0,0.0,0.0,0.0
1,-5.849413695488008,0.0,-4.935841102525555,-3.791410781638213,0.0,0.0,0.0,0.0,0.0,0.0,0.0,0.0,0.0,0.0,0.0,0.0,0.0,0.0,0.0
2,-5.1403501394435445,-4.935841102525555,0.0,-4.067809884512088,0.0,-2.9760952224421495,0.0,0.0,0.0,0.0,0.0,0.0,0.0,0.0,0.0,0.0,0.0,0.0,0.0
3,-3.9203766528137836,-3.791410781638213,-4.067809884512088,0.0,-3.8571599044211586,-2.981646282169251,-2.9387098937597225,0.0,0.0,0.0,0.0,0.0,0.0,0.0,0.0,0.0,0.0,0.0,0.0
4,0.0,0.0,0.0,-3.8571599044211586,0.0,-2.857391009313649,-3.4368617060522193,0.0,0.0,0.0,0.0,0.0,0.0,0.0,0.0,0.0,0.0,0.0,0.0
5,0.0,0.0,-2.9760952224421495,-2.981646282169251,-2.857391009313649,0.0,-2.4934635747303004,0.0,0.0,0.0,0.0,0.0,0.0,0.0,0.0,0.0,0.0,0.0,0.0
6,0.0,0.0,0.0,-2.9387098937597225,-3.4368617060522193,-2.4934635747303004,0.0,-2.865316463695311,-0.43863656016492414,-0.39316647406644617,0.0,0.0,0.0,0.0,0.0,0.0,0.0,0.0,0.0
7,0.0,0.0,0.0,0.0,0.0,0.0,-2.865316463695311,0.0,-0.35569420359891657,-0.31595807256861486,0.0,0.0,0.0,0.0,0.0,0.0,0.0,0.0,0.0
8,0.0,0.0,0.0,0.0,0.0,0.0,-0.43863656016492414,-0.35569420359891657,0.0,-2.5194511124081598,-3.39484257600918,-2.9976534113319104,0.0,-0.9333039605703676,0.0,0.0,0.0,0.0,0.0
9,0.0,0.0,0.0,0.0,0.0,0.0,-0.39316647406644617,-0.31595807256861486,-2.5194511124081598,0.0,-2.172844728006609,-2.6719347863249796,0.0,-0.9042810097249422,0.0,0.0,0.0,0.0,0.0
10,0.0,0.0,0.0,0.0,0.0,0.0,0.0,0.0,-3.39484257600918,-2.172844728006609,0.0,-2.6509611006759437,0.0,0.0,0.0,0.0,0.0,0.0,0.0
11,0.0,0.0,0.0,0.0,0.0,0.0,0.0,0.0,-2.9976534113319104,-2.6719347863249796,-2.6509611006759437,0.0,0.0,-0.8264905998910019,0.0,0.0,0.0,0.0,0.0
12,0.0,0.0,0.0,0.0,0.0,0.0,0.0,0.0,0.0,0.0,0.0,0.0,0.0,-1.2815496755706859,-0.5390853085083771,0.0,-3.1782490502024228,0.0,0.0
13,0.0,0.0,0.0,0.0,0.0,0.0,0.0,0.0,-0.9333039605703676,-0.9042810097249422,0.0,-0.8264905998910019,-1.2815496755706859,0.0,-1.1637694909040583,0.0,0.0,0.0,-1.165634464703754
14,0.0,0.0,0.0,0.0,0.0,0.0,0.0,0.0,0.0,0.0,0.0,0.0,-0.5390853085083771,-1.1637694909040583,0.0,0.0,-0.6045868402595108,-0.6067040250774033,-2.0923351963001746
15,0.0,0.0,0.0,0.0,0.0,0.0,0.0,0.0,0.0,0.0,0.0,0.0,0.0,0.0,0.0,0.0,-0.5574499305009886,-0.3223708463250161,0.038909233827952
16,0.0,0.0,0.0,0.0,0.0,0.0,0.0,0.0,0.0,0.0,0.0,0.0,-3.1782490502024228,0.0,-0.6045868402595108,-0.5574499305009886,0.0,-1.7664279517759853,-0.6502511756133548
17,0.0,0.0,0.0,0.0,0.0,0.0,0.0,0.0,0.0,0.0,0.0,0.0,0.0,0.0,-0.6067040250774033,-0.3223708463250161,-1.7664279517759853,0.0,-0.7270343809594318
18,0.0,0.0,0.0,0.0,0.0,0.0,0.0,0.0,0.0,0.0,0.0,0.0,0.0,-1.165634464703754,-2.0923351963001746,0.038909233827952,-0.6502511756133548,-0.7270343809594318,0.0
