,0,1,2,3,4,5,6,7,8,9,10,11,12,13,14,15,16,17,18,19,20,21
0,0.0,-3.591659573263223,-2.7706258164570015,-3.976513221939946,0.0,0.0,0.0,0.0,0.0,0.0,0.0,0.0,0.0,0.0,0.0,0.0,0.0,0.0,0.0,0.0,0.0,0.0
1,-3.591659573263223,0.0,-2.9714550194453206,-4.458036823830986,-3.1451298685212055,0.0,0.0,0.0,0.0,0.0,0.0,0.0,0.0,0.0,0.0,0.0,0.0,0.0,0.0,0.0,0.0,0.0
2,-2.7706258164570015,-2.9714550194453206,0.0,-3.0300408071555918,-2.5334592163377345,0.0,0.0,0.0,0.0,0.0,0.0,0.0,0.0,0.0,0.0,0.0,0.0,0.0,0.0,0.0,0.0,0.0
3,-3.976513221939946,-4.458036823830986,-3.0300408071555918,0.0,-2.9071760868161185,0.0,0.0,0.0,0.0,0.0,0.0,0.0,0.0,0.0,0.0,0.0,0.0,0.0,0.0,0.0,0.0,0.0
4,0.0,-3.1451298685212055,-2.5334592163377345,-2.9071760868161185,0.0,-0.9676280099753168,-1.0118813439024672,-2.639936073477594,0.0,0.0,0.0,0.0,0.0,0.0,0.0,0.0,0.0,0.0,0.0,0.0,0.0,0.0
5,0.0,0.0,0.0,0.0,-0.9676280099753168,0.0,-2.9687613524425864,-0.7965353062258078,0.0,0.0,0.0,0.0,0.0,0.0,0.0,0.0,0.0,0.0,0.0,0.0,0.0,0.0
6,0.0,0.0,0.0,0.0,-1.0118813439024672,-2.9687613524425864,0.0,-0.8370906383749726,-0.8695057664522058,0.0,0.0,0.0,0.0,0.0,0.0,0.0,0.0,0.0,0.0,0.0,0.0,0.0
7,0.0,0.0,0.0,0.0,-2.639936073477594,-0.7965353062258078,-0.8370906383749726,0.0,-3.145291611832444,0.0,0.0,0.0,0.0,0.0,0.0,0.0,0.0,0.0,0.0,0.0,0.0,0.0
8,0.0,0.0,0.0,0.0,0.0,0.0,-0.8695057664522058,-3.145291611832444,0.0,-2.212942660761125,-0.8874723547413701,-3.4945304608711805,0.0,0.0,0.0,0.0,0.0,0.0,0.0,0.0,0.0,0.0
9,0.0,0.0,0.0,0.0,0.0,0.0,0.0,0.0,-2.212942660761125,0.0,-1.1800679597788932,-2.423920212308135,-1.5126640578445647,0.0,0.0,0.0,0.0,0.0,0.0,0.0,0.0,0.0
10,0.0,0.0,0.0,0.0,0.0,0.0,0.0,0.0,-0.8874723547413701,-1.1800679597788932,0.0,-0.955601804255596,-1.5023161196478017,0.0,0.0,0.0,0.0,0.0,0.0,0.0,0.0,0.0
11,0.0,0.0,0.0,0.0,0.0,0.0,0.0,0.0,-3.4945304608711805,-2.423920212308135,-0.955601804255596,0.0,-1.180339622024392,0.0,0.0,0.0,0.0,0.0,0.0,0.0,0.0,0.0
12,0.0,0.0,0.0,0.0,0.0,0.0,0.0,0.0,0.0,-1.5126640578445647,-1.5023161196478017,-1.180339622024392,0.0,-2.5798583273170053,-1.1294576121285707,0.0,0.0,0.0,0.0,0.0,0.0,0.0
13,0.0,0.0,0.0,0.0,0.0,0.0,0.0,0.0,0.0,0.0,0.0,0.0,-2.5798583273170053,0.0,-0.9191040237922418,-1.267135610964804,-0.9925844549726563,0.0,0.0,0.0,0.0,0.0
14,0.0,0.0,0.0,0.0,0.0,0.0,0.0,0.0,0.0,0.0,0.0,0.0,-1.1294576121285707,-0.9191040237922418,0.0,-0.510312050193141,-2.486772162623563,-0.40178170111039685,0.0,0.0,0.0,0.0
15,0.0,0.0,0.0,0.0,0.0,0.0,0.0,0.0,0.0,0.0,0.0,0.0,0.0,-1.267135610964804,-0.510312050193141,0.0,-0.6152426898437438,0.0,0.0,0.0,0.0,0.0
16,0.0,0.0,0.0,0.0,0.0,0.0,0.0,0.0,0.0,0.0,0.0,0.0,0.0,-0.9925844549726563,-2.486772162623563,-0.6152426898437438,0.0,-0.3383334600932513,-2.5435594043101992,-1.5159460118076622,0.0,-0.3128092175361223
17,0.0,0.0,0.0,0.0,0.0,0.0,0.0,0.0,0.0,0.0,0.0,0.0,0.0,0.0,-0.40178170111039685,0.0,-0.3383334600932513,0.0,0.0,0.0,0.0,-1.7044504234246756
18,0.0,0.0,0.0,0.0,0.0,0.0,0.0,0.0,0.0,0.0,0.0,0.0,0.0,0.0,0.0,0.0,-2.5435594043101992,0.0,0.0,-1.307222378829532,-1.4328215457918643,-0.39609817121654034
19,0.0,0.0,0.0,0.0,0.0,0.0,0.0,0.0,0.0,0.0,0.0,0.0,0.0,0.0,0.0,0.0,-1.5159460118076622,0.0,-1.307222378829532,0.0,-1.10932409124252,0.0
20,0.0,0.0,0.0,0.0,0.0,0.0,0.0,0.0,0.0,0.0,0.0,0.0,0.0,0.0,0.0,0.0,0.0,0.0,-1.4328215457918643,-1.10932409124252,0.0,-0.29342387095209393
21,0.0,0.0,0.0,0.0,0.0,0.0,0.0,0.0,0.0,0.0,0.0,0.0,0.0,0.0,0.0,0.0,-0.3128092175361223,-1.7044504234246756,-0.39609817121654034,0.0,-0.29342387095209393,0.0
