,0,1,2,3,4,5,6,7,8,9,10,11,12,13,14,15,16,17,18
0,0.0,-3.9712761153052503,-3.7130042662778218,-6.3489398409898286,0.0,0.0,0.0,0.0,0.0,0.0,0.0,0.0,0.0,0.0,0.0,0.0,0.0,0.0,0.0
1,-3.9712761153052503,0.0,-5.089476230015964,-4.01003513206874,-4.172413090685483,0.0,0.0,0.0,0.0,0.0,0.0,0.0,0.0,0.0,0.0,0.0,0.0,0.0,0.0
2,-3.7130042662778218,-5.089476230015964,0.0,-3.734844077805825,-3.8395028807665,-0.6263666699095014,0.0,0.0,0.0,0.0,0.0,0.0,0.0,0.0,0.0,0.0,0.0,0.0,0.0
3,-6.3489398409898286,-4.01003513206874,-3.734844077805825,0.0,-5.313132857986316,-0.669711130967903,0.0,0.0,0.0,0.0,0.0,0.0,0.0,0.0,0.0,0.0,0.0,0.0,0.0
4,0.0,-4.172413090685483,-3.8395028807665,-5.313132857986316,0.0,-0.6671099908370802,0.0,0.0,0.0,0.0,0.0,0.0,0.0,0.0,0.0,0.0,0.0,0.0,0.0
5,0.0,0.0,-0.6263666699095014,-0.669711130967903,-0.6671099908370802,0.0,-0.6632487520964936,-3.408680939029532,-3.4317067246003785,0.0,0.0,0.0,0.0,0.0,0.0,0.0,0.0,0.0,0.0
6,0.0,0.0,0.0,0.0,0.0,-0.6632487520964936,0.0,-0.6495369235210975,-0.704587717624762,0.0,0.0,0.0,0.0,0.0,0.0,0.0,0.0,0.0,0.0
7,0.0,0.0,0.0,0.0,0.0,-3.408680939029532,-0.6495369235210975,0.0,-2.7639018485533926,0.0,0.0,0.0,-2.775098460183887,0.0,0.0,0.0,0.0,0.0,0.0
8,0.0,0.0,0.0,0.0,0.0,-3.4317067246003785,-0.704587717624762,-2.7639018485533926,0.0,-1.7776870705734387,0.0,0.0,-3.089284779780071,-2.1402858871340156,0.0,0.0,0.0,0.0,0.0
9,0.0,0.0,0.0,0.0,0.0,0.0,0.0,0.0,-1.7776870705734387,0.0,-1.0486419275477021,-1.0753759279069266,-1.5391577349830436,-1.756385339278565,0.0,0.0,0.0,0.0,0.0
10,0.0,0.0,0.0,0.0,0.0,0.0,0.0,0.0,0.0,-1.0486419275477021,0.0,-3.2908095556878783,0.0,0.0,-2.474808085846791,0.0,0.0,0.0,0.0
11,0.0,0.0,0.0,0.0,0.0,0.0,0.0,0.0,0.0,-1.0753759279069266,-3.2908095556878783,0.0,0.0,-0.7136048024056535,-2.4207972695553637,0.0,0.0,0.0,0.0
12,0.0,0.0,0.0,0.0,0.0,0.0,0.0,-2.775098460183887,-3.089284779780071,-1.5391577349830436,0.0,0.0,0.0,-1.9761686223932773,0.0,0.0,0.0,0.0,0.0
13,0.0,0.0,0.0,0.0,0.0,0.0,0.0,0.0,-2.1402858871340156,-1.756385339278565,0.0,-0.7136048024056535,-1.9761686223932773,0.0,0.0,0.0,0.0,0.0,0.0
14,0.0,0.0,0.0,0.0,0.0,0.0,0.0,0.0,0.0,0.0,-2.474808085846791,-2.4207972695553637,0.0,0.0,0.0,-0.9775744048343498,0.0,0.0,0.0
15,0.0,0.0,0.0,0.0,0.0,0.0,0.0,0.0,0.0,0.0,0.0,0.0,0.0,0.0,-0.9775744048343498,0.0,-0.40442840625915233,-1.945941303024123,-0.39497102239625453
16,0.0,0.0,0.0,0.0,0.0,0.0,0.0,0.0,0.0,0.0,0.0,0.0,0.0,0.0,0.0,-0.40442840625915233,0.0,-0.356762786841485,-0.6233464299711444
17,0.0,0.0,0.0,0.0,0.0,0.0,0.0,0.0,0.0,0.0,0.0,0.0,0.0,0.0,0.0,-1.945941303024123,-0.356762786841485,0.0,-0.23039437262364318
18,0.0,0.0,0.0,0.0,0.0,0.0,0.0,0.0,0.0,0.0,0.0,0.0,0.0,0.0,0.0,-0.39497102239625453,-0.6233464299711444,-0.23039437262364318,0.0
