,0,1,2,3,4,5,6,7,8,9,10,11,12,13,14,15,16,17
0,0.0,-3.022945706332691,-3.7266946831087755,-0.8290589915545884,0.0,0.0,0.0,0.0,0.0,0.0,0.0,0.0,0.0,0.0,0.0,0.0,0.0,0.0
1,-3.022945706332691,0.0,-3.03577471321609,-0.844594699016685,0.0,0.0,0.0,0.0,0.0,0.0,0.0,0.0,0.0,0.0,0.0,0.0,0.0,0.0
2,-3.7266946831087755,-3.03577471321609,0.0,-0.8855826770837991,0.0,0.0,0.0,0.0,0.0,0.0,0.0,0.0,0.0,0.0,0.0,0.0,0.0,0.0
3,-0.8290589915545884,-0.844594699016685,-0.8855826770837991,0.0,-0.8549236399031673,0.0,0.0,0.0,0.0,0.0,0.0,0.0,0.0,0.0,0.0,0.0,0.0,0.0
4,0.0,0.0,0.0,-0.8549236399031673,0.0,-4.325981430249167,-3.4118086734841087,-3.9622564812161616,0.0,0.0,0.0,0.0,0.0,0.0,0.0,0.0,0.0,0.0
5,0.0,0.0,0.0,0.0,-4.325981430249167,0.0,-3.888480917193582,-4.715264251599969,0.0,0.0,0.0,0.0,0.0,0.0,0.0,0.0,0.0,0.0
6,0.0,0.0,0.0,0.0,-3.4118086734841087,-3.888480917193582,0.0,-4.223951219541262,0.0,0.0,0.0,0.0,0.0,0.0,0.0,0.0,0.0,0.0
7,0.0,0.0,0.0,0.0,-3.9622564812161616,-4.715264251599969,-4.223951219541262,0.0,-0.8561100727656221,-0.8165926092716332,0.0,0.0,0.0,0.0,0.0,0.0,0.0,0.0
8,0.0,0.0,0.0,0.0,0.0,0.0,0.0,-0.8561100727656221,0.0,-3.6705809213220966,-0.7901861698880559,0.0,0.0,0.0,0.0,0.0,0.0,0.0
9,0.0,0.0,0.0,0.0,0.0,0.0,0.0,-0.8165926092716332,-3.6705809213220966,0.0,-0.7545325644149601,0.0,0.0,0.0,0.0,0.0,0.0,0.0
10,0.0,0.0,0.0,0.0,0.0,0.0,0.0,0.0,-0.7901861698880559,-0.7545325644149601,0.0,-3.073580250429843,-1.1875957928213965,-1.5545100146888842,0.0,0.0,0.0,0.0
11,0.0,0.0,0.0,0.0,0.0,0.0,0.0,0.0,0.0,0.0,-3.073580250429843,0.0,-1.29250386913388,-1.7979085379902082,0.0,0.0,0.0,0.0
12,0.0,0.0,0.0,0.0,0.0,0.0,0.0,0.0,0.0,0.0,-1.1875957928213965,-1.29250386913388,0.0,-1.67293674172328,-0.993438792358145,-1.4536884397297765,0.0,0.0
13,0.0,0.0,0.0,0.0,0.0,0.0,0.0,0.0,0.0,0.0,-1.5545100146888842,-1.7979085379902082,-1.67293674172328,0.0,-1.3541778750116393,-2.4697949036648996,-2.237801962365642,0.0
14,0.0,0.0,0.0,0.0,0.0,0.0,0.0,0.0,0.0,0.0,0.0,0.0,-0.993438792358145,-1.3541778750116393,0.0,-1.7510540549373397,-1.882629294538391,-0.1427259292038097
15,0.0,0.0,0.0,0.0,0.0,0.0,0.0,0.0,0.0,0.0,0.0,0.0,-1.4536884397297765,-2.4697949036648996,-1.7510540549373397,0.0,-3.7736801011639294,-0.2677843484429383
16,0.0,0.0,0.0,0.0,0.0,0.0,0.0,0.0,0.0,0.0,0.0,0.0,0.0,-2.237801962365642,-1.882629294538391,-3.7736801011639294,0.0,-0.2446443046909864
17,0.0,0.0,0.0,0.0,0.0,0.0,0.0,0.0,0.0,0.0,0.0,0.0,0.0,0.0,-0.1427259292038097,-0.2677843484429383,-0.2446443046909864,0.0
