,0,1,2,3,4,5,6,7,8,9,10,11,12,13,14,15,16,17,18,19
0,0.0,-3.1901269436811304,-3.746838040029078,-1.118687228335084,0.0,0.0,0.0,0.0,0.0,0.0,0.0,0.0,0.0,0.0,0.0,0.0,0.0,0.0,0.0,0.0
1,-3.1901269436811304,0.0,-3.383636408028629,-1.1819130724246558,0.0,0.0,0.0,0.0,0.0,0.0,0.0,0.0,0.0,0.0,0.0,0.0,0.0,0.0,0.0,0.0
2,-3.746838040029078,-3.383636408028629,0.0,-1.0885685600847665,-5.01723617381795,-1.1001124441603953,0.0,0.0,0.0,0.0,0.0,0.0,0.0,0.0,0.0,0.0,0.0,0.0,0.0,0.0
3,-1.118687228335084,-1.1819130724246558,-1.0885685600847665,0.0,-1.1018305034991245,-4.140224474275377,0.0,0.0,0.0,0.0,0.0,0.0,0.0,0.0,0.0,0.0,0.0,0.0,0.0,0.0
4,0.0,0.0,-5.01723617381795,-1.1018305034991245,0.0,-1.1142092343713819,0.0,0.0,0.0,0.0,0.0,0.0,0.0,0.0,0.0,0.0,0.0,0.0,0.0,0.0
5,0.0,0.0,-1.1001124441603953,-4.140224474275377,-1.1142092343713819,0.0,-2.8713610698624086,-1.0740566725023701,0.0,0.0,0.0,0.0,0.0,0.0,0.0,0.0,0.0,0.0,0.0,0.0
6,0.0,0.0,0.0,0.0,0.0,-2.8713610698624086,0.0,-1.254090426466256,-2.591403930767983,-1.3706088461437567,0.0,0.0,0.0,0.0,0.0,0.0,0.0,0.0,0.0,0.0
7,0.0,0.0,0.0,0.0,0.0,-1.0740566725023701,-1.254090426466256,0.0,-1.0411764462317346,-3.396556161069467,0.0,0.0,0.0,0.0,0.0,0.0,0.0,0.0,0.0,0.0
8,0.0,0.0,0.0,0.0,0.0,0.0,-2.591403930767983,-1.0411764462317346,0.0,-1.130099945376602,0.0,0.0,0.0,0.0,0.0,0.0,0.0,0.0,0.0,0.0
9,0.0,0.0,0.0,0.0,0.0,0.0,-1.3706088461437567,-3.396556161069467,-1.130099945376602,0.0,-1.5326936122888986,0.0,0.0,0.0,0.0,0.0,0.0,0.0,0.0,0.0
10,0.0,0.0,0.0,0.0,0.0,0.0,0.0,0.0,0.0,-1.5326936122888986,0.0,-1.5125607971316026,-1.5682752144611696,-1.8333937070866135,0.0,0.0,0.0,0.0,0.0,0.0
11,0.0,0.0,0.0,0.0,0.0,0.0,0.0,0.0,0.0,0.0,-1.5125607971316026,0.0,-1.0841195629712974,-1.560573024431823,0.0,0.0,0.0,0.0,0.0,0.0
12,0.0,0.0,0.0,0.0,0.0,0.0,0.0,0.0,0.0,0.0,-1.5682752144611696,-1.0841195629712974,0.0,-2.0245035704925787,-2.4430050730616983,-3.768896837802503,0.0,0.0,0.0,0.0
13,0.0,0.0,0.0,0.0,0.0,0.0,0.0,0.0,0.0,0.0,-1.8333937070866135,-1.560573024431823,-2.0245035704925787,0.0,-3.0922342186065706,-1.9758461260326654,0.0,0.0,0.0,0.0
14,0.0,0.0,0.0,0.0,0.0,0.0,0.0,0.0,0.0,0.0,0.0,0.0,-2.4430050730616983,-3.0922342186065706,0.0,-2.3702182648505157,0.0,0.0,0.0,0.0
15,0.0,0.0,0.0,0.0,0.0,0.0,0.0,0.0,0.0,0.0,0.0,0.0,-3.768896837802503,-1.9758461260326654,-2.3702182648505157,0.0,-1.3831924093756127,0.0,0.0,0.0
16,0.0,0.0,0.0,0.0,0.0,0.0,0.0,0.0,0.0,0.0,0.0,0.0,0.0,0.0,0.0,-1.3831924093756127,0.0,-0.24622281604387855,-0.573836323581086,-1.498896579171257
17,0.0,0.0,0.0,0.0,0.0,0.0,0.0,0.0,0.0,0.0,0.0,0.0,0.0,0.0,0.0,0.0,-0.24622281604387855,0.0,0.2916131230020879,-0.575454282371594
18,0.0,0.0,0.0,0.0,0.0,0.0,0.0,0.0,0.0,0.0,0.0,0.0,0.0,0.0,0.0,0.0,-0.573836323581086,0.2916131230020879,0.0,-0.2531902050398583
19,0.0,0.0,0.0,0.0,0.0,0.0,0.0,0.0,0.0,0.0,0.0,0.0,0.0,0.0,0.0,0.0,-1.498896579171257,-0.575454282371594,-0.2531902050398583,0.0
