,0,1,2,3,4,5,6,7,8,9,10,11,12,13,14,15,16,17,18,19,20
0,0.0,-5.80164145070415,-0.93382462359562,-3.8297060459890786,0.0,0.0,0.0,0.0,0.0,0.0,0.0,0.0,0.0,0.0,0.0,0.0,0.0,0.0,0.0,0.0,0.0
1,-5.80164145070415,0.0,-0.9284361017114575,-3.965301045004689,0.0,0.0,0.0,0.0,0.0,0.0,0.0,0.0,0.0,0.0,0.0,0.0,0.0,0.0,0.0,0.0,0.0
2,-0.93382462359562,-0.9284361017114575,0.0,-0.9122287186971758,-0.8965928026165547,-0.9419988718622154,0.0,0.0,0.0,0.0,0.0,0.0,0.0,0.0,0.0,0.0,0.0,0.0,0.0,0.0,0.0
3,-3.8297060459890786,-3.965301045004689,-0.9122287186971758,0.0,-4.222796480720006,-4.318009090050597,-3.562339421930265,0.0,0.0,0.0,0.0,0.0,0.0,0.0,0.0,0.0,0.0,0.0,0.0,0.0,0.0
4,0.0,0.0,-0.8965928026165547,-4.222796480720006,0.0,-3.9463369267538027,-4.271080370517844,-2.6219473463026435,0.0,0.0,0.0,0.0,0.0,0.0,0.0,0.0,0.0,0.0,0.0,0.0,0.0
5,0.0,0.0,-0.9419988718622154,-4.318009090050597,-3.9463369267538027,0.0,-3.5359759628875156,-2.794737352321382,-1.68066439589162,0.0,0.0,0.0,0.0,0.0,0.0,0.0,0.0,0.0,0.0,0.0,0.0
6,0.0,0.0,0.0,-3.562339421930265,-4.271080370517844,-3.5359759628875156,0.0,-2.65676466959262,-1.589176144015931,0.0,0.0,0.0,0.0,0.0,0.0,0.0,0.0,0.0,0.0,0.0,0.0
7,0.0,0.0,0.0,0.0,-2.6219473463026435,-2.794737352321382,-2.65676466959262,0.0,-1.9955063233222157,-2.7913551239538,-2.36255565540517,0.0,0.0,0.0,0.0,0.0,0.0,0.0,0.0,0.0,0.0
8,0.0,0.0,0.0,0.0,0.0,-1.68066439589162,-1.589176144015931,-1.9955063233222157,0.0,0.0,0.0,0.0,0.0,0.0,0.0,0.0,0.0,0.0,0.0,0.0,0.0
9,0.0,0.0,0.0,0.0,0.0,0.0,0.0,-2.7913551239538,0.0,0.0,-2.727206671287267,-3.0389454173936223,0.0,0.0,0.0,0.0,0.0,0.0,0.0,0.0,0.0
10,0.0,0.0,0.0,0.0,0.0,0.0,0.0,-2.36255565540517,0.0,-2.727206671287267,0.0,-2.7628732283830284,-2.3475516749016556,0.0,0.0,0.0,0.0,0.0,0.0,0.0,0.0
11,0.0,0.0,0.0,0.0,0.0,0.0,0.0,0.0,0.0,-3.0389454173936223,-2.7628732283830284,0.0,-3.0304427094206448,-4.083587871404566,-1.1608111445809184,0.0,0.0,0.0,0.0,0.0,0.0
12,0.0,0.0,0.0,0.0,0.0,0.0,0.0,0.0,0.0,0.0,-2.3475516749016556,-3.0304427094206448,0.0,-3.3587297437118995,-1.2405493269633436,-1.3102275706037354,0.0,0.0,0.0,0.0,0.0
13,0.0,0.0,0.0,0.0,0.0,0.0,0.0,0.0,0.0,0.0,0.0,-4.083587871404566,-3.3587297437118995,0.0,-1.2100104599069212,-1.2423209888008706,0.0,0.0,0.0,0.0,0.0
14,0.0,0.0,0.0,0.0,0.0,0.0,0.0,0.0,0.0,0.0,0.0,-1.1608111445809184,-1.2405493269633436,-1.2100104599069212,0.0,-2.395481259793575,0.0,0.0,0.0,0.0,0.0
15,0.0,0.0,0.0,0.0,0.0,0.0,0.0,0.0,0.0,0.0,0.0,0.0,-1.3102275706037354,-1.2423209888008706,-2.395481259793575,0.0,0.0,0.0,0.0,0.0,0.0
16,0.0,0.0,0.0,0.0,0.0,0.0,0.0,0.0,0.0,0.0,0.0,0.0,0.0,0.0,0.0,0.0,0.0,-1.580561221963328,-3.3329411272501637,-1.953979734139404,0.0
17,0.0,0.0,0.0,0.0,0.0,0.0,0.0,0.0,0.0,0.0,0.0,0.0,0.0,0.0,0.0,0.0,-1.580561221963328,0.0,-1.4320922885796081,-2.567937825106767,-0.4018262136290852
18,0.0,0.0,0.0,0.0,0.0,0.0,0.0,0.0,0.0,0.0,0.0,0.0,0.0,0.0,0.0,0.0,-3.3329411272501637,-1.4320922885796081,0.0,-1.7319592153471695,-0.7616617724436586
19,0.0,0.0,0.0,0.0,0.0,0.0,0.0,0.0,0.0,0.0,0.0,0.0,0.0,0.0,0.0,0.0,-1.953979734139404,-2.567937825106767,-1.7319592153471695,0.0,-0.5231812807674706
20,0.0,0.0,0.0,0.0,0.0,0.0,0.0,0.0,0.0,0.0,0.0,0.0,0.0,0.0,0.0,0.0,0.0,-0.4018262136290852,-0.7616617724436586,-0.5231812807674706,0.0
