,0,1,2,3,4,5,6,7,8,9,10,11,12,13,14,15,16,17,18,19,20,21,22
0,0.0,-3.0950451551618023,-3.1383642850337354,-3.86039259192735,0.0,0.0,0.0,0.0,0.0,0.0,0.0,0.0,0.0,0.0,0.0,0.0,0.0,0.0,0.0,0.0,0.0,0.0,0.0
1,-3.0950451551618023,0.0,-4.43144177562229,-3.7206755185941813,-1.7098994048383622,0.0,0.0,0.0,0.0,0.0,0.0,0.0,0.0,0.0,0.0,0.0,0.0,0.0,0.0,0.0,0.0,0.0,0.0
2,-3.1383642850337354,-4.43144177562229,0.0,-3.7362664980842295,-1.7507962131137553,0.0,0.0,0.0,0.0,0.0,0.0,0.0,0.0,0.0,0.0,0.0,0.0,0.0,0.0,0.0,0.0,0.0,0.0
3,-3.86039259192735,-3.7206755185941813,-3.7362664980842295,0.0,-1.8396814449384198,0.0,0.0,0.0,0.0,0.0,0.0,0.0,0.0,0.0,0.0,0.0,0.0,0.0,0.0,0.0,0.0,0.0,0.0
4,0.0,-1.7098994048383622,-1.7507962131137553,-1.8396814449384198,0.0,-4.094798736083608,-4.40197363879315,-3.7028060497098285,0.0,0.0,0.0,0.0,0.0,0.0,0.0,0.0,0.0,0.0,0.0,0.0,0.0,0.0,0.0
5,0.0,0.0,0.0,0.0,-4.094798736083608,0.0,-5.220257071828727,-3.6543415485197417,0.0,0.0,0.0,0.0,0.0,0.0,0.0,0.0,0.0,0.0,0.0,0.0,0.0,0.0,0.0
6,0.0,0.0,0.0,0.0,-4.40197363879315,-5.220257071828727,0.0,-3.6110917518476318,0.0,0.0,0.0,0.0,0.0,0.0,0.0,0.0,0.0,0.0,0.0,0.0,0.0,0.0,0.0
7,0.0,0.0,0.0,0.0,-3.7028060497098285,-3.6543415485197417,-3.6110917518476318,0.0,0.0,0.0,0.0,0.0,0.0,0.0,0.0,0.0,0.0,0.0,0.0,0.0,0.0,0.0,0.0
8,0.0,0.0,0.0,0.0,0.0,0.0,0.0,0.0,0.0,-1.9547867108187202,-3.0384586881862474,-2.389347424574165,0.0,0.0,0.0,0.0,0.0,0.0,0.0,0.0,0.0,0.0,0.0
9,0.0,0.0,0.0,0.0,0.0,0.0,0.0,0.0,-1.9547867108187202,0.0,-1.7425747236387508,-1.4855456892370065,0.0,0.0,0.0,0.0,0.0,0.0,0.0,0.0,0.0,0.0,0.0
10,0.0,0.0,0.0,0.0,0.0,0.0,0.0,0.0,-3.0384586881862474,-1.7425747236387508,0.0,-2.9659677931430566,-2.4514384370985365,-2.3827322462824867,0.0,0.0,0.0,0.0,0.0,0.0,0.0,0.0,0.0
11,0.0,0.0,0.0,0.0,0.0,0.0,0.0,0.0,-2.389347424574165,-1.4855456892370065,-2.9659677931430566,0.0,-1.983607077380663,-1.9534705866141557,0.0,0.0,0.0,0.0,0.0,0.0,0.0,0.0,0.0
12,0.0,0.0,0.0,0.0,0.0,0.0,0.0,0.0,0.0,0.0,-2.4514384370985365,-1.983607077380663,0.0,-3.2500643705584293,0.0,0.0,0.0,0.0,0.0,0.0,0.0,0.0,0.0
13,0.0,0.0,0.0,0.0,0.0,0.0,0.0,0.0,0.0,0.0,-2.3827322462824867,-1.9534705866141557,-3.2500643705584293,0.0,-2.4774654326937173,-2.9390101249316287,-2.688083669028377,0.0,0.0,0.0,0.0,0.0,0.0
14,0.0,0.0,0.0,0.0,0.0,0.0,0.0,0.0,0.0,0.0,0.0,0.0,0.0,-2.4774654326937173,0.0,-3.1263738039409956,-1.9906069870015928,0.0,0.0,0.0,0.0,0.0,0.0
15,0.0,0.0,0.0,0.0,0.0,0.0,0.0,0.0,0.0,0.0,0.0,0.0,0.0,-2.9390101249316287,-3.1263738039409956,0.0,-2.136848128748302,-2.925085262690923,0.0,0.0,0.0,0.0,0.0
16,0.0,0.0,0.0,0.0,0.0,0.0,0.0,0.0,0.0,0.0,0.0,0.0,0.0,-2.688083669028377,-1.9906069870015928,-2.136848128748302,0.0,-2.412286885291832,-3.5666797147493643,0.0,0.0,0.0,0.0
17,0.0,0.0,0.0,0.0,0.0,0.0,0.0,0.0,0.0,0.0,0.0,0.0,0.0,0.0,0.0,-2.925085262690923,-2.412286885291832,0.0,-2.4429995959363477,-1.8448941882608527,0.0,0.0,0.0
18,0.0,0.0,0.0,0.0,0.0,0.0,0.0,0.0,0.0,0.0,0.0,0.0,0.0,0.0,0.0,0.0,-3.5666797147493643,-2.4429995959363477,0.0,-2.486737963389204,0.0,0.0,0.0
19,0.0,0.0,0.0,0.0,0.0,0.0,0.0,0.0,0.0,0.0,0.0,0.0,0.0,0.0,0.0,0.0,0.0,-1.8448941882608527,-2.486737963389204,0.0,-1.273533218176583,-1.6402879397126258,-1.1196116097364952
20,0.0,0.0,0.0,0.0,0.0,0.0,0.0,0.0,0.0,0.0,0.0,0.0,0.0,0.0,0.0,0.0,0.0,0.0,0.0,-1.273533218176583,0.0,-2.254497283928982,-2.89738495772956
21,0.0,0.0,0.0,0.0,0.0,0.0,0.0,0.0,0.0,0.0,0.0,0.0,0.0,0.0,0.0,0.0,0.0,0.0,0.0,-1.6402879397126258,-2.254497283928982,0.0,-1.8337100122831709
22,0.0,0.0,0.0,0.0,0.0,0.0,0.0,0.0,0.0,0.0,0.0,0.0,0.0,0.0,0.0,0.0,0.0,0.0,0.0,-1.1196116097364952,-2.89738495772956,-1.8337100122831709,0.0
