,0,1,2,3,4,5,6,7,8,9,10,11,12,13,14,15,16,17,18,19,20,21,22,23
0,0.0,-4.35915183577822,-4.88445308836173,-5.366322026616023,0.0,0.0,0.0,0.0,0.0,0.0,0.0,0.0,0.0,0.0,0.0,0.0,0.0,0.0,0.0,0.0,0.0,0.0,0.0,0.0
1,-4.35915183577822,0.0,-4.082344941032479,-4.230454965767809,-1.0872335311293744,0.0,0.0,0.0,0.0,0.0,0.0,0.0,0.0,0.0,0.0,0.0,0.0,0.0,0.0,0.0,0.0,0.0,0.0,0.0
2,-4.88445308836173,-4.082344941032479,0.0,-5.8187424392323095,-1.1048308004305587,0.0,0.0,0.0,0.0,0.0,0.0,0.0,0.0,0.0,0.0,0.0,0.0,0.0,0.0,0.0,0.0,0.0,0.0,0.0
3,-5.366322026616023,-4.230454965767809,-5.8187424392323095,0.0,-1.1073129570785185,0.0,0.0,0.0,0.0,0.0,0.0,0.0,0.0,0.0,0.0,0.0,0.0,0.0,0.0,0.0,0.0,0.0,0.0,0.0
4,0.0,-1.0872335311293744,-1.1048308004305587,-1.1073129570785185,0.0,-3.9363781146739196,-2.646995652707444,0.0,0.0,0.0,0.0,0.0,0.0,0.0,0.0,0.0,0.0,0.0,0.0,0.0,0.0,0.0,0.0,0.0
5,0.0,0.0,0.0,0.0,-3.9363781146739196,0.0,-2.96388349537835,-3.610964738868056,0.0,0.0,0.0,0.0,0.0,0.0,0.0,0.0,0.0,0.0,0.0,0.0,0.0,0.0,0.0,0.0
6,0.0,0.0,0.0,0.0,-2.646995652707444,-2.96388349537835,0.0,-3.699724384753532,-3.2009992775798026,-3.1637926877156963,0.0,0.0,0.0,0.0,0.0,0.0,0.0,0.0,0.0,0.0,0.0,0.0,0.0,0.0
7,0.0,0.0,0.0,0.0,0.0,-3.610964738868056,-3.699724384753532,0.0,-4.109856341199002,-4.040466609385547,0.0,0.0,0.0,0.0,0.0,0.0,0.0,0.0,0.0,0.0,0.0,0.0,0.0,0.0
8,0.0,0.0,0.0,0.0,0.0,0.0,-3.2009992775798026,-4.109856341199002,0.0,-4.99585032945755,0.0,0.0,0.0,0.0,0.0,0.0,0.0,0.0,0.0,0.0,0.0,0.0,0.0,0.0
9,0.0,0.0,0.0,0.0,0.0,0.0,-3.1637926877156963,-4.040466609385547,-4.99585032945755,0.0,-1.7181207394041482,0.0,0.0,0.0,0.0,0.0,0.0,0.0,0.0,0.0,0.0,0.0,0.0,0.0
10,0.0,0.0,0.0,0.0,0.0,0.0,0.0,0.0,0.0,-1.7181207394041482,0.0,-1.9114672999307016,-1.864785165238833,-2.1734270491800824,0.0,0.0,0.0,0.0,0.0,0.0,0.0,0.0,0.0,0.0
11,0.0,0.0,0.0,0.0,0.0,0.0,0.0,0.0,0.0,0.0,-1.9114672999307016,0.0,-1.194725709056289,-1.341516899830596,0.0,0.0,0.0,0.0,0.0,0.0,0.0,0.0,0.0,0.0
12,0.0,0.0,0.0,0.0,0.0,0.0,0.0,0.0,0.0,0.0,-1.864785165238833,-1.194725709056289,0.0,-3.1679929009190353,0.0,0.0,0.0,0.0,0.0,0.0,0.0,0.0,0.0,0.0
13,0.0,0.0,0.0,0.0,0.0,0.0,0.0,0.0,0.0,0.0,-2.1734270491800824,-1.341516899830596,-3.1679929009190353,0.0,0.0,0.0,0.0,0.0,0.0,0.0,0.0,0.0,0.0,0.0
14,0.0,0.0,0.0,0.0,0.0,0.0,0.0,0.0,0.0,0.0,0.0,0.0,0.0,0.0,0.0,-2.9591634058176273,-1.0872839493495845,-1.2331847333731527,0.0,0.0,0.0,0.0,0.0,0.0
15,0.0,0.0,0.0,0.0,0.0,0.0,0.0,0.0,0.0,0.0,0.0,0.0,0.0,0.0,-2.9591634058176273,0.0,-1.1259232725718211,-1.426352718688443,0.0,0.0,0.0,0.0,0.0,0.0
16,0.0,0.0,0.0,0.0,0.0,0.0,0.0,0.0,0.0,0.0,0.0,0.0,0.0,0.0,-1.0872839493495845,-1.1259232725718211,0.0,-1.1068441495773755,0.0,-1.1923043600131789,0.0,0.0,0.0,0.0
17,0.0,0.0,0.0,0.0,0.0,0.0,0.0,0.0,0.0,0.0,0.0,0.0,0.0,0.0,-1.2331847333731527,-1.426352718688443,-1.1068441495773755,0.0,-1.3397853246757203,-1.234791097517708,-1.3254650420090384,0.0,0.0,0.0
18,0.0,0.0,0.0,0.0,0.0,0.0,0.0,0.0,0.0,0.0,0.0,0.0,0.0,0.0,0.0,0.0,0.0,-1.3397853246757203,0.0,-2.795050849581722,-1.396266147958862,0.0,0.0,0.0
19,0.0,0.0,0.0,0.0,0.0,0.0,0.0,0.0,0.0,0.0,0.0,0.0,0.0,0.0,0.0,0.0,-1.1923043600131789,-1.234791097517708,-2.795050849581722,0.0,-1.1761247418404834,-0.15561088064163842,-0.5627396215358565,-0.9603931792597753
20,0.0,0.0,0.0,0.0,0.0,0.0,0.0,0.0,0.0,0.0,0.0,0.0,0.0,0.0,0.0,0.0,0.0,-1.3254650420090384,-1.396266147958862,-1.1761247418404834,0.0,0.0,-0.30912655197849787,-0.8291152950915113
21,0.0,0.0,0.0,0.0,0.0,0.0,0.0,0.0,0.0,0.0,0.0,0.0,0.0,0.0,0.0,0.0,0.0,0.0,0.0,-0.15561088064163842,0.0,0.0,-0.7853467324781555,-0.2816038022204937
22,0.0,0.0,0.0,0.0,0.0,0.0,0.0,0.0,0.0,0.0,0.0,0.0,0.0,0.0,0.0,0.0,0.0,0.0,0.0,-0.5627396215358565,-0.30912655197849787,-0.7853467324781555,0.0,-1.138443153371628
23,0.0,0.0,0.0,0.0,0.0,0.0,0.0,0.0,0.0,0.0,0.0,0.0,0.0,0.0,0.0,0.0,0.0,0.0,0.0,-0.9603931792597753,-0.8291152950915113,-0.2816038022204937,-1.138443153371628,0.0
