,0,1,2,3,4,5,6,7,8,9,10,11,12,13,14,15,16,17
0,0.0,-5.452869785750933,-0.24594321025838733,-3.89982299211863,0.0,0.0,0.0,0.0,0.0,0.0,0.0,0.0,0.0,0.0,0.0,0.0,0.0,0.0
1,-5.452869785750933,0.0,-0.24692256782203756,-4.130376224161693,-2.356420835694501,0.0,0.0,0.0,0.0,0.0,0.0,0.0,0.0,0.0,0.0,0.0,0.0,0.0
2,-0.24594321025838733,-0.24692256782203756,0.0,-0.24497648732021726,-0.37488206679008246,-0.20671187569476812,0.0,0.0,0.0,0.0,0.0,0.0,0.0,0.0,0.0,0.0,0.0,0.0
3,-3.89982299211863,-4.130376224161693,-0.24497648732021726,0.0,-2.3080978169070367,-3.4425796783383684,-4.671067522084524,0.0,0.0,0.0,0.0,0.0,0.0,0.0,0.0,0.0,0.0,0.0
4,0.0,-2.356420835694501,-0.37488206679008246,-2.3080978169070367,0.0,-2.029403188695462,-2.2286859326701025,-0.3216171179006118,0.0,0.0,0.0,0.0,0.0,0.0,0.0,0.0,0.0,0.0
5,0.0,0.0,-0.20671187569476812,-3.4425796783383684,-2.029403188695462,0.0,-3.7066077359598006,-0.17333134851788937,0.0,0.0,0.0,0.0,0.0,0.0,0.0,0.0,0.0,0.0
6,0.0,0.0,0.0,-4.671067522084524,-2.2286859326701025,-3.7066077359598006,0.0,-0.19600602993329005,0.0,0.0,0.0,0.0,0.0,0.0,0.0,0.0,0.0,0.0
7,0.0,0.0,0.0,0.0,-0.3216171179006118,-0.17333134851788937,-0.19600602993329005,0.0,0.0,0.0,0.0,0.0,0.0,0.0,0.0,0.0,0.0,0.0
8,0.0,0.0,0.0,0.0,0.0,0.0,0.0,0.0,0.0,-0.8887930451503182,0.11749939919778714,0.0,-0.24661868149855595,0.0,0.0,0.0,0.0,0.0
9,0.0,0.0,0.0,0.0,0.0,0.0,0.0,0.0,-0.8887930451503182,0.0,-0.0010532641204184642,-0.3561752426528157,0.009880858512281593,0.0,0.0,0.0,0.0,0.0
10,0.0,0.0,0.0,0.0,0.0,0.0,0.0,0.0,0.11749939919778714,-0.0010532641204184642,0.0,-1.184783997488123,-0.1453195757125279,0.0,0.0,0.0,0.0,0.0
11,0.0,0.0,0.0,0.0,0.0,0.0,0.0,0.0,0.0,-0.3561752426528157,-1.184783997488123,0.0,0.0,-0.6898750233664932,-0.3513476699495743,0.0,0.0,0.0
12,0.0,0.0,0.0,0.0,0.0,0.0,0.0,0.0,-0.24661868149855595,0.009880858512281593,-0.1453195757125279,0.0,0.0,0.0,0.0,0.0,0.0,0.0
13,0.0,0.0,0.0,0.0,0.0,0.0,0.0,0.0,0.0,0.0,0.0,-0.6898750233664932,0.0,0.0,-1.1592263948994892,-0.025346712769255927,-0.1723300161775402,0.20788804851679288
14,0.0,0.0,0.0,0.0,0.0,0.0,0.0,0.0,0.0,0.0,0.0,-0.3513476699495743,0.0,-1.1592263948994892,0.0,-0.3830881438214202,-0.1749389158728721,0.0
15,0.0,0.0,0.0,0.0,0.0,0.0,0.0,0.0,0.0,0.0,0.0,0.0,0.0,-0.025346712769255927,-0.3830881438214202,0.0,-0.06492463495725094,-0.308342018515266
16,0.0,0.0,0.0,0.0,0.0,0.0,0.0,0.0,0.0,0.0,0.0,0.0,0.0,-0.1723300161775402,-0.1749389158728721,-0.06492463495725094,0.0,-0.5318389532828546
17,0.0,0.0,0.0,0.0,0.0,0.0,0.0,0.0,0.0,0.0,0.0,0.0,0.0,0.20788804851679288,0.0,-0.308342018515266,-0.5318389532828546,0.0
