,0,1,2,3,4,5,6,7,8,9,10,11,12,13,14,15,16,17,18,19,20,21
0,0.0,-1.1168568829031995,-3.953356492508773,-3.6591908527122547,0.0,0.0,0.0,0.0,0.0,0.0,0.0,0.0,0.0,0.0,0.0,0.0,0.0,0.0,0.0,0.0,0.0,0.0
1,-1.1168568829031995,0.0,-1.0916410570852435,-1.1011938317987322,0.0,0.0,0.0,0.0,0.0,0.0,0.0,0.0,0.0,0.0,0.0,0.0,0.0,0.0,0.0,0.0,0.0,0.0
2,-3.953356492508773,-1.0916410570852435,0.0,-4.7390838325866325,0.0,0.0,0.0,0.0,0.0,0.0,0.0,0.0,0.0,0.0,0.0,0.0,0.0,0.0,0.0,0.0,0.0,0.0
3,-3.6591908527122547,-1.1011938317987322,-4.7390838325866325,0.0,-1.107495724669767,-1.1887619215925493,0.0,0.0,0.0,0.0,0.0,0.0,0.0,0.0,0.0,0.0,0.0,0.0,0.0,0.0,0.0,0.0
4,0.0,0.0,0.0,-1.107495724669767,0.0,-2.937939779253518,-2.855409506428968,0.0,0.0,0.0,0.0,0.0,0.0,0.0,0.0,0.0,0.0,0.0,0.0,0.0,0.0,0.0
5,0.0,0.0,0.0,-1.1887619215925493,-2.937939779253518,0.0,-3.855113765387506,-1.166605053170107,0.0,0.0,0.0,0.0,0.0,0.0,0.0,0.0,0.0,0.0,0.0,0.0,0.0,0.0
6,0.0,0.0,0.0,0.0,-2.855409506428968,-3.855113765387506,0.0,-1.1059964793120531,0.0,0.0,0.0,0.0,0.0,0.0,0.0,0.0,0.0,0.0,0.0,0.0,0.0,0.0
7,0.0,0.0,0.0,0.0,0.0,-1.166605053170107,-1.1059964793120531,0.0,-5.883132347765665,-1.2018264702495074,-1.0934841529806232,0.0,0.0,0.0,0.0,0.0,0.0,0.0,0.0,0.0,0.0,0.0
8,0.0,0.0,0.0,0.0,0.0,0.0,0.0,-5.883132347765665,0.0,-1.2077924375252462,-1.099213364361627,0.0,0.0,0.0,0.0,0.0,0.0,0.0,0.0,0.0,0.0,0.0
9,0.0,0.0,0.0,0.0,0.0,0.0,0.0,-1.2018264702495074,-1.2077924375252462,0.0,-3.2364000887648405,-3.033327189141676,0.0,0.0,-1.4978080597596264,0.0,0.0,0.0,0.0,0.0,0.0,0.0
10,0.0,0.0,0.0,0.0,0.0,0.0,0.0,-1.0934841529806232,-1.099213364361627,-3.2364000887648405,0.0,-3.325537335353131,0.0,0.0,-1.3634424806892596,0.0,0.0,0.0,0.0,0.0,0.0,0.0
11,0.0,0.0,0.0,0.0,0.0,0.0,0.0,0.0,0.0,-3.033327189141676,-3.325537335353131,0.0,-1.6249466143351798,0.0,-1.304710143006215,0.0,0.0,0.0,0.0,0.0,0.0,0.0
12,0.0,0.0,0.0,0.0,0.0,0.0,0.0,0.0,0.0,0.0,0.0,-1.6249466143351798,0.0,-1.8512659847260344,-2.148054137903419,-1.8440199184796766,0.0,0.0,0.0,0.0,0.0,0.0
13,0.0,0.0,0.0,0.0,0.0,0.0,0.0,0.0,0.0,0.0,0.0,0.0,-1.8512659847260344,0.0,-1.5678197075500315,-5.59088944215233,0.0,0.0,0.0,0.0,0.0,0.0
14,0.0,0.0,0.0,0.0,0.0,0.0,0.0,0.0,0.0,-1.4978080597596264,-1.3634424806892596,-1.304710143006215,-2.148054137903419,-1.5678197075500315,0.0,0.0,0.0,0.0,0.0,0.0,0.0,0.0
15,0.0,0.0,0.0,0.0,0.0,0.0,0.0,0.0,0.0,0.0,0.0,0.0,-1.8440199184796766,-5.59088944215233,0.0,0.0,-1.9589699193570085,-1.8506148523881942,-2.44542017013982,0.0,0.0,0.0
16,0.0,0.0,0.0,0.0,0.0,0.0,0.0,0.0,0.0,0.0,0.0,0.0,0.0,0.0,0.0,-1.9589699193570085,0.0,-1.6947592377781404,-2.2228705034980347,-0.8718169354071165,0.0,0.0
17,0.0,0.0,0.0,0.0,0.0,0.0,0.0,0.0,0.0,0.0,0.0,0.0,0.0,0.0,0.0,-1.8506148523881942,-1.6947592377781404,0.0,-1.5160985443089405,0.0,0.0,0.0
18,0.0,0.0,0.0,0.0,0.0,0.0,0.0,0.0,0.0,0.0,0.0,0.0,0.0,0.0,0.0,-2.44542017013982,-2.2228705034980347,-1.5160985443089405,0.0,-1.1177594203583232,-0.5127240248266624,-0.2523035294742732
19,0.0,0.0,0.0,0.0,0.0,0.0,0.0,0.0,0.0,0.0,0.0,0.0,0.0,0.0,0.0,0.0,-0.8718169354071165,0.0,-1.1177594203583232,0.0,-0.6736292058524335,-0.4335401710345375
20,0.0,0.0,0.0,0.0,0.0,0.0,0.0,0.0,0.0,0.0,0.0,0.0,0.0,0.0,0.0,0.0,0.0,0.0,-0.5127240248266624,-0.6736292058524335,0.0,0.1437104236322235
21,0.0,0.0,0.0,0.0,0.0,0.0,0.0,0.0,0.0,0.0,0.0,0.0,0.0,0.0,0.0,0.0,0.0,0.0,-0.2523035294742732,-0.4335401710345375,0.1437104236322235,0.0
