,0,1,2,3,4,5,6,7,8,9,10,11,12,13,14,15,16,17,18,19,20,21,22
0,0.0,-6.819182780189618,-5.654111713060909,-5.649767490129674,0.0,0.0,0.0,0.0,0.0,0.0,0.0,0.0,0.0,0.0,0.0,0.0,0.0,0.0,0.0,0.0,0.0,0.0,0.0
1,-6.819182780189618,0.0,-6.0057092363069025,-5.881658165374553,0.0,0.0,0.0,0.0,0.0,0.0,0.0,0.0,0.0,0.0,0.0,0.0,0.0,0.0,0.0,0.0,0.0,0.0,0.0
2,-5.654111713060909,-6.0057092363069025,0.0,-6.447751684605416,-4.330929380670649,0.0,0.0,0.0,0.0,0.0,0.0,0.0,0.0,0.0,0.0,0.0,0.0,0.0,0.0,0.0,0.0,0.0,0.0
3,-5.649767490129674,-5.881658165374553,-6.447751684605416,0.0,-4.3207620021543365,-0.6948215420584807,0.0,0.0,0.0,0.0,0.0,0.0,0.0,0.0,0.0,0.0,0.0,0.0,0.0,0.0,0.0,0.0,0.0
4,0.0,0.0,-4.330929380670649,-4.3207620021543365,0.0,-0.6941093832982324,-4.266367941477515,0.0,-3.341296558132526,0.0,0.0,0.0,0.0,0.0,0.0,0.0,0.0,0.0,0.0,0.0,0.0,0.0,0.0
5,0.0,0.0,0.0,-0.6948215420584807,-0.6941093832982324,0.0,-0.7222024544693006,0.0,0.0,-2.844937288241835,0.0,0.0,0.0,0.0,0.0,0.0,0.0,0.0,0.0,0.0,0.0,0.0,0.0
6,0.0,0.0,0.0,0.0,-4.266367941477515,-0.7222024544693006,0.0,-0.48201110135742903,-3.044839813858654,-0.7572864074888708,-1.8449551819733443,0.0,0.0,0.0,0.0,0.0,0.0,0.0,0.0,0.0,0.0,0.0,0.0
7,0.0,0.0,0.0,0.0,0.0,0.0,-0.48201110135742903,0.0,0.0,-1.798808698959011,-0.7764509999824128,0.0,0.0,0.0,0.0,0.0,0.0,0.0,0.0,0.0,0.0,0.0,0.0
8,0.0,0.0,0.0,0.0,-3.341296558132526,0.0,-3.044839813858654,0.0,0.0,-0.6615522954554341,-1.5857911586839268,0.0,0.0,0.0,0.0,0.0,0.0,0.0,0.0,0.0,0.0,0.0,0.0
9,0.0,0.0,0.0,0.0,0.0,-2.844937288241835,-0.7572864074888708,-1.798808698959011,-0.6615522954554341,0.0,-1.1666561858912332,0.0,0.0,0.0,0.0,0.0,0.0,0.0,0.0,0.0,0.0,0.0,0.0
10,0.0,0.0,0.0,0.0,0.0,0.0,-1.8449551819733443,-0.7764509999824128,-1.5857911586839268,-1.1666561858912332,0.0,0.0,0.0,0.0,0.0,0.0,0.0,0.0,0.0,0.0,0.0,0.0,0.0
11,0.0,0.0,0.0,0.0,0.0,0.0,0.0,0.0,0.0,0.0,0.0,0.0,-0.7948076981317381,-0.7726869881653725,0.0,-2.8514954488693136,0.0,0.0,0.0,0.0,0.0,0.0,0.0
12,0.0,0.0,0.0,0.0,0.0,0.0,0.0,0.0,0.0,0.0,0.0,-0.7948076981317381,0.0,-1.9458448764741778,-2.180299872086458,0.0,0.0,0.0,0.0,0.0,0.0,0.0,0.0
13,0.0,0.0,0.0,0.0,0.0,0.0,0.0,0.0,0.0,0.0,0.0,-0.7726869881653725,-1.9458448764741778,0.0,-2.3980060580504587,-0.8477465905237334,0.0,0.0,0.0,0.0,0.0,0.0,0.0
14,0.0,0.0,0.0,0.0,0.0,0.0,0.0,0.0,0.0,0.0,0.0,0.0,-2.180299872086458,-2.3980060580504587,0.0,0.0,-2.138527716882844,0.0,0.0,0.0,0.0,0.0,0.0
15,0.0,0.0,0.0,0.0,0.0,0.0,0.0,0.0,0.0,0.0,0.0,-2.8514954488693136,0.0,-0.8477465905237334,0.0,0.0,0.0,-2.7992494808134443,0.0,0.0,0.0,0.0,0.0
16,0.0,0.0,0.0,0.0,0.0,0.0,0.0,0.0,0.0,0.0,0.0,0.0,0.0,0.0,-2.138527716882844,0.0,0.0,-0.5997825741642197,0.0,-2.3137351227062384,0.0,0.0,0.0
17,0.0,0.0,0.0,0.0,0.0,0.0,0.0,0.0,0.0,0.0,0.0,0.0,0.0,0.0,0.0,-2.7992494808134443,-0.5997825741642197,0.0,0.0,-0.7803756685336142,0.0,0.0,0.0
18,0.0,0.0,0.0,0.0,0.0,0.0,0.0,0.0,0.0,0.0,0.0,0.0,0.0,0.0,0.0,0.0,0.0,0.0,0.0,-0.8793942726950028,-1.5340815705719228,-0.8908673874335125,-0.858868036888784
19,0.0,0.0,0.0,0.0,0.0,0.0,0.0,0.0,0.0,0.0,0.0,0.0,0.0,0.0,0.0,0.0,-2.3137351227062384,-0.7803756685336142,-0.8793942726950028,0.0,-1.5742106530595024,-2.519390852781097,0.0
20,0.0,0.0,0.0,0.0,0.0,0.0,0.0,0.0,0.0,0.0,0.0,0.0,0.0,0.0,0.0,0.0,0.0,0.0,-1.5340815705719228,-1.5742106530595024,0.0,-1.4905298704459378,-1.5654756154751501
21,0.0,0.0,0.0,0.0,0.0,0.0,0.0,0.0,0.0,0.0,0.0,0.0,0.0,0.0,0.0,0.0,0.0,0.0,-0.8908673874335125,-2.519390852781097,-1.4905298704459378,0.0,-2.0263414663772017
22,0.0,0.0,0.0,0.0,0.0,0.0,0.0,0.0,0.0,0.0,0.0,0.0,0.0,0.0,0.0,0.0,0.0,0.0,-0.858868036888784,0.0,-1.5654756154751501,-2.0263414663772017,0.0
