,0,1,2,3,4,5,6,7,8,9,10,11,12,13,14,15,16,17
0,0.0,-4.7275964534252015,-4.973124473525733,-2.988569127197092,0.0,0.0,0.0,0.0,0.0,0.0,0.0,0.0,0.0,0.0,0.0,0.0,0.0,0.0
1,-4.7275964534252015,0.0,-4.644403868029511,-3.1212524074238295,0.0,0.0,0.0,0.0,0.0,0.0,0.0,0.0,0.0,0.0,0.0,0.0,0.0,0.0
2,-4.973124473525733,-4.644403868029511,0.0,-3.1079652715374353,-3.156647891369935,0.0,0.0,0.0,0.0,0.0,0.0,0.0,0.0,0.0,0.0,0.0,0.0,0.0
3,-2.988569127197092,-3.1212524074238295,-3.1079652715374353,0.0,-2.467824438824536,-2.0663373767755226,0.0,-0.46834737752579264,0.0,0.0,0.0,0.0,0.0,0.0,0.0,0.0,0.0,0.0
4,0.0,0.0,-3.156647891369935,-2.467824438824536,0.0,-2.799814221296416,0.0,-0.45491451363871005,0.0,0.0,0.0,0.0,0.0,0.0,0.0,0.0,0.0,0.0
5,0.0,0.0,0.0,-2.0663373767755226,-2.799814221296416,0.0,-2.4617088263453284,-0.5295334773054756,0.0,0.0,0.0,-0.34241501870015084,0.0,0.0,0.0,0.0,0.0,0.0
6,0.0,0.0,0.0,0.0,0.0,-2.4617088263453284,0.0,-0.5054042783811081,-3.2207827618046982,0.0,0.0,-0.3068792932767325,0.0,0.0,0.0,0.0,0.0,0.0
7,0.0,0.0,0.0,-0.46834737752579264,-0.45491451363871005,-0.5295334773054756,-0.5054042783811081,0.0,0.0,0.0,0.0,-1.8615216220200157,0.0,0.0,0.0,0.0,0.0,0.0
8,0.0,0.0,0.0,0.0,0.0,0.0,-3.2207827618046982,0.0,0.0,-2.9887475441353657,0.0,-0.3617127460851711,-0.40461096014214265,0.0,0.0,0.0,0.0,0.0
9,0.0,0.0,0.0,0.0,0.0,0.0,0.0,0.0,-2.9887475441353657,0.0,-3.469746420099083,0.0,-0.3380204480414321,0.0,0.0,0.0,0.0,0.0
10,0.0,0.0,0.0,0.0,0.0,0.0,0.0,0.0,0.0,-3.469746420099083,0.0,0.0,0.0,-2.407334692019581,0.0,-0.35061896617196414,0.0,0.0
11,0.0,0.0,0.0,0.0,0.0,-0.34241501870015084,-0.3068792932767325,-1.8615216220200157,-0.3617127460851711,0.0,0.0,0.0,-1.8412636458541674,0.0,0.0,0.0,0.0,0.0
12,0.0,0.0,0.0,0.0,0.0,0.0,0.0,0.0,-0.40461096014214265,-0.3380204480414321,0.0,-1.8412636458541674,0.0,0.0,0.0,0.0,0.0,0.0
13,0.0,0.0,0.0,0.0,0.0,0.0,0.0,0.0,0.0,0.0,-2.407334692019581,0.0,0.0,0.0,-1.759360723951865,-0.44908107672550324,-2.719746303341261,-0.5752075745543257
14,0.0,0.0,0.0,0.0,0.0,0.0,0.0,0.0,0.0,0.0,0.0,0.0,0.0,-1.759360723951865,0.0,-0.5501297236787841,-1.7142946919114523,-0.668234070313505
15,0.0,0.0,0.0,0.0,0.0,0.0,0.0,0.0,0.0,0.0,-0.35061896617196414,0.0,0.0,-0.44908107672550324,-0.5501297236787841,0.0,0.0,0.0
16,0.0,0.0,0.0,0.0,0.0,0.0,0.0,0.0,0.0,0.0,0.0,0.0,0.0,-2.719746303341261,-1.7142946919114523,0.0,0.0,-0.4766879723108731
17,0.0,0.0,0.0,0.0,0.0,0.0,0.0,0.0,0.0,0.0,0.0,0.0,0.0,-0.5752075745543257,-0.668234070313505,0.0,-0.4766879723108731,0.0
