,0,1,2,3,4,5,6,7,8,9,10,11,12,13,14,15,16,17,18,19,20,21,22
0,0.0,-4.2318347061822426,-1.3196445533937942,-1.3359340621449498,0.0,0.0,0.0,0.0,0.0,0.0,0.0,0.0,0.0,0.0,0.0,0.0,0.0,0.0,0.0,0.0,0.0,0.0,0.0
1,-4.2318347061822426,0.0,-1.268625237496116,-1.2890414457173363,-1.2735297096625788,0.0,0.0,0.0,0.0,0.0,0.0,0.0,0.0,0.0,0.0,0.0,0.0,0.0,0.0,0.0,0.0,0.0,0.0
2,-1.3196445533937942,-1.268625237496116,0.0,-2.710797719397756,-3.652931704976328,-4.640054424544323,0.0,0.0,0.0,0.0,0.0,0.0,0.0,0.0,0.0,0.0,0.0,0.0,0.0,0.0,0.0,0.0,0.0
3,-1.3359340621449498,-1.2890414457173363,-2.710797719397756,0.0,-3.199021145415498,-2.7703070464665345,-1.1892882949246266,0.0,0.0,0.0,0.0,0.0,0.0,0.0,0.0,0.0,0.0,0.0,0.0,0.0,0.0,0.0,0.0
4,0.0,-1.2735297096625788,-3.652931704976328,-3.199021145415498,0.0,-3.723605945806963,-1.177223173492686,0.0,0.0,0.0,0.0,0.0,0.0,0.0,0.0,0.0,0.0,0.0,0.0,0.0,0.0,0.0,0.0
5,0.0,0.0,-4.640054424544323,-2.7703070464665345,-3.723605945806963,0.0,-1.2051953927405077,-4.073422922149482,0.0,0.0,0.0,0.0,0.0,0.0,0.0,0.0,0.0,0.0,0.0,0.0,0.0,0.0,0.0
6,0.0,0.0,0.0,-1.1892882949246266,-1.177223173492686,-1.2051953927405077,0.0,-1.1499948016846597,-1.194806447261628,0.0,0.0,0.0,0.0,0.0,0.0,0.0,0.0,0.0,0.0,0.0,0.0,0.0,0.0
7,0.0,0.0,0.0,0.0,0.0,-4.073422922149482,-1.1499948016846597,0.0,-3.9471679419523307,0.0,0.0,0.0,0.0,0.0,0.0,0.0,0.0,0.0,0.0,0.0,0.0,0.0,0.0
8,0.0,0.0,0.0,0.0,0.0,0.0,-1.194806447261628,-3.9471679419523307,0.0,-0.4148614941046948,0.0,0.0,0.0,0.0,0.0,0.0,0.0,0.0,0.0,0.0,0.0,0.0,0.0
9,0.0,0.0,0.0,0.0,0.0,0.0,0.0,0.0,-0.4148614941046948,0.0,-0.01799139656051167,-0.39150579921747175,-2.0067293454550197,0.0,0.0,0.0,0.0,0.0,0.0,0.0,0.0,0.0,0.0
10,0.0,0.0,0.0,0.0,0.0,0.0,0.0,0.0,0.0,-0.01799139656051167,0.0,-1.1700709741679525,-0.09028896574476081,-0.8955638269391886,0.0,0.0,0.0,0.0,0.0,0.0,0.0,0.0,0.0
11,0.0,0.0,0.0,0.0,0.0,0.0,0.0,0.0,0.0,-0.39150579921747175,-1.1700709741679525,0.0,-0.5052227652598636,-2.3202293754191303,0.0,0.0,0.0,0.0,0.0,0.0,0.0,0.0,0.0
12,0.0,0.0,0.0,0.0,0.0,0.0,0.0,0.0,0.0,-2.0067293454550197,-0.09028896574476081,-0.5052227652598636,0.0,-0.6826115255631863,0.0,0.0,-2.3008896190857313,0.0,0.0,0.0,0.0,0.0,0.0
13,0.0,0.0,0.0,0.0,0.0,0.0,0.0,0.0,0.0,0.0,-0.8955638269391886,-2.3202293754191303,-0.6826115255631863,0.0,-1.3036767785562273,0.0,0.0,0.0,0.0,0.0,0.0,0.0,0.0
14,0.0,0.0,0.0,0.0,0.0,0.0,0.0,0.0,0.0,0.0,0.0,0.0,0.0,-1.3036767785562273,0.0,-1.8764239743587061,0.0,-0.31025660113171327,-0.8501783267189883,0.0,0.0,0.0,0.0
15,0.0,0.0,0.0,0.0,0.0,0.0,0.0,0.0,0.0,0.0,0.0,0.0,0.0,0.0,-1.8764239743587061,0.0,0.0,0.0,-0.546899003718977,-1.1490366406163308,0.0,0.0,0.0
16,0.0,0.0,0.0,0.0,0.0,0.0,0.0,0.0,0.0,0.0,0.0,0.0,-2.3008896190857313,0.0,0.0,0.0,0.0,-2.627494695498795,-0.9827377362935674,-0.4493866039341839,0.0,0.0,0.0
17,0.0,0.0,0.0,0.0,0.0,0.0,0.0,0.0,0.0,0.0,0.0,0.0,0.0,0.0,-0.31025660113171327,0.0,-2.627494695498795,0.0,-1.1761594251879828,0.0,0.0,0.0,0.0
18,0.0,0.0,0.0,0.0,0.0,0.0,0.0,0.0,0.0,0.0,0.0,0.0,0.0,0.0,-0.8501783267189883,-0.546899003718977,-0.9827377362935674,-1.1761594251879828,0.0,-1.3317043355445233,-0.9653658698984705,-1.5474256145798233,0.0
19,0.0,0.0,0.0,0.0,0.0,0.0,0.0,0.0,0.0,0.0,0.0,0.0,0.0,0.0,0.0,-1.1490366406163308,-0.4493866039341839,0.0,-1.3317043355445233,0.0,-0.4458315054373382,-2.397387911586621,-1.7878415668202383
20,0.0,0.0,0.0,0.0,0.0,0.0,0.0,0.0,0.0,0.0,0.0,0.0,0.0,0.0,0.0,0.0,0.0,0.0,-0.9653658698984705,-0.4458315054373382,0.0,-0.5580261973313212,-0.4963006222741364
21,0.0,0.0,0.0,0.0,0.0,0.0,0.0,0.0,0.0,0.0,0.0,0.0,0.0,0.0,0.0,0.0,0.0,0.0,-1.5474256145798233,-2.397387911586621,-0.5580261973313212,0.0,-2.2694738341309013
22,0.0,0.0,0.0,0.0,0.0,0.0,0.0,0.0,0.0,0.0,0.0,0.0,0.0,0.0,0.0,0.0,0.0,0.0,0.0,-1.7878415668202383,-0.4963006222741364,-2.2694738341309013,0.0
