,0,1,2,3,4,5,6,7,8,9,10,11,12,13,14,15,16,17,18,19,20,21
0,0.0,-2.8893717569804847,-0.6310423868258153,-0.5577240081908491,0.0,0.0,0.0,0.0,0.0,0.0,0.0,0.0,0.0,0.0,0.0,0.0,0.0,0.0,0.0,0.0,0.0,0.0
1,-2.8893717569804847,0.0,-0.7203592640730978,-0.6473183252615092,0.0,-3.896414761655328,0.0,0.0,0.0,0.0,0.0,0.0,0.0,0.0,0.0,0.0,0.0,0.0,0.0,0.0,0.0,0.0
2,-0.6310423868258153,-0.7203592640730978,0.0,-2.5793155080475896,-4.010207628315754,-0.6904975027775033,0.0,0.0,0.0,0.0,0.0,0.0,0.0,0.0,0.0,0.0,0.0,0.0,0.0,0.0,0.0,0.0
3,-0.5577240081908491,-0.6473183252615092,-2.5793155080475896,0.0,-2.8236754451918675,-0.6164361042155452,0.0,0.0,0.0,0.0,0.0,0.0,0.0,0.0,0.0,0.0,0.0,0.0,0.0,0.0,0.0,0.0
4,0.0,0.0,-4.010207628315754,-2.8236754451918675,0.0,-0.6867026773888364,-0.7673734424722564,-2.1566460053577488,0.0,0.0,0.0,0.0,0.0,0.0,0.0,0.0,0.0,0.0,0.0,0.0,0.0,0.0
5,0.0,-3.896414761655328,-0.6904975027775033,-0.6164361042155452,-0.6867026773888364,0.0,-3.1963826340262083,-0.5634674457087094,0.0,0.0,0.0,0.0,0.0,0.0,0.0,0.0,0.0,0.0,0.0,0.0,0.0,0.0
6,0.0,0.0,0.0,0.0,-0.7673734424722564,-3.1963826340262083,0.0,-0.6374863171227206,0.0,0.0,0.0,0.0,0.0,0.0,0.0,0.0,0.0,0.0,0.0,0.0,0.0,0.0
7,0.0,0.0,0.0,0.0,-2.1566460053577488,-0.5634674457087094,-0.6374863171227206,0.0,-1.9527485775269948,-2.0241930225204485,0.0,0.0,0.0,0.0,0.0,0.0,0.0,0.0,0.0,0.0,0.0,0.0
8,0.0,0.0,0.0,0.0,0.0,0.0,0.0,-1.9527485775269948,0.0,-2.340706906826958,-2.44398828550396,0.0,0.0,0.0,0.0,0.0,0.0,0.0,0.0,0.0,0.0,0.0
9,0.0,0.0,0.0,0.0,0.0,0.0,0.0,-2.0241930225204485,-2.340706906826958,0.0,-2.240526532834157,-0.46410884425412424,0.0,-0.8181861579789582,0.0,0.0,0.0,0.0,0.0,0.0,0.0,0.0
10,0.0,0.0,0.0,0.0,0.0,0.0,0.0,0.0,-2.44398828550396,-2.240526532834157,0.0,-0.33546784548683106,0.0,-0.8531674579619329,0.0,0.0,0.0,0.0,0.0,0.0,0.0,0.0
11,0.0,0.0,0.0,0.0,0.0,0.0,0.0,0.0,0.0,-0.46410884425412424,-0.33546784548683106,0.0,0.0,0.0,-0.740084733839251,0.0,0.0,0.0,0.0,0.0,0.0,0.0
12,0.0,0.0,0.0,0.0,0.0,0.0,0.0,0.0,0.0,0.0,0.0,0.0,0.0,-1.9206551173879876,-3.0543302749898493,-1.5759190713624716,0.0,0.0,0.0,0.0,0.0,0.0
13,0.0,0.0,0.0,0.0,0.0,0.0,0.0,0.0,0.0,-0.8181861579789582,-0.8531674579619329,0.0,-1.9206551173879876,0.0,-1.8843468943977453,-2.5979321480250697,-2.122833251986799,0.0,0.0,0.0,0.0,0.0
14,0.0,0.0,0.0,0.0,0.0,0.0,0.0,0.0,0.0,0.0,0.0,-0.740084733839251,-3.0543302749898493,-1.8843468943977453,0.0,-1.5078500114713478,-1.509597391102535,0.0,0.0,0.0,0.0,0.0
15,0.0,0.0,0.0,0.0,0.0,0.0,0.0,0.0,0.0,0.0,0.0,0.0,-1.5759190713624716,-2.5979321480250697,-1.5078500114713478,0.0,-2.4464310410049084,0.0,0.0,0.0,0.0,0.0
16,0.0,0.0,0.0,0.0,0.0,0.0,0.0,0.0,0.0,0.0,0.0,0.0,0.0,-2.122833251986799,-1.509597391102535,-2.4464310410049084,0.0,-1.5272864832847357,-0.4661705792476331,-1.2214682911929875,0.0,-0.7968217378311752
17,0.0,0.0,0.0,0.0,0.0,0.0,0.0,0.0,0.0,0.0,0.0,0.0,0.0,0.0,0.0,0.0,-1.5272864832847357,0.0,-0.6890206791482406,-1.9333039972831045,-0.2450964829673359,-0.4056565007680468
18,0.0,0.0,0.0,0.0,0.0,0.0,0.0,0.0,0.0,0.0,0.0,0.0,0.0,0.0,0.0,0.0,-0.4661705792476331,-0.6890206791482406,0.0,-1.0231008164938227,-1.2533492253204026,0.0
19,0.0,0.0,0.0,0.0,0.0,0.0,0.0,0.0,0.0,0.0,0.0,0.0,0.0,0.0,0.0,0.0,-1.2214682911929875,-1.9333039972831045,-1.0231008164938227,0.0,-0.44900233137955337,-0.3406381854272378
20,0.0,0.0,0.0,0.0,0.0,0.0,0.0,0.0,0.0,0.0,0.0,0.0,0.0,0.0,0.0,0.0,0.0,-0.2450964829673359,-1.2533492253204026,-0.44900233137955337,0.0,0.0
21,0.0,0.0,0.0,0.0,0.0,0.0,0.0,0.0,0.0,0.0,0.0,0.0,0.0,0.0,0.0,0.0,-0.7968217378311752,-0.4056565007680468,0.0,-0.3406381854272378,0.0,0.0
