,0,1,2,3,4,5,6,7,8,9,10,11,12,13,14,15,16,17,18,19
0,0.0,-4.561651973136759,-5.2052448709369745,0.0,-4.663598196062594,0.0,0.0,0.0,0.0,0.0,0.0,0.0,0.0,0.0,0.0,0.0,0.0,0.0,0.0,0.0
1,-4.561651973136759,0.0,-5.294768358056355,-1.1151487975638708,-4.784340791802342,0.0,0.0,0.0,0.0,0.0,0.0,0.0,0.0,0.0,0.0,0.0,0.0,0.0,0.0,0.0
2,-5.2052448709369745,-5.294768358056355,0.0,-1.1293897300664402,-5.015372183250021,0.0,0.0,0.0,0.0,0.0,0.0,0.0,0.0,0.0,0.0,0.0,0.0,0.0,0.0,0.0
3,0.0,-1.1151487975638708,-1.1293897300664402,0.0,-1.1373445753276217,-3.957323906447703,0.0,0.0,0.0,0.0,0.0,0.0,0.0,0.0,0.0,0.0,0.0,0.0,0.0,0.0
4,-4.663598196062594,-4.784340791802342,-5.015372183250021,-1.1373445753276217,0.0,0.0,0.0,0.0,0.0,0.0,0.0,0.0,0.0,0.0,0.0,0.0,0.0,0.0,0.0,0.0
5,0.0,0.0,0.0,-3.957323906447703,0.0,0.0,-5.2374260291553725,-1.2245055008527876,0.0,0.0,0.0,0.0,0.0,0.0,0.0,0.0,0.0,0.0,0.0,0.0
6,0.0,0.0,0.0,0.0,0.0,-5.2374260291553725,0.0,-1.207427773632911,-1.1670118601971289,-1.2182244093588475,0.0,0.0,0.0,0.0,0.0,0.0,0.0,0.0,0.0,0.0
7,0.0,0.0,0.0,0.0,0.0,-1.2245055008527876,-1.207427773632911,0.0,-4.259421366664408,-4.473377657434032,0.0,0.0,0.0,0.0,0.0,0.0,0.0,0.0,0.0,0.0
8,0.0,0.0,0.0,0.0,0.0,0.0,-1.1670118601971289,-4.259421366664408,0.0,-4.127274897724278,0.0,0.0,0.0,0.0,0.0,0.0,0.0,0.0,0.0,0.0
9,0.0,0.0,0.0,0.0,0.0,0.0,-1.2182244093588475,-4.473377657434032,-4.127274897724278,0.0,0.0,0.0,0.0,0.0,0.0,0.0,0.0,0.0,0.0,0.0
10,0.0,0.0,0.0,0.0,0.0,0.0,0.0,0.0,0.0,0.0,0.0,-1.5828366929658735,-2.7310339564513466,-3.5538872446782346,0.0,0.0,0.0,0.0,0.0,0.0
11,0.0,0.0,0.0,0.0,0.0,0.0,0.0,0.0,0.0,0.0,-1.5828366929658735,0.0,-1.314914547745619,-1.4532468767460898,0.0,0.0,0.0,0.0,0.0,0.0
12,0.0,0.0,0.0,0.0,0.0,0.0,0.0,0.0,0.0,0.0,-2.7310339564513466,-1.314914547745619,0.0,-3.2911109825276847,0.0,0.0,0.0,0.0,0.0,0.0
13,0.0,0.0,0.0,0.0,0.0,0.0,0.0,0.0,0.0,0.0,-3.5538872446782346,-1.4532468767460898,-3.2911109825276847,0.0,-3.6206687778713746,-1.4711016155023586,0.0,0.0,0.0,0.0
14,0.0,0.0,0.0,0.0,0.0,0.0,0.0,0.0,0.0,0.0,0.0,0.0,0.0,-3.6206687778713746,0.0,-1.3664843572451988,-0.8919894688134459,0.0,0.0,0.0
15,0.0,0.0,0.0,0.0,0.0,0.0,0.0,0.0,0.0,0.0,0.0,0.0,0.0,-1.4711016155023586,-1.3664843572451988,0.0,-0.46954042719812966,0.0,0.0,0.0
16,0.0,0.0,0.0,0.0,0.0,0.0,0.0,0.0,0.0,0.0,0.0,0.0,0.0,0.0,-0.8919894688134459,-0.46954042719812966,0.0,-0.7550046780336418,-0.6224543901059139,-0.5411182439616637
17,0.0,0.0,0.0,0.0,0.0,0.0,0.0,0.0,0.0,0.0,0.0,0.0,0.0,0.0,0.0,0.0,-0.7550046780336418,0.0,-2.6566337731991525,-1.5312586450333983
18,0.0,0.0,0.0,0.0,0.0,0.0,0.0,0.0,0.0,0.0,0.0,0.0,0.0,0.0,0.0,0.0,-0.6224543901059139,-2.6566337731991525,0.0,-1.4855287791170937
19,0.0,0.0,0.0,0.0,0.0,0.0,0.0,0.0,0.0,0.0,0.0,0.0,0.0,0.0,0.0,0.0,-0.5411182439616637,-1.5312586450333983,-1.4855287791170937,0.0
