,0,1,2,3,4,5,6,7,8,9,10,11,12,13,14
0,0.0,-6.087638826309084,-5.287609378902476,-4.311377048086504,0.0,0.0,0.0,0.0,0.0,0.0,0.0,0.0,0.0,0.0,0.0
1,-6.087638826309084,0.0,-5.51918362391496,-4.280636215573591,0.0,0.0,0.0,0.0,0.0,0.0,0.0,0.0,0.0,0.0,0.0
2,-5.287609378902476,-5.51918362391496,0.0,-4.026212497319799,0.0,0.0,0.0,0.0,0.0,0.0,0.0,0.0,0.0,0.0,0.0
3,-4.311377048086504,-4.280636215573591,-4.026212497319799,0.0,-4.746749331193209,-3.6393167433824334,0.0,0.0,0.0,0.0,0.0,0.0,0.0,0.0,0.0
4,0.0,0.0,0.0,-4.746749331193209,0.0,-3.8094650021877614,-0.8886343933959258,0.0,-2.780155801539123,0.0,0.0,0.0,0.0,0.0,0.0
5,0.0,0.0,0.0,-3.6393167433824334,-3.8094650021877614,0.0,-0.9109710713633162,0.0,-2.6701262449192913,0.0,0.0,0.0,0.0,0.0,0.0
6,0.0,0.0,0.0,0.0,-0.8886343933959258,-0.9109710713633162,0.0,-0.9551215712194948,-1.0153578275853212,-0.9823840210230442,0.0,0.0,0.0,0.0,0.0
7,0.0,0.0,0.0,0.0,0.0,0.0,-0.9551215712194948,0.0,-3.115749799795892,-3.436051780495871,0.0,0.0,0.0,0.0,0.0
8,0.0,0.0,0.0,0.0,-2.780155801539123,-2.6701262449192913,-1.0153578275853212,-3.115749799795892,0.0,-4.225731519951974,0.0,0.0,0.0,0.0,0.0
9,0.0,0.0,0.0,0.0,0.0,0.0,-0.9823840210230442,-3.436051780495871,-4.225731519951974,0.0,0.0,0.0,0.0,0.0,0.0
10,0.0,0.0,0.0,0.0,0.0,0.0,0.0,0.0,0.0,0.0,0.0,-0.865609031851339,-1.920434084469979,-0.6731777203251665,0.0
11,0.0,0.0,0.0,0.0,0.0,0.0,0.0,0.0,0.0,0.0,-0.865609031851339,0.0,-1.239158368120078,-2.307649768014315,-1.575691390989773
12,0.0,0.0,0.0,0.0,0.0,0.0,0.0,0.0,0.0,0.0,-1.920434084469979,-1.239158368120078,0.0,-0.9899411258187906,-0.729879990866687
13,0.0,0.0,0.0,0.0,0.0,0.0,0.0,0.0,0.0,0.0,-0.6731777203251665,-2.307649768014315,-0.9899411258187906,0.0,-2.196432169705909
14,0.0,0.0,0.0,0.0,0.0,0.0,0.0,0.0,0.0,0.0,0.0,-1.575691390989773,-0.729879990866687,-2.196432169705909,0.0
