,0,1,2,3,4,5,6,7,8,9,10,11,12,13,14,15
0,0.0,-3.010428860273887,-2.904829292266956,-2.7500868057520713,0.0,0.0,0.0,0.0,0.0,0.0,0.0,0.0,0.0,0.0,0.0,0.0
1,-3.010428860273887,0.0,-4.444006048902225,-4.208057287857275,0.0,0.0,0.0,0.0,0.0,0.0,0.0,0.0,0.0,0.0,0.0,0.0
2,-2.904829292266956,-4.444006048902225,0.0,-4.347462881688385,-4.1582953932213185,-2.8308278619261578,0.0,0.0,0.0,0.0,0.0,0.0,0.0,0.0,0.0,0.0
3,-2.7500868057520713,-4.208057287857275,-4.347462881688385,0.0,-4.490089107958618,-2.9940939157493793,0.0,0.0,0.0,0.0,0.0,0.0,0.0,0.0,0.0,0.0
4,0.0,0.0,-4.1582953932213185,-4.490089107958618,0.0,-2.8103862301331466,-3.8277814047777867,0.0,0.0,0.0,0.0,0.0,0.0,0.0,0.0,0.0
5,0.0,0.0,-2.8308278619261578,-2.9940939157493793,-2.8103862301331466,0.0,-2.595063896712685,-4.563639595637162,-2.662619844448249,0.0,0.0,0.0,0.0,0.0,0.0,0.0
6,0.0,0.0,0.0,0.0,-3.8277814047777867,-2.595063896712685,0.0,-2.7222687277583733,-2.278041237379674,0.0,0.0,0.0,0.0,0.0,0.0,0.0
7,0.0,0.0,0.0,0.0,0.0,-4.563639595637162,-2.7222687277583733,0.0,-2.727240936369276,-0.6633948316634752,0.0,0.0,0.0,0.0,0.0,0.0
8,0.0,0.0,0.0,0.0,0.0,-2.662619844448249,-2.278041237379674,-2.727240936369276,0.0,-0.7137439063513632,-0.48143435267719437,0.0,0.0,0.0,0.0,0.0
9,0.0,0.0,0.0,0.0,0.0,0.0,0.0,-0.6633948316634752,-0.7137439063513632,0.0,-2.0100737266235194,0.0,0.0,0.0,0.0,0.0
10,0.0,0.0,0.0,0.0,0.0,0.0,0.0,0.0,-0.48143435267719437,-2.0100737266235194,0.0,-0.594095482458179,-0.39149369013410806,0.0,0.0,0.0
11,0.0,0.0,0.0,0.0,0.0,0.0,0.0,0.0,0.0,0.0,-0.594095482458179,0.0,-2.0148497476870784,-0.4747815649080724,-1.0435089415228238,-0.7796494150762211
12,0.0,0.0,0.0,0.0,0.0,0.0,0.0,0.0,0.0,0.0,-0.39149369013410806,-2.0148497476870784,0.0,-0.30652861485389626,-0.7315324469339954,-0.6831270433672679
13,0.0,0.0,0.0,0.0,0.0,0.0,0.0,0.0,0.0,0.0,0.0,-0.4747815649080724,-0.30652861485389626,0.0,-0.7160666319923766,0.0
14,0.0,0.0,0.0,0.0,0.0,0.0,0.0,0.0,0.0,0.0,0.0,-1.0435089415228238,-0.7315324469339954,-0.7160666319923766,0.0,-0.8782314050552638
15,0.0,0.0,0.0,0.0,0.0,0.0,0.0,0.0,0.0,0.0,0.0,-0.7796494150762211,-0.6831270433672679,0.0,-0.8782314050552638,0.0
