,0,1,2,3,4,5,6,7,8,9,10,11,12,13,14,15,16,17,18,19,20,21,22,23
0,0.0,-4.597194207991588,-3.1585934160707403,-3.947434327711336,0.0,0.0,0.0,0.0,0.0,0.0,0.0,0.0,0.0,0.0,0.0,0.0,0.0,0.0,0.0,0.0,0.0,0.0,0.0,0.0
1,-4.597194207991588,0.0,-3.0237004425644947,-4.685255923949696,-4.31219589738783,0.0,0.0,0.0,0.0,0.0,0.0,0.0,0.0,0.0,0.0,0.0,0.0,0.0,0.0,0.0,0.0,0.0,0.0,0.0
2,-3.1585934160707403,-3.0237004425644947,0.0,-2.901338328081992,-3.0220311300097626,0.0,0.0,0.0,0.0,0.0,0.0,0.0,0.0,0.0,0.0,0.0,0.0,0.0,0.0,0.0,0.0,0.0,0.0,0.0
3,-3.947434327711336,-4.685255923949696,-2.901338328081992,0.0,-3.8260880444873715,0.0,0.0,0.0,0.0,0.0,0.0,0.0,0.0,0.0,0.0,0.0,0.0,0.0,0.0,0.0,0.0,0.0,0.0,0.0
4,0.0,-4.31219589738783,-3.0220311300097626,-3.8260880444873715,0.0,-3.912627286705705,-3.1248817738886117,-3.3938665717737733,0.0,0.0,0.0,0.0,0.0,0.0,0.0,0.0,0.0,0.0,0.0,0.0,0.0,0.0,0.0,0.0
5,0.0,0.0,0.0,0.0,-3.912627286705705,0.0,-3.0868803068270383,-3.5207659768968713,0.0,0.0,0.0,0.0,0.0,0.0,0.0,0.0,0.0,0.0,0.0,0.0,0.0,0.0,0.0,0.0
6,0.0,0.0,0.0,0.0,-3.1248817738886117,-3.0868803068270383,0.0,-4.050591556518187,-3.6704344625228553,0.0,0.0,0.0,0.0,0.0,0.0,0.0,0.0,0.0,0.0,0.0,0.0,0.0,0.0,0.0
7,0.0,0.0,0.0,0.0,-3.3938665717737733,-3.5207659768968713,-4.050591556518187,0.0,-4.232689181494704,-2.833078283557502,0.0,0.0,0.0,0.0,0.0,0.0,0.0,0.0,0.0,0.0,0.0,0.0,0.0,0.0
8,0.0,0.0,0.0,0.0,0.0,0.0,-3.6704344625228553,-4.232689181494704,0.0,-2.92580081955144,0.0,0.0,0.0,0.0,0.0,0.0,0.0,0.0,0.0,0.0,0.0,0.0,0.0,0.0
9,0.0,0.0,0.0,0.0,0.0,0.0,0.0,-2.833078283557502,-2.92580081955144,0.0,-2.1325484704730955,-1.1036201103975143,-0.3207567658115081,0.0,0.0,0.0,0.0,0.0,0.0,0.0,0.0,0.0,0.0,0.0
10,0.0,0.0,0.0,0.0,0.0,0.0,0.0,0.0,0.0,-2.1325484704730955,0.0,-1.1053886346398791,-0.21430682998696796,0.0,0.0,0.0,0.0,0.0,0.0,0.0,0.0,0.0,0.0,0.0
11,0.0,0.0,0.0,0.0,0.0,0.0,0.0,0.0,0.0,-1.1036201103975143,-1.1053886346398791,0.0,-0.5517513149425111,-1.0143641623445674,0.0,0.0,0.0,0.0,0.0,0.0,0.0,0.0,0.0,0.0
12,0.0,0.0,0.0,0.0,0.0,0.0,0.0,0.0,0.0,-0.3207567658115081,-0.21430682998696796,-0.5517513149425111,0.0,-1.5208427212663762,-1.7926328241632998,0.0,0.0,0.0,0.0,0.0,0.0,0.0,0.0,0.0
13,0.0,0.0,0.0,0.0,0.0,0.0,0.0,0.0,0.0,0.0,0.0,-1.0143641623445674,-1.5208427212663762,0.0,-2.3903227078082323,0.0,-1.163870158841334,0.0,-2.1840827063408637,0.0,0.0,0.0,0.0,0.0
14,0.0,0.0,0.0,0.0,0.0,0.0,0.0,0.0,0.0,0.0,0.0,0.0,-1.7926328241632998,-2.3903227078082323,0.0,-1.6035771358780175,0.0,-2.970065478545117,-2.034597907695873,0.0,0.0,0.0,0.0,0.0
15,0.0,0.0,0.0,0.0,0.0,0.0,0.0,0.0,0.0,0.0,0.0,0.0,0.0,0.0,-1.6035771358780175,0.0,-1.2999192190176263,-1.8403077064213575,0.0,0.0,0.0,0.0,0.0,0.0
16,0.0,0.0,0.0,0.0,0.0,0.0,0.0,0.0,0.0,0.0,0.0,0.0,0.0,-1.163870158841334,0.0,-1.2999192190176263,0.0,-1.0534394489327275,-0.9585265355816761,-0.981387571668429,0.0,0.0,0.0,0.0
17,0.0,0.0,0.0,0.0,0.0,0.0,0.0,0.0,0.0,0.0,0.0,0.0,0.0,0.0,-2.970065478545117,-1.8403077064213575,-1.0534394489327275,0.0,-2.133119025912852,-2.9737999954572376,0.0,0.0,0.0,0.0
18,0.0,0.0,0.0,0.0,0.0,0.0,0.0,0.0,0.0,0.0,0.0,0.0,0.0,-2.1840827063408637,-2.034597907695873,0.0,-0.9585265355816761,-2.133119025912852,0.0,-2.628661365377956,0.0,0.0,0.0,0.0
19,0.0,0.0,0.0,0.0,0.0,0.0,0.0,0.0,0.0,0.0,0.0,0.0,0.0,0.0,0.0,0.0,-0.981387571668429,-2.9737999954572376,-2.628661365377956,0.0,0.0,0.0,0.0,0.0
20,0.0,0.0,0.0,0.0,0.0,0.0,0.0,0.0,0.0,0.0,0.0,0.0,0.0,0.0,0.0,0.0,0.0,0.0,0.0,0.0,0.0,-1.2117780444729522,-1.1203090352663592,-1.1319835819433173
21,0.0,0.0,0.0,0.0,0.0,0.0,0.0,0.0,0.0,0.0,0.0,0.0,0.0,0.0,0.0,0.0,0.0,0.0,0.0,0.0,-1.2117780444729522,0.0,-1.574700684529254,-0.4796294040759853
22,0.0,0.0,0.0,0.0,0.0,0.0,0.0,0.0,0.0,0.0,0.0,0.0,0.0,0.0,0.0,0.0,0.0,0.0,0.0,0.0,-1.1203090352663592,-1.574700684529254,0.0,-0.47189280539126355
23,0.0,0.0,0.0,0.0,0.0,0.0,0.0,0.0,0.0,0.0,0.0,0.0,0.0,0.0,0.0,0.0,0.0,0.0,0.0,0.0,-1.1319835819433173,-0.4796294040759853,-0.47189280539126355,0.0
