,0,1,2,3,4,5,6,7,8,9,10,11,12,13,14,15,16,17,18,19,20,21,22
0,0.0,-3.799531619812253,-1.6196277624510593,-2.0723411983665314,0.0,0.0,0.0,0.0,0.0,0.0,0.0,0.0,0.0,0.0,0.0,0.0,0.0,0.0,0.0,0.0,0.0,0.0,0.0
1,-3.799531619812253,0.0,-1.7124885411913577,-2.240310690234156,-1.7034662231495807,0.0,0.0,0.0,0.0,0.0,0.0,0.0,0.0,0.0,0.0,0.0,0.0,0.0,0.0,0.0,0.0,0.0,0.0
2,-1.6196277624510593,-1.7124885411913577,0.0,-2.5702943129726075,-4.297107123336602,0.0,0.0,0.0,0.0,0.0,0.0,0.0,0.0,0.0,0.0,0.0,0.0,0.0,0.0,0.0,0.0,0.0,0.0
3,-2.0723411983665314,-2.240310690234156,-2.5702943129726075,0.0,-2.509301064243072,-2.257499921682266,0.0,0.0,0.0,0.0,0.0,0.0,0.0,0.0,0.0,0.0,0.0,0.0,0.0,0.0,0.0,0.0,0.0
4,0.0,-1.7034662231495807,-4.297107123336602,-2.509301064243072,0.0,-3.5858271980439596,0.0,-3.9304978152823775,0.0,0.0,0.0,0.0,0.0,0.0,0.0,0.0,0.0,0.0,0.0,0.0,0.0,0.0,0.0
5,0.0,0.0,0.0,-2.257499921682266,-3.5858271980439596,0.0,-1.7727237257627646,-3.730226866035921,0.0,0.0,0.0,0.0,0.0,0.0,0.0,0.0,0.0,0.0,0.0,0.0,0.0,0.0,0.0
6,0.0,0.0,0.0,0.0,0.0,-1.7727237257627646,0.0,-1.8205035251537158,-2.0309742588246356,-1.5097407730430126,-0.4217003115682996,0.0,0.0,0.0,0.0,0.0,0.0,0.0,0.0,0.0,0.0,0.0,0.0
7,0.0,0.0,0.0,0.0,-3.9304978152823775,-3.730226866035921,-1.8205035251537158,0.0,-1.6928696938364234,-2.0901540169822077,-0.34482386941157506,0.0,0.0,0.0,0.0,0.0,0.0,0.0,0.0,0.0,0.0,0.0,0.0
8,0.0,0.0,0.0,0.0,0.0,0.0,-2.0309742588246356,-1.6928696938364234,0.0,-1.2255283052095436,-0.6156645713188337,0.0,0.0,0.0,0.0,0.0,0.0,0.0,0.0,0.0,0.0,0.0,0.0
9,0.0,0.0,0.0,0.0,0.0,0.0,-1.5097407730430126,-2.0901540169822077,-1.2255283052095436,0.0,0.0,0.0,0.0,0.0,0.0,0.0,0.0,0.0,0.0,0.0,0.0,0.0,0.0
10,0.0,0.0,0.0,0.0,0.0,0.0,-0.4217003115682996,-0.34482386941157506,-0.6156645713188337,0.0,0.0,0.0,-0.16490035795684016,0.0,-1.4404394404682752,-0.6691121866245469,0.0,0.0,0.0,0.0,0.0,0.0,0.0
11,0.0,0.0,0.0,0.0,0.0,0.0,0.0,0.0,0.0,0.0,0.0,0.0,-2.243514709567178,-2.4116610086356665,0.0,-0.8617852565863567,0.0,0.0,0.0,0.0,0.0,0.0,0.0
12,0.0,0.0,0.0,0.0,0.0,0.0,0.0,0.0,0.0,0.0,-0.16490035795684016,-2.243514709567178,0.0,-1.645828186742112,0.0,-0.8942877596053302,0.0,0.0,0.0,0.0,0.0,0.0,0.0
13,0.0,0.0,0.0,0.0,0.0,0.0,0.0,0.0,0.0,0.0,0.0,-2.4116610086356665,-1.645828186742112,0.0,-0.6160953066671768,-0.8588177396182197,0.0,0.0,0.0,0.0,0.0,0.0,0.0
14,0.0,0.0,0.0,0.0,0.0,0.0,0.0,0.0,0.0,0.0,-1.4404394404682752,0.0,0.0,-0.6160953066671768,0.0,-1.2592079645535812,0.0,0.0,0.0,-1.6329147203269745,0.0,0.0,0.0
15,0.0,0.0,0.0,0.0,0.0,0.0,0.0,0.0,0.0,0.0,-0.6691121866245469,-0.8617852565863567,-0.8942877596053302,-0.8588177396182197,-1.2592079645535812,0.0,0.0,0.0,0.0,0.0,0.0,0.0,0.0
16,0.0,0.0,0.0,0.0,0.0,0.0,0.0,0.0,0.0,0.0,0.0,0.0,0.0,0.0,0.0,0.0,0.0,-1.252942145864948,-1.4656019735487609,-0.541264779696544,0.0,0.0,0.0
17,0.0,0.0,0.0,0.0,0.0,0.0,0.0,0.0,0.0,0.0,0.0,0.0,0.0,0.0,0.0,0.0,-1.252942145864948,0.0,-2.8187503741889723,-0.9882023391265664,-1.1450186882354996,0.0,0.0
18,0.0,0.0,0.0,0.0,0.0,0.0,0.0,0.0,0.0,0.0,0.0,0.0,0.0,0.0,0.0,0.0,-1.4656019735487609,-2.8187503741889723,0.0,-0.9418202197986835,-1.123509416534485,-3.0245987195703057,-0.16101461017700264
19,0.0,0.0,0.0,0.0,0.0,0.0,0.0,0.0,0.0,0.0,0.0,0.0,0.0,0.0,-1.6329147203269745,0.0,-0.541264779696544,-0.9882023391265664,-0.9418202197986835,0.0,0.0,0.0,0.0
20,0.0,0.0,0.0,0.0,0.0,0.0,0.0,0.0,0.0,0.0,0.0,0.0,0.0,0.0,0.0,0.0,0.0,-1.1450186882354996,-1.123509416534485,0.0,0.0,-1.134821435087745,-0.3035794581317452
21,0.0,0.0,0.0,0.0,0.0,0.0,0.0,0.0,0.0,0.0,0.0,0.0,0.0,0.0,0.0,0.0,0.0,0.0,-3.0245987195703057,0.0,-1.134821435087745,0.0,-0.2149330009513951
22,0.0,0.0,0.0,0.0,0.0,0.0,0.0,0.0,0.0,0.0,0.0,0.0,0.0,0.0,0.0,0.0,0.0,0.0,-0.16101461017700264,0.0,-0.3035794581317452,-0.2149330009513951,0.0
