,0,1,2,3,4,5,6,7,8,9,10,11,12,13,14,15,16,17,18,19,20,21,22,23,24,25
0,0.0,5.133501053762287,7.6191125335907275,4.197896093531677,0.0,0.0,0.0,0.0,0.0,0.0,0.0,0.0,0.0,0.0,0.0,0.0,0.0,0.0,0.0,0.0,0.0,0.0,0.0,0.0,0.0,0.0
1,5.133501053762287,0.0,6.756836037528269,1.4482770785130328,0.0,0.0,0.0,0.0,0.0,0.0,0.0,0.0,0.0,0.0,0.0,0.0,0.0,0.0,0.0,0.0,0.0,0.0,0.0,0.0,0.0,0.0
2,7.6191125335907275,6.756836037528269,0.0,6.003676360098703,3.74304853271035,5.805722490538956,0.0,0.0,0.0,0.0,0.0,0.0,0.0,0.0,0.0,0.0,0.0,0.0,0.0,0.0,0.0,0.0,0.0,0.0,0.0,0.0
3,4.197896093531677,1.4482770785130328,6.003676360098703,0.0,6.101901973348428,-0.3778808649904863,0.0,0.0,0.0,0.0,0.0,0.0,0.0,0.0,0.0,0.0,0.0,0.0,0.0,0.0,0.0,0.0,0.0,0.0,0.0,0.0
4,0.0,0.0,3.74304853271035,6.101901973348428,0.0,5.882382764548453,3.3609976690127854,0.0,0.0,0.0,0.0,0.0,0.0,0.0,0.0,0.0,0.0,0.0,0.0,0.0,0.0,0.0,0.0,0.0,0.0,0.0
5,0.0,0.0,5.805722490538956,-0.3778808649904863,5.882382764548453,0.0,5.381403735351546,0.0,0.0,0.0,0.0,0.0,0.0,0.0,0.0,0.0,0.0,0.0,0.0,0.0,0.0,0.0,0.0,0.0,0.0,0.0
6,0.0,0.0,0.0,0.0,3.3609976690127854,5.381403735351546,0.0,3.6687871619300783,0.0,0.0,0.0,0.0,0.0,0.0,0.0,0.0,0.0,0.0,0.0,0.0,0.0,0.0,0.0,0.0,0.0,0.0
7,0.0,0.0,0.0,0.0,0.0,0.0,3.6687871619300783,0.0,2.305717373942593,4.477781215398182,0.0,0.0,0.0,0.0,0.0,0.0,0.0,0.0,0.0,0.0,0.0,0.0,0.0,0.0,0.0,0.0
8,0.0,0.0,0.0,0.0,0.0,0.0,0.0,2.305717373942593,0.0,4.310637286821033,0.0,3.0420873006147167,0.0,0.0,0.0,0.0,0.0,0.0,0.0,0.0,0.0,0.0,0.0,0.0,0.0,0.0
9,0.0,0.0,0.0,0.0,0.0,0.0,0.0,4.477781215398182,4.310637286821033,0.0,0.0,1.5475533379053308,0.0,0.0,0.0,0.0,0.0,0.0,0.0,0.0,0.0,0.0,0.0,0.0,0.0,0.0
10,0.0,0.0,0.0,0.0,0.0,0.0,0.0,0.0,0.0,0.0,0.0,1.7974705502316322,0.6467567104079613,0.0,0.6874100511819098,0.0,0.0,0.0,1.967002692208369,0.0,0.0,0.0,0.0,0.0,0.0,0.0
11,0.0,0.0,0.0,0.0,0.0,0.0,0.0,0.0,3.0420873006147167,1.5475533379053308,1.7974705502316322,0.0,0.9190595142941219,1.8534570216107384,1.789544291939125,0.0,0.0,0.0,0.0,0.0,0.0,0.0,0.0,0.0,0.0,0.0
12,0.0,0.0,0.0,0.0,0.0,0.0,0.0,0.0,0.0,0.0,0.6467567104079613,0.9190595142941219,0.0,-0.1489046987423397,0.015042083800921912,0.0,0.0,0.0,0.0,0.0,0.0,0.0,0.0,0.0,0.0,0.0
13,0.0,0.0,0.0,0.0,0.0,0.0,0.0,0.0,0.0,0.0,0.0,1.8534570216107384,-0.1489046987423397,0.0,-0.4726192703827322,1.7387782681027408,0.0,0.0,0.0,0.0,0.0,0.0,0.0,0.0,0.0,0.0
14,0.0,0.0,0.0,0.0,0.0,0.0,0.0,0.0,0.0,0.0,0.6874100511819098,1.789544291939125,0.015042083800921912,-0.4726192703827322,0.0,1.7664858730443909,0.0,0.0,0.0,0.0,0.0,0.0,0.0,0.0,0.0,0.0
15,0.0,0.0,0.0,0.0,0.0,0.0,0.0,0.0,0.0,0.0,0.0,0.0,0.0,1.7387782681027408,1.7664858730443909,0.0,-1.788807640549733,0.0,0.0,0.0,0.0,0.0,0.0,0.0,0.0,0.0
16,0.0,0.0,0.0,0.0,0.0,0.0,0.0,0.0,0.0,0.0,0.0,0.0,0.0,0.0,0.0,-1.788807640549733,0.0,-0.8428364190744912,0.0,-0.2601174689711524,0.0,0.0,0.0,0.0,0.0,0.0
17,0.0,0.0,0.0,0.0,0.0,0.0,0.0,0.0,0.0,0.0,0.0,0.0,0.0,0.0,0.0,0.0,-0.8428364190744912,0.0,0.0,-0.05842934138667069,0.0,0.0,0.11053995969683564,-1.6597277492333247,0.0,0.0
18,0.0,0.0,0.0,0.0,0.0,0.0,0.0,0.0,0.0,0.0,1.967002692208369,0.0,0.0,0.0,0.0,0.0,0.0,0.0,0.0,1.2874777398453712,0.0,0.0,0.4879106645636408,0.0,0.0,0.0
19,0.0,0.0,0.0,0.0,0.0,0.0,0.0,0.0,0.0,0.0,0.0,0.0,0.0,0.0,0.0,0.0,-0.2601174689711524,-0.05842934138667069,1.2874777398453712,0.0,0.0,0.0,-0.44510583507182316,-0.7508673050275712,0.0,0.0
20,0.0,0.0,0.0,0.0,0.0,0.0,0.0,0.0,0.0,0.0,0.0,0.0,0.0,0.0,0.0,0.0,0.0,0.0,0.0,0.0,0.0,1.4200419566711673,-0.13932198214481037,-0.45022531233138174,-1.0547332599171477,0.604397566481791
21,0.0,0.0,0.0,0.0,0.0,0.0,0.0,0.0,0.0,0.0,0.0,0.0,0.0,0.0,0.0,0.0,0.0,0.0,0.0,0.0,1.4200419566711673,0.0,1.5921607920122118,1.0220638079142301,0.019248098616768166,0.0
22,0.0,0.0,0.0,0.0,0.0,0.0,0.0,0.0,0.0,0.0,0.0,0.0,0.0,0.0,0.0,0.0,0.0,0.11053995969683564,0.4879106645636408,-0.44510583507182316,-0.13932198214481037,1.5921607920122118,0.0,-1.2449160747756047,0.0,0.0
23,0.0,0.0,0.0,0.0,0.0,0.0,0.0,0.0,0.0,0.0,0.0,0.0,0.0,0.0,0.0,0.0,0.0,-1.6597277492333247,0.0,-0.7508673050275712,-0.45022531233138174,1.0220638079142301,-1.2449160747756047,0.0,0.0,0.011131438319635175
24,0.0,0.0,0.0,0.0,0.0,0.0,0.0,0.0,0.0,0.0,0.0,0.0,0.0,0.0,0.0,0.0,0.0,0.0,0.0,0.0,-1.0547332599171477,0.019248098616768166,0.0,0.0,0.0,-0.6100412011993988
25,0.0,0.0,0.0,0.0,0.0,0.0,0.0,0.0,0.0,0.0,0.0,0.0,0.0,0.0,0.0,0.0,0.0,0.0,0.0,0.0,0.604397566481791,0.0,0.0,0.011131438319635175,-0.6100412011993988,0.0
