,0,1,2,3,4,5,6,7,8,9,10,11,12,13,14,15,16,17,18,19,20,21,22,23,24,25
0,0.0,6.469315401278505,6.2239952608312645,5.648333285979252,0.0,0.0,0.0,0.0,0.0,0.0,0.0,0.0,0.0,0.0,0.0,0.0,0.0,0.0,0.0,0.0,0.0,0.0,0.0,0.0,0.0,0.0
1,6.469315401278505,0.0,0.5768202821930605,6.694101577049022,5.977970548471101,0.0,0.0,0.0,0.0,0.0,0.0,0.0,0.0,0.0,0.0,0.0,0.0,0.0,0.0,0.0,0.0,0.0,0.0,0.0,0.0,0.0
2,6.2239952608312645,0.5768202821930605,0.0,0.0,5.749777280031773,0.3655483728747725,0.0,0.0,0.0,0.0,0.0,0.0,0.0,0.0,0.0,0.0,0.0,0.0,0.0,0.0,0.0,0.0,0.0,0.0,0.0,0.0
3,5.648333285979252,6.694101577049022,0.0,0.0,4.2638509110681655,5.967264756027389,4.385153481849115,0.0,0.0,0.0,0.0,0.0,0.0,0.0,0.0,0.0,0.0,0.0,0.0,0.0,0.0,0.0,0.0,0.0,0.0,0.0
4,0.0,5.977970548471101,5.749777280031773,4.2638509110681655,0.0,5.225500233237717,1.1477269261099774,0.0,0.0,0.0,0.0,0.0,0.0,0.0,0.0,0.0,0.0,0.0,0.0,0.0,0.0,0.0,0.0,0.0,0.0,0.0
5,0.0,0.0,0.3655483728747725,5.967264756027389,5.225500233237717,0.0,4.683259422838552,4.4039047556787105,0.0,0.0,0.0,0.0,0.0,0.0,0.0,0.0,0.0,0.0,0.0,0.0,0.0,0.0,0.0,0.0,0.0,0.0
6,0.0,0.0,0.0,4.385153481849115,1.1477269261099774,4.683259422838552,0.0,-0.3093009433427903,-0.3577518866350299,-1.379291122406669,0.0,0.0,0.0,0.0,0.0,0.0,0.0,0.0,0.0,0.0,0.0,0.0,0.0,0.0,0.0,0.0
7,0.0,0.0,0.0,0.0,0.0,4.4039047556787105,-0.3093009433427903,0.0,0.8005867077427663,0.14678008783069332,0.0,0.0,0.0,0.0,0.0,0.0,0.0,0.0,0.0,0.0,0.0,0.0,0.0,0.0,0.0,0.0
8,0.0,0.0,0.0,0.0,0.0,0.0,-0.3577518866350299,0.8005867077427663,0.0,-1.076858271007229,0.0,-0.3622125664520599,0.0,0.0,0.0,0.0,0.0,0.0,0.0,0.0,0.0,0.0,0.0,0.0,0.0,0.0
9,0.0,0.0,0.0,0.0,0.0,0.0,-1.379291122406669,0.14678008783069332,-1.076858271007229,0.0,0.0,-0.6698370168805334,0.0,0.0,0.0,0.0,0.0,0.0,0.0,0.0,0.0,0.0,0.0,0.0,0.0,0.0
10,0.0,0.0,0.0,0.0,0.0,0.0,0.0,0.0,0.0,0.0,0.0,3.6665902634921013,0.0,3.620874769262749,0.8872619385484686,0.0,0.0,0.0,0.0,0.0,0.0,0.0,0.0,0.0,0.0,0.0
11,0.0,0.0,0.0,0.0,0.0,0.0,0.0,0.0,-0.3622125664520599,-0.6698370168805334,3.6665902634921013,0.0,1.8534051220129533,-2.22364309895222,0.0,-0.6242452812935847,0.0,0.0,0.0,0.0,0.0,0.0,0.0,0.0,0.0,0.0
12,0.0,0.0,0.0,0.0,0.0,0.0,0.0,0.0,0.0,0.0,0.0,1.8534051220129533,0.0,1.8682195652376212,0.0,2.1757071506676255,0.0,0.0,0.0,0.0,0.0,0.0,0.0,0.0,0.0,0.0
13,0.0,0.0,0.0,0.0,0.0,0.0,0.0,0.0,0.0,0.0,3.620874769262749,-2.22364309895222,1.8682195652376212,0.0,3.2917069466108866,-0.7800786351262698,0.0,0.0,0.0,0.0,0.0,0.0,0.0,0.0,0.0,0.0
14,0.0,0.0,0.0,0.0,0.0,0.0,0.0,0.0,0.0,0.0,0.8872619385484686,0.0,0.0,3.2917069466108866,0.0,2.9773596651069028,1.2764727237972964,0.0,0.0,0.0,0.0,0.0,0.0,0.0,0.0,0.0
15,0.0,0.0,0.0,0.0,0.0,0.0,0.0,0.0,0.0,0.0,0.0,-0.6242452812935847,2.1757071506676255,-0.7800786351262698,2.9773596651069028,0.0,2.8389523004107793,0.012852038802448645,0.0,0.0,0.0,0.0,0.0,0.0,0.0,0.0
16,0.0,0.0,0.0,0.0,0.0,0.0,0.0,0.0,0.0,0.0,0.0,0.0,0.0,0.0,1.2764727237972964,2.8389523004107793,0.0,2.9792610535221793,0.0,0.0,0.0,0.0,0.0,0.0,0.0,0.0
17,0.0,0.0,0.0,0.0,0.0,0.0,0.0,0.0,0.0,0.0,0.0,0.0,0.0,0.0,0.0,0.012852038802448645,2.9792610535221793,0.0,1.9973916235471352,0.0,0.0,0.0,0.0,0.0,0.0,0.0
18,0.0,0.0,0.0,0.0,0.0,0.0,0.0,0.0,0.0,0.0,0.0,0.0,0.0,0.0,0.0,0.0,0.0,1.9973916235471352,0.0,1.4448965657183288,1.0709052318888284,0.0,0.0,0.0,0.0,0.0
19,0.0,0.0,0.0,0.0,0.0,0.0,0.0,0.0,0.0,0.0,0.0,0.0,0.0,0.0,0.0,0.0,0.0,0.0,1.4448965657183288,0.0,1.6022784936748058,0.0,0.2834562817330518,0.0,0.0,0.0
20,0.0,0.0,0.0,0.0,0.0,0.0,0.0,0.0,0.0,0.0,0.0,0.0,0.0,0.0,0.0,0.0,0.0,0.0,1.0709052318888284,1.6022784936748058,0.0,-2.7363207374566585,-0.5667514396683341,0.0,-2.4219694841617962,0.0
21,0.0,0.0,0.0,0.0,0.0,0.0,0.0,0.0,0.0,0.0,0.0,0.0,0.0,0.0,0.0,0.0,0.0,0.0,0.0,0.0,-2.7363207374566585,0.0,-0.5458799273501247,0.0,-2.658444664046755,0.0
22,0.0,0.0,0.0,0.0,0.0,0.0,0.0,0.0,0.0,0.0,0.0,0.0,0.0,0.0,0.0,0.0,0.0,0.0,0.0,0.2834562817330518,-0.5667514396683341,-0.5458799273501247,0.0,-0.5109383011104159,-0.81544426117187,-4.500529026620188
23,0.0,0.0,0.0,0.0,0.0,0.0,0.0,0.0,0.0,0.0,0.0,0.0,0.0,0.0,0.0,0.0,0.0,0.0,0.0,0.0,0.0,0.0,-0.5109383011104159,0.0,0.45414264751366684,-0.9292397134534675
24,0.0,0.0,0.0,0.0,0.0,0.0,0.0,0.0,0.0,0.0,0.0,0.0,0.0,0.0,0.0,0.0,0.0,0.0,0.0,0.0,-2.4219694841617962,-2.658444664046755,-0.81544426117187,0.45414264751366684,0.0,-1.0448041247349733
25,0.0,0.0,0.0,0.0,0.0,0.0,0.0,0.0,0.0,0.0,0.0,0.0,0.0,0.0,0.0,0.0,0.0,0.0,0.0,0.0,0.0,0.0,-4.500529026620188,-0.9292397134534675,-1.0448041247349733,0.0
