,0,1,2,3,4,5,6,7,8,9,10,11,12,13,14,15,16,17,18,19,20,21,22,23,24,25,26,27,28
0,0.0,6.737912003061381,6.96491562150529,5.448733914493615,0.0,0.0,0.0,0.0,0.0,0.0,0.0,0.0,0.0,0.0,0.0,0.0,0.0,0.0,0.0,0.0,0.0,0.0,0.0,0.0,0.0,0.0,0.0,0.0,0.0
1,6.737912003061381,0.0,5.580154704798874,1.2811812036994739,-0.3813522913091031,0.0,0.0,0.0,0.0,0.0,0.0,0.0,0.0,0.0,0.0,0.0,0.0,0.0,0.0,0.0,0.0,0.0,0.0,0.0,0.0,0.0,0.0,0.0,0.0
2,6.96491562150529,5.580154704798874,0.0,4.730855576313216,4.634967847294384,1.201955340448007,3.6148002101124317,0.0,0.0,0.0,0.0,0.0,0.0,0.0,0.0,0.0,0.0,0.0,0.0,0.0,0.0,0.0,0.0,0.0,0.0,0.0,0.0,0.0,0.0
3,5.448733914493615,1.2811812036994739,4.730855576313216,0.0,-0.65634069882158,0.0,2.141799518628064,0.0,0.0,0.0,0.0,0.0,0.0,0.0,0.0,0.0,3.190681082614493,0.0,0.0,0.0,0.0,0.0,0.0,0.0,0.0,0.0,0.0,0.0,0.0
4,0.0,-0.3813522913091031,4.634967847294384,-0.65634069882158,0.0,4.236402668288666,2.1664442800597903,4.3919212946638995,0.0,0.0,0.0,0.0,0.0,0.0,0.0,0.0,0.0,0.0,0.0,0.0,0.0,0.0,0.0,0.0,0.0,0.0,0.0,0.0,0.0
5,0.0,0.0,1.201955340448007,0.0,4.236402668288666,0.0,3.3441305056201065,0.0,0.0,3.6847479993991397,0.0,0.0,0.0,0.0,0.0,0.0,0.0,0.0,0.0,0.0,0.0,0.0,0.0,0.0,0.0,0.0,0.0,0.0,0.0
6,0.0,0.0,3.6148002101124317,2.141799518628064,2.1664442800597903,3.3441305056201065,0.0,0.0,0.0,1.6532234857843433,0.0,0.0,0.0,0.0,0.0,0.0,0.0,0.0,0.0,0.0,0.0,0.0,0.0,0.0,0.0,0.0,0.0,0.0,0.0
7,0.0,0.0,0.0,0.0,4.3919212946638995,0.0,0.0,0.0,-2.792907416971328,4.189660557545777,3.85134561072141,0.0,0.0,0.0,0.0,0.0,0.0,0.0,0.0,0.0,0.0,0.0,0.0,0.0,0.0,0.0,0.0,0.0,0.0
8,0.0,0.0,0.0,0.0,0.0,0.0,0.0,-2.792907416971328,0.0,4.180527013013629,3.844001780789839,0.0,0.0,0.0,0.0,0.0,0.0,0.0,0.0,0.0,0.0,0.0,0.0,0.0,0.0,0.0,0.0,0.0,0.0
9,0.0,0.0,0.0,0.0,0.0,3.6847479993991397,1.6532234857843433,4.189660557545777,4.180527013013629,0.0,0.8021337210833925,2.9923283488474786,0.0,0.0,0.0,0.0,0.0,0.0,0.0,0.0,0.0,0.0,0.0,0.0,0.0,0.0,0.0,0.0,0.0
10,0.0,0.0,0.0,0.0,0.0,0.0,0.0,3.85134561072141,3.844001780789839,0.8021337210833925,0.0,3.2292458800906347,0.0,0.0,0.0,0.0,0.0,0.0,0.0,0.0,0.0,0.0,0.0,0.0,0.0,0.0,0.0,0.0,0.0
11,0.0,0.0,0.0,0.0,0.0,0.0,0.0,0.0,0.0,2.9923283488474786,3.2292458800906347,0.0,2.8073397263373954,0.0,0.0,0.0,0.0,0.0,0.0,0.0,0.0,0.0,0.0,0.0,0.0,0.0,0.0,0.0,0.0
12,0.0,0.0,0.0,0.0,0.0,0.0,0.0,0.0,0.0,0.0,0.0,2.8073397263373954,0.0,-1.0837435800906399,-0.4497625956925851,-0.5980394793913826,0.0,0.0,0.0,0.0,0.0,0.0,0.0,0.0,0.0,0.0,0.0,0.0,0.0
13,0.0,0.0,0.0,0.0,0.0,0.0,0.0,0.0,0.0,0.0,0.0,0.0,-1.0837435800906399,0.0,-1.3204422196492873,-1.675268817594142,0.0,0.0,0.0,0.0,0.0,0.0,0.0,0.0,0.0,0.0,0.0,0.0,0.0
14,0.0,0.0,0.0,0.0,0.0,0.0,0.0,0.0,0.0,0.0,0.0,0.0,-0.4497625956925851,-1.3204422196492873,0.0,-0.8989413590362568,0.0,-2.4351902805687553,0.0,0.0,-2.2797024761003084,0.0,0.0,0.0,0.0,0.0,0.0,0.0,0.0
15,0.0,0.0,0.0,0.0,0.0,0.0,0.0,0.0,0.0,0.0,0.0,0.0,-0.5980394793913826,-1.675268817594142,-0.8989413590362568,0.0,0.0,-2.5675987762501755,0.0,0.0,-3.3493466966698406,0.0,0.0,0.0,0.0,0.0,0.0,0.0,0.0
16,0.0,0.0,0.0,3.190681082614493,0.0,0.0,0.0,0.0,0.0,0.0,0.0,0.0,0.0,0.0,0.0,0.0,0.0,0.0,1.9253009858890524,0.0,0.0,1.5204964742499785,0.0,0.0,0.0,0.0,0.0,0.0,0.0
17,0.0,0.0,0.0,0.0,0.0,0.0,0.0,0.0,0.0,0.0,0.0,0.0,0.0,0.0,-2.4351902805687553,-2.5675987762501755,0.0,0.0,0.5061243443913735,0.09786665496561164,-5.526285917731705,0.0,0.0,0.0,0.0,0.0,0.0,0.0,0.0
18,0.0,0.0,0.0,0.0,0.0,0.0,0.0,0.0,0.0,0.0,0.0,0.0,0.0,0.0,0.0,0.0,1.9253009858890524,0.5061243443913735,0.0,0.0,0.33689166582311475,0.42865180911431167,0.0,0.0,0.0,0.0,0.0,0.0,0.0
19,0.0,0.0,0.0,0.0,0.0,0.0,0.0,0.0,0.0,0.0,0.0,0.0,0.0,0.0,0.0,0.0,0.0,0.09786665496561164,0.0,0.0,-0.17259616480232723,0.0,-1.5982487958944898,0.0,0.0,0.0,0.0,0.0,0.0
20,0.0,0.0,0.0,0.0,0.0,0.0,0.0,0.0,0.0,0.0,0.0,0.0,0.0,0.0,-2.2797024761003084,-3.3493466966698406,0.0,-5.526285917731705,0.33689166582311475,-0.17259616480232723,0.0,0.3790419303320308,-1.9679515510284422,0.0,0.0,0.0,0.0,0.0,0.0
21,0.0,0.0,0.0,0.0,0.0,0.0,0.0,0.0,0.0,0.0,0.0,0.0,0.0,0.0,0.0,0.0,1.5204964742499785,0.0,0.42865180911431167,0.0,0.3790419303320308,0.0,0.3132345487391509,0.0,0.0,0.0,0.0,0.0,0.0
22,0.0,0.0,0.0,0.0,0.0,0.0,0.0,0.0,0.0,0.0,0.0,0.0,0.0,0.0,0.0,0.0,0.0,0.0,0.0,-1.5982487958944898,-1.9679515510284422,0.3132345487391509,0.0,0.9159058676667077,-0.5938627507869182,0.0,0.0,0.0,0.0
23,0.0,0.0,0.0,0.0,0.0,0.0,0.0,0.0,0.0,0.0,0.0,0.0,0.0,0.0,0.0,0.0,0.0,0.0,0.0,0.0,0.0,0.0,0.9159058676667077,0.0,-0.8335167075510455,-4.074782044253655,0.0,0.0,0.0
24,0.0,0.0,0.0,0.0,0.0,0.0,0.0,0.0,0.0,0.0,0.0,0.0,0.0,0.0,0.0,0.0,0.0,0.0,0.0,0.0,0.0,0.0,-0.5938627507869182,-0.8335167075510455,0.0,-1.4499528074069,-1.2766705850878761,-1.7346815362844412,0.0
25,0.0,0.0,0.0,0.0,0.0,0.0,0.0,0.0,0.0,0.0,0.0,0.0,0.0,0.0,0.0,0.0,0.0,0.0,0.0,0.0,0.0,0.0,0.0,-4.074782044253655,-1.4499528074069,0.0,-0.2376860270652107,0.0,-0.6937409134782015
26,0.0,0.0,0.0,0.0,0.0,0.0,0.0,0.0,0.0,0.0,0.0,0.0,0.0,0.0,0.0,0.0,0.0,0.0,0.0,0.0,0.0,0.0,0.0,0.0,-1.2766705850878761,-0.2376860270652107,0.0,-3.042913770996651,-3.5581121507739835
27,0.0,0.0,0.0,0.0,0.0,0.0,0.0,0.0,0.0,0.0,0.0,0.0,0.0,0.0,0.0,0.0,0.0,0.0,0.0,0.0,0.0,0.0,0.0,0.0,-1.7346815362844412,0.0,-3.042913770996651,0.0,-7.3354715989258
28,0.0,0.0,0.0,0.0,0.0,0.0,0.0,0.0,0.0,0.0,0.0,0.0,0.0,0.0,0.0,0.0,0.0,0.0,0.0,0.0,0.0,0.0,0.0,0.0,0.0,-0.6937409134782015,-3.5581121507739835,-7.3354715989258,0.0
