,0,1,2,3,4,5,6,7,8,9,10,11,12,13,14,15,16,17,18,19,20,21,22,23,24,25,26
0,0.0,2.5431160381794906,1.5279097468787217,1.1222403298896717,0.0,0.0,0.0,0.0,0.0,0.0,0.0,0.0,0.0,0.0,0.0,0.0,0.0,0.0,0.0,0.0,0.0,0.0,0.0,0.0,0.0,0.0,0.0
1,2.5431160381794906,0.0,-0.5205520114628562,-0.5038981460092754,0.0,0.0,0.0,0.0,0.0,0.0,0.0,0.0,0.0,0.0,0.0,0.0,0.0,0.0,0.0,0.0,0.0,0.0,0.0,0.0,0.0,0.0,0.0
2,1.5279097468787217,-0.5205520114628562,0.0,-0.6095408580851731,-0.5452714128705295,0.0,0.0,-0.946855346381253,0.0,0.0,0.0,0.0,0.0,0.0,0.0,0.0,0.0,0.0,0.0,0.0,0.0,0.0,0.0,0.0,0.0,0.0,0.0
3,1.1222403298896717,-0.5038981460092754,-0.6095408580851731,0.0,-0.8195019291605457,2.57290145252894,0.0,-0.9287958286892953,0.0,0.0,0.0,0.0,0.0,0.0,0.0,0.0,0.0,0.0,0.0,0.0,0.0,0.0,0.0,0.0,0.0,0.0,0.0
4,0.0,0.0,-0.5452714128705295,-0.8195019291605457,0.0,2.5477914775920216,0.0,-1.7037739520752153,0.0,0.0,0.0,0.0,0.0,0.0,0.0,0.0,0.0,0.0,0.0,0.0,0.0,0.0,0.0,0.0,0.0,0.0,0.0
5,0.0,0.0,0.0,2.57290145252894,2.5477914775920216,0.0,-1.3410868865355254,2.0994645712286597,1.9910245735119128,0.0,0.0,0.0,0.0,0.0,0.0,0.0,0.0,0.0,0.0,0.0,0.0,0.0,0.0,0.0,0.0,0.0,0.0
6,0.0,0.0,0.0,0.0,0.0,-1.3410868865355254,0.0,0.0,2.0018645151973784,0.0,1.8924559750160848,0.0,0.0,0.0,0.0,0.0,0.0,0.0,0.0,0.0,0.0,0.0,0.0,0.0,0.0,0.0,0.0
7,0.0,0.0,-0.946855346381253,-0.9287958286892953,-1.7037739520752153,2.0994645712286597,0.0,0.0,-2.4690294755249083,0.0,-1.3973233849099966,0.0,0.0,0.0,0.0,0.0,0.0,0.0,0.0,0.0,0.0,0.0,0.0,0.0,0.0,0.0,0.0
8,0.0,0.0,0.0,0.0,0.0,1.9910245735119128,2.0018645151973784,-2.4690294755249083,0.0,0.0,-1.7196133826620636,-1.2657130580773768,0.0,0.0,0.0,0.0,0.0,0.0,0.0,0.0,0.0,0.0,0.0,0.0,0.0,0.0,0.0
9,0.0,0.0,0.0,0.0,0.0,0.0,0.0,0.0,0.0,0.0,0.0,1.6108224150836998,0.0,1.307931001795112,1.1998489122937888,0.0,0.0,0.0,0.0,0.0,0.0,0.0,0.0,0.0,0.0,0.0,0.0
10,0.0,0.0,0.0,0.0,0.0,0.0,1.8924559750160848,-1.3973233849099966,-1.7196133826620636,0.0,0.0,-0.905989854266592,0.0,0.0,0.0,0.0,0.0,0.0,0.0,0.0,0.0,0.0,0.0,0.0,0.0,0.0,0.0
11,0.0,0.0,0.0,0.0,0.0,0.0,0.0,0.0,-1.2657130580773768,1.6108224150836998,-0.905989854266592,0.0,0.0,-0.9421202916207231,0.0,0.0,0.0,0.0,0.0,0.0,0.0,0.0,0.0,0.0,0.0,0.0,0.0
12,0.0,0.0,0.0,0.0,0.0,0.0,0.0,0.0,0.0,0.0,0.0,0.0,0.0,0.0,0.0,-0.7716284041414356,0.924305881294605,-1.408411027082201,0.0,0.0,0.0,0.0,0.0,0.0,0.0,0.0,0.0
13,0.0,0.0,0.0,0.0,0.0,0.0,0.0,0.0,0.0,1.307931001795112,0.0,-0.9421202916207231,0.0,0.0,-1.9766212866799533,0.0,0.0,0.0,0.0,0.0,0.0,0.0,0.0,0.0,0.0,0.0,0.0
14,0.0,0.0,0.0,0.0,0.0,0.0,0.0,0.0,0.0,1.1998489122937888,0.0,0.0,0.0,-1.9766212866799533,0.0,0.0,-1.9638551604786672,0.0,0.0,0.0,0.0,0.0,0.0,0.0,0.0,0.0,0.0
15,0.0,0.0,0.0,0.0,0.0,0.0,0.0,0.0,0.0,0.0,0.0,0.0,-0.7716284041414356,0.0,0.0,0.0,0.9514193752244272,-0.9729847516769875,-1.019061012739546,0.0,0.44329935748593235,0.0,0.0,0.0,0.0,0.0,0.0
16,0.0,0.0,0.0,0.0,0.0,0.0,0.0,0.0,0.0,0.0,0.0,0.0,0.924305881294605,0.0,-1.9638551604786672,0.9514193752244272,0.0,0.0,0.0,0.0,-2.4043263159631003,0.0,0.0,0.0,0.0,0.0,0.0
17,0.0,0.0,0.0,0.0,0.0,0.0,0.0,0.0,0.0,0.0,0.0,0.0,-1.408411027082201,0.0,0.0,-0.9729847516769875,0.0,0.0,-1.8487120073897962,0.0,0.32884662012315036,0.0,0.0,0.0,0.0,0.0,0.0
18,0.0,0.0,0.0,0.0,0.0,0.0,0.0,0.0,0.0,0.0,0.0,0.0,0.0,0.0,0.0,-1.019061012739546,0.0,-1.8487120073897962,0.0,-1.573285769176618,0.2744731246887135,0.0,-0.03131127095877978,0.18158823017614203,0.0,0.0,0.0
19,0.0,0.0,0.0,0.0,0.0,0.0,0.0,0.0,0.0,0.0,0.0,0.0,0.0,0.0,0.0,0.0,0.0,0.0,-1.573285769176618,0.0,0.0,-0.2374728934207696,0.09998665577031861,0.0,-0.1017341569250369,-2.198297737303906,0.0
20,0.0,0.0,0.0,0.0,0.0,0.0,0.0,0.0,0.0,0.0,0.0,0.0,0.0,0.0,0.0,0.44329935748593235,-2.4043263159631003,0.32884662012315036,0.2744731246887135,0.0,0.0,0.0,-3.2629364708799025,-0.5688796147965739,0.0,0.0,0.0
21,0.0,0.0,0.0,0.0,0.0,0.0,0.0,0.0,0.0,0.0,0.0,0.0,0.0,0.0,0.0,0.0,0.0,0.0,0.0,-0.2374728934207696,0.0,0.0,-0.8481354907408722,0.0,-1.2045782441573216,0.0,0.0
22,0.0,0.0,0.0,0.0,0.0,0.0,0.0,0.0,0.0,0.0,0.0,0.0,0.0,0.0,0.0,0.0,0.0,0.0,-0.03131127095877978,0.09998665577031861,-3.2629364708799025,-0.8481354907408722,0.0,-0.5933948291008315,-1.7800670187550118,0.0,-0.8907415293832315
23,0.0,0.0,0.0,0.0,0.0,0.0,0.0,0.0,0.0,0.0,0.0,0.0,0.0,0.0,0.0,0.0,0.0,0.0,0.18158823017614203,0.0,-0.5688796147965739,0.0,-0.5933948291008315,0.0,0.0,0.0,0.0
24,0.0,0.0,0.0,0.0,0.0,0.0,0.0,0.0,0.0,0.0,0.0,0.0,0.0,0.0,0.0,0.0,0.0,0.0,0.0,-0.1017341569250369,0.0,-1.2045782441573216,-1.7800670187550118,0.0,0.0,-0.6487892333401003,-0.8836825790133519
25,0.0,0.0,0.0,0.0,0.0,0.0,0.0,0.0,0.0,0.0,0.0,0.0,0.0,0.0,0.0,0.0,0.0,0.0,0.0,-2.198297737303906,0.0,0.0,0.0,0.0,-0.6487892333401003,0.0,-0.16023326368685287
26,0.0,0.0,0.0,0.0,0.0,0.0,0.0,0.0,0.0,0.0,0.0,0.0,0.0,0.0,0.0,0.0,0.0,0.0,0.0,0.0,0.0,0.0,-0.8907415293832315,0.0,-0.8836825790133519,-0.16023326368685287,0.0
