,0,1,2,3,4,5,6,7,8,9,10,11,12,13,14,15,16,17,18,19,20,21,22,23,24
0,0.0,1.3736613887531044,0.7700511205530017,0.6807363203344851,0.0,0.0,0.0,0.0,0.0,0.0,0.0,0.0,0.0,0.0,0.0,0.0,0.0,0.0,0.0,0.0,0.0,0.0,0.0,0.0,0.0
1,1.3736613887531044,0.0,1.2458963159007117,0.6421610090399252,0.5534066906319901,0.0,0.0,0.0,0.0,0.0,0.0,0.0,0.0,0.0,0.0,0.0,0.0,0.0,0.0,0.0,0.0,0.0,0.0,0.0,0.0
2,0.7700511205530017,1.2458963159007117,0.0,0.7015083460825514,0.47461372772187066,-0.26042939829471934,0.0,0.0,0.0,0.0,0.0,0.0,0.0,0.0,0.0,0.0,0.0,0.0,0.0,0.0,0.0,0.0,0.0,0.0,0.0
3,0.6807363203344851,0.6421610090399252,0.7015083460825514,0.0,0.6218158063376978,0.44677939827725566,0.0,0.0,0.0,0.0,0.0,0.0,0.0,0.0,0.0,0.0,0.0,0.0,0.0,0.0,0.0,0.0,0.0,0.0,0.0
4,0.0,0.5534066906319901,0.47461372772187066,0.6218158063376978,0.0,-0.5531816048778553,0.0,0.0,0.0,0.0,0.0,0.0,0.0,0.0,0.0,0.0,0.0,0.0,0.0,0.0,0.0,0.0,0.0,0.0,0.0
5,0.0,0.0,-0.26042939829471934,0.44677939827725566,-0.5531816048778553,0.0,-0.06467610022248431,0.6864970648025235,0.0,0.40920866913477927,0.0,0.0,0.0,0.0,0.0,0.0,0.0,0.0,0.0,0.0,0.0,0.0,0.0,0.0,0.0
6,0.0,0.0,0.0,0.0,0.0,-0.06467610022248431,0.0,0.6056093814800317,0.0,0.34950317155991456,0.0,0.0,0.0,0.0,0.0,0.0,0.0,0.0,0.0,0.0,0.0,0.0,0.0,0.0,0.0
7,0.0,0.0,0.0,0.0,0.0,0.6864970648025235,0.6056093814800317,0.0,0.5353704877486332,-1.1207442095169178,0.0,0.0,0.0,0.0,0.0,0.0,0.0,0.0,0.0,0.0,0.0,0.0,0.0,0.0,0.0
8,0.0,0.0,0.0,0.0,0.0,0.0,0.0,0.5353704877486332,0.0,0.32175531090421167,-0.9049926541283513,-0.37049523131722434,0.0,0.0,0.0,0.0,0.0,0.0,0.0,0.0,0.0,0.0,0.0,0.0,0.0
9,0.0,0.0,0.0,0.0,0.0,0.40920866913477927,0.34950317155991456,-1.1207442095169178,0.32175531090421167,0.0,0.4948637840062087,0.6091008642674693,0.0,0.0,0.0,0.0,0.0,0.0,0.0,0.0,0.0,0.0,0.0,0.0,0.0
10,0.0,0.0,0.0,0.0,0.0,0.0,0.0,0.0,-0.9049926541283513,0.4948637840062087,0.0,-0.8321875032281824,0.0,0.0,0.0,0.0,0.0,0.0,0.0,0.0,0.0,0.0,0.0,0.0,0.0
11,0.0,0.0,0.0,0.0,0.0,0.0,0.0,0.0,-0.37049523131722434,0.6091008642674693,-0.8321875032281824,0.0,-1.2185267476295691,0.0,0.0,0.0,0.0,0.0,0.0,0.0,0.0,0.0,0.0,0.0,0.0
12,0.0,0.0,0.0,0.0,0.0,0.0,0.0,0.0,0.0,0.0,0.0,-1.2185267476295691,0.0,-1.740024449412701,0.0,-1.010296561174031,-0.7617509159167978,0.0,0.0,0.0,0.0,0.0,0.0,0.0,0.0
13,0.0,0.0,0.0,0.0,0.0,0.0,0.0,0.0,0.0,0.0,0.0,0.0,-1.740024449412701,0.0,1.7933505265738676,-1.515788778015678,-0.7623757273363422,0.0,0.0,0.0,0.0,0.0,0.0,0.0,0.0
14,0.0,0.0,0.0,0.0,0.0,0.0,0.0,0.0,0.0,0.0,0.0,0.0,0.0,1.7933505265738676,0.0,1.7070332445533596,1.5612593458347084,0.0,0.0,0.0,0.0,0.0,0.0,0.0,0.0
15,0.0,0.0,0.0,0.0,0.0,0.0,0.0,0.0,0.0,0.0,0.0,0.0,-1.010296561174031,-1.515788778015678,1.7070332445533596,0.0,-0.8325831464599184,0.0,0.0,0.0,0.0,0.0,0.0,0.0,0.0
16,0.0,0.0,0.0,0.0,0.0,0.0,0.0,0.0,0.0,0.0,0.0,0.0,-0.7617509159167978,-0.7623757273363422,1.5612593458347084,-0.8325831464599184,0.0,1.3499899358062089,0.0,-1.004341584766944,0.0,0.0,0.0,0.0,0.0
17,0.0,0.0,0.0,0.0,0.0,0.0,0.0,0.0,0.0,0.0,0.0,0.0,0.0,0.0,0.0,0.0,1.3499899358062089,0.0,-1.2216020703036505,1.2123622978521669,0.0,-1.4381662031262084,0.0,0.0,0.0
18,0.0,0.0,0.0,0.0,0.0,0.0,0.0,0.0,0.0,0.0,0.0,0.0,0.0,0.0,0.0,0.0,0.0,-1.2216020703036505,0.0,0.0,-0.6444463547013077,-0.9295806677118358,0.0,0.0,0.0
19,0.0,0.0,0.0,0.0,0.0,0.0,0.0,0.0,0.0,0.0,0.0,0.0,0.0,0.0,0.0,0.0,-1.004341584766944,1.2123622978521669,0.0,0.0,0.0,0.0,-1.0647394694698555,0.0,0.0
20,0.0,0.0,0.0,0.0,0.0,0.0,0.0,0.0,0.0,0.0,0.0,0.0,0.0,0.0,0.0,0.0,0.0,0.0,-0.6444463547013077,0.0,0.0,-0.5560114297451711,0.9134661954550509,-1.1062036919224643,-1.417262064017897
21,0.0,0.0,0.0,0.0,0.0,0.0,0.0,0.0,0.0,0.0,0.0,0.0,0.0,0.0,0.0,0.0,0.0,-1.4381662031262084,-0.9295806677118358,0.0,-0.5560114297451711,0.0,0.870789752773139,-0.6954738998422779,-2.344971220512961
22,0.0,0.0,0.0,0.0,0.0,0.0,0.0,0.0,0.0,0.0,0.0,0.0,0.0,0.0,0.0,0.0,0.0,0.0,0.0,-1.0647394694698555,0.9134661954550509,0.870789752773139,0.0,0.0,0.0
23,0.0,0.0,0.0,0.0,0.0,0.0,0.0,0.0,0.0,0.0,0.0,0.0,0.0,0.0,0.0,0.0,0.0,0.0,0.0,0.0,-1.1062036919224643,-0.6954738998422779,0.0,0.0,-1.6433316113426464
24,0.0,0.0,0.0,0.0,0.0,0.0,0.0,0.0,0.0,0.0,0.0,0.0,0.0,0.0,0.0,0.0,0.0,0.0,0.0,0.0,-1.417262064017897,-2.344971220512961,0.0,-1.6433316113426464,0.0
