,0,1,2,3,4,5,6,7,8,9,10,11,12,13,14,15,16,17,18,19,20,21,22,23,24
0,0.0,3.899491108762077,-0.17228751442416465,-0.12270479193832705,0.0,0.0,0.0,0.0,0.0,0.0,0.0,0.0,0.0,0.0,0.0,0.0,0.0,0.0,0.0,0.0,0.0,0.0,0.0,0.0,0.0
1,3.899491108762077,0.0,3.530249654196105,2.9188289431127,0.0,0.0,0.0,0.0,0.0,0.0,0.0,0.0,0.0,0.0,0.0,0.0,0.0,0.0,0.0,0.0,0.0,0.0,0.0,0.0,0.0
2,-0.17228751442416465,3.530249654196105,0.0,0.19899499001501664,2.6542109914284846,-0.3106002666671281,0.0,0.0,0.0,0.0,0.0,0.0,0.0,0.0,0.0,0.0,0.0,0.0,0.0,0.0,0.0,0.0,0.0,0.0,0.0
3,-0.12270479193832705,2.9188289431127,0.19899499001501664,0.0,2.6824133441712115,-1.034771080856334,-1.0899861994891589,0.0,0.0,0.0,0.0,0.0,0.0,0.0,0.0,0.0,0.0,0.0,0.0,0.0,0.0,0.0,0.0,0.0,0.0
4,0.0,0.0,2.6542109914284846,2.6824133441712115,0.0,2.598125775532107,0.0,0.06208472901393143,-0.18333106444071412,0.0,0.0,0.0,0.0,0.0,0.0,0.0,0.0,0.0,0.0,0.0,0.0,0.0,0.0,0.0,0.0
5,0.0,0.0,-0.3106002666671281,-1.034771080856334,2.598125775532107,0.0,-0.7166345346555962,0.0,0.0,-0.3421894858901859,0.0,0.0,0.0,0.0,0.0,0.0,0.0,0.0,0.0,0.0,0.0,0.0,0.0,0.0,0.0
6,0.0,0.0,0.0,-1.0899861994891589,0.0,-0.7166345346555962,0.0,2.560884351278489,0.0,-1.172042126071316,0.0,0.0,0.0,0.0,0.0,0.0,0.0,0.0,0.0,0.0,0.0,0.0,0.0,0.0,0.0
7,0.0,0.0,0.0,0.0,0.06208472901393143,0.0,2.560884351278489,0.0,0.4996909303447218,0.0,-1.605768429209786,0.0,0.0,0.0,0.0,0.0,0.0,0.0,0.0,0.0,0.0,0.0,0.0,0.0,0.0
8,0.0,0.0,0.0,0.0,-0.18333106444071412,0.0,0.0,0.4996909303447218,0.0,2.5209345257769376,0.2721521436560547,0.0,0.0,0.0,0.0,0.0,0.0,0.0,0.0,0.0,0.0,0.0,0.0,0.0,0.0
9,0.0,0.0,0.0,0.0,0.0,-0.3421894858901859,-1.172042126071316,0.0,2.5209345257769376,0.0,0.0,0.0985608140520979,0.0,0.0,0.0,0.0,0.0,0.0,0.0,0.0,0.0,0.0,0.0,0.0,0.0
10,0.0,0.0,0.0,0.0,0.0,0.0,0.0,-1.605768429209786,0.2721521436560547,0.0,0.0,2.1381829056130406,0.0,0.0,0.0,0.0,0.0,0.0,0.0,0.0,0.0,0.0,0.0,0.0,0.0
11,0.0,0.0,0.0,0.0,0.0,0.0,0.0,0.0,0.0,0.0985608140520979,2.1381829056130406,0.0,1.710488221276144,0.0,0.0,0.0,0.0,0.0,0.0,0.0,0.0,0.0,0.0,0.0,0.0
12,0.0,0.0,0.0,0.0,0.0,0.0,0.0,0.0,0.0,0.0,0.0,1.710488221276144,0.0,-0.8239247742871743,1.2576583353294413,-1.0870359589329066,0.0,0.0,0.0,0.0,0.0,0.0,0.0,0.0,0.0
13,0.0,0.0,0.0,0.0,0.0,0.0,0.0,0.0,0.0,0.0,0.0,0.0,-0.8239247742871743,0.0,1.2479162437157236,-0.5468328266011546,0.0,0.0,0.0,0.0,0.0,0.0,0.0,0.0,0.0
14,0.0,0.0,0.0,0.0,0.0,0.0,0.0,0.0,0.0,0.0,0.0,0.0,1.2576583353294413,1.2479162437157236,0.0,1.0601534831722703,-2.513204915504229,0.0,0.0,0.0,0.0,0.0,0.0,0.0,0.0
15,0.0,0.0,0.0,0.0,0.0,0.0,0.0,0.0,0.0,0.0,0.0,0.0,-1.0870359589329066,-0.5468328266011546,1.0601534831722703,0.0,1.054686593722177,-0.4129524263873759,0.0,0.0,0.0,0.0,0.0,0.0,0.0
16,0.0,0.0,0.0,0.0,0.0,0.0,0.0,0.0,0.0,0.0,0.0,0.0,0.0,0.0,-2.513204915504229,1.054686593722177,0.0,1.1093592829545482,-1.9861043218856504,0.0,0.0,0.0,0.0,0.0,0.0
17,0.0,0.0,0.0,0.0,0.0,0.0,0.0,0.0,0.0,0.0,0.0,0.0,0.0,0.0,0.0,-0.4129524263873759,1.1093592829545482,0.0,0.9497172162638305,0.0,0.0,0.0,0.0,0.0,0.0
18,0.0,0.0,0.0,0.0,0.0,0.0,0.0,0.0,0.0,0.0,0.0,0.0,0.0,0.0,0.0,0.0,-1.9861043218856504,0.9497172162638305,0.0,-1.465235330101264,-1.684266367396803,-0.21700806437856557,0.0,0.0,0.0
19,0.0,0.0,0.0,0.0,0.0,0.0,0.0,0.0,0.0,0.0,0.0,0.0,0.0,0.0,0.0,0.0,0.0,0.0,-1.465235330101264,0.0,-3.394982130503948,-0.17288354262378047,0.0,0.0,0.0
20,0.0,0.0,0.0,0.0,0.0,0.0,0.0,0.0,0.0,0.0,0.0,0.0,0.0,0.0,0.0,0.0,0.0,0.0,-1.684266367396803,-3.394982130503948,0.0,-0.20450443144786223,0.0,0.0,0.0
21,0.0,0.0,0.0,0.0,0.0,0.0,0.0,0.0,0.0,0.0,0.0,0.0,0.0,0.0,0.0,0.0,0.0,0.0,-0.21700806437856557,-0.17288354262378047,-0.20450443144786223,0.0,-0.4312915736123971,-0.5029287555741798,-0.6506193788422343
22,0.0,0.0,0.0,0.0,0.0,0.0,0.0,0.0,0.0,0.0,0.0,0.0,0.0,0.0,0.0,0.0,0.0,0.0,0.0,0.0,0.0,-0.4312915736123971,0.0,-0.9866741945581969,-0.09027237176406523
23,0.0,0.0,0.0,0.0,0.0,0.0,0.0,0.0,0.0,0.0,0.0,0.0,0.0,0.0,0.0,0.0,0.0,0.0,0.0,0.0,0.0,-0.5029287555741798,-0.9866741945581969,0.0,0.0916558569227073
24,0.0,0.0,0.0,0.0,0.0,0.0,0.0,0.0,0.0,0.0,0.0,0.0,0.0,0.0,0.0,0.0,0.0,0.0,0.0,0.0,0.0,-0.6506193788422343,-0.09027237176406523,0.0916558569227073,0.0
