,0,1,2,3,4,5,6,7,8,9,10,11,12,13,14,15,16,17,18,19,20,21
0,0.0,2.1883227340528344,0.24037273135117032,-2.8128354119425376,0.0,0.0,0.0,0.0,0.0,0.0,0.0,0.0,0.0,0.0,0.0,0.0,0.0,0.0,0.0,0.0,0.0,0.0
1,2.1883227340528344,0.0,2.27961350429816,0.878786205695953,0.0,0.0,0.0,0.0,0.0,0.0,0.0,0.0,0.0,0.0,0.0,0.0,0.0,0.0,0.0,0.0,0.0,0.0
2,0.24037273135117032,2.27961350429816,0.0,-1.0069321974708665,0.0,0.0,0.0,0.0,0.0,0.0,0.0,0.0,0.0,0.0,0.0,0.0,0.0,0.0,0.0,0.0,0.0,0.0
3,-2.8128354119425376,0.878786205695953,-1.0069321974708665,0.0,-1.150320303216928,1.2861264906547922,2.490810730745639,0.0,0.0,0.0,0.0,0.0,0.0,0.0,0.0,0.0,0.0,0.0,0.0,0.0,0.0,0.0
4,0.0,0.0,0.0,-1.150320303216928,0.0,1.2399977546642582,2.505654005483708,0.0,0.0,0.0,0.0,0.0,0.0,0.0,0.0,0.0,0.0,0.0,0.0,0.0,0.0,0.0
5,0.0,0.0,0.0,1.2861264906547922,1.2399977546642582,0.0,2.5419890124192084,0.0,0.0,0.0,0.0,0.0,0.0,0.0,0.0,0.0,0.0,0.0,0.0,0.0,0.0,0.0
6,0.0,0.0,0.0,2.490810730745639,2.505654005483708,2.5419890124192084,0.0,2.251255287936858,1.0256085186292088,0.5309387496435763,0.0,0.0,0.0,0.0,0.0,0.0,0.0,0.0,0.0,0.0,0.0,0.0
7,0.0,0.0,0.0,0.0,0.0,0.0,2.251255287936858,0.0,2.249478875906791,2.1100805472024033,1.841596568267472,0.0,0.0,0.0,0.0,0.0,0.0,0.0,0.0,0.0,0.0,0.0
8,0.0,0.0,0.0,0.0,0.0,0.0,1.0256085186292088,2.249478875906791,0.0,0.8261866681861557,0.5454308210353207,0.0,0.0,0.0,0.0,0.0,0.0,0.0,0.0,0.0,0.0,0.0
9,0.0,0.0,0.0,0.0,0.0,0.0,0.5309387496435763,2.1100805472024033,0.8261866681861557,0.0,-1.6793546294612112,0.0,0.0,0.0,0.0,0.0,0.0,0.0,0.0,0.0,0.0,0.0
10,0.0,0.0,0.0,0.0,0.0,0.0,0.0,1.841596568267472,0.5454308210353207,-1.6793546294612112,0.0,1.266940833888712,0.0,0.0,0.0,0.0,0.0,0.0,0.0,0.0,0.0,0.0
11,0.0,0.0,0.0,0.0,0.0,0.0,0.0,0.0,0.0,0.0,1.266940833888712,0.0,0.5194916594476722,0.5753257395967061,0.0,-0.04302778432174905,0.0,0.0,0.0,0.0,0.0,0.0
12,0.0,0.0,0.0,0.0,0.0,0.0,0.0,0.0,0.0,0.0,0.0,0.5194916594476722,0.0,-0.04545848916872792,0.0,-2.8271083516003483,0.0,0.0,0.0,0.0,0.0,0.0
13,0.0,0.0,0.0,0.0,0.0,0.0,0.0,0.0,0.0,0.0,0.0,0.5753257395967061,-0.04545848916872792,0.0,-0.37898466525417185,-0.15941181342207617,0.0,0.10991342456703726,0.0,0.0,0.0,0.0
14,0.0,0.0,0.0,0.0,0.0,0.0,0.0,0.0,0.0,0.0,0.0,0.0,0.0,-0.37898466525417185,0.0,0.34138761091786013,0.0,0.48627618963873265,0.0,0.0,0.0,0.0
15,0.0,0.0,0.0,0.0,0.0,0.0,0.0,0.0,0.0,0.0,0.0,-0.04302778432174905,-2.8271083516003483,-0.15941181342207617,0.34138761091786013,0.0,0.0,-0.22623379899911225,0.0,0.0,0.0,0.0
16,0.0,0.0,0.0,0.0,0.0,0.0,0.0,0.0,0.0,0.0,0.0,0.0,0.0,0.0,0.0,0.0,0.0,-0.5624753189750644,-0.0017487591447542012,-0.6855041504362367,0.0,0.0
17,0.0,0.0,0.0,0.0,0.0,0.0,0.0,0.0,0.0,0.0,0.0,0.0,0.0,0.10991342456703726,0.48627618963873265,-0.22623379899911225,-0.5624753189750644,0.0,-0.30617237482282256,-0.661237116882967,-0.792634576716993,0.0
18,0.0,0.0,0.0,0.0,0.0,0.0,0.0,0.0,0.0,0.0,0.0,0.0,0.0,0.0,0.0,0.0,-0.0017487591447542012,-0.30617237482282256,0.0,0.09464062339531021,-2.3490145691619073,-0.5962484114751139
19,0.0,0.0,0.0,0.0,0.0,0.0,0.0,0.0,0.0,0.0,0.0,0.0,0.0,0.0,0.0,0.0,-0.6855041504362367,-0.661237116882967,0.09464062339531021,0.0,-0.07286799922181184,-1.0999575275080424
20,0.0,0.0,0.0,0.0,0.0,0.0,0.0,0.0,0.0,0.0,0.0,0.0,0.0,0.0,0.0,0.0,0.0,-0.792634576716993,-2.3490145691619073,-0.07286799922181184,0.0,-0.6623602217249538
21,0.0,0.0,0.0,0.0,0.0,0.0,0.0,0.0,0.0,0.0,0.0,0.0,0.0,0.0,0.0,0.0,0.0,0.0,-0.5962484114751139,-1.0999575275080424,-0.6623602217249538,0.0
