,0,1,2,3,4,5,6,7,8,9,10,11,12,13,14,15,16,17,18,19,20,21,22,23,24,25
0,0.0,-0.5229984919307117,3.617921354784528,3.3420544037413027,0.0,0.0,0.0,0.0,0.0,0.0,0.0,0.0,0.0,0.0,0.0,0.0,0.0,0.0,0.0,0.0,0.0,0.0,0.0,0.0,0.0,0.0
1,-0.5229984919307117,0.0,3.6084613108167174,3.331364582821269,0.0,0.0,0.0,0.0,0.0,0.0,0.0,0.0,0.0,0.0,0.0,0.0,0.0,0.0,0.0,0.0,0.0,0.0,0.0,0.0,0.0,0.0
2,3.617921354784528,3.6084613108167174,0.0,1.5243205009175818,0.0,0.0,0.0,0.0,0.0,0.0,0.0,0.0,0.0,0.0,0.0,0.0,0.0,0.0,0.0,0.0,0.0,0.0,0.0,0.0,0.0,0.0
3,3.3420544037413027,3.331364582821269,1.5243205009175818,0.0,2.9812674099374563,0.0,0.0,0.0,0.0,0.0,0.0,0.0,0.0,0.0,0.0,0.0,0.0,0.0,0.0,0.0,0.0,0.0,0.0,0.0,0.0,0.0
4,0.0,0.0,0.0,2.9812674099374563,0.0,2.4064961562619267,-0.0508009971345057,-0.23135671879837355,0.0,0.0,0.0,0.0,0.0,0.0,0.0,0.0,0.0,0.0,0.0,0.0,0.0,0.0,0.0,0.0,0.0,0.0
5,0.0,0.0,0.0,0.0,2.4064961562619267,0.0,2.3539158534160403,2.2928667138927366,2.1467319967723273,0.0,0.0,0.0,0.0,0.0,0.0,0.0,0.0,0.0,0.0,0.0,0.0,0.0,0.0,0.0,0.0,0.0
6,0.0,0.0,0.0,0.0,-0.0508009971345057,2.3539158534160403,0.0,-2.1660513625018827,-0.6432148034357874,0.0,0.0,0.0,0.0,0.0,0.0,0.0,0.0,0.0,0.0,0.0,0.0,0.0,0.0,0.0,0.0,0.0
7,0.0,0.0,0.0,0.0,-0.23135671879837355,2.2928667138927366,-2.1660513625018827,0.0,-0.7672508793572714,0.0,0.0,0.0,0.0,0.0,0.0,0.0,0.0,0.0,0.0,0.0,0.0,0.0,0.0,0.0,0.0,0.0
8,0.0,0.0,0.0,0.0,0.0,2.1467319967723273,-0.6432148034357874,-0.7672508793572714,0.0,-0.6861083866854236,0.0,0.0,0.0,0.0,0.0,0.0,0.0,0.0,0.0,0.0,0.0,0.0,0.0,0.0,0.0,0.0
9,0.0,0.0,0.0,0.0,0.0,0.0,0.0,0.0,-0.6861083866854236,0.0,-0.9904819697880338,-0.8222921104593148,0.0,0.0,0.0,0.0,0.0,0.0,0.0,0.0,0.0,0.0,0.0,0.0,0.0,0.0
10,0.0,0.0,0.0,0.0,0.0,0.0,0.0,0.0,0.0,-0.9904819697880338,0.0,-1.643159345631359,0.0,0.0,0.0,-2.7874612316633467,0.0,0.0,0.0,0.0,0.0,0.0,0.0,0.0,0.0,0.0
11,0.0,0.0,0.0,0.0,0.0,0.0,0.0,0.0,0.0,-0.8222921104593148,-1.643159345631359,0.0,1.22574008121553,0.0,0.0,-1.5630812201067927,0.0,0.0,0.0,0.0,0.0,0.0,0.0,0.0,0.0,0.0
12,0.0,0.0,0.0,0.0,0.0,0.0,0.0,0.0,0.0,0.0,0.0,1.22574008121553,0.0,-1.2265850863231302,-0.7790866766235207,1.2636416923757896,0.0,0.0,0.0,0.0,0.0,0.0,0.0,0.0,0.0,0.0
13,0.0,0.0,0.0,0.0,0.0,0.0,0.0,0.0,0.0,0.0,0.0,0.0,-1.2265850863231302,0.0,-0.9938504378909184,1.3310959526697645,0.0,0.0,0.0,0.0,0.8697875725282551,0.0,0.0,0.0,0.0,0.0
14,0.0,0.0,0.0,0.0,0.0,0.0,0.0,0.0,0.0,0.0,0.0,0.0,-0.7790866766235207,-0.9938504378909184,0.0,1.2812144412260074,0.0,0.0,0.0,0.0,0.0,0.0,0.0,0.0,0.0,0.0
15,0.0,0.0,0.0,0.0,0.0,0.0,0.0,0.0,0.0,0.0,-2.7874612316633467,-1.5630812201067927,1.2636416923757896,1.3310959526697645,1.2812144412260074,0.0,0.0,0.0,0.0,0.0,0.0,0.0,0.0,0.0,0.0,0.0
16,0.0,0.0,0.0,0.0,0.0,0.0,0.0,0.0,0.0,0.0,0.0,0.0,0.0,0.0,0.0,0.0,0.0,1.0877470891268841,-0.058051207746923864,0.18127375049085606,0.0,0.0,0.0,0.0,0.0,0.0
17,0.0,0.0,0.0,0.0,0.0,0.0,0.0,0.0,0.0,0.0,0.0,0.0,0.0,0.0,0.0,0.0,1.0877470891268841,0.0,1.0768288921098752,0.3066461591953588,0.0,0.0,0.0,0.0,0.0,0.0
18,0.0,0.0,0.0,0.0,0.0,0.0,0.0,0.0,0.0,0.0,0.0,0.0,0.0,0.0,0.0,0.0,-0.058051207746923864,1.0768288921098752,0.0,0.7113907618973948,0.0,-2.323468056452519,-0.7674776134046952,0.0,0.0,0.0
19,0.0,0.0,0.0,0.0,0.0,0.0,0.0,0.0,0.0,0.0,0.0,0.0,0.0,0.0,0.0,0.0,0.18127375049085606,0.3066461591953588,0.7113907618973948,0.0,-0.7028809225489593,0.3285619667105645,-0.6577700878366233,0.0,0.0,0.0
20,0.0,0.0,0.0,0.0,0.0,0.0,0.0,0.0,0.0,0.0,0.0,0.0,0.0,0.8697875725282551,0.0,0.0,0.0,0.0,0.0,-0.7028809225489593,0.0,0.0,-0.2323096810241341,0.0,0.0,0.0
21,0.0,0.0,0.0,0.0,0.0,0.0,0.0,0.0,0.0,0.0,0.0,0.0,0.0,0.0,0.0,0.0,0.0,0.0,-2.323468056452519,0.3285619667105645,0.0,0.0,-0.635248567023385,-2.7436237922548385,-1.1331391292524085,0.0
22,0.0,0.0,0.0,0.0,0.0,0.0,0.0,0.0,0.0,0.0,0.0,0.0,0.0,0.0,0.0,0.0,0.0,0.0,-0.7674776134046952,-0.6577700878366233,-0.2323096810241341,-0.635248567023385,0.0,-0.7031574349619552,-0.7219692743580798,-0.3946052491402631
23,0.0,0.0,0.0,0.0,0.0,0.0,0.0,0.0,0.0,0.0,0.0,0.0,0.0,0.0,0.0,0.0,0.0,0.0,0.0,0.0,0.0,-2.7436237922548385,-0.7031574349619552,0.0,-0.9964206361153133,-0.5892440105277539
24,0.0,0.0,0.0,0.0,0.0,0.0,0.0,0.0,0.0,0.0,0.0,0.0,0.0,0.0,0.0,0.0,0.0,0.0,0.0,0.0,0.0,-1.1331391292524085,-0.7219692743580798,-0.9964206361153133,0.0,-0.1165612865922111
25,0.0,0.0,0.0,0.0,0.0,0.0,0.0,0.0,0.0,0.0,0.0,0.0,0.0,0.0,0.0,0.0,0.0,0.0,0.0,0.0,0.0,0.0,-0.3946052491402631,-0.5892440105277539,-0.1165612865922111,0.0
