,0,1,2,3,4,5,6,7,8,9,10,11,12,13,14,15,16,17,18,19,20,21
0,0.0,-1.1058077298416642,0.10017185106060461,3.004381400908796,0.0,0.0,0.0,0.0,0.0,0.0,0.0,0.0,0.0,0.0,0.0,0.0,0.0,0.0,0.0,0.0,0.0,0.0
1,-1.1058077298416642,0.0,0.005061557587498842,3.0008483092054807,0.0,0.0,0.0,0.0,0.0,0.0,0.0,0.0,0.0,0.0,0.0,0.0,0.0,0.0,0.0,0.0,0.0,0.0
2,0.10017185106060461,0.005061557587498842,0.0,2.966295150383864,2.9299900678094377,2.6221554536348117,0.0,0.0,0.0,0.0,0.0,0.0,0.0,0.0,0.0,0.0,0.0,0.0,0.0,0.0,0.0,0.0
3,3.004381400908796,3.0008483092054807,2.966295150383864,0.0,0.5975798989219365,0.7411164989825857,0.0,0.0,0.0,0.0,0.0,0.0,0.0,0.0,0.0,0.0,0.0,0.0,0.0,0.0,0.0,0.0
4,0.0,0.0,2.9299900678094377,0.5975798989219365,0.0,-0.11762419741951441,0.0,-1.1506589263992928,0.0,0.0,0.0,0.0,0.0,0.0,0.0,0.0,0.0,0.0,0.0,0.0,0.0,0.0
5,0.0,0.0,2.6221554536348117,0.7411164989825857,-0.11762419741951441,0.0,2.3822939970872037,-0.013413672632841303,0.0,0.0,0.0,0.0,0.0,0.0,0.0,0.0,0.0,0.0,0.0,0.0,0.0,0.0
6,0.0,0.0,0.0,0.0,0.0,2.3822939970872037,0.0,2.2849285740961327,-1.1589330161060252,0.0,0.0,0.0,0.0,0.0,0.0,0.0,0.0,0.0,0.0,0.0,0.0,0.0
7,0.0,0.0,0.0,0.0,-1.1506589263992928,-0.013413672632841303,2.2849285740961327,0.0,1.4720758384551804,0.0,0.0,0.0,0.0,0.0,0.0,0.0,0.0,0.0,0.0,0.0,0.0,0.0
8,0.0,0.0,0.0,0.0,0.0,0.0,-1.1589330161060252,1.4720758384551804,0.0,-1.8954770051532324,-1.7591755053368894,-2.2131642299310443,0.0,0.0,0.0,0.0,0.0,0.0,0.0,0.0,0.0,0.0
9,0.0,0.0,0.0,0.0,0.0,0.0,0.0,0.0,-1.8954770051532324,0.0,-2.6533921836442795,-2.6087113986217703,0.6154336442365554,0.0,0.0,0.0,0.0,0.0,0.0,0.0,0.0,0.0
10,0.0,0.0,0.0,0.0,0.0,0.0,0.0,0.0,-1.7591755053368894,-2.6533921836442795,0.0,-3.0401030861425578,0.6331383793141501,0.0,0.0,0.0,0.0,0.0,0.0,0.0,0.0,0.0
11,0.0,0.0,0.0,0.0,0.0,0.0,0.0,0.0,-2.2131642299310443,-2.6087113986217703,-3.0401030861425578,0.0,0.6166537543329982,0.3624380685559156,0.0,0.0,0.0,0.0,0.0,0.0,0.0,0.0
12,0.0,0.0,0.0,0.0,0.0,0.0,0.0,0.0,0.0,0.6154336442365554,0.6331383793141501,0.6166537543329982,0.0,-2.2172031446085905,0.0,0.0,0.0,0.0,0.0,0.0,0.0,0.0
13,0.0,0.0,0.0,0.0,0.0,0.0,0.0,0.0,0.0,0.0,0.0,0.3624380685559156,-2.2172031446085905,0.0,-0.08386172893306046,0.0,0.0,0.0,0.0,0.0,0.0,0.0
14,0.0,0.0,0.0,0.0,0.0,0.0,0.0,0.0,0.0,0.0,0.0,0.0,0.0,-0.08386172893306046,0.0,-0.9421181180085215,-0.5736891588258469,0.0,0.0,0.0,0.0,0.0
15,0.0,0.0,0.0,0.0,0.0,0.0,0.0,0.0,0.0,0.0,0.0,0.0,0.0,0.0,-0.9421181180085215,0.0,-0.2057845400032375,0.0,-0.38143346951763957,0.0,0.0,0.0
16,0.0,0.0,0.0,0.0,0.0,0.0,0.0,0.0,0.0,0.0,0.0,0.0,0.0,0.0,-0.5736891588258469,-0.2057845400032375,0.0,0.6493993237688587,-1.472648964834765,0.3816950997497418,-0.18490961477841453,-1.8325001094693472
17,0.0,0.0,0.0,0.0,0.0,0.0,0.0,0.0,0.0,0.0,0.0,0.0,0.0,0.0,0.0,0.0,0.6493993237688587,0.0,0.29324630359949616,0.2675583057200181,-0.37031146252807456,0.0
18,0.0,0.0,0.0,0.0,0.0,0.0,0.0,0.0,0.0,0.0,0.0,0.0,0.0,0.0,0.0,-0.38143346951763957,-1.472648964834765,0.29324630359949616,0.0,0.0,-0.4217054635598786,-1.3693656600499275
19,0.0,0.0,0.0,0.0,0.0,0.0,0.0,0.0,0.0,0.0,0.0,0.0,0.0,0.0,0.0,0.0,0.3816950997497418,0.2675583057200181,0.0,0.0,-0.8256933511228023,0.0
20,0.0,0.0,0.0,0.0,0.0,0.0,0.0,0.0,0.0,0.0,0.0,0.0,0.0,0.0,0.0,0.0,-0.18490961477841453,-0.37031146252807456,-0.4217054635598786,-0.8256933511228023,0.0,-0.37239364716648476
21,0.0,0.0,0.0,0.0,0.0,0.0,0.0,0.0,0.0,0.0,0.0,0.0,0.0,0.0,0.0,0.0,-1.8325001094693472,0.0,-1.3693656600499275,0.0,-0.37239364716648476,0.0
