,0,1,2,3,4,5,6,7,8,9,10,11,12,13,14,15,16,17,18,19,20,21
0,0.0,-0.1827904037128823,-0.11407241434468682,1.702792519353246,0.0,0.0,0.0,0.0,0.0,0.0,0.0,0.0,0.0,0.0,0.0,0.0,0.0,0.0,0.0,0.0,0.0,0.0
1,-0.1827904037128823,0.0,0.07082525197399019,1.6383233540662767,0.0,0.0,0.0,0.0,0.0,0.0,0.0,0.0,0.0,0.0,0.0,0.0,0.0,0.0,0.0,0.0,0.0,0.0
2,-0.11407241434468682,0.07082525197399019,0.0,1.7496297945934796,2.638848879126987,-0.6038514983866704,0.0,0.0,0.0,0.0,0.0,0.0,0.0,0.0,0.0,0.0,0.0,0.0,0.0,0.0,0.0,0.0
3,1.702792519353246,1.6383233540662767,1.7496297945934796,0.0,2.5288873349873544,1.5067635712375114,2.3531167062449536,0.0,0.0,0.0,0.0,0.0,0.0,0.0,0.0,0.0,0.0,0.0,0.0,0.0,0.0,0.0
4,0.0,0.0,2.638848879126987,2.5288873349873544,0.0,0.0,-1.2104829487674968,-0.21798200331365877,0.0,0.0,0.0,0.0,0.0,0.0,0.0,0.0,0.0,0.0,0.0,0.0,0.0,0.0
5,0.0,0.0,-0.6038514983866704,1.5067635712375114,0.0,0.0,2.433377055393246,2.364220539373183,0.0,0.0,0.0,0.0,0.0,0.0,0.0,0.0,0.0,0.0,0.0,0.0,0.0,0.0
6,0.0,0.0,0.0,2.3531167062449536,-1.2104829487674968,2.433377055393246,0.0,-0.456217625180954,-0.27622908595495305,0.0,0.0,0.0,0.0,0.0,0.0,0.0,0.0,0.0,0.0,0.0,0.0,0.0
7,0.0,0.0,0.0,0.0,-0.21798200331365877,2.364220539373183,-0.456217625180954,0.0,-1.3608271705632269,2.1213840403198345,0.0,0.0,0.0,0.0,0.0,0.0,0.0,0.0,0.0,0.0,0.0,0.0
8,0.0,0.0,0.0,0.0,0.0,0.0,-0.27622908595495305,-1.3608271705632269,0.0,2.122445533707695,0.0,0.0,0.0,0.0,0.0,0.0,0.0,0.0,0.0,0.0,0.0,0.0
9,0.0,0.0,0.0,0.0,0.0,0.0,0.0,2.1213840403198345,2.122445533707695,0.0,0.9845495633352349,0.6982406726403274,0.0,0.0,0.0,0.0,0.0,0.0,0.0,0.0,0.0,0.0
10,0.0,0.0,0.0,0.0,0.0,0.0,0.0,0.0,0.0,0.9845495633352349,0.0,-0.005319415641298609,-1.0978837552229836,0.0,0.0,0.0,0.0,0.0,0.0,0.0,0.0,0.0
11,0.0,0.0,0.0,0.0,0.0,0.0,0.0,0.0,0.0,0.6982406726403274,-0.005319415641298609,0.0,-0.24962619770365888,0.0,0.0,0.0,0.0,0.0,0.0,0.0,0.0,0.0
12,0.0,0.0,0.0,0.0,0.0,0.0,0.0,0.0,0.0,0.0,-1.0978837552229836,-0.24962619770365888,0.0,-0.7928900211147182,0.7913098768526027,-0.115562528884522,0.0,0.0,0.0,0.0,0.0,0.0
13,0.0,0.0,0.0,0.0,0.0,0.0,0.0,0.0,0.0,0.0,0.0,0.0,-0.7928900211147182,0.0,0.7532636301348395,-0.6618956786038004,0.05885286833776433,0.0,0.0,0.0,0.0,0.0
14,0.0,0.0,0.0,0.0,0.0,0.0,0.0,0.0,0.0,0.0,0.0,0.0,0.7913098768526027,0.7532636301348395,0.0,0.7960116129686031,-0.3524538398330926,0.0,0.0,0.0,0.0,0.0
15,0.0,0.0,0.0,0.0,0.0,0.0,0.0,0.0,0.0,0.0,0.0,0.0,-0.115562528884522,-0.6618956786038004,0.7960116129686031,0.0,0.08093447401158027,0.0,0.0,0.0,0.0,0.0
16,0.0,0.0,0.0,0.0,0.0,0.0,0.0,0.0,0.0,0.0,0.0,0.0,0.0,0.05885286833776433,-0.3524538398330926,0.08093447401158027,0.0,0.04310474761936054,-2.2855384749181895,0.0,0.0,0.0
17,0.0,0.0,0.0,0.0,0.0,0.0,0.0,0.0,0.0,0.0,0.0,0.0,0.0,0.0,0.0,0.0,0.04310474761936054,0.0,-0.47281055122226806,-0.9297109962897883,0.0,0.0
18,0.0,0.0,0.0,0.0,0.0,0.0,0.0,0.0,0.0,0.0,0.0,0.0,0.0,0.0,0.0,0.0,-2.2855384749181895,-0.47281055122226806,0.0,-2.608758659855188,-0.9083367513495495,-0.6543840484511348
19,0.0,0.0,0.0,0.0,0.0,0.0,0.0,0.0,0.0,0.0,0.0,0.0,0.0,0.0,0.0,0.0,0.0,-0.9297109962897883,-2.608758659855188,0.0,-1.0078742857600693,-0.7251039018331571
20,0.0,0.0,0.0,0.0,0.0,0.0,0.0,0.0,0.0,0.0,0.0,0.0,0.0,0.0,0.0,0.0,0.0,0.0,-0.9083367513495495,-1.0078742857600693,0.0,-1.8098558810567953
21,0.0,0.0,0.0,0.0,0.0,0.0,0.0,0.0,0.0,0.0,0.0,0.0,0.0,0.0,0.0,0.0,0.0,0.0,-0.6543840484511348,-0.7251039018331571,-1.8098558810567953,0.0
