,0,1,2,3,4,5,6,7,8,9,10,11,12,13,14,15,16,17,18,19,20,21,22,23
0,0.0,-0.009105684130401148,3.242115854903395,2.7921837612430065,0.0,0.0,0.0,0.0,0.0,0.0,0.0,0.0,0.0,0.0,0.0,0.0,0.0,0.0,0.0,0.0,0.0,0.0,0.0,0.0
1,-0.009105684130401148,0.0,3.240402651090349,2.79206332907973,0.0,0.0,0.0,0.0,0.0,0.0,0.0,0.0,0.0,0.0,0.0,0.0,0.0,0.0,0.0,0.0,0.0,0.0,0.0,0.0
2,3.242115854903395,3.240402651090349,0.0,0.42185215535296405,2.3350802727859645,0.2049616903901893,0.0,0.0,0.0,0.0,0.0,0.0,0.0,0.0,0.0,0.0,0.0,0.0,0.0,0.0,0.0,0.0,0.0,0.0
3,2.7921837612430065,2.79206332907973,0.42185215535296405,0.0,2.276657324471539,-0.7510323893003379,0.0,0.0,0.0,0.0,0.0,0.0,0.0,0.0,0.0,0.0,0.0,0.0,0.0,0.0,0.0,0.0,0.0,0.0
4,0.0,0.0,2.3350802727859645,2.276657324471539,0.0,2.1874015386506023,2.162172692650646,0.0,0.0,0.0,0.0,0.0,0.0,0.0,0.0,0.0,0.0,0.0,0.0,0.0,0.0,0.0,0.0,0.0
5,0.0,0.0,0.2049616903901893,-0.7510323893003379,2.1874015386506023,0.0,-0.6937072291333382,1.5137652123092187,0.0,0.0,0.0,0.0,0.0,0.0,0.0,0.0,0.0,0.0,0.0,0.0,0.0,0.0,0.0,0.0
6,0.0,0.0,0.0,0.0,2.162172692650646,-0.6937072291333382,0.0,1.522475792544444,0.0,0.0,0.0,0.0,0.0,0.0,0.0,0.0,0.0,0.0,0.0,0.0,0.0,0.0,0.0,0.0
7,0.0,0.0,0.0,0.0,0.0,1.5137652123092187,1.522475792544444,0.0,1.0173100018347478,-0.5382441559901219,0.9344617752802676,0.0,0.0,0.0,0.0,0.0,0.0,0.0,0.0,0.0,0.0,0.0,0.0,0.0
8,0.0,0.0,0.0,0.0,0.0,0.0,0.0,1.0173100018347478,0.0,0.8510364033131326,-0.6871463161635386,0.8737146700000088,0.0,0.0,0.0,0.0,0.0,0.0,0.0,0.0,0.0,0.0,0.0,0.0
9,0.0,0.0,0.0,0.0,0.0,0.0,0.0,-0.5382441559901219,0.8510364033131326,0.0,0.9939741917353934,0.8590693961077854,0.0,0.0,0.0,0.0,0.0,0.0,0.0,0.0,0.0,0.0,0.0,0.0
10,0.0,0.0,0.0,0.0,0.0,0.0,0.0,0.9344617752802676,-0.6871463161635386,0.9939741917353934,0.0,1.013381711202185,-1.3623608706166515,1.0775230889758083,0.0,0.0,0.0,0.0,0.0,0.0,0.0,0.0,0.0,0.0
11,0.0,0.0,0.0,0.0,0.0,0.0,0.0,0.0,0.8737146700000088,0.8590693961077854,1.013381711202185,0.0,0.8265460174772098,0.0,0.03056891533089242,0.0,0.0,0.0,0.0,0.0,0.0,0.0,0.0,0.0
12,0.0,0.0,0.0,0.0,0.0,0.0,0.0,0.0,0.0,0.0,-1.3623608706166515,0.8265460174772098,0.0,1.1467217927069073,0.09385512662421666,-0.30651368991482747,0.1796881366033723,0.48676409191986447,0.0,0.0,0.0,0.0,0.0,0.0
13,0.0,0.0,0.0,0.0,0.0,0.0,0.0,0.0,0.0,0.0,1.0775230889758083,0.0,1.1467217927069073,0.0,0.0,0.0,0.933120201665864,0.4440398927475877,0.0,0.0,0.0,0.0,0.0,0.0
14,0.0,0.0,0.0,0.0,0.0,0.0,0.0,0.0,0.0,0.0,0.0,0.03056891533089242,0.09385512662421666,0.0,0.0,0.37804622125790915,-0.6988989773312654,0.3489810121862785,0.0,0.0,0.0,0.0,0.0,0.0
15,0.0,0.0,0.0,0.0,0.0,0.0,0.0,0.0,0.0,0.0,0.0,0.0,-0.30651368991482747,0.0,0.37804622125790915,0.0,0.5745048047833565,0.0,0.0,0.0,0.0,0.0,0.0,0.0
16,0.0,0.0,0.0,0.0,0.0,0.0,0.0,0.0,0.0,0.0,0.0,0.0,0.1796881366033723,0.933120201665864,-0.6988989773312654,0.5745048047833565,0.0,-0.05175192679456517,0.0,0.0,0.0,0.0,0.0,0.0
17,0.0,0.0,0.0,0.0,0.0,0.0,0.0,0.0,0.0,0.0,0.0,0.0,0.48676409191986447,0.4440398927475877,0.3489810121862785,0.0,-0.05175192679456517,0.0,0.0,0.0,0.0,0.0,0.0,0.0
18,0.0,0.0,0.0,0.0,0.0,0.0,0.0,0.0,0.0,0.0,0.0,0.0,0.0,0.0,0.0,0.0,0.0,0.0,0.0,-1.8639410591682672,-0.965775287494085,-1.4042967363164076,0.0,0.0
19,0.0,0.0,0.0,0.0,0.0,0.0,0.0,0.0,0.0,0.0,0.0,0.0,0.0,0.0,0.0,0.0,0.0,0.0,-1.8639410591682672,0.0,-0.7981753044977828,-1.2289814893882423,0.0,0.0
20,0.0,0.0,0.0,0.0,0.0,0.0,0.0,0.0,0.0,0.0,0.0,0.0,0.0,0.0,0.0,0.0,0.0,0.0,-0.965775287494085,-0.7981753044977828,0.0,-2.3625325934583006,-0.8694749924911078,-0.46225363969358063
21,0.0,0.0,0.0,0.0,0.0,0.0,0.0,0.0,0.0,0.0,0.0,0.0,0.0,0.0,0.0,0.0,0.0,0.0,-1.4042967363164076,-1.2289814893882423,-2.3625325934583006,0.0,-0.8193720404207109,-0.41102696554447576
22,0.0,0.0,0.0,0.0,0.0,0.0,0.0,0.0,0.0,0.0,0.0,0.0,0.0,0.0,0.0,0.0,0.0,0.0,0.0,0.0,-0.8694749924911078,-0.8193720404207109,0.0,-0.3306050791451355
23,0.0,0.0,0.0,0.0,0.0,0.0,0.0,0.0,0.0,0.0,0.0,0.0,0.0,0.0,0.0,0.0,0.0,0.0,0.0,0.0,-0.46225363969358063,-0.41102696554447576,-0.3306050791451355,0.0
