,0,1,2,3,4,5,6,7,8,9,10,11,12,13,14
0,0.0,-0.12814978731940485,0.05222834272689871,3.6551936094220143,0.0,0.0,0.0,0.0,0.0,0.0,0.0,0.0,0.0,0.0,0.0
1,-0.12814978731940485,0.0,0.6031418022451797,3.6412234019082224,0.0,0.0,0.0,0.0,0.0,0.0,0.0,0.0,0.0,0.0,0.0
2,0.05222834272689871,0.6031418022451797,0.0,3.6686085890043065,0.0,0.0,0.0,0.0,0.0,0.0,0.0,0.0,0.0,0.0,0.0
3,3.6551936094220143,3.6412234019082224,3.6686085890043065,0.0,0.0,0.0,0.0,0.0,0.0,0.0,0.0,0.0,0.0,0.0,0.0
4,0.0,0.0,0.0,0.0,0.0,0.12966153932091246,-0.9284895638487963,0.06133572001248009,0.0,0.0,0.0,0.0,0.0,0.0,0.0
5,0.0,0.0,0.0,0.0,0.12966153932091246,0.0,-0.2816548226592463,-2.6851857952268983,-2.1974645159179294,0.0,0.0,0.0,0.0,0.0,0.0
6,0.0,0.0,0.0,0.0,-0.9284895638487963,-0.2816548226592463,0.0,-0.29298250803090403,-2.1345030144526804,0.0,0.0,0.0,0.0,0.0,0.0
7,0.0,0.0,0.0,0.0,0.06133572001248009,-2.6851857952268983,-0.29298250803090403,0.0,-2.128146762498474,0.0,0.0,0.0,0.0,0.0,0.0
8,0.0,0.0,0.0,0.0,0.0,-2.1974645159179294,-2.1345030144526804,-2.128146762498474,0.0,0.14356445111748503,-2.0242200350871102,0.2609750831735215,-2.189787513581211,0.0,0.0
9,0.0,0.0,0.0,0.0,0.0,0.0,0.0,0.0,0.14356445111748503,0.0,0.23739760014496145,-0.43014305810778686,-0.523417720383734,0.0,0.0
10,0.0,0.0,0.0,0.0,0.0,0.0,0.0,0.0,-2.0242200350871102,0.23739760014496145,0.0,0.33303383699053224,-2.8610304347069793,-2.2455980509657936,-0.5220749894220836
11,0.0,0.0,0.0,0.0,0.0,0.0,0.0,0.0,0.2609750831735215,-0.43014305810778686,0.33303383699053224,0.0,0.0,0.0,0.0
12,0.0,0.0,0.0,0.0,0.0,0.0,0.0,0.0,-2.189787513581211,-0.523417720383734,-2.8610304347069793,0.0,0.0,-1.8805667131678827,-0.5900670600592757
13,0.0,0.0,0.0,0.0,0.0,0.0,0.0,0.0,0.0,0.0,-2.2455980509657936,0.0,-1.8805667131678827,0.0,-0.3652015323378383
14,0.0,0.0,0.0,0.0,0.0,0.0,0.0,0.0,0.0,0.0,-0.5220749894220836,0.0,-0.5900670600592757,-0.3652015323378383,0.0
