,0,1,2,3,4,5,6,7,8,9,10,11,12,13,14,15,16
0,0.0,0.11256147452546,2.3292962277799827,2.522427391820325,0.0,0.0,0.0,0.0,0.0,0.0,0.0,0.0,0.0,0.0,0.0,0.0,0.0
1,0.11256147452546,0.0,2.3969523742538046,2.5266203749373255,0.0,0.0,0.0,0.0,0.0,0.0,0.0,0.0,0.0,0.0,0.0,0.0,0.0
2,2.3292962277799827,2.3969523742538046,0.0,2.703388188945722,0.0,0.0,0.0,0.0,0.0,0.0,0.0,0.0,0.0,0.0,0.0,0.0,0.0
3,2.522427391820325,2.5266203749373255,2.703388188945722,0.0,0.037774140462622945,-0.37717368844808097,1.5988811422095994,0.0,0.0,0.0,0.0,0.0,0.0,0.0,0.0,0.0,0.0
4,0.0,0.0,0.0,0.037774140462622945,0.0,0.49933443721890836,1.4726243755045842,-0.10489261122913765,0.0,0.0,0.0,0.0,0.0,0.0,0.0,0.0,0.0
5,0.0,0.0,0.0,-0.37717368844808097,0.49933443721890836,0.0,1.6571039647888088,-0.061747792909871035,0.0,0.0,0.0,0.0,0.0,0.0,0.0,0.0,0.0
6,0.0,0.0,0.0,1.5988811422095994,1.4726243755045842,1.6571039647888088,0.0,1.2886793263128316,1.3929427567439696,1.246532768134067,0.0,0.0,0.0,0.0,0.0,0.0,0.0
7,0.0,0.0,0.0,0.0,-0.10489261122913765,-0.061747792909871035,1.2886793263128316,0.0,-0.11878685828877625,-0.2634705135308476,-0.70536226761237,0.0,0.0,0.0,0.0,0.0,0.0
8,0.0,0.0,0.0,0.0,0.0,0.0,1.3929427567439696,-0.11878685828877625,0.0,-0.7712242067644427,-0.8880428718011556,-1.4083087318913718,0.0,0.0,0.0,0.0,0.0
9,0.0,0.0,0.0,0.0,0.0,0.0,1.246532768134067,-0.2634705135308476,-0.7712242067644427,0.0,-0.4933119205204739,-0.44634841907782663,0.0,0.0,0.0,0.0,0.0
10,0.0,0.0,0.0,0.0,0.0,0.0,0.0,-0.70536226761237,-0.8880428718011556,-0.4933119205204739,0.0,-0.8261439542562937,0.0,0.0,0.0,0.0,0.0
11,0.0,0.0,0.0,0.0,0.0,0.0,0.0,0.0,-1.4083087318913718,-0.44634841907782663,-0.8261439542562937,0.0,0.24794655188515993,0.0,0.0,0.0,0.0
12,0.0,0.0,0.0,0.0,0.0,0.0,0.0,0.0,0.0,0.0,0.0,0.24794655188515993,0.0,1.438325220742072,-0.8172874934475062,0.0,0.0
13,0.0,0.0,0.0,0.0,0.0,0.0,0.0,0.0,0.0,0.0,0.0,0.0,1.438325220742072,0.0,1.3005487733868,0.8266775610649215,0.3478371237300443
14,0.0,0.0,0.0,0.0,0.0,0.0,0.0,0.0,0.0,0.0,0.0,0.0,-0.8172874934475062,1.3005487733868,0.0,-0.6442829658885182,-1.288168175563064
15,0.0,0.0,0.0,0.0,0.0,0.0,0.0,0.0,0.0,0.0,0.0,0.0,0.0,0.8266775610649215,-0.6442829658885182,0.0,-2.021991205670881
16,0.0,0.0,0.0,0.0,0.0,0.0,0.0,0.0,0.0,0.0,0.0,0.0,0.0,0.3478371237300443,-1.288168175563064,-2.021991205670881,0.0
