,0,1,2,3,4,5,6,7,8,9,10,11,12,13,14,15,16,17,18,19
0,0.0,-0.39123455599422857,-0.7027780882410629,-1.0279686192508934,0.0,0.0,0.0,0.0,0.0,0.0,0.0,0.0,0.0,0.0,0.0,0.0,0.0,0.0,0.0,0.0
1,-0.39123455599422857,0.0,-0.9243210351067445,-1.2279589363485142,0.0,0.0,0.0,0.0,0.0,0.0,0.0,0.0,0.0,0.0,0.0,0.0,0.0,0.0,0.0,0.0
2,-0.7027780882410629,-0.9243210351067445,0.0,-0.39126041776542436,-0.19639358262954804,-0.4687004231386363,0.0,0.0,0.0,0.0,0.0,0.0,0.0,0.0,0.0,0.0,0.0,0.0,0.0,0.0
3,-1.0279686192508934,-1.2279589363485142,-0.39126041776542436,0.0,-0.49507643554931535,-0.9152103612008898,0.0,0.0,0.0,0.0,0.0,0.0,0.0,0.0,0.0,0.0,0.0,0.0,0.0,0.0
4,0.0,0.0,-0.19639358262954804,-0.49507643554931535,0.0,-1.1485713694929536,0.0,0.0,0.0,0.0,0.0,0.0,0.0,0.0,0.0,0.0,0.0,0.0,0.0,0.0
5,0.0,0.0,-0.4687004231386363,-0.9152103612008898,-1.1485713694929536,0.0,-1.9546624183794805,-1.470946345681601,1.8837103923526746,0.0,0.0,0.0,0.0,0.0,0.0,0.0,0.0,0.0,0.0,0.0
6,0.0,0.0,0.0,0.0,0.0,-1.9546624183794805,0.0,-1.0118642716470343,1.8776471617885548,0.0,0.0,0.0,0.0,0.0,0.0,0.0,0.0,0.0,0.0,0.0
7,0.0,0.0,0.0,0.0,0.0,-1.470946345681601,-1.0118642716470343,0.0,1.890174471888246,0.0,0.0,0.0,0.0,0.0,0.0,0.0,0.0,0.0,0.0,0.0
8,0.0,0.0,0.0,0.0,0.0,1.8837103923526746,1.8776471617885548,1.890174471888246,0.0,0.0,0.0,-0.5568114214869136,0.0,0.0,0.0,0.0,0.0,0.0,0.0,0.0
9,0.0,0.0,0.0,0.0,0.0,0.0,0.0,0.0,0.0,0.0,-0.8912240835361342,1.2374048457247318,1.1603403035261617,0.0,0.0,0.0,1.3309354302010439,0.0,0.0,0.0
10,0.0,0.0,0.0,0.0,0.0,0.0,0.0,0.0,0.0,-0.8912240835361342,0.0,0.0,0.0,-0.26394166994510065,-0.7440978302437259,0.0,0.0,0.0,0.0,0.0
11,0.0,0.0,0.0,0.0,0.0,0.0,0.0,0.0,-0.5568114214869136,1.2374048457247318,0.0,0.0,-4.3143587031207575,0.0,0.0,0.0,0.8438454740842161,0.0,0.0,0.0
12,0.0,0.0,0.0,0.0,0.0,0.0,0.0,0.0,0.0,1.1603403035261617,0.0,-4.3143587031207575,0.0,0.0,0.0,0.0,0.8426419590131383,0.0,0.0,0.0
13,0.0,0.0,0.0,0.0,0.0,0.0,0.0,0.0,0.0,0.0,-0.26394166994510065,0.0,0.0,0.0,0.02545421232884799,-0.547497640162172,0.0,0.0,-0.042376960434053736,0.0
14,0.0,0.0,0.0,0.0,0.0,0.0,0.0,0.0,0.0,0.0,-0.7440978302437259,0.0,0.0,0.02545421232884799,0.0,-0.8386046183517463,0.0,0.0,-0.23072522042738935,0.0
15,0.0,0.0,0.0,0.0,0.0,0.0,0.0,0.0,0.0,0.0,0.0,0.0,0.0,-0.547497640162172,-0.8386046183517463,0.0,0.0,0.19486122502995562,-0.02453741574223396,-0.7781435328583184
16,0.0,0.0,0.0,0.0,0.0,0.0,0.0,0.0,0.0,1.3309354302010439,0.0,0.8438454740842161,0.8426419590131383,0.0,0.0,0.0,0.0,0.0,0.0,0.0
17,0.0,0.0,0.0,0.0,0.0,0.0,0.0,0.0,0.0,0.0,0.0,0.0,0.0,0.0,0.0,0.19486122502995562,0.0,0.0,-0.30436802589587186,-0.7633087543881653
18,0.0,0.0,0.0,0.0,0.0,0.0,0.0,0.0,0.0,0.0,0.0,0.0,0.0,-0.042376960434053736,-0.23072522042738935,-0.02453741574223396,0.0,-0.30436802589587186,0.0,-0.5174229239418949
19,0.0,0.0,0.0,0.0,0.0,0.0,0.0,0.0,0.0,0.0,0.0,0.0,0.0,0.0,0.0,-0.7781435328583184,0.0,-0.7633087543881653,-0.5174229239418949,0.0
