,0,1,2,3,4,5,6,7,8,9,10,11,12,13,14,15,16,17,18,19,20
0,0.0,1.2540042235828424,0.6498570064687025,-0.19967843578375755,0.0,0.0,0.0,0.0,0.0,0.0,0.0,0.0,0.0,0.0,0.0,0.0,0.0,0.0,0.0,0.0,0.0
1,1.2540042235828424,0.0,1.6653913196666623,-0.8052664158979729,0.0,0.0,0.0,0.0,0.0,0.0,0.0,0.0,0.0,0.0,0.0,0.0,0.0,0.0,0.0,0.0,0.0
2,0.6498570064687025,1.6653913196666623,0.0,0.4117263557526111,0.0,0.0,0.0,0.0,0.0,0.0,0.0,0.0,0.0,0.0,0.0,0.0,0.0,0.0,0.0,0.0,0.0
3,-0.19967843578375755,-0.8052664158979729,0.4117263557526111,0.0,-0.20450064125617137,-1.0169881584208502,2.3603609419868126,0.0,0.0,0.0,0.0,0.0,0.0,0.0,0.0,0.0,0.0,0.0,0.0,0.0,0.0
4,0.0,0.0,0.0,-0.20450064125617137,0.0,-0.5761358455168231,2.329757136374298,-0.8826263921673339,0.0,0.0,0.0,0.0,0.0,0.0,0.0,0.0,0.0,0.0,0.0,0.0,0.0
5,0.0,0.0,0.0,-1.0169881584208502,-0.5761358455168231,0.0,2.36517322582285,-1.2640237130350025,0.0,0.0,0.0,0.0,0.0,0.0,0.0,0.0,0.0,0.0,0.0,0.0,0.0
6,0.0,0.0,0.0,2.3603609419868126,2.329757136374298,2.36517322582285,0.0,2.2166808397058366,1.9498435420218354,1.74576917559,0.0,0.0,0.0,0.0,0.0,0.0,0.0,0.0,0.0,0.0,0.0
7,0.0,0.0,0.0,0.0,-0.8826263921673339,-1.2640237130350025,2.2166808397058366,0.0,-1.33856079810782,-1.172953877418986,0.0,0.0,0.0,0.0,0.0,0.0,0.0,0.0,0.0,0.0,0.0
8,0.0,0.0,0.0,0.0,0.0,0.0,1.9498435420218354,-1.33856079810782,0.0,-0.6712412427693297,-0.4681905473608995,0.0,0.0,0.0,0.0,0.0,0.0,0.0,0.0,0.0,0.0
9,0.0,0.0,0.0,0.0,0.0,0.0,1.74576917559,-1.172953877418986,-0.6712412427693297,0.0,-1.659288411007529,0.0,0.0,0.0,0.0,0.0,0.0,0.0,0.0,0.0,0.0
10,0.0,0.0,0.0,0.0,0.0,0.0,0.0,0.0,-0.4681905473608995,-1.659288411007529,0.0,0.9609588573613365,0.0,0.0,0.0,0.0,0.0,0.0,0.0,0.0,0.0
11,0.0,0.0,0.0,0.0,0.0,0.0,0.0,0.0,0.0,0.0,0.9609588573613365,0.0,0.7623707994713895,0.274701776158655,0.0,0.31043450050185334,0.0,0.0,0.0,0.0,0.0
12,0.0,0.0,0.0,0.0,0.0,0.0,0.0,0.0,0.0,0.0,0.0,0.7623707994713895,0.0,-0.9662718005074631,-0.34984371509716466,0.05426347507440343,0.0,0.0,0.0,0.0,0.0
13,0.0,0.0,0.0,0.0,0.0,0.0,0.0,0.0,0.0,0.0,0.0,0.274701776158655,-0.9662718005074631,0.0,0.037690408647689876,-0.1291172831816185,0.0,0.0,-0.24010089315349248,0.0,0.0
14,0.0,0.0,0.0,0.0,0.0,0.0,0.0,0.0,0.0,0.0,0.0,0.0,-0.34984371509716466,0.037690408647689876,0.0,0.482046089205972,0.0,0.0,0.0,0.0,0.0
15,0.0,0.0,0.0,0.0,0.0,0.0,0.0,0.0,0.0,0.0,0.0,0.31043450050185334,0.05426347507440343,-0.1291172831816185,0.482046089205972,0.0,-0.06207674384802238,0.0,-0.18005009284583806,0.0,0.0
16,0.0,0.0,0.0,0.0,0.0,0.0,0.0,0.0,0.0,0.0,0.0,0.0,0.0,0.0,0.0,-0.06207674384802238,0.0,-0.9057739831856005,0.0,-0.5998318812393855,-2.4100343274034475
17,0.0,0.0,0.0,0.0,0.0,0.0,0.0,0.0,0.0,0.0,0.0,0.0,0.0,0.0,0.0,0.0,-0.9057739831856005,0.0,0.0,-0.19962275472321545,-1.2254764664501374
18,0.0,0.0,0.0,0.0,0.0,0.0,0.0,0.0,0.0,0.0,0.0,0.0,0.0,-0.24010089315349248,0.0,-0.18005009284583806,0.0,0.0,0.0,0.06702035294903454,0.0
19,0.0,0.0,0.0,0.0,0.0,0.0,0.0,0.0,0.0,0.0,0.0,0.0,0.0,0.0,0.0,0.0,-0.5998318812393855,-0.19962275472321545,0.06702035294903454,0.0,-0.5680950962635753
20,0.0,0.0,0.0,0.0,0.0,0.0,0.0,0.0,0.0,0.0,0.0,0.0,0.0,0.0,0.0,0.0,-2.4100343274034475,-1.2254764664501374,0.0,-0.5680950962635753,0.0
