,0,1,2,3,4,5,6,7,8,9,10,11,12,13,14,15,16,17,18
0,0.0,2.0534928056340878,3.620155229289211,0.844315775723919,0.0,0.0,0.0,0.0,0.0,0.0,0.0,0.0,0.0,0.0,0.0,0.0,0.0,0.0,0.0
1,2.0534928056340878,0.0,3.4678733174999365,-1.255302319693775,0.0,0.0,0.0,0.0,0.0,0.0,0.0,0.0,0.0,0.0,0.0,0.0,0.0,0.0,0.0
2,3.620155229289211,3.4678733174999365,0.0,2.6060280073361075,2.4405944129659165,0.0,0.0,0.0,0.0,0.0,0.0,0.0,0.0,0.0,0.0,0.0,0.0,0.0,0.0
3,0.844315775723919,-1.255302319693775,2.6060280073361075,0.0,0.7115062242463479,1.7076259973579555,-0.12165189952972447,0.0,0.0,0.0,0.0,0.0,0.0,0.0,0.0,0.0,0.0,0.0,0.0
4,0.0,0.0,2.4405944129659165,0.7115062242463479,0.0,1.5770222145773467,-0.10818422872525443,0.0,0.0,0.0,0.0,0.0,0.0,0.0,0.0,0.0,0.0,0.0,0.0
5,0.0,0.0,0.0,1.7076259973579555,1.5770222145773467,0.0,1.58953280776417,1.6694387504418844,0.7679413112517515,0.0,0.0,0.0,0.0,0.0,0.0,0.0,0.0,0.0,0.0
6,0.0,0.0,0.0,-0.12165189952972447,-0.10818422872525443,1.58953280776417,0.0,0.8254287585346123,0.03443734322380467,0.0,0.0,0.0,0.0,0.0,0.0,0.0,0.0,0.0,0.0
7,0.0,0.0,0.0,0.0,0.0,1.6694387504418844,0.8254287585346123,0.0,1.043716412200825,1.5293281154582148,-0.007027456864430779,0.0,0.0,0.0,0.0,0.0,0.0,0.0,0.0
8,0.0,0.0,0.0,0.0,0.0,0.7679413112517515,0.03443734322380467,1.043716412200825,0.0,0.8604768087229226,-0.3429123031632204,0.0,0.0,0.0,0.0,0.0,0.0,0.0,0.0
9,0.0,0.0,0.0,0.0,0.0,0.0,0.0,1.5293281154582148,0.8604768087229226,0.0,0.874662958727294,0.0,0.0,0.0,0.0,0.0,0.0,0.0,0.0
10,0.0,0.0,0.0,0.0,0.0,0.0,0.0,-0.007027456864430779,-0.3429123031632204,0.874662958727294,0.0,-0.34281091967896843,0.0,0.0,-0.42475656484844754,0.0,0.0,0.0,0.0
11,0.0,0.0,0.0,0.0,0.0,0.0,0.0,0.0,0.0,0.0,-0.34281091967896843,0.0,-0.4459120369808855,-0.9579319498857476,-0.1525238953823712,0.0,0.0,0.0,0.0
12,0.0,0.0,0.0,0.0,0.0,0.0,0.0,0.0,0.0,0.0,0.0,-0.4459120369808855,0.0,-1.037992338283335,-0.3510335255631702,0.0,0.0,0.0,0.0
13,0.0,0.0,0.0,0.0,0.0,0.0,0.0,0.0,0.0,0.0,0.0,-0.9579319498857476,-1.037992338283335,0.0,-0.6315000155546119,0.0,0.0,0.0,0.0
14,0.0,0.0,0.0,0.0,0.0,0.0,0.0,0.0,0.0,0.0,-0.42475656484844754,-0.1525238953823712,-0.3510335255631702,-0.6315000155546119,0.0,0.0,0.0,0.0,0.0
15,0.0,0.0,0.0,0.0,0.0,0.0,0.0,0.0,0.0,0.0,0.0,0.0,0.0,0.0,0.0,0.0,-2.2299924165082676,-0.574044371334496,-2.4685727273435596
16,0.0,0.0,0.0,0.0,0.0,0.0,0.0,0.0,0.0,0.0,0.0,0.0,0.0,0.0,0.0,-2.2299924165082676,0.0,-0.7713337575977995,-1.98174513183848
17,0.0,0.0,0.0,0.0,0.0,0.0,0.0,0.0,0.0,0.0,0.0,0.0,0.0,0.0,0.0,-0.574044371334496,-0.7713337575977995,0.0,-0.7256162619454605
18,0.0,0.0,0.0,0.0,0.0,0.0,0.0,0.0,0.0,0.0,0.0,0.0,0.0,0.0,0.0,-2.4685727273435596,-1.98174513183848,-0.7256162619454605,0.0
