,0,1,2,3,4,5,6,7,8,9,10,11,12,13,14,15,16,17,18,19,20,21,22,23
0,0.0,3.5513783595725683,3.068073996732703,2.6048399122460393,0.0,0.0,0.0,0.0,0.0,0.0,0.0,0.0,0.0,0.0,0.0,0.0,0.0,0.0,0.0,0.0,0.0,0.0,0.0,0.0
1,3.5513783595725683,0.0,2.033159176644824,1.7636014923432708,2.4945689631747596,0.0,0.0,0.0,0.0,0.0,0.0,0.0,0.0,0.0,0.0,0.0,0.0,0.0,0.0,0.0,0.0,0.0,0.0,0.0
2,3.068073996732703,2.033159176644824,0.0,0.010274198453536118,2.2399656022046606,0.0,0.0,0.0,0.0,0.0,0.0,0.0,0.0,0.0,0.0,0.0,0.0,0.0,0.0,0.0,0.0,0.0,0.0,0.0
3,2.6048399122460393,1.7636014923432708,0.010274198453536118,0.0,2.2183275385897976,-0.8339468049540371,1.9239632416430927,0.0,0.0,0.0,0.0,0.0,0.0,0.0,0.0,0.0,0.0,0.0,0.0,0.0,0.0,0.0,0.0,0.0
4,0.0,2.4945689631747596,2.2399656022046606,2.2183275385897976,0.0,2.067820488934945,-0.6290100370832264,0.0,0.0,0.0,0.0,0.0,0.0,0.0,0.0,0.0,0.0,0.0,0.0,0.0,0.0,0.0,0.0,0.0
5,0.0,0.0,0.0,-0.8339468049540371,2.067820488934945,0.0,1.9092254061502942,1.5621622632203558,0.0,0.0,0.0,0.0,0.0,0.0,0.0,0.0,0.0,0.0,0.0,0.0,0.0,0.0,0.0,0.0
6,0.0,0.0,0.0,1.9239632416430927,-0.6290100370832264,1.9092254061502942,0.0,0.023438923248144266,0.0,0.0,0.0,0.0,0.0,0.0,0.0,0.0,0.0,0.0,0.0,0.0,0.0,0.0,0.0,0.0
7,0.0,0.0,0.0,0.0,0.0,1.5621622632203558,0.023438923248144266,0.0,-0.28593988596665554,1.1490150674824198,0.0,0.6241998633146278,0.0,0.0,0.0,0.0,0.0,0.0,0.0,0.0,0.0,0.0,0.0,0.0
8,0.0,0.0,0.0,0.0,0.0,0.0,0.0,-0.28593988596665554,0.0,0.8968474606332618,0.35079890169556555,0.32019997397956657,0.0,0.0,0.0,0.0,0.0,0.0,0.0,0.0,0.0,0.0,0.0,0.0
9,0.0,0.0,0.0,0.0,0.0,0.0,0.0,1.1490150674824198,0.8968474606332618,0.0,1.3085013161262171,-0.2495077297437752,-0.5446837754146822,0.0,0.0,0.0,0.0,0.0,0.0,0.0,0.0,0.0,0.0,0.0
10,0.0,0.0,0.0,0.0,0.0,0.0,0.0,0.0,0.35079890169556555,1.3085013161262171,0.0,0.8878804744010561,0.0,0.0,0.0,0.0,0.0,0.0,0.0,0.0,0.0,0.0,0.0,0.0
11,0.0,0.0,0.0,0.0,0.0,0.0,0.0,0.6241998633146278,0.32019997397956657,-0.2495077297437752,0.8878804744010561,0.0,0.1381135866427087,0.17564892158909123,0.0,0.0,0.0,0.0,0.0,0.0,0.0,0.0,0.0,0.0
12,0.0,0.0,0.0,0.0,0.0,0.0,0.0,0.0,0.0,-0.5446837754146822,0.0,0.1381135866427087,0.0,0.6287477800875431,0.0,-0.3250645326762745,0.0,0.0,0.0,0.0,0.0,0.0,0.0,0.0
13,0.0,0.0,0.0,0.0,0.0,0.0,0.0,0.0,0.0,0.0,0.0,0.17564892158909123,0.6287477800875431,0.0,-0.2893979226350074,0.07582260455266122,0.0,0.0,0.0,0.0,0.0,0.0,0.0,0.0
14,0.0,0.0,0.0,0.0,0.0,0.0,0.0,0.0,0.0,0.0,0.0,0.0,0.0,-0.2893979226350074,0.0,0.12688930425068906,0.6290394892075827,0.0,0.0,0.0,0.0,0.0,0.0,0.0
15,0.0,0.0,0.0,0.0,0.0,0.0,0.0,0.0,0.0,0.0,0.0,0.0,-0.3250645326762745,0.07582260455266122,0.12688930425068906,0.0,0.07378790097305309,0.0,0.0,0.0,0.0,0.0,0.0,0.0
16,0.0,0.0,0.0,0.0,0.0,0.0,0.0,0.0,0.0,0.0,0.0,0.0,0.0,0.0,0.6290394892075827,0.07378790097305309,0.0,0.018974574091908405,-0.5262437442060329,0.0,0.0,0.0,0.0,0.0
17,0.0,0.0,0.0,0.0,0.0,0.0,0.0,0.0,0.0,0.0,0.0,0.0,0.0,0.0,0.0,0.0,0.018974574091908405,0.0,-0.6503843757350781,0.30835076141452517,0.0,0.0,0.0,0.0
18,0.0,0.0,0.0,0.0,0.0,0.0,0.0,0.0,0.0,0.0,0.0,0.0,0.0,0.0,0.0,0.0,-0.5262437442060329,-0.6503843757350781,0.0,-0.0011661545232082631,0.0,0.0,0.0,0.0
19,0.0,0.0,0.0,0.0,0.0,0.0,0.0,0.0,0.0,0.0,0.0,0.0,0.0,0.0,0.0,0.0,0.0,0.30835076141452517,-0.0011661545232082631,0.0,0.32215776553161485,0.24391155963448433,0.0,-0.4018382273761557
20,0.0,0.0,0.0,0.0,0.0,0.0,0.0,0.0,0.0,0.0,0.0,0.0,0.0,0.0,0.0,0.0,0.0,0.0,0.0,0.32215776553161485,0.0,-0.3026247342075268,0.05209636791619683,-0.8764586829789105
21,0.0,0.0,0.0,0.0,0.0,0.0,0.0,0.0,0.0,0.0,0.0,0.0,0.0,0.0,0.0,0.0,0.0,0.0,0.0,0.24391155963448433,-0.3026247342075268,0.0,-0.6307601401298092,-1.89844263215032
22,0.0,0.0,0.0,0.0,0.0,0.0,0.0,0.0,0.0,0.0,0.0,0.0,0.0,0.0,0.0,0.0,0.0,0.0,0.0,0.0,0.05209636791619683,-0.6307601401298092,0.0,-0.8495563742681014
23,0.0,0.0,0.0,0.0,0.0,0.0,0.0,0.0,0.0,0.0,0.0,0.0,0.0,0.0,0.0,0.0,0.0,0.0,0.0,-0.4018382273761557,-0.8764586829789105,-1.89844263215032,-0.8495563742681014,0.0
