,0,1,2,3,4,5,6,7,8,9,10,11,12,13,14,15,16,17,18,19,20,21,22,23
0,0.0,1.9497977215061104,1.9123535393263422,0.0,0.813605213728025,0.0,0.0,0.0,0.0,0.0,0.0,0.0,0.0,0.0,0.0,0.0,0.0,0.0,0.0,0.0,0.0,0.0,0.0,0.0
1,1.9497977215061104,0.0,0.8242596390842705,2.867560616058229,-0.024677134889105303,0.0,0.0,0.0,0.0,0.0,0.0,0.0,0.0,0.0,0.0,0.0,0.0,0.0,0.0,0.0,0.0,0.0,0.0,0.0
2,1.9123535393263422,0.8242596390842705,0.0,2.9195812343113037,0.16445134834749836,0.0,0.0,0.0,0.0,0.0,0.0,0.0,0.0,0.0,0.0,0.0,0.0,0.0,0.0,0.0,0.0,0.0,0.0,0.0
3,0.0,2.867560616058229,2.9195812343113037,0.0,2.8067859697043467,1.8922421692375329,0.7078202937555595,0.0,0.0,0.0,0.0,0.0,0.0,0.0,0.0,0.0,0.0,0.0,0.0,0.0,0.0,0.0,0.0,0.0
4,0.813605213728025,-0.024677134889105303,0.16445134834749836,2.8067859697043467,0.0,-0.6100808631885439,1.3259109663341715,0.0,0.0,0.0,0.0,0.0,0.0,0.0,0.0,0.0,0.0,0.0,0.0,0.0,0.0,0.0,0.0,0.0
5,0.0,0.0,0.0,1.8922421692375329,-0.6100808631885439,0.0,1.3977232992814517,-1.1414904015956653,0.8811140696457597,0.0,0.0,0.0,0.0,0.0,0.0,0.0,0.0,0.0,0.0,0.0,0.0,0.0,0.0,0.0
6,0.0,0.0,0.0,0.7078202937555595,1.3259109663341715,1.3977232992814517,0.0,1.1404021787695948,0.5341346500654699,0.4051251056622412,0.0,0.0,0.0,0.0,0.0,0.0,0.0,0.0,0.0,0.0,0.0,0.0,0.0,0.0
7,0.0,0.0,0.0,0.0,0.0,-1.1414904015956653,1.1404021787695948,0.0,0.8533778952427515,1.1166513152154742,0.0,0.0,0.0,0.0,0.0,0.0,0.0,0.0,0.0,0.0,0.0,0.0,0.0,0.0
8,0.0,0.0,0.0,0.0,0.0,0.8811140696457597,0.5341346500654699,0.8533778952427515,0.0,-0.2085835845190317,-0.43219734519249786,0.0,0.0,0.0,0.0,0.0,0.0,0.0,0.0,0.0,0.0,0.0,0.0,0.0
9,0.0,0.0,0.0,0.0,0.0,0.0,0.4051251056622412,1.1166513152154742,-0.2085835845190317,0.0,-1.6573091354201075,0.0,0.0,0.0,0.0,0.0,0.0,0.0,0.0,0.0,0.0,0.0,0.0,0.0
10,0.0,0.0,0.0,0.0,0.0,0.0,0.0,0.0,-0.43219734519249786,-1.6573091354201075,0.0,0.920987540749899,0.0,0.0,0.0,0.0,0.0,0.0,0.0,0.0,0.0,0.0,0.0,0.0
11,0.0,0.0,0.0,0.0,0.0,0.0,0.0,0.0,0.0,0.0,0.920987540749899,0.0,0.4375677037065989,-1.802196383426952,-1.122985143599624,0.0,0.0,0.0,0.0,0.0,0.0,0.0,0.0,0.0
12,0.0,0.0,0.0,0.0,0.0,0.0,0.0,0.0,0.0,0.0,0.0,0.4375677037065989,0.0,0.3820897472994437,0.1686202318295122,0.0,0.0,0.0,0.0,0.0,0.0,0.0,0.0,0.0
13,0.0,0.0,0.0,0.0,0.0,0.0,0.0,0.0,0.0,0.0,0.0,-1.802196383426952,0.3820897472994437,0.0,-0.7601813931714179,-0.46485583556318233,0.0,-2.5114764421626576,0.0,0.0,0.0,0.0,0.0,0.0
14,0.0,0.0,0.0,0.0,0.0,0.0,0.0,0.0,0.0,0.0,0.0,-1.122985143599624,0.1686202318295122,-0.7601813931714179,0.0,-0.2667257331225199,-2.1438978301419787,0.0,0.0,0.0,0.0,0.0,0.0,0.0
15,0.0,0.0,0.0,0.0,0.0,0.0,0.0,0.0,0.0,0.0,0.0,0.0,0.0,-0.46485583556318233,-0.2667257331225199,0.0,-0.41659201857628,-0.5085141327040517,0.0,0.0,0.0,0.0,0.0,0.0
16,0.0,0.0,0.0,0.0,0.0,0.0,0.0,0.0,0.0,0.0,0.0,0.0,0.0,0.0,-2.1438978301419787,-0.41659201857628,0.0,-0.9651289802633214,0.0,0.0,0.0,0.0,0.0,0.0
17,0.0,0.0,0.0,0.0,0.0,0.0,0.0,0.0,0.0,0.0,0.0,0.0,0.0,-2.5114764421626576,0.0,-0.5085141327040517,-0.9651289802633214,0.0,0.0,0.0,0.0,0.0,0.0,0.0
18,0.0,0.0,0.0,0.0,0.0,0.0,0.0,0.0,0.0,0.0,0.0,0.0,0.0,0.0,0.0,0.0,0.0,0.0,0.0,-0.9207457992272199,-1.6040034107135117,-1.2039079583060253,0.0,0.0
19,0.0,0.0,0.0,0.0,0.0,0.0,0.0,0.0,0.0,0.0,0.0,0.0,0.0,0.0,0.0,0.0,0.0,0.0,-0.9207457992272199,0.0,-1.1833812166179534,-1.3673091420032788,0.0,0.0
20,0.0,0.0,0.0,0.0,0.0,0.0,0.0,0.0,0.0,0.0,0.0,0.0,0.0,0.0,0.0,0.0,0.0,0.0,-1.6040034107135117,-1.1833812166179534,0.0,-2.1243974795639406,-0.9132402068994699,-0.6961168477075916
21,0.0,0.0,0.0,0.0,0.0,0.0,0.0,0.0,0.0,0.0,0.0,0.0,0.0,0.0,0.0,0.0,0.0,0.0,-1.2039079583060253,-1.3673091420032788,-2.1243974795639406,0.0,-1.0492933745047068,-0.7825849902658556
22,0.0,0.0,0.0,0.0,0.0,0.0,0.0,0.0,0.0,0.0,0.0,0.0,0.0,0.0,0.0,0.0,0.0,0.0,0.0,0.0,-0.9132402068994699,-1.0492933745047068,0.0,-1.9362348191028393
23,0.0,0.0,0.0,0.0,0.0,0.0,0.0,0.0,0.0,0.0,0.0,0.0,0.0,0.0,0.0,0.0,0.0,0.0,0.0,0.0,-0.6961168477075916,-0.7825849902658556,-1.9362348191028393,0.0
