,0,1,2,3,4,5,6,7,8,9,10,11,12,13,14,15,16,17,18,19,20,21,22,23
0,0.0,1.5798533903589,0.9635528795799624,-0.30079497209566675,0.0,0.0,0.0,0.0,0.0,0.0,0.0,0.0,0.0,0.0,0.0,0.0,0.0,0.0,0.0,0.0,0.0,0.0,0.0,0.0
1,1.5798533903589,0.0,-2.4261478613732312,-0.8532673955735144,-0.49958727259045893,0.0,0.0,0.0,0.0,0.0,0.0,0.0,0.0,0.0,0.0,0.0,0.0,0.0,0.0,0.0,0.0,0.0,0.0,0.0
2,0.9635528795799624,-2.4261478613732312,0.0,-0.9134390614729345,-0.5026621235128429,0.0,0.0,0.0,0.0,0.0,0.0,0.0,0.0,0.0,0.0,0.0,0.0,0.0,0.0,0.0,0.0,0.0,0.0,0.0
3,-0.30079497209566675,-0.8532673955735144,-0.9134390614729345,0.0,-0.517387770060238,1.5400941956013423,0.34930606812842097,0.0,0.0,0.0,0.0,0.0,0.0,0.0,0.0,0.0,0.0,0.0,0.0,0.0,0.0,0.0,0.0,0.0
4,0.0,-0.49958727259045893,-0.5026621235128429,-0.517387770060238,0.0,1.491652426705202,-0.06570572199695074,0.0,0.0,0.0,-0.4389423745519602,0.0,0.0,0.0,0.0,0.0,0.0,0.0,0.0,0.0,0.0,0.0,0.0,0.0
5,0.0,0.0,0.0,1.5400941956013423,1.491652426705202,0.0,1.4328212961637237,-0.08098345577250506,1.0027071317387815,0.0,0.9177982404615965,0.0,0.0,0.0,0.0,0.0,0.0,0.0,0.0,0.0,0.0,0.0,0.0,0.0
6,0.0,0.0,0.0,0.34930606812842097,-0.06570572199695074,1.4328212961637237,0.0,0.0,-2.03676675929932,0.0,0.10914900871651788,0.0,0.0,0.0,0.0,0.0,0.0,0.0,0.0,0.0,0.0,0.0,0.0,0.0
7,0.0,0.0,0.0,0.0,0.0,-0.08098345577250506,0.0,0.0,0.8532842860921654,-0.8694909535907135,0.9078201275394822,0.0,0.0,0.0,0.0,0.0,0.0,0.0,0.0,0.0,0.0,0.0,0.0,0.0
8,0.0,0.0,0.0,0.0,0.0,1.0027071317387815,-2.03676675929932,0.8532842860921654,0.0,0.0,0.1955943122524156,-1.0672665203075349,0.0,0.0,0.0,0.0,0.0,0.0,0.0,0.0,0.0,0.0,0.0,0.0
9,0.0,0.0,0.0,0.0,0.0,0.0,0.0,-0.8694909535907135,0.0,0.0,0.0,0.7531073611677921,0.1685139363014008,0.0,0.0,0.0,0.0,0.0,0.0,0.0,0.0,0.0,0.0,0.0
10,0.0,0.0,0.0,0.0,-0.4389423745519602,0.9177982404615965,0.10914900871651788,0.9078201275394822,0.1955943122524156,0.0,0.0,0.3208255654188393,0.0,0.0,0.0,0.0,0.0,0.0,0.0,0.0,0.0,0.0,0.0,0.0
11,0.0,0.0,0.0,0.0,0.0,0.0,0.0,0.0,-1.0672665203075349,0.7531073611677921,0.3208255654188393,0.0,0.20113989345063016,-0.7635935421531611,0.0,0.0,0.06781435937394135,0.0,0.0,0.0,0.0,0.0,0.0,0.0
12,0.0,0.0,0.0,0.0,0.0,0.0,0.0,0.0,0.0,0.1685139363014008,0.0,0.20113989345063016,0.0,-0.11217333662734558,-0.5712123086454222,0.0,-1.8243645979559646,0.0,0.0,0.0,0.0,0.0,0.0,-0.3040695928015734
13,0.0,0.0,0.0,0.0,0.0,0.0,0.0,0.0,0.0,0.0,0.0,-0.7635935421531611,-0.11217333662734558,0.0,0.0,-1.3014128371202849,0.0,0.0,0.0,0.0,0.0,0.0,0.0,0.0
14,0.0,0.0,0.0,0.0,0.0,0.0,0.0,0.0,0.0,0.0,0.0,0.0,-0.5712123086454222,0.0,0.0,0.0,-0.3939319321722837,0.0,0.0,-1.428788200368936,-1.6288662532373124,0.0,0.0,0.0
15,0.0,0.0,0.0,0.0,0.0,0.0,0.0,0.0,0.0,0.0,0.0,0.0,0.0,-1.3014128371202849,0.0,0.0,-0.4711184159165366,0.0,0.0,0.0,0.0,0.0,-1.890811710052641,0.0
16,0.0,0.0,0.0,0.0,0.0,0.0,0.0,0.0,0.0,0.0,0.0,0.06781435937394135,-1.8243645979559646,0.0,-0.3939319321722837,-0.4711184159165366,0.0,0.0,0.0,-0.8310043383859727,0.0,0.0,0.0,-0.4005009182324396
17,0.0,0.0,0.0,0.0,0.0,0.0,0.0,0.0,0.0,0.0,0.0,0.0,0.0,0.0,0.0,0.0,0.0,0.0,-1.3642056758505121,0.0,0.0,-0.5659808535215242,-0.2360238510379432,0.0
18,0.0,0.0,0.0,0.0,0.0,0.0,0.0,0.0,0.0,0.0,0.0,0.0,0.0,0.0,0.0,0.0,0.0,-1.3642056758505121,0.0,0.0,-1.6634313439864425,-0.3844624168521988,-0.2519503180939659,0.0
19,0.0,0.0,0.0,0.0,0.0,0.0,0.0,0.0,0.0,0.0,0.0,0.0,0.0,0.0,-1.428788200368936,0.0,-0.8310043383859727,0.0,0.0,0.0,-1.3088283174172601,0.0,0.0,-0.16780339442717296
20,0.0,0.0,0.0,0.0,0.0,0.0,0.0,0.0,0.0,0.0,0.0,0.0,0.0,0.0,-1.6288662532373124,0.0,0.0,0.0,-1.6634313439864425,-1.3088283174172601,0.0,0.0,0.0,0.0
21,0.0,0.0,0.0,0.0,0.0,0.0,0.0,0.0,0.0,0.0,0.0,0.0,0.0,0.0,0.0,0.0,0.0,-0.5659808535215242,-0.3844624168521988,0.0,0.0,0.0,-0.6487243394444627,0.0
22,0.0,0.0,0.0,0.0,0.0,0.0,0.0,0.0,0.0,0.0,0.0,0.0,0.0,0.0,0.0,-1.890811710052641,0.0,-0.2360238510379432,-0.2519503180939659,0.0,0.0,-0.6487243394444627,0.0,0.0
23,0.0,0.0,0.0,0.0,0.0,0.0,0.0,0.0,0.0,0.0,0.0,0.0,-0.3040695928015734,0.0,0.0,0.0,-0.4005009182324396,0.0,0.0,-0.16780339442717296,0.0,0.0,0.0,0.0
