,0,1,2,3,4,5,6,7,8,9,10,11,12,13,14,15,16,17,18,19,20,21,22,23,24,25
0,0.0,2.961818501033367,0.30358505473020747,-0.6816523268775778,0.0,0.0,0.0,0.0,0.0,0.0,0.0,0.0,0.0,0.0,0.0,0.0,0.0,0.0,0.0,0.0,0.0,0.0,0.0,0.0,0.0,0.0
1,2.961818501033367,0.0,2.6267036539536517,2.5826777004590675,0.0,0.0,0.0,0.0,0.0,0.0,0.0,0.0,0.0,0.0,0.0,0.0,0.0,0.0,0.0,0.0,0.0,0.0,0.0,0.0,0.0,0.0
2,0.30358505473020747,2.6267036539536517,0.0,-0.1837646861304875,0.42162918269125177,-0.08629265737165469,0.0,0.0,0.0,0.0,0.0,0.0,0.0,0.0,0.0,0.0,0.0,0.0,0.0,0.0,0.0,0.0,0.0,0.0,0.0,0.0
3,-0.6816523268775778,2.5826777004590675,-0.1837646861304875,0.0,-0.041230103215355834,-1.916721055003491,2.5090307851878717,0.0,0.0,0.0,0.0,0.0,0.0,0.0,0.0,0.0,0.0,0.0,0.0,0.0,0.0,0.0,0.0,0.0,0.0,0.0
4,0.0,0.0,0.42162918269125177,-0.041230103215355834,0.0,-0.061902201184081775,2.5667963812387624,2.6105099301536847,0.0,0.0,0.0,0.0,0.0,0.0,0.0,0.0,0.0,0.0,0.0,0.0,0.0,0.0,0.0,0.0,0.0,0.0
5,0.0,0.0,-0.08629265737165469,-1.916721055003491,-0.061902201184081775,0.0,2.5027972077052922,2.560798300173117,0.0,0.0,0.0,0.0,0.0,0.0,0.0,0.0,0.0,0.0,0.0,0.0,0.0,0.0,0.0,0.0,0.0,0.0
6,0.0,0.0,0.0,2.5090307851878717,2.5667963812387624,2.5027972077052922,0.0,1.1327477573800175,0.0,0.0,0.0,0.0,0.0,0.0,0.0,0.0,0.0,0.0,0.0,0.0,0.0,0.0,0.0,0.0,0.0,0.0
7,0.0,0.0,0.0,0.0,2.6105099301536847,2.560798300173117,1.1327477573800175,0.0,0.0,0.0,0.0,0.0,0.0,0.0,0.0,0.0,0.0,0.0,0.0,0.0,0.0,0.0,0.0,0.0,0.0,0.0
8,0.0,0.0,0.0,0.0,0.0,0.0,0.0,0.0,0.0,-0.4262718520809017,-0.9669707571333329,-1.1901623544633015,0.0,0.0,0.0,0.0,0.0,0.0,0.0,0.0,0.0,0.0,0.0,0.0,0.0,0.0
9,0.0,0.0,0.0,0.0,0.0,0.0,0.0,0.0,-0.4262718520809017,0.0,-0.7318955986594373,-0.5886301991083775,0.0,0.0,0.0,0.0,0.0,0.0,0.0,0.0,0.0,0.0,0.0,0.0,0.0,0.0
10,0.0,0.0,0.0,0.0,0.0,0.0,0.0,0.0,-0.9669707571333329,-0.7318955986594373,0.0,-1.1467603186970368,0.0,0.0,0.0,0.0,0.0,0.0,0.0,0.0,0.0,0.0,0.0,0.0,0.0,0.0
11,0.0,0.0,0.0,0.0,0.0,0.0,0.0,0.0,-1.1901623544633015,-0.5886301991083775,-1.1467603186970368,0.0,-0.9151943292422442,-0.28771803423670694,1.0526816673140476,0.0,0.0,0.0,0.0,0.0,0.0,0.0,0.0,0.0,0.0,0.0
12,0.0,0.0,0.0,0.0,0.0,0.0,0.0,0.0,0.0,0.0,0.0,-0.9151943292422442,0.0,-0.5200167463176921,0.9122495037733968,0.8266293552772827,0.06808750063256717,0.0,0.0,0.0,0.0,0.0,0.0,0.0,0.0,0.0
13,0.0,0.0,0.0,0.0,0.0,0.0,0.0,0.0,0.0,0.0,0.0,-0.28771803423670694,-0.5200167463176921,0.0,0.8481928855114577,0.702681819299818,0.1421736030434316,-0.11950447601983852,0.0,0.0,0.0,0.0,0.0,0.0,0.0,0.0
14,0.0,0.0,0.0,0.0,0.0,0.0,0.0,0.0,0.0,0.0,0.0,1.0526816673140476,0.9122495037733968,0.8481928855114577,0.0,0.0,0.19397255458060825,0.0,0.0,0.0,0.0,0.0,0.0,0.0,0.0,0.0
15,0.0,0.0,0.0,0.0,0.0,0.0,0.0,0.0,0.0,0.0,0.0,0.0,0.8266293552772827,0.702681819299818,0.0,0.0,0.24477911873490826,0.7842534690797394,0.0,0.0,0.0,0.0,0.0,0.0,0.0,0.0
16,0.0,0.0,0.0,0.0,0.0,0.0,0.0,0.0,0.0,0.0,0.0,0.0,0.06808750063256717,0.1421736030434316,0.19397255458060825,0.24477911873490826,0.0,0.0,0.0,0.0,0.0,0.0,0.0,0.0,0.0,0.0
17,0.0,0.0,0.0,0.0,0.0,0.0,0.0,0.0,0.0,0.0,0.0,0.0,0.0,-0.11950447601983852,0.0,0.7842534690797394,0.0,0.0,0.21664965000516084,0.0,0.0,0.0,0.0,0.0,0.0,0.0
18,0.0,0.0,0.0,0.0,0.0,0.0,0.0,0.0,0.0,0.0,0.0,0.0,0.0,0.0,0.0,0.0,0.0,0.21664965000516084,0.0,-0.5962172738785466,-1.1295726216965576,0.0,-0.9147868013478356,0.0,0.0,0.0
19,0.0,0.0,0.0,0.0,0.0,0.0,0.0,0.0,0.0,0.0,0.0,0.0,0.0,0.0,0.0,0.0,0.0,0.0,-0.5962172738785466,0.0,-0.3248806122004952,-0.6365095745378643,-0.5447115497364191,0.0,0.0,0.0
20,0.0,0.0,0.0,0.0,0.0,0.0,0.0,0.0,0.0,0.0,0.0,0.0,0.0,0.0,0.0,0.0,0.0,0.0,-1.1295726216965576,-0.3248806122004952,0.0,-1.6412073091647144,-1.1907008597254407,-1.6317728988242177,0.0,0.0
21,0.0,0.0,0.0,0.0,0.0,0.0,0.0,0.0,0.0,0.0,0.0,0.0,0.0,0.0,0.0,0.0,0.0,0.0,0.0,-0.6365095745378643,-1.6412073091647144,0.0,-1.3050031491296032,0.0,0.0,0.0
22,0.0,0.0,0.0,0.0,0.0,0.0,0.0,0.0,0.0,0.0,0.0,0.0,0.0,0.0,0.0,0.0,0.0,0.0,-0.9147868013478356,-0.5447115497364191,-1.1907008597254407,-1.3050031491296032,0.0,-0.9720899402423285,-1.4786849606045633,-1.124913696481556
23,0.0,0.0,0.0,0.0,0.0,0.0,0.0,0.0,0.0,0.0,0.0,0.0,0.0,0.0,0.0,0.0,0.0,0.0,0.0,0.0,-1.6317728988242177,0.0,-0.9720899402423285,0.0,-1.1010012683756625,-1.4059589465263571
24,0.0,0.0,0.0,0.0,0.0,0.0,0.0,0.0,0.0,0.0,0.0,0.0,0.0,0.0,0.0,0.0,0.0,0.0,0.0,0.0,0.0,0.0,-1.4786849606045633,-1.1010012683756625,0.0,-1.090337161738401
25,0.0,0.0,0.0,0.0,0.0,0.0,0.0,0.0,0.0,0.0,0.0,0.0,0.0,0.0,0.0,0.0,0.0,0.0,0.0,0.0,0.0,0.0,-1.124913696481556,-1.4059589465263571,-1.090337161738401,0.0
