,0,1,2,3,4,5,6,7,8,9,10,11,12,13,14,15,16,17,18,19,20
0,0.0,0.09148709232859538,1.0664885771679231,-1.759732345177157,0.0,0.0,0.0,0.0,0.0,0.0,0.0,0.0,0.0,0.0,0.0,0.0,0.0,0.0,0.0,0.0,0.0
1,0.09148709232859538,0.0,1.3074346277508753,-0.9200145683943163,0.0,0.0,0.0,0.0,0.0,0.0,0.0,0.0,0.0,0.0,0.0,0.0,0.0,0.0,0.0,0.0,0.0
2,1.0664885771679231,1.3074346277508753,0.0,-0.5532244050232227,0.0,0.0,0.0,0.0,0.0,0.0,0.0,0.0,0.0,0.0,0.0,0.0,0.0,0.0,0.0,0.0,0.0
3,-1.759732345177157,-0.9200145683943163,-0.5532244050232227,0.0,2.1048097690925682,-1.6481502741895082,1.918564351354513,0.0,0.0,0.0,0.0,0.0,0.0,0.0,0.0,0.0,0.0,0.0,0.0,0.0,0.0
4,0.0,0.0,0.0,2.1048097690925682,0.0,2.047136779452366,-0.05561607707922141,-1.2499208332684348,0.0,0.0,0.0,0.0,0.0,0.0,0.0,0.0,0.0,0.0,0.0,0.0,0.0
5,0.0,0.0,0.0,-1.6481502741895082,2.047136779452366,0.0,1.8961574359745388,1.7605977000375295,0.0,0.0,0.0,0.0,0.0,0.0,0.0,0.0,0.0,0.0,0.0,0.0,0.0
6,0.0,0.0,0.0,1.918564351354513,-0.05561607707922141,1.8961574359745388,0.0,-0.1804723664776339,0.6145443534806807,0.0,0.0,0.0,0.0,0.0,0.0,0.0,0.0,0.0,0.0,0.0,0.0
7,0.0,0.0,0.0,0.0,-1.2499208332684348,1.7605977000375295,-0.1804723664776339,0.0,0.4586420678978504,-1.4105703768811098,0.0,0.0,0.0,0.0,0.0,0.0,0.0,0.0,0.0,0.0,0.0
8,0.0,0.0,0.0,0.0,0.0,0.0,0.6145443534806807,0.4586420678978504,0.0,0.11693257801880773,-0.12773012835008962,0.2692413752926634,0.0,0.0,0.0,0.0,0.0,0.0,0.0,0.0,0.0
9,0.0,0.0,0.0,0.0,0.0,0.0,0.0,-1.4105703768811098,0.11693257801880773,0.0,-1.6996392913656138,-0.7101538479775085,0.0,0.0,0.0,0.0,0.0,0.0,0.0,0.0,0.0
10,0.0,0.0,0.0,0.0,0.0,0.0,0.0,0.0,-0.12773012835008962,-1.6996392913656138,0.0,-0.7352407577039092,0.3497850880686785,0.0,0.0,0.0,0.0,0.0,0.0,0.0,0.0
11,0.0,0.0,0.0,0.0,0.0,0.0,0.0,0.0,0.2692413752926634,-0.7101538479775085,-0.7352407577039092,0.0,0.47024414658069325,0.0,0.0,0.0,0.0,0.0,0.0,0.0,0.0
12,0.0,0.0,0.0,0.0,0.0,0.0,0.0,0.0,0.0,0.0,0.3497850880686785,0.47024414658069325,0.0,0.13974850396802943,0.0,0.0,0.0,0.0,0.0,0.0,0.0
13,0.0,0.0,0.0,0.0,0.0,0.0,0.0,0.0,0.0,0.0,0.0,0.0,0.13974850396802943,0.0,-0.2427673363330869,0.0,-2.524258659668187,-1.7461766694170169,0.0,0.0,0.0
14,0.0,0.0,0.0,0.0,0.0,0.0,0.0,0.0,0.0,0.0,0.0,0.0,0.0,-0.2427673363330869,0.0,-1.085478896620237,-0.28702130601547593,0.0,-0.5147341498031511,0.0,0.0
15,0.0,0.0,0.0,0.0,0.0,0.0,0.0,0.0,0.0,0.0,0.0,0.0,0.0,0.0,-1.085478896620237,0.0,0.02650642251590999,0.0,-1.010432981743125,0.0,0.0
16,0.0,0.0,0.0,0.0,0.0,0.0,0.0,0.0,0.0,0.0,0.0,0.0,0.0,-2.524258659668187,-0.28702130601547593,0.02650642251590999,0.0,-1.5841949161470041,0.1809881643778727,-1.2090015186426335,-1.2581248626758927
17,0.0,0.0,0.0,0.0,0.0,0.0,0.0,0.0,0.0,0.0,0.0,0.0,0.0,-1.7461766694170169,0.0,0.0,-1.5841949161470041,0.0,0.0,-1.8102895536516015,-2.0118842773912524
18,0.0,0.0,0.0,0.0,0.0,0.0,0.0,0.0,0.0,0.0,0.0,0.0,0.0,0.0,-0.5147341498031511,-1.010432981743125,0.1809881643778727,0.0,0.0,0.0,0.0
19,0.0,0.0,0.0,0.0,0.0,0.0,0.0,0.0,0.0,0.0,0.0,0.0,0.0,0.0,0.0,0.0,-1.2090015186426335,-1.8102895536516015,0.0,0.0,-2.131521497904441
20,0.0,0.0,0.0,0.0,0.0,0.0,0.0,0.0,0.0,0.0,0.0,0.0,0.0,0.0,0.0,0.0,-1.2581248626758927,-2.0118842773912524,0.0,-2.131521497904441,0.0
