,0,1,2,3,4,5,6,7,8,9,10,11,12,13,14,15,16
0,0.0,2.8131789397300175,-0.6227206763804954,-0.6671224561630913,0.0,0.0,0.0,0.0,0.0,0.0,0.0,0.0,0.0,0.0,0.0,0.0,0.0
1,2.8131789397300175,0.0,2.708732624540323,2.6119276576124304,2.369192089399892,0.0,0.0,0.0,0.0,0.0,0.0,0.0,0.0,0.0,0.0,0.0,0.0
2,-0.6227206763804954,2.708732624540323,0.0,-0.7333059026520419,-0.4560334642272613,0.0,0.0,0.0,0.0,0.0,0.0,0.0,0.0,0.0,0.0,0.0,0.0
3,-0.6671224561630913,2.6119276576124304,-0.7333059026520419,0.0,-0.17678976245449624,0.0,0.0,0.0,0.0,0.0,0.0,0.0,0.0,0.0,0.0,0.0,0.0
4,0.0,2.369192089399892,-0.4560334642272613,-0.17678976245449624,0.0,0.0,0.0,-0.24967422891156515,0.0,0.0,0.0,0.0,0.0,0.0,0.0,0.0,0.0
5,0.0,0.0,0.0,0.0,0.0,0.0,-0.7862122114136199,2.1011997832461793,1.0541184178715333,1.782057801104141,0.0,0.0,0.0,0.0,0.0,0.0,0.0
6,0.0,0.0,0.0,0.0,0.0,-0.7862122114136199,0.0,2.121704835257248,1.1250849435490977,1.8034867180389205,0.0,0.0,0.0,0.0,0.0,0.0,0.0
7,0.0,0.0,0.0,0.0,-0.24967422891156515,2.1011997832461793,2.121704835257248,0.0,0.0,-1.5970616571856402,0.0,0.0,0.0,0.0,0.0,0.0,0.0
8,0.0,0.0,0.0,0.0,0.0,1.0541184178715333,1.1250849435490977,0.0,0.0,1.2315294978098899,0.932986191922911,0.0,-0.022129248505901696,0.0,0.0,0.0,0.0
9,0.0,0.0,0.0,0.0,0.0,1.782057801104141,1.8034867180389205,-1.5970616571856402,1.2315294978098899,0.0,0.0,0.0,0.0,0.0,0.0,0.0,0.0
10,0.0,0.0,0.0,0.0,0.0,0.0,0.0,0.0,0.932986191922911,0.0,0.0,-0.15426402528610697,0.7642255164613184,0.0,0.0,0.0,0.0
11,0.0,0.0,0.0,0.0,0.0,0.0,0.0,0.0,0.0,0.0,-0.15426402528610697,0.0,0.6512847774544358,0.826539389037347,0.0,0.0,0.0
12,0.0,0.0,0.0,0.0,0.0,0.0,0.0,0.0,-0.022129248505901696,0.0,0.7642255164613184,0.6512847774544358,0.0,0.0,0.0,0.0,0.0
13,0.0,0.0,0.0,0.0,0.0,0.0,0.0,0.0,0.0,0.0,0.0,0.826539389037347,0.0,0.0,0.12110797582127988,-0.4325722018989123,-0.7252131387313377
14,0.0,0.0,0.0,0.0,0.0,0.0,0.0,0.0,0.0,0.0,0.0,0.0,0.0,0.12110797582127988,0.0,-1.046096924279591,-2.5015950725975813
15,0.0,0.0,0.0,0.0,0.0,0.0,0.0,0.0,0.0,0.0,0.0,0.0,0.0,-0.4325722018989123,-1.046096924279591,0.0,-2.076137352156447
16,0.0,0.0,0.0,0.0,0.0,0.0,0.0,0.0,0.0,0.0,0.0,0.0,0.0,-0.7252131387313377,-2.5015950725975813,-2.076137352156447,0.0
