,0,1,2,3,4,5,6,7,8,9,10,11,12,13,14,15,16,17,18,19,20,21,22,23,24,25
0,0.0,-2.2283800294983704,-0.18084250536754512,0.8286432474481894,0.0,0.0,0.0,0.0,0.0,0.0,0.0,0.0,0.0,0.0,0.0,0.0,0.0,0.0,0.0,0.0,0.0,0.0,0.0,0.0,0.0,0.0
1,-2.2283800294983704,0.0,-0.11238175702847399,0.8458565540915303,0.0,0.0,2.8291186207572663,0.0,0.0,0.0,0.0,0.0,0.0,0.0,0.0,0.0,0.0,0.0,0.0,0.0,0.0,0.0,0.0,0.0,0.0,0.0
2,-0.18084250536754512,-0.11238175702847399,0.0,0.510111980426924,-0.539494736167185,-0.49822787539704866,2.7878989547224577,0.0,0.0,0.0,0.0,0.0,0.0,0.0,0.0,0.0,0.0,0.0,0.0,0.0,0.0,0.0,0.0,0.0,0.0,0.0
3,0.8286432474481894,0.8458565540915303,0.510111980426924,0.0,0.7318943431137146,0.7487748190664805,2.716641012230704,0.0,0.0,0.0,0.0,0.0,0.0,0.0,0.0,0.0,0.0,0.0,0.0,0.0,0.0,0.0,0.0,0.0,0.0,0.0
4,0.0,0.0,-0.539494736167185,0.7318943431137146,0.0,-1.0753502770380348,2.818011023410057,0.0,0.0,0.0,0.0,0.0,0.0,0.0,0.0,0.0,0.0,0.0,0.0,0.0,0.0,0.0,0.0,0.0,0.0,0.0
5,0.0,0.0,-0.49822787539704866,0.7487748190664805,-1.0753502770380348,0.0,0.0,0.0,2.2226217107117945,0.0,0.0,0.0,0.0,0.0,0.0,0.0,0.0,0.0,0.0,0.0,0.0,0.0,0.0,0.0,0.0,0.0
6,0.0,2.8291186207572663,2.7878989547224577,2.716641012230704,2.818011023410057,0.0,0.0,0.0,0.0,0.0,0.0,0.0,0.0,0.0,0.0,0.0,0.0,0.0,0.0,0.0,0.0,0.0,0.0,0.0,0.0,0.0
7,0.0,0.0,0.0,0.0,0.0,0.0,0.0,0.0,2.2588881128281,0.20861758905419606,1.368413504104659,0.0,0.0,0.0,0.0,0.0,0.0,0.0,0.0,0.0,0.0,0.0,0.0,0.0,0.0,0.0
8,0.0,0.0,0.0,0.0,0.0,2.2226217107117945,0.0,2.2588881128281,0.0,0.0,-1.3132330463408717,0.0,0.0,0.0,0.0,0.0,0.0,0.0,0.0,0.0,0.0,0.0,0.0,0.0,0.0,0.0
9,0.0,0.0,0.0,0.0,0.0,0.0,0.0,0.20861758905419606,0.0,0.0,1.3321860301694572,-0.017565542332503563,0.0,0.0,0.609487673108874,0.0,0.0,0.0,0.0,0.0,0.0,0.0,0.0,0.0,0.0,0.0
10,0.0,0.0,0.0,0.0,0.0,0.0,0.0,1.368413504104659,-1.3132330463408717,1.3321860301694572,0.0,1.0227439683371364,0.0,0.0,-1.5356909348202374,0.0,0.0,0.0,0.0,0.0,0.0,0.0,0.0,0.0,0.0,0.0
11,0.0,0.0,0.0,0.0,0.0,0.0,0.0,0.0,0.0,-0.017565542332503563,1.0227439683371364,0.0,0.5849175703933168,-3.1738920370727177,0.5577806858156629,0.0,0.0,0.0,0.0,0.0,0.0,0.0,0.0,0.0,0.0,0.0
12,0.0,0.0,0.0,0.0,0.0,0.0,0.0,0.0,0.0,0.0,0.0,0.5849175703933168,0.0,0.5614563233791181,0.0,1.1179176610062411,0.6693729100873795,0.0,0.0,0.0,0.0,0.0,0.0,0.0,0.0,0.0
13,0.0,0.0,0.0,0.0,0.0,0.0,0.0,0.0,0.0,0.0,0.0,-3.1738920370727177,0.5614563233791181,0.0,0.5513713064168579,0.5684735533179706,-0.05876012329495711,0.0,0.0,0.0,0.0,0.0,0.0,0.0,0.0,0.0
14,0.0,0.0,0.0,0.0,0.0,0.0,0.0,0.0,0.0,0.609487673108874,-1.5356909348202374,0.5577806858156629,0.0,0.5513713064168579,0.0,-0.08520073111895601,-0.3634789728801613,0.0,0.0,0.0,0.0,0.0,0.0,0.0,0.0,0.0
15,0.0,0.0,0.0,0.0,0.0,0.0,0.0,0.0,0.0,0.0,0.0,0.0,1.1179176610062411,0.5684735533179706,-0.08520073111895601,0.0,-0.00997606883595114,0.0,0.0,0.0,0.0,0.0,0.0,0.0,0.0,0.0
16,0.0,0.0,0.0,0.0,0.0,0.0,0.0,0.0,0.0,0.0,0.0,0.0,0.6693729100873795,-0.05876012329495711,-0.3634789728801613,-0.00997606883595114,0.0,-1.2155615172989203,-0.3344779587032022,0.0,0.0,0.0,0.0,0.0,0.0,0.0
17,0.0,0.0,0.0,0.0,0.0,0.0,0.0,0.0,0.0,0.0,0.0,0.0,0.0,0.0,0.0,0.0,-1.2155615172989203,0.0,-0.6793479051997132,-1.005128018263556,-0.9697087061146782,0.0,0.0,0.0,0.0,0.0
18,0.0,0.0,0.0,0.0,0.0,0.0,0.0,0.0,0.0,0.0,0.0,0.0,0.0,0.0,0.0,0.0,-0.3344779587032022,-0.6793479051997132,0.0,0.0,-2.5770732338852524,0.0,0.0,0.0,0.0,0.0
19,0.0,0.0,0.0,0.0,0.0,0.0,0.0,0.0,0.0,0.0,0.0,0.0,0.0,0.0,0.0,0.0,0.0,-1.005128018263556,0.0,0.0,-2.101137826301956,0.0,-0.9897167944504388,0.0,0.0,0.0
20,0.0,0.0,0.0,0.0,0.0,0.0,0.0,0.0,0.0,0.0,0.0,0.0,0.0,0.0,0.0,0.0,0.0,-0.9697087061146782,-2.5770732338852524,-2.101137826301956,0.0,0.0,0.0,0.0,0.0,0.0
21,0.0,0.0,0.0,0.0,0.0,0.0,0.0,0.0,0.0,0.0,0.0,0.0,0.0,0.0,0.0,0.0,0.0,0.0,0.0,0.0,0.0,0.0,-0.32222656963053486,-1.7940015474137796,-0.7787332560510818,0.0
22,0.0,0.0,0.0,0.0,0.0,0.0,0.0,0.0,0.0,0.0,0.0,0.0,0.0,0.0,0.0,0.0,0.0,0.0,0.0,-0.9897167944504388,0.0,-0.32222656963053486,0.0,-0.7417627660277682,-2.1306562698558937,-1.1642111499295853
23,0.0,0.0,0.0,0.0,0.0,0.0,0.0,0.0,0.0,0.0,0.0,0.0,0.0,0.0,0.0,0.0,0.0,0.0,0.0,0.0,0.0,-1.7940015474137796,-0.7417627660277682,0.0,-1.163450397265298,-0.39558614474880677
24,0.0,0.0,0.0,0.0,0.0,0.0,0.0,0.0,0.0,0.0,0.0,0.0,0.0,0.0,0.0,0.0,0.0,0.0,0.0,0.0,0.0,-0.7787332560510818,-2.1306562698558937,-1.163450397265298,0.0,-0.9628832073940861
25,0.0,0.0,0.0,0.0,0.0,0.0,0.0,0.0,0.0,0.0,0.0,0.0,0.0,0.0,0.0,0.0,0.0,0.0,0.0,0.0,0.0,0.0,-1.1642111499295853,-0.39558614474880677,-0.9628832073940861,0.0
