,0,1,2,3,4,5,6,7,8,9,10,11,12,13,14,15,16,17,18,19,20,21,22,23
0,0.0,0.1877945976674038,-0.8751111050347099,3.229471721553175,0.0,0.0,0.0,0.0,0.0,0.0,0.0,0.0,0.0,0.0,0.0,0.0,0.0,0.0,0.0,0.0,0.0,0.0,0.0,0.0
1,0.1877945976674038,0.0,0.45051538583081224,3.2462172779375216,0.0,0.0,0.0,0.0,0.0,0.0,0.0,0.0,0.0,0.0,0.0,0.0,0.0,0.0,0.0,0.0,0.0,0.0,0.0,0.0
2,-0.8751111050347099,0.45051538583081224,0.0,3.2224120849981857,2.983071599150738,0.0,0.0,0.0,0.0,0.0,0.0,0.0,0.0,0.0,0.0,0.0,0.0,0.0,0.0,0.0,0.0,0.0,0.0,0.0
3,3.229471721553175,3.2462172779375216,3.2224120849981857,0.0,1.0481342711712185,0.0,0.0,0.0,0.0,0.0,0.0,0.0,0.0,0.0,0.0,0.0,0.0,0.0,0.0,0.0,0.0,0.0,0.0,0.0
4,0.0,0.0,2.983071599150738,1.0481342711712185,0.0,1.8469268019746097,0.0,0.0,0.0,0.0,0.0,0.0,0.0,0.0,0.0,0.0,0.0,0.0,0.0,0.0,0.0,0.0,0.0,0.0
5,0.0,0.0,0.0,0.0,1.8469268019746097,0.0,-0.5621316792933546,-0.17369550815681584,-0.2360196371474252,0.0,0.0,0.0,0.0,0.0,0.0,0.0,0.0,0.0,0.0,0.0,0.0,0.0,0.0,0.0
6,0.0,0.0,0.0,0.0,0.0,-0.5621316792933546,0.0,0.2543983711904859,0.1619456219989252,0.0,0.0,0.0,0.0,0.0,0.0,0.0,0.0,0.0,0.0,0.0,0.0,0.0,0.0,0.0
7,0.0,0.0,0.0,0.0,0.0,-0.17369550815681584,0.2543983711904859,0.0,-1.5161366428106937,0.0,0.259921672152635,0.0,0.0,0.0,0.0,0.0,0.0,0.0,0.0,0.0,0.0,0.0,0.0,0.0
8,0.0,0.0,0.0,0.0,0.0,-0.2360196371474252,0.1619456219989252,-1.5161366428106937,0.0,-0.803517840742388,0.35167266489821264,0.0,0.0,0.0,0.0,0.0,0.0,0.0,0.0,0.0,0.0,0.0,0.0,0.0
9,0.0,0.0,0.0,0.0,0.0,0.0,0.0,0.0,-0.803517840742388,0.0,0.5175385497464974,0.32379502247704534,0.0,0.7555694445322256,0.0,0.0,0.0,0.0,0.0,0.0,0.0,0.0,0.0,0.0
10,0.0,0.0,0.0,0.0,0.0,0.0,0.0,0.259921672152635,0.35167266489821264,0.5175385497464974,0.0,-1.9602079447266159,0.5028164005549146,0.0,0.0,0.0,0.0,0.0,0.0,0.0,0.0,0.0,0.0,0.0
11,0.0,0.0,0.0,0.0,0.0,0.0,0.0,0.0,0.0,0.32379502247704534,-1.9602079447266159,0.0,0.5234953392787317,0.028657410057424105,-0.12860485141299047,0.21852498559250805,0.0,0.0,0.0,0.0,0.0,0.0,0.0,0.0
12,0.0,0.0,0.0,0.0,0.0,0.0,0.0,0.0,0.0,0.0,0.5028164005549146,0.5234953392787317,0.0,-0.2792611731123554,0.0,0.0,0.0,0.0,0.0,0.0,0.0,0.0,0.0,0.0
13,0.0,0.0,0.0,0.0,0.0,0.0,0.0,0.0,0.0,0.7555694445322256,0.0,0.028657410057424105,-0.2792611731123554,0.0,-2.2296625405143953,-0.828201353412952,0.0,0.0,0.0,0.0,0.0,0.0,0.0,0.0
14,0.0,0.0,0.0,0.0,0.0,0.0,0.0,0.0,0.0,0.0,0.0,-0.12860485141299047,0.0,-2.2296625405143953,0.0,-0.8206272094814341,0.0,0.0,0.0,0.0,0.0,0.0,0.0,0.0
15,0.0,0.0,0.0,0.0,0.0,0.0,0.0,0.0,0.0,0.0,0.0,0.21852498559250805,0.0,-0.828201353412952,-0.8206272094814341,0.0,0.0,0.0,0.0,0.0,0.0,0.0,0.0,0.0
16,0.0,0.0,0.0,0.0,0.0,0.0,0.0,0.0,0.0,0.0,0.0,0.0,0.0,0.0,0.0,0.0,0.0,-0.7662992889127197,-2.6049078246513897,-1.8695953580837672,0.0,0.0,0.0,0.0
17,0.0,0.0,0.0,0.0,0.0,0.0,0.0,0.0,0.0,0.0,0.0,0.0,0.0,0.0,0.0,0.0,-0.7662992889127197,0.0,-0.8933060167131915,-0.6551803723890135,0.0,0.0,0.0,0.0
18,0.0,0.0,0.0,0.0,0.0,0.0,0.0,0.0,0.0,0.0,0.0,0.0,0.0,0.0,0.0,0.0,-2.6049078246513897,-0.8933060167131915,0.0,-1.8758592589469703,-1.5119438965653151,0.0,0.0,0.0
19,0.0,0.0,0.0,0.0,0.0,0.0,0.0,0.0,0.0,0.0,0.0,0.0,0.0,0.0,0.0,0.0,-1.8695953580837672,-0.6551803723890135,-1.8758592589469703,0.0,-1.1101828095055897,0.0,-0.6170787321366207,0.0
20,0.0,0.0,0.0,0.0,0.0,0.0,0.0,0.0,0.0,0.0,0.0,0.0,0.0,0.0,0.0,0.0,0.0,0.0,-1.5119438965653151,-1.1101828095055897,0.0,-0.8000887364880298,-1.1732989923121813,-2.4993534522673118
21,0.0,0.0,0.0,0.0,0.0,0.0,0.0,0.0,0.0,0.0,0.0,0.0,0.0,0.0,0.0,0.0,0.0,0.0,0.0,0.0,-0.8000887364880298,0.0,-0.36682639274604284,-1.3949183941595693
22,0.0,0.0,0.0,0.0,0.0,0.0,0.0,0.0,0.0,0.0,0.0,0.0,0.0,0.0,0.0,0.0,0.0,0.0,0.0,-0.6170787321366207,-1.1732989923121813,-0.36682639274604284,0.0,-1.6062604705921333
23,0.0,0.0,0.0,0.0,0.0,0.0,0.0,0.0,0.0,0.0,0.0,0.0,0.0,0.0,0.0,0.0,0.0,0.0,0.0,0.0,-2.4993534522673118,-1.3949183941595693,-1.6062604705921333,0.0
