,0,1,2,3,4,5,6,7,8,9,10,11,12,13,14,15,16,17
0,0.0,0.26723261165798995,-0.41983393222318277,0.7299982094419212,0.0,0.0,0.0,0.0,0.0,0.0,0.0,0.0,0.0,0.0,0.0,0.0,0.0,0.0
1,0.26723261165798995,0.0,-0.0911133267269611,0.5973149292151839,0.0,0.0,0.0,0.0,0.0,0.0,0.0,0.0,0.0,0.0,0.0,0.0,0.0,0.0
2,-0.41983393222318277,-0.0911133267269611,0.0,0.6106020651015782,0.1697406496376954,0.0,0.0,0.0,0.0,0.0,0.0,0.0,0.0,0.0,0.0,0.0,0.0,0.0
3,0.7299982094419212,0.5973149292151839,0.6106020651015782,0.0,0.8585641021830948,0.4762834626946576,0.0,1.8056647866899762,0.0,0.0,0.0,0.0,0.0,0.0,0.0,0.0,0.0,0.0
4,0.0,0.0,0.1697406496376954,0.8585641021830948,0.0,-0.2571933818262357,0.0,1.8190976505770589,0.0,0.0,0.0,0.0,0.0,0.0,0.0,0.0,0.0,0.0
5,0.0,0.0,0.0,0.4762834626946576,-0.2571933818262357,0.0,-0.14573293755771558,1.7444786869102933,0.0,0.0,0.0,1.1276249788732522,0.0,0.0,0.0,0.0,0.0,0.0
6,0.0,0.0,0.0,0.0,0.0,-0.14573293755771558,0.0,1.7686078858346608,-1.2932292269402308,0.0,0.0,1.1631607042966705,0.0,0.0,0.0,0.0,0.0,0.0
7,0.0,0.0,0.0,1.8056647866899762,1.8190976505770589,1.7444786869102933,1.7686078858346608,0.0,0.0,0.0,0.0,-0.3914816244466128,0.0,0.0,0.0,0.0,0.0,0.0
8,0.0,0.0,0.0,0.0,0.0,0.0,-1.2932292269402308,0.0,0.0,-1.255415764926117,0.0,1.1083272514882319,0.8893560099775999,0.0,0.0,0.0,0.0,0.0
9,0.0,0.0,0.0,0.0,0.0,0.0,0.0,0.0,-1.255415764926117,0.0,-1.9899885963193806,0.0,0.9559465220783103,0.0,0.0,0.0,0.0,0.0
10,0.0,0.0,0.0,0.0,0.0,0.0,0.0,0.0,0.0,-1.9899885963193806,0.0,0.0,0.0,-1.1918386983180609,0.0,0.4328522691033678,0.0,0.0
11,0.0,0.0,0.0,0.0,0.0,1.1276249788732522,1.1631607042966705,-0.3914816244466128,1.1083272514882319,0.0,0.0,0.0,-0.5472966757344249,0.0,0.0,0.0,0.0,0.0
12,0.0,0.0,0.0,0.0,0.0,0.0,0.0,0.0,0.8893560099775999,0.9559465220783103,0.0,-0.5472966757344249,0.0,0.0,0.0,0.0,0.0,0.0
13,0.0,0.0,0.0,0.0,0.0,0.0,0.0,0.0,0.0,0.0,-1.1918386983180609,0.0,0.0,0.0,-0.9580924021868751,0.33439015854982884,-2.348218066367531,-0.4216002620269287
14,0.0,0.0,0.0,0.0,0.0,0.0,0.0,0.0,0.0,0.0,0.0,0.0,0.0,-0.9580924021868751,0.0,0.2333415115965479,-1.3427664549377223,-0.514626757786108
15,0.0,0.0,0.0,0.0,0.0,0.0,0.0,0.0,0.0,0.0,0.4328522691033678,0.0,0.0,0.33439015854982884,0.2333415115965479,0.0,0.0,0.0
16,0.0,0.0,0.0,0.0,0.0,0.0,0.0,0.0,0.0,0.0,0.0,0.0,0.0,-2.348218066367531,-1.3427664549377223,0.0,0.0,-0.3230806597834761
17,0.0,0.0,0.0,0.0,0.0,0.0,0.0,0.0,0.0,0.0,0.0,0.0,0.0,-0.4216002620269287,-0.514626757786108,0.0,-0.3230806597834761,0.0
