,0,1,2,3,4,5,6,7,8,9,10,11,12,13,14,15,16,17,18,19,20,21,22,23
0,0.0,1.1296339889223217,0.9382161053009812,1.8330681290161792,0.0,0.0,0.0,0.0,0.0,0.0,0.0,0.0,0.0,0.0,0.0,0.0,0.0,0.0,0.0,0.0,0.0,0.0,0.0,0.0
1,1.1296339889223217,0.0,1.1294842151503262,2.024053314421401,1.9432764371267481,0.0,0.0,0.0,0.0,0.0,0.0,0.0,0.0,0.0,0.0,0.0,0.0,0.0,0.0,0.0,0.0,0.0,0.0,0.0
2,0.9382161053009812,1.1294842151503262,0.0,1.7313690818156606,1.6685767884119762,1.534962596361156,0.0,0.0,0.0,0.0,0.0,0.0,0.0,0.0,0.0,0.0,0.0,0.0,0.0,0.0,0.0,0.0,0.0,0.0
3,1.8330681290161792,2.024053314421401,1.7313690818156606,0.0,-0.6352378906102115,-1.9774532715918138,0.0,0.0,0.0,0.0,0.0,0.0,0.0,0.0,0.0,0.0,0.0,0.0,0.0,0.0,0.0,0.0,0.0,0.0
4,0.0,1.9432764371267481,1.6685767884119762,-0.6352378906102115,0.0,-0.951553210558736,-0.5494417677313898,0.0,0.0,0.0,0.0,0.0,0.0,0.0,0.0,0.0,0.0,0.0,0.0,0.0,0.0,0.0,0.0,0.0
5,0.0,0.0,1.534962596361156,-1.9774532715918138,-0.951553210558736,0.0,-0.7722679592186873,-0.28554973688572843,0.0,0.0,0.0,0.0,0.0,0.0,0.0,0.0,0.0,0.0,0.0,0.0,0.0,0.0,0.0,0.0
6,0.0,0.0,0.0,0.0,-0.5494417677313898,-0.7722679592186873,0.0,-0.01664977159711234,0.0,0.0,0.0,0.0,0.0,0.0,0.0,0.0,0.0,0.0,0.0,0.0,0.0,0.0,0.0,0.0
7,0.0,0.0,0.0,0.0,0.0,-0.28554973688572843,-0.01664977159711234,0.0,0.42100719653996344,0.0,0.0,0.0,0.0,0.0,0.0,0.0,0.0,0.0,0.0,0.0,0.0,0.0,0.0,0.0
8,0.0,0.0,0.0,0.0,0.0,0.0,0.0,0.42100719653996344,0.0,1.5504833354227345,-0.3514593768690541,0.0,0.0,0.0,0.0,0.0,0.0,0.0,0.0,0.0,0.0,0.0,0.0,0.0
9,0.0,0.0,0.0,0.0,0.0,0.0,0.0,0.0,1.5504833354227345,0.0,1.312658989207542,0.5930441274904931,0.7016941006412475,0.0,0.0,0.0,0.0,0.0,0.0,0.0,0.0,0.0,0.0,0.0
10,0.0,0.0,0.0,0.0,0.0,0.0,0.0,0.0,-0.3514593768690541,1.312658989207542,0.0,0.491677067871136,-0.06159875244090205,0.0,0.0,0.0,0.0,0.0,0.0,0.0,0.0,0.0,0.0,0.0
11,0.0,0.0,0.0,0.0,0.0,0.0,0.0,0.0,0.0,0.5930441274904931,0.491677067871136,0.0,-0.5011439096776509,0.0,0.6868395425786266,0.0,0.0,0.0,0.0,0.0,0.0,0.0,0.0,0.0
12,0.0,0.0,0.0,0.0,0.0,0.0,0.0,0.0,0.0,0.7016941006412475,-0.06159875244090205,-0.5011439096776509,0.0,-0.1544576419234636,0.5266109481182188,0.0,0.0,0.0,0.0,0.0,0.0,0.0,0.0,0.0
13,0.0,0.0,0.0,0.0,0.0,0.0,0.0,0.0,0.0,0.0,0.0,0.0,-0.1544576419234636,0.0,0.2372374570029739,-1.145262165768215,-0.17424393502505678,0.0,0.0,0.0,0.0,0.0,0.0,0.0
14,0.0,0.0,0.0,0.0,0.0,0.0,0.0,0.0,0.0,0.0,0.0,0.6868395425786266,0.5266109481182188,0.2372374570029739,0.0,0.2736229155325926,0.46776082395451213,0.0,0.0,0.0,0.0,0.0,0.0,0.0
15,0.0,0.0,0.0,0.0,0.0,0.0,0.0,0.0,0.0,0.0,0.0,0.0,0.0,-1.145262165768215,0.2736229155325926,0.0,0.12062554238349175,0.0,0.0,0.0,0.0,0.0,0.0,0.0
16,0.0,0.0,0.0,0.0,0.0,0.0,0.0,0.0,0.0,0.0,0.0,0.0,0.0,-0.17424393502505678,0.46776082395451213,0.12062554238349175,0.0,0.0,0.0,0.0,0.0,0.0,0.0,0.0
17,0.0,0.0,0.0,0.0,0.0,0.0,0.0,0.0,0.0,0.0,0.0,0.0,0.0,0.0,0.0,0.0,0.0,0.0,-0.5629321957664073,0.0,-0.7704890390545938,-0.9222644148103073,0.0,0.0
18,0.0,0.0,0.0,0.0,0.0,0.0,0.0,0.0,0.0,0.0,0.0,0.0,0.0,0.0,0.0,0.0,0.0,-0.5629321957664073,0.0,0.0,-2.4583885471391067,-1.5071204828369884,0.0,-0.8624480601841301
19,0.0,0.0,0.0,0.0,0.0,0.0,0.0,0.0,0.0,0.0,0.0,0.0,0.0,0.0,0.0,0.0,0.0,0.0,0.0,0.0,-0.7335751767671367,-0.796864021771245,-0.2783902639683281,0.0
20,0.0,0.0,0.0,0.0,0.0,0.0,0.0,0.0,0.0,0.0,0.0,0.0,0.0,0.0,0.0,0.0,0.0,-0.7704890390545938,-2.4583885471391067,-0.7335751767671367,0.0,-1.9455801647128954,0.047042692341901636,-0.7593720972007424
21,0.0,0.0,0.0,0.0,0.0,0.0,0.0,0.0,0.0,0.0,0.0,0.0,0.0,0.0,0.0,0.0,0.0,-0.9222644148103073,-1.5071204828369884,-0.796864021771245,-1.9455801647128954,0.0,0.09782934790250515,-0.6031048517211112
22,0.0,0.0,0.0,0.0,0.0,0.0,0.0,0.0,0.0,0.0,0.0,0.0,0.0,0.0,0.0,0.0,0.0,0.0,0.0,-0.2783902639683281,0.047042692341901636,0.09782934790250515,0.0,0.0
23,0.0,0.0,0.0,0.0,0.0,0.0,0.0,0.0,0.0,0.0,0.0,0.0,0.0,0.0,0.0,0.0,0.0,0.0,-0.8624480601841301,0.0,-0.7593720972007424,-0.6031048517211112,0.0,0.0
