,0,1,2,3,4,5,6,7,8,9,10,11,12,13,14,15,16,17,18,19
0,0.0,0.28203379225692793,-0.4361216764613615,2.1210507653265234,0.0,0.0,0.0,0.0,0.0,0.0,0.0,0.0,0.0,0.0,0.0,0.0,0.0,0.0,0.0,0.0
1,0.28203379225692793,0.0,-0.1495779118103284,2.1119805303407433,0.0,0.0,0.0,0.0,0.0,0.0,0.0,0.0,0.0,0.0,0.0,0.0,0.0,0.0,0.0,0.0
2,-0.4361216764613615,-0.1495779118103284,0.0,2.1394038990089275,1.9756779996039762,0.0,0.6908285362500578,0.0,0.0,0.0,0.0,0.0,0.0,0.0,0.0,0.0,0.0,0.0,0.0,0.0
3,2.1210507653265234,2.1119805303407433,2.1394038990089275,0.0,-0.8684141744551728,1.6678818771931296,1.813045721102842,0.0,0.0,0.0,0.0,0.0,0.0,0.0,0.0,0.0,0.0,0.0,0.0,0.0
4,0.0,0.0,1.9756779996039762,-0.8684141744551728,0.0,1.7034171428485523,1.853898330664475,0.0,0.0,0.0,0.0,0.0,0.0,0.0,0.0,0.0,0.0,0.0,0.0,0.0
5,0.0,0.0,0.0,1.6678818771931296,1.7034171428485523,0.0,0.5761756582691425,0.2924302744897552,1.2355630059413776,0.0,0.0,0.0,0.0,0.0,0.0,0.0,0.0,0.0,0.0,0.0
6,0.0,0.0,0.6908285362500578,1.813045721102842,1.853898330664475,0.5761756582691425,0.0,0.30393254721418156,1.4239695532089052,0.0,0.0,0.0,0.0,0.0,0.0,0.0,0.0,0.0,0.0,0.0
7,0.0,0.0,0.0,0.0,0.0,0.2924302744897552,0.30393254721418156,0.0,1.524065391989639,0.0,0.0,0.0,0.0,0.0,0.0,0.0,0.0,0.0,0.0,0.0
8,0.0,0.0,0.0,0.0,0.0,1.2355630059413776,1.4239695532089052,1.524065391989639,0.0,0.0,0.0,0.0,0.0,0.0,0.0,0.0,0.0,0.0,0.0,0.0
9,0.0,0.0,0.0,0.0,0.0,0.0,0.0,0.0,0.0,0.0,-2.363482692310147,-1.2871864346411197,-1.739386595203015,0.0,0.0,0.0,0.0,0.0,0.0,0.0
10,0.0,0.0,0.0,0.0,0.0,0.0,0.0,0.0,0.0,-2.363482692310147,0.0,-1.5055801113248761,-2.0890725968052735,0.0,0.0,0.0,0.0,0.0,0.0,0.0
11,0.0,0.0,0.0,0.0,0.0,0.0,0.0,0.0,0.0,-1.2871864346411197,-1.5055801113248761,0.0,-2.448514872899641,-0.3899058935843136,-0.7010014877923377,0.0,0.0,0.0,0.0,0.0
12,0.0,0.0,0.0,0.0,0.0,0.0,0.0,0.0,0.0,-1.739386595203015,-2.0890725968052735,-2.448514872899641,0.0,-0.4672182399632367,-0.73810627824839,0.0,0.0,0.0,0.0,0.0
13,0.0,0.0,0.0,0.0,0.0,0.0,0.0,0.0,0.0,0.0,0.0,-0.3899058935843136,-0.4672182399632367,0.0,-1.6518893624500055,0.0,0.0,0.0,0.0,0.0
14,0.0,0.0,0.0,0.0,0.0,0.0,0.0,0.0,0.0,0.0,0.0,-0.7010014877923377,-0.73810627824839,-1.6518893624500055,0.0,-1.6274703552246164,-2.457784433263317,0.0,0.0,0.0
15,0.0,0.0,0.0,0.0,0.0,0.0,0.0,0.0,0.0,0.0,0.0,0.0,0.0,0.0,-1.6274703552246164,0.0,-1.7475769218778494,-2.028175061547576,0.0,0.0
16,0.0,0.0,0.0,0.0,0.0,0.0,0.0,0.0,0.0,0.0,0.0,0.0,0.0,0.0,-2.457784433263317,-1.7475769218778494,0.0,-1.592044163517418,-2.217720721244861,-1.3314097268805338
17,0.0,0.0,0.0,0.0,0.0,0.0,0.0,0.0,0.0,0.0,0.0,0.0,0.0,0.0,0.0,-2.028175061547576,-1.592044163517418,0.0,-1.716774378938841,-1.23603949248611
18,0.0,0.0,0.0,0.0,0.0,0.0,0.0,0.0,0.0,0.0,0.0,0.0,0.0,0.0,0.0,0.0,-2.217720721244861,-1.716774378938841,0.0,-1.2050725254612322
19,0.0,0.0,0.0,0.0,0.0,0.0,0.0,0.0,0.0,0.0,0.0,0.0,0.0,0.0,0.0,0.0,-1.3314097268805338,-1.23603949248611,-1.2050725254612322,0.0
