,0,1,2,3,4,5,6,7,8,9,10,11,12,13,14,15
0,0.0,0.33100589316239115,-0.4223406803344474,0.3605983537667212,0.0,0.0,0.0,0.0,0.0,0.0,0.0,0.0,0.0,0.0,0.0,0.0
1,0.33100589316239115,0.0,-1.252966498918918,0.5850524949725014,0.0,0.0,0.0,0.0,0.0,0.0,0.0,0.0,0.0,0.0,0.0,0.0
2,-0.4223406803344474,-1.252966498918918,0.0,0.6957352939271455,2.7902973092636025,-1.8796763973217456,0.0,0.0,0.0,0.0,0.0,0.0,0.0,0.0,0.0,0.0
3,0.3605983537667212,0.5850524949725014,0.6957352939271455,0.0,2.7142342625270683,-0.7704801951474738,0.0,0.0,0.0,0.0,0.0,0.0,0.0,0.0,0.0,0.0
4,0.0,0.0,2.7902973092636025,2.7142342625270683,0.0,1.9145048880312918,0.20650072081898307,1.3988166769907278,0.0,0.0,0.0,0.0,0.0,0.0,0.0,0.0
5,0.0,0.0,-1.8796763973217456,-0.7704801951474738,1.9145048880312918,0.0,1.5233080289144647,-0.45411110524645626,-0.8233336688517202,0.0,0.0,0.0,0.0,0.0,0.0,0.0
6,0.0,0.0,0.0,0.0,0.20650072081898307,1.5233080289144647,0.0,1.156347982776948,1.136026556391269,0.0,0.658251438993099,0.0,0.0,0.0,0.0,0.0
7,0.0,0.0,0.0,0.0,1.3988166769907278,-0.45411110524645626,1.156347982776948,0.0,-0.9042338413638995,0.0,-1.1470811538649524,0.0,0.0,0.0,0.0,0.0
8,0.0,0.0,0.0,0.0,0.0,-0.8233336688517202,1.136026556391269,-0.9042338413638995,0.0,0.0,-1.4883220864117213,0.0,0.0,0.0,0.0,0.0
9,0.0,0.0,0.0,0.0,0.0,0.0,0.0,0.0,0.0,0.0,0.905642904953264,0.3762758111568745,-0.4028678517125568,0.4628711480609073,0.0,0.0
10,0.0,0.0,0.0,0.0,0.0,0.0,0.658251438993099,-1.1470811538649524,-1.4883220864117213,0.905642904953264,0.0,-0.039102566552606195,0.0,-1.1897554897161458,0.0,0.0
11,0.0,0.0,0.0,0.0,0.0,0.0,0.0,0.0,0.0,0.3762758111568745,-0.039102566552606195,0.0,-0.2830863737349393,-0.7894171945994564,0.0,0.0
12,0.0,0.0,0.0,0.0,0.0,0.0,0.0,0.0,0.0,-0.4028678517125568,0.0,-0.2830863737349393,0.0,0.06317394640167288,-2.7700040182451464,-1.1768227455413611
13,0.0,0.0,0.0,0.0,0.0,0.0,0.0,0.0,0.0,0.4628711480609073,-1.1897554897161458,-0.7894171945994564,0.06317394640167288,0.0,-0.8013021201877545,-1.2963463119237466
14,0.0,0.0,0.0,0.0,0.0,0.0,0.0,0.0,0.0,0.0,0.0,0.0,-2.7700040182451464,-0.8013021201877545,0.0,-1.0586588822132508
15,0.0,0.0,0.0,0.0,0.0,0.0,0.0,0.0,0.0,0.0,0.0,0.0,-1.1768227455413611,-1.2963463119237466,-1.0586588822132508,0.0
