,0,1,2,3,4,5,6,7,8,9,10,11,12,13,14,15,16,17,18,19,20,21,22,23
0,0.0,0.48072418728297145,2.420711466991716,2.5855085514982075,0.0,0.0,0.0,0.0,0.0,0.0,0.0,0.0,0.0,0.0,0.0,0.0,0.0,0.0,0.0,0.0,0.0,0.0,0.0,0.0
1,0.48072418728297145,0.0,2.378843762980796,2.5560520777755262,0.0,0.0,0.0,0.0,0.0,0.0,0.0,0.0,0.0,0.0,0.0,0.0,0.0,0.0,0.0,0.0,0.0,0.0,0.0,0.0
2,2.420711466991716,2.378843762980796,0.0,1.9749611479160898,2.381731429064662,1.1472803229204402,0.0,0.0,0.0,0.0,0.0,0.0,0.0,0.0,0.0,0.0,0.0,0.0,0.0,0.0,0.0,0.0,0.0,0.0
3,2.5855085514982075,2.5560520777755262,1.9749611479160898,0.0,2.4787334076960827,0.5672060926444449,0.0,0.0,0.0,0.0,0.0,0.0,0.0,0.0,0.0,0.0,0.0,0.0,0.0,0.0,0.0,0.0,0.0,0.0
4,0.0,0.0,2.381731429064662,2.4787334076960827,0.0,2.2931408976267367,0.9943813696871898,1.0072985805929253,0.0,0.0,0.0,0.0,0.0,0.0,0.0,0.0,0.0,0.0,0.0,0.0,0.0,0.0,0.0,0.0
5,0.0,0.0,1.1472803229204402,0.5672060926444449,2.2931408976267367,0.0,2.068723754707321,1.8915659057417349,0.5324426067533947,0.0,0.0,0.0,0.0,0.0,0.0,0.0,0.0,0.0,0.0,0.0,0.0,0.0,0.0,0.0
6,0.0,0.0,0.0,0.0,0.9943813696871898,2.068723754707321,0.0,-0.7197210436588607,1.7523771807862505,0.0,0.0,0.0,0.0,0.0,0.0,0.0,0.0,0.0,0.0,0.0,0.0,0.0,0.0,0.0
7,0.0,0.0,0.0,0.0,1.0072985805929253,1.8915659057417349,-0.7197210436588607,0.0,1.676780823536745,0.0,0.0,0.0,0.0,0.0,0.0,0.0,0.0,0.0,0.0,0.0,0.0,0.0,0.0,0.0
8,0.0,0.0,0.0,0.0,0.0,0.5324426067533947,1.7523771807862505,1.676780823536745,0.0,0.0,0.0,0.0,0.0,0.0,0.0,0.0,0.0,0.0,0.0,0.0,0.0,0.0,0.0,0.0
9,0.0,0.0,0.0,0.0,0.0,0.0,0.0,0.0,0.0,0.0,-0.9590441346242224,0.6254250120263023,1.1377319850024445,0.0,0.0,0.0,0.0,0.0,0.0,0.0,0.0,0.0,0.0,0.0
10,0.0,0.0,0.0,0.0,0.0,0.0,0.0,0.0,0.0,-0.9590441346242224,0.0,0.8096208413499358,1.2513849976828422,0.485714834959693,0.0,0.0,0.0,0.0,0.0,0.0,0.0,0.0,0.0,0.0
11,0.0,0.0,0.0,0.0,0.0,0.0,0.0,0.0,0.0,0.6254250120263023,0.8096208413499358,0.0,0.25099575041063127,0.8686984143273266,-0.5106291359109629,0.0,0.0,0.0,0.0,0.0,0.0,0.0,0.0,0.0
12,0.0,0.0,0.0,0.0,0.0,0.0,0.0,0.0,0.0,1.1377319850024445,1.2513849976828422,0.25099575041063127,0.0,1.1770771889170994,0.0,0.0,0.0,0.0,0.0,0.0,0.0,0.0,0.0,0.0
13,0.0,0.0,0.0,0.0,0.0,0.0,0.0,0.0,0.0,0.0,0.485714834959693,0.8686984143273266,1.1770771889170994,0.0,0.256902979522615,0.0,0.0,0.0,0.0,0.0,0.0,0.0,0.0,0.0
14,0.0,0.0,0.0,0.0,0.0,0.0,0.0,0.0,0.0,0.0,0.0,-0.5106291359109629,0.0,0.256902979522615,0.0,-0.43599742457019247,0.0,0.0,0.0,0.0,0.0,0.0,0.0,0.0
15,0.0,0.0,0.0,0.0,0.0,0.0,0.0,0.0,0.0,0.0,0.0,0.0,0.0,0.0,-0.43599742457019247,0.0,-0.8109119017593772,-0.4143118920940755,0.0,0.0,0.0,0.0,0.0,0.0
16,0.0,0.0,0.0,0.0,0.0,0.0,0.0,0.0,0.0,0.0,0.0,0.0,0.0,0.0,0.0,-0.8109119017593772,0.0,-0.30286073922811185,0.0,0.0,-1.6077307656125934,0.0,0.0,0.0
17,0.0,0.0,0.0,0.0,0.0,0.0,0.0,0.0,0.0,0.0,0.0,0.0,0.0,0.0,0.0,-0.4143118920940755,-0.30286073922811185,0.0,-0.42422691139132723,0.0,0.0,0.0,0.0,0.0
18,0.0,0.0,0.0,0.0,0.0,0.0,0.0,0.0,0.0,0.0,0.0,0.0,0.0,0.0,0.0,0.0,0.0,-0.42422691139132723,0.0,-0.24401857019933604,-0.13862660613665292,0.0,-0.8401305436299272,0.0
19,0.0,0.0,0.0,0.0,0.0,0.0,0.0,0.0,0.0,0.0,0.0,0.0,0.0,0.0,0.0,0.0,0.0,0.0,-0.24401857019933604,0.0,-0.43993844968189005,-0.7980591464937563,-1.44292338886024,0.0
20,0.0,0.0,0.0,0.0,0.0,0.0,0.0,0.0,0.0,0.0,0.0,0.0,0.0,0.0,0.0,0.0,-1.6077307656125934,0.0,-0.13862660613665292,-0.43993844968189005,0.0,-2.0198339959652567,-0.5788967778762161,-2.086983897000959
21,0.0,0.0,0.0,0.0,0.0,0.0,0.0,0.0,0.0,0.0,0.0,0.0,0.0,0.0,0.0,0.0,0.0,0.0,0.0,-0.7980591464937563,-2.0198339959652567,0.0,-0.8247758111020155,-2.578647282549442
22,0.0,0.0,0.0,0.0,0.0,0.0,0.0,0.0,0.0,0.0,0.0,0.0,0.0,0.0,0.0,0.0,0.0,0.0,-0.8401305436299272,-1.44292338886024,-0.5788967778762161,-0.8247758111020155,0.0,-0.969744868252505
23,0.0,0.0,0.0,0.0,0.0,0.0,0.0,0.0,0.0,0.0,0.0,0.0,0.0,0.0,0.0,0.0,0.0,0.0,0.0,0.0,-2.086983897000959,-2.578647282549442,-0.969744868252505,0.0
