,0,1,2,3,4,5,6,7,8,9,10,11,12,13,14,15,16,17,18,19,20,21,22
0,0.0,-0.3416117874411589,-0.5285366899383636,-1.2010546378722158,0.0,0.0,0.0,0.0,0.0,0.0,0.0,0.0,0.0,0.0,0.0,0.0,0.0,0.0,0.0,0.0,0.0,0.0,0.0
1,-0.3416117874411589,0.0,-2.0963411698979533,-0.6950069073914167,-0.10986294974916684,0.0,0.0,0.0,0.0,0.0,0.0,0.0,0.0,0.0,0.0,0.0,0.0,0.0,0.0,0.0,0.0,0.0,0.0
2,-0.5285366899383636,-2.0963411698979533,0.0,-0.6205465607655237,-0.14535676188726337,0.0,0.0,0.0,0.0,0.0,0.0,0.0,0.0,0.0,0.0,0.0,0.0,0.0,0.0,0.0,0.0,0.0,0.0
3,-1.2010546378722158,-0.6950069073914167,-0.6205465607655237,0.0,0.01494966438899444,-0.5629641970930326,-3.0320503938716143,0.0,0.0,0.0,0.0,0.0,0.0,0.0,0.0,0.0,0.0,0.0,0.0,0.0,0.0,0.0,0.0
4,0.0,-0.10986294974916684,-0.14535676188726337,0.01494966438899444,0.0,0.22701187150761037,-0.7055325014583305,0.0,0.0,0.0,0.0,0.0,0.0,0.0,0.0,0.0,0.0,0.0,0.0,0.0,0.0,0.0,0.0
5,0.0,0.0,0.0,-0.5629641970930326,0.22701187150761037,0.0,-0.8491755115486356,-0.326626865865049,0.0,0.0,0.0,0.0,0.0,0.0,0.0,0.0,0.0,0.0,0.0,0.0,0.0,0.0,0.0
6,0.0,0.0,0.0,-3.0320503938716143,-0.7055325014583305,-0.8491755115486356,0.0,-0.8729969535376443,0.8664763660213995,1.0962204947277499,0.0,0.0,0.0,0.0,0.0,0.0,0.0,0.0,0.0,0.0,0.0,0.0,0.0
7,0.0,0.0,0.0,0.0,0.0,-0.326626865865049,-0.8729969535376443,0.0,0.7029292495813194,0.9726562314387668,-0.5385073521520036,0.0,0.0,0.0,0.0,0.0,0.0,0.0,0.0,0.0,-0.04997371027036036,0.0,0.0
8,0.0,0.0,0.0,0.0,0.0,0.0,0.8664763660213995,0.7029292495813194,0.0,0.17670178378772522,0.7231049245864706,0.0,0.0,0.0,0.0,0.0,0.0,0.0,0.0,0.0,0.0,0.0,0.0
9,0.0,0.0,0.0,0.0,0.0,0.0,1.0962204947277499,0.9726562314387668,0.17670178378772522,0.0,1.056825776041229,0.0,0.0,0.0,0.0,0.0,0.0,0.0,0.0,0.0,0.0,0.0,0.0
10,0.0,0.0,0.0,0.0,0.0,0.0,0.0,-0.5385073521520036,0.7231049245864706,1.056825776041229,0.0,0.7141849029065966,0.0,0.0,0.0,0.0,0.0,0.0,0.0,0.0,0.0,0.0,0.0
11,0.0,0.0,0.0,0.0,0.0,0.0,0.0,0.0,0.0,0.0,0.7141849029065966,0.0,0.0,-1.0364694078525636,0.15867901656210368,0.0,0.0,0.0,0.0,0.0,0.0,0.0,0.0
12,0.0,0.0,0.0,0.0,0.0,0.0,0.0,0.0,0.0,0.0,0.0,0.0,0.0,0.5141229502735019,-1.1383323411404143,0.0,0.0,-0.46881796013576055,0.0,0.0,0.0,0.0,0.0
13,0.0,0.0,0.0,0.0,0.0,0.0,0.0,0.0,0.0,0.0,0.0,-1.0364694078525636,0.5141229502735019,0.0,0.04361871284629203,-1.0574727522540432,0.0,0.0,0.0,0.0,0.0,0.0,0.0
14,0.0,0.0,0.0,0.0,0.0,0.0,0.0,0.0,0.0,0.0,0.0,0.15867901656210368,-1.1383323411404143,0.04361871284629203,0.0,-0.36347305409320246,-0.035685529571952264,-0.8403121492241318,0.0,0.0,0.0,0.0,0.0
15,0.0,0.0,0.0,0.0,0.0,0.0,0.0,0.0,0.0,0.0,0.0,0.0,0.0,-1.0574727522540432,-0.36347305409320246,0.0,-1.0844714647691216,-1.0962941426128594,0.0,-1.166073388326781,0.0,0.0,0.0
16,0.0,0.0,0.0,0.0,0.0,0.0,0.0,0.0,0.0,0.0,0.0,0.0,0.0,0.0,-0.035685529571952264,-1.0844714647691216,0.0,-0.551159095816188,-0.3584760403857801,-2.0960819462916045,0.0,0.0,0.0
17,0.0,0.0,0.0,0.0,0.0,0.0,0.0,0.0,0.0,0.0,0.0,0.0,-0.46881796013576055,0.0,-0.8403121492241318,-1.0962941426128594,-0.551159095816188,0.0,0.13325916590014678,-0.5884543204262647,0.0,-0.4583454221555384,0.0
18,0.0,0.0,0.0,0.0,0.0,0.0,0.0,0.0,0.0,0.0,0.0,0.0,0.0,0.0,0.0,0.0,-0.3584760403857801,0.13325916590014678,0.0,-0.4268544916114569,-0.7724158885423309,0.0,-0.2524802678138284
19,0.0,0.0,0.0,0.0,0.0,0.0,0.0,0.0,0.0,0.0,0.0,0.0,0.0,0.0,0.0,-1.166073388326781,-2.0960819462916045,-0.5884543204262647,-0.4268544916114569,0.0,-0.7300977205949445,-0.02650046232720317,-0.6886781179376621
20,0.0,0.0,0.0,0.0,0.0,0.0,0.0,-0.04997371027036036,0.0,0.0,0.0,0.0,0.0,0.0,0.0,0.0,0.0,0.0,-0.7724158885423309,-0.7300977205949445,0.0,0.0,0.0
21,0.0,0.0,0.0,0.0,0.0,0.0,0.0,0.0,0.0,0.0,0.0,0.0,0.0,0.0,0.0,0.0,0.0,-0.4583454221555384,0.0,-0.02650046232720317,0.0,0.0,-1.3532449896741958
22,0.0,0.0,0.0,0.0,0.0,0.0,0.0,0.0,0.0,0.0,0.0,0.0,0.0,0.0,0.0,0.0,0.0,0.0,-0.2524802678138284,-0.6886781179376621,0.0,-1.3532449896741958,0.0
