,0,1,2,3,4,5,6,7,8,9,10,11,12,13,14,15,16,17,18
0,0.0,3.661322626470426,2.549066690347379,2.4429828430280915,0.0,0.0,0.0,0.0,0.0,0.0,0.0,0.0,0.0,0.0,0.0,0.0,0.0,0.0,0.0
1,3.661322626470426,0.0,0.0906073679914908,-0.13926620027077571,0.0,0.0,0.0,0.0,0.0,0.0,0.0,0.0,0.0,0.0,0.0,0.0,0.0,0.0,0.0
2,2.549066690347379,0.0906073679914908,0.0,0.3589743968522922,-0.4225172616712352,2.3748460130081557,0.0,0.0,0.0,0.0,0.0,0.0,0.0,0.0,0.0,0.0,0.0,0.0,0.0
3,2.4429828430280915,-0.13926620027077571,0.3589743968522922,0.0,-0.34060618318944563,2.2683008223211387,0.0,0.0,0.0,0.0,0.0,0.0,0.0,0.0,0.0,0.0,0.0,0.0,0.0
4,0.0,0.0,-0.4225172616712352,-0.34060618318944563,0.0,2.3231549849187325,0.0,0.0,0.0,0.0,0.0,0.0,0.0,0.0,0.0,0.0,0.0,0.0,0.0
5,0.0,0.0,2.3748460130081557,2.2683008223211387,2.3231549849187325,0.0,0.0,0.0,0.0,0.0,0.0,0.0,0.0,0.0,0.0,0.0,0.0,0.0,0.0
6,0.0,0.0,0.0,0.0,0.0,0.0,0.0,0.8984002503682,-0.9560515626846333,-0.11064221097493115,0.0,0.0,0.0,0.0,0.0,0.0,0.0,0.0,0.0
7,0.0,0.0,0.0,0.0,0.0,0.0,0.8984002503682,0.0,1.0121711223945444,0.8785930411690798,0.1013357308188814,0.0,0.0,0.0,0.0,0.0,0.0,0.0,0.0
8,0.0,0.0,0.0,0.0,0.0,0.0,-0.9560515626846333,1.0121711223945444,0.0,-0.25686273020213707,0.0,0.0,0.0,0.0,0.0,0.0,0.0,0.0,0.0
9,0.0,0.0,0.0,0.0,0.0,0.0,-0.11064221097493115,0.8785930411690798,-0.25686273020213707,0.0,-0.7141118220741742,0.13580591242562157,0.0,0.0,0.0,0.0,0.0,0.0,0.0
10,0.0,0.0,0.0,0.0,0.0,0.0,0.0,0.1013357308188814,0.0,-0.7141118220741742,0.0,0.04646784383756497,0.23197321099912754,-1.3106594846210662,0.0,0.0,0.0,0.0,0.0
11,0.0,0.0,0.0,0.0,0.0,0.0,0.0,0.0,0.0,0.13580591242562157,0.04646784383756497,0.0,0.5370560885429602,-0.6191454992110544,0.0,-0.27425092545153523,0.0,0.0,0.0
12,0.0,0.0,0.0,0.0,0.0,0.0,0.0,0.0,0.0,0.0,0.23197321099912754,0.5370560885429602,0.0,0.18214776993141862,0.5487339278826162,-0.32664184446855177,0.0,0.0,0.0
13,0.0,0.0,0.0,0.0,0.0,0.0,0.0,0.0,0.0,0.0,-1.3106594846210662,-0.6191454992110544,0.18214776993141862,0.0,0.0,-1.1068992701808122,-1.260611895269888,0.0,0.0
14,0.0,0.0,0.0,0.0,0.0,0.0,0.0,0.0,0.0,0.0,0.0,0.0,0.5487339278826162,0.0,0.0,0.819664346426514,0.6457968720848828,-0.3593737834132165,-1.9164266001221903
15,0.0,0.0,0.0,0.0,0.0,0.0,0.0,0.0,0.0,0.0,0.0,-0.27425092545153523,-0.32664184446855177,-1.1068992701808122,0.819664346426514,0.0,-1.8544858807604294,0.0,0.0
16,0.0,0.0,0.0,0.0,0.0,0.0,0.0,0.0,0.0,0.0,0.0,0.0,0.0,-1.260611895269888,0.6457968720848828,-1.8544858807604294,0.0,-0.6540677933755683,0.13488937277246363
17,0.0,0.0,0.0,0.0,0.0,0.0,0.0,0.0,0.0,0.0,0.0,0.0,0.0,0.0,-0.3593737834132165,0.0,-0.6540677933755683,0.0,-0.46135760653291286
18,0.0,0.0,0.0,0.0,0.0,0.0,0.0,0.0,0.0,0.0,0.0,0.0,0.0,0.0,-1.9164266001221903,0.0,0.13488937277246363,-0.46135760653291286,0.0
