,0,1,2,3,4,5,6,7,8,9,10,11,12,13,14,15,16,17,18,19,20,21,22
0,0.0,3.279216128164577,3.322016436739826,2.7059883026071847,0.0,0.0,0.0,0.0,0.0,0.0,0.0,0.0,0.0,0.0,0.0,0.0,0.0,0.0,0.0,0.0,0.0,0.0,0.0
1,3.279216128164577,0.0,1.889639073562651,1.3260804817461904,0.0,0.0,0.0,0.0,0.0,0.0,0.0,0.0,0.0,0.0,0.0,0.0,0.0,0.0,0.0,0.0,0.0,0.0,0.0
2,3.322016436739826,1.889639073562651,0.0,-0.8901083085807362,0.0,0.0,0.0,0.0,0.0,0.0,0.0,0.0,0.0,0.0,0.0,0.0,0.0,0.0,0.0,0.0,0.0,0.0,0.0
3,2.7059883026071847,1.3260804817461904,-0.8901083085807362,0.0,-0.22816039134855062,-2.3724108747230077,-0.16976569504735822,0.0,0.0,0.0,0.0,0.0,0.0,0.0,0.0,0.0,0.0,0.0,0.0,0.0,0.0,0.0,0.0
4,0.0,0.0,0.0,-0.22816039134855062,0.0,-0.3142174672793604,-0.5949187819913129,0.0,0.0,0.0,0.0,0.0,0.0,0.0,0.0,0.0,0.0,0.0,0.0,0.0,0.0,0.0,0.0
5,0.0,0.0,0.0,-2.3724108747230077,-0.3142174672793604,0.0,-0.08591057781241301,0.0,0.0,0.0,0.0,0.0,0.0,0.0,0.0,0.0,0.0,0.0,0.0,0.0,0.0,0.0,0.0
6,0.0,0.0,0.0,-0.16976569504735822,-0.5949187819913129,-0.08591057781241301,0.0,-0.07215102293039363,0.0,0.0,0.0,0.0,0.0,0.0,0.0,0.0,0.0,0.0,0.0,0.0,0.0,0.0,0.0
7,0.0,0.0,0.0,0.0,0.0,0.0,-0.07215102293039363,0.0,1.28180397655184,-0.8734348390699439,1.2155168095217976,0.0,0.0,0.0,0.0,0.0,0.0,0.0,0.0,0.0,0.0,0.0,0.0
8,0.0,0.0,0.0,0.0,0.0,0.0,0.0,1.28180397655184,0.0,1.2772697355785994,-0.19377331327130357,0.9649861963100743,0.0,0.0,0.0,0.0,0.0,0.0,0.0,0.0,0.0,0.0,0.0
9,0.0,0.0,0.0,0.0,0.0,0.0,0.0,-0.8734348390699439,1.2772697355785994,0.0,1.254354413282214,-1.6668242524831953,0.0,0.0,0.0,0.0,0.0,0.0,0.0,0.0,0.0,0.0,0.0
10,0.0,0.0,0.0,0.0,0.0,0.0,0.0,1.2155168095217976,-0.19377331327130357,1.254354413282214,0.0,0.9794197740212263,0.7830921172670307,0.0,0.0,0.0,0.0,0.0,0.0,0.0,0.0,0.0,0.0
11,0.0,0.0,0.0,0.0,0.0,0.0,0.0,0.0,0.9649861963100743,-1.6668242524831953,0.9794197740212263,0.0,-0.8537361173956449,0.024235956511178772,-1.1153828966683388,0.0,0.0,0.0,0.0,0.0,0.0,0.0,0.0
12,0.0,0.0,0.0,0.0,0.0,0.0,0.0,0.0,0.0,0.0,0.7830921172670307,-0.8537361173956449,0.0,-0.3749324053661923,-1.844244428295254,0.0,0.0,0.0,0.0,0.0,0.0,0.0,0.0
13,0.0,0.0,0.0,0.0,0.0,0.0,0.0,0.0,0.0,0.0,0.0,0.024235956511178772,-0.3749324053661923,0.0,-0.86794351418431,0.0,0.0,0.0,0.0,0.0,0.0,0.0,0.0
14,0.0,0.0,0.0,0.0,0.0,0.0,0.0,0.0,0.0,0.0,0.0,-1.1153828966683388,-1.844244428295254,-0.86794351418431,0.0,0.08634185170889584,-1.0791149665740227,0.0,0.0,0.0,0.0,0.0,0.0
15,0.0,0.0,0.0,0.0,0.0,0.0,0.0,0.0,0.0,0.0,0.0,0.0,0.0,0.0,0.08634185170889584,0.0,0.18297490983924414,-1.353747781958226,-1.8106101223044717,0.0,0.0,0.0,0.0
16,0.0,0.0,0.0,0.0,0.0,0.0,0.0,0.0,0.0,0.0,0.0,0.0,0.0,0.0,-1.0791149665740227,0.18297490983924414,0.0,-0.03391697285705954,-0.07649408606016803,0.0,0.0,0.0,0.0
17,0.0,0.0,0.0,0.0,0.0,0.0,0.0,0.0,0.0,0.0,0.0,0.0,0.0,0.0,0.0,-1.353747781958226,-0.03391697285705954,0.0,-2.2629521262455725,0.0,-0.570636262123269,0.0,0.0
18,0.0,0.0,0.0,0.0,0.0,0.0,0.0,0.0,0.0,0.0,0.0,0.0,0.0,0.0,0.0,-1.8106101223044717,-0.07649408606016803,-2.2629521262455725,0.0,-0.3638574714852335,-0.45312162729496064,-1.789330548252819,-1.484875773546355
19,0.0,0.0,0.0,0.0,0.0,0.0,0.0,0.0,0.0,0.0,0.0,0.0,0.0,0.0,0.0,0.0,0.0,0.0,-0.3638574714852335,0.0,-0.483689746374879,-0.7927860079576009,0.0
20,0.0,0.0,0.0,0.0,0.0,0.0,0.0,0.0,0.0,0.0,0.0,0.0,0.0,0.0,0.0,0.0,0.0,-0.570636262123269,-0.45312162729496064,-0.483689746374879,0.0,-0.941781805390791,-0.31193178681934536
21,0.0,0.0,0.0,0.0,0.0,0.0,0.0,0.0,0.0,0.0,0.0,0.0,0.0,0.0,0.0,0.0,0.0,0.0,-1.789330548252819,-0.7927860079576009,-0.941781805390791,0.0,-1.028955851092374
22,0.0,0.0,0.0,0.0,0.0,0.0,0.0,0.0,0.0,0.0,0.0,0.0,0.0,0.0,0.0,0.0,0.0,0.0,-1.484875773546355,0.0,-0.31193178681934536,-1.028955851092374,0.0
