,0,1,2,3,4,5,6,7,8,9,10,11,12,13,14,15,16,17,18,19
0,0.0,-1.0816380273156594,-0.5077321575363315,2.560594612454568,0.0,0.0,0.0,0.0,0.0,0.0,0.0,0.0,0.0,0.0,0.0,0.0,0.0,0.0,0.0,0.0
1,-1.0816380273156594,0.0,-1.2329715414300193,2.5728242191098065,1.3088594710950723,0.0,0.0,0.0,0.0,0.0,0.0,0.0,0.0,0.0,0.0,0.0,0.0,0.0,0.0,0.0
2,-0.5077321575363315,-1.2329715414300193,0.0,2.583797778537948,1.3137625023125967,0.0,0.0,0.0,0.0,0.0,0.0,0.0,0.0,0.0,0.0,0.0,0.0,0.0,0.0,0.0
3,2.560594612454568,2.5728242191098065,2.583797778537948,0.0,2.1975477250079694,1.6558492958785793,1.4838797455581332,0.0,0.0,0.0,0.0,0.0,0.0,0.0,0.0,0.0,0.0,0.0,0.0,0.0
4,0.0,1.3088594710950723,1.3137625023125967,2.1975477250079694,0.0,0.550486770668042,0.4614268566276023,0.0,0.0,0.0,0.0,0.0,0.0,0.0,0.0,0.0,0.0,0.0,0.0,0.0
5,0.0,0.0,0.0,1.6558492958785793,0.550486770668042,0.0,-1.6324038764120201,1.708421457347801,-0.6160990171440264,0.0,0.0,0.0,0.0,0.0,0.0,0.0,0.0,0.0,0.0,0.0
6,0.0,0.0,0.0,1.4838797455581332,0.4614268566276023,-1.6324038764120201,0.0,1.7325633679805197,-0.5711697634612393,0.0,0.0,0.0,0.0,0.0,0.0,0.0,0.0,0.0,0.0,0.0
7,0.0,0.0,0.0,0.0,0.0,1.708421457347801,1.7325633679805197,0.0,1.5309227071421003,0.364285171435115,0.0,0.0,0.0,0.0,0.0,0.0,0.0,0.0,0.0,0.0
8,0.0,0.0,0.0,0.0,0.0,-0.6160990171440264,-0.5711697634612393,1.5309227071421003,0.0,0.0,0.0,0.0,0.0,0.0,0.0,0.0,0.0,0.0,0.0,0.0
9,0.0,0.0,0.0,0.0,0.0,0.0,0.0,0.364285171435115,0.0,0.0,-0.6268257976644737,0.0,-0.2994355657909346,0.528872129638793,0.0,0.0,0.0,0.0,0.0,0.0
10,0.0,0.0,0.0,0.0,0.0,0.0,0.0,0.0,0.0,-0.6268257976644737,0.0,0.0,0.16673814257033182,0.48909187382353464,0.0,0.0,0.0,0.0,0.0,0.0
11,0.0,0.0,0.0,0.0,0.0,0.0,0.0,0.0,0.0,0.0,0.0,0.0,-1.5097819712714833,0.0,-0.7907825183126094,0.0,-0.12261774279008959,0.0,0.0,0.0
12,0.0,0.0,0.0,0.0,0.0,0.0,0.0,0.0,0.0,-0.2994355657909346,0.16673814257033182,-1.5097819712714833,0.0,0.8122852324002503,-1.1919299156385312,0.0,-0.26192383136446684,0.0,0.0,0.0
13,0.0,0.0,0.0,0.0,0.0,0.0,0.0,0.0,0.0,0.528872129638793,0.48909187382353464,0.0,0.8122852324002503,0.0,0.0,0.0,0.0,0.0,0.0,0.0
14,0.0,0.0,0.0,0.0,0.0,0.0,0.0,0.0,0.0,0.0,0.0,-0.7907825183126094,-1.1919299156385312,0.0,0.0,-1.2289407871396947,-0.6116112579154056,0.0,0.0,0.0
15,0.0,0.0,0.0,0.0,0.0,0.0,0.0,0.0,0.0,0.0,0.0,0.0,0.0,0.0,-1.2289407871396947,0.0,-0.20049280392525443,-3.356676447513658,-0.397038723096693,-0.44997991345619776
16,0.0,0.0,0.0,0.0,0.0,0.0,0.0,0.0,0.0,0.0,0.0,-0.12261774279008959,-0.26192383136446684,0.0,-0.6116112579154056,-0.20049280392525443,0.0,-0.5006382098317088,-0.3674220964125412,-0.6088205360293409
17,0.0,0.0,0.0,0.0,0.0,0.0,0.0,0.0,0.0,0.0,0.0,0.0,0.0,0.0,0.0,-3.356676447513658,-0.5006382098317088,0.0,-0.4293500818355358,-0.43458466532433493
18,0.0,0.0,0.0,0.0,0.0,0.0,0.0,0.0,0.0,0.0,0.0,0.0,0.0,0.0,0.0,-0.397038723096693,-0.3674220964125412,-0.4293500818355358,0.0,0.0
19,0.0,0.0,0.0,0.0,0.0,0.0,0.0,0.0,0.0,0.0,0.0,0.0,0.0,0.0,0.0,-0.44997991345619776,-0.6088205360293409,-0.43458466532433493,0.0,0.0
