,0,1,2,3,4,5,6,7,8,9,10,11,12,13,14,15,16,17,18,19,20,21
0,0.0,3.2871032387468353,-0.6913955924012647,2.9449382558153316,0.0,0.0,0.0,0.0,0.0,0.0,0.0,0.0,0.0,0.0,0.0,0.0,0.0,0.0,0.0,0.0,0.0,0.0
1,3.2871032387468353,0.0,3.0046872410622263,0.3822434767587553,0.0,0.0,0.0,0.0,0.0,0.0,0.0,0.0,0.0,0.0,0.0,0.0,0.0,0.0,0.0,0.0,0.0,0.0
2,-0.6913955924012647,3.0046872410622263,0.0,2.929420154204368,2.275620405862075,0.0,0.0,0.0,0.0,0.0,0.0,0.0,0.0,0.0,0.0,0.0,0.0,0.0,0.0,0.0,0.0,0.0
3,2.9449382558153316,0.3822434767587553,2.929420154204368,0.0,-0.20743392365852817,2.1675321318767016,0.0,0.0,0.0,0.0,0.0,0.0,0.0,0.0,0.0,0.0,0.0,0.0,0.0,0.0,0.0,0.0
4,0.0,0.0,2.275620405862075,-0.20743392365852817,0.0,2.0955859932200847,1.9626816240126332,0.0,1.7040609392144608,0.0,0.0,0.0,0.0,0.0,0.0,0.0,0.0,0.0,0.0,0.0,0.0,0.0
5,0.0,0.0,0.0,2.1675321318767016,2.0955859932200847,0.0,-0.2954990803674389,0.0,-0.9326421866035431,0.0,0.0,0.0,0.0,0.0,0.0,0.0,0.0,0.0,0.0,0.0,0.0,0.0
6,0.0,0.0,0.0,0.0,1.9626816240126332,-0.2954990803674389,0.0,1.2760160644212142,-1.7149525534848036,0.0,0.0,0.0,0.0,0.0,0.0,0.0,0.0,0.0,0.0,0.0,0.0,0.0
7,0.0,0.0,0.0,0.0,0.0,0.0,1.2760160644212142,0.0,1.2889631683159393,1.3088674579300745,0.0,0.0,0.0,0.0,0.0,0.0,0.0,0.0,0.0,0.0,0.0,0.0
8,0.0,0.0,0.0,0.0,1.7040609392144608,-0.9326421866035431,-1.7149525534848036,1.2889631683159393,0.0,0.31461581843239533,0.0,0.0,0.0,0.0,0.0,0.0,0.0,0.0,0.0,0.0,0.0,0.0
9,0.0,0.0,0.0,0.0,0.0,0.0,0.0,1.3088674579300745,0.31461581843239533,0.0,-0.2940158388002108,0.0,0.0,0.0,0.0,0.0,0.0,0.0,0.0,0.0,0.0,0.0
10,0.0,0.0,0.0,0.0,0.0,0.0,0.0,0.0,0.0,-0.2940158388002108,0.0,-0.0988263739545084,0.3537617593476069,0.0,0.0,0.0,0.0,0.0,0.0,0.0,0.0,0.0
11,0.0,0.0,0.0,0.0,0.0,0.0,0.0,0.0,0.0,0.0,-0.0988263739545084,0.0,0.6894993691562494,-0.9058409895661963,-0.14277619543200562,0.0,0.0,0.0,0.0,0.0,0.0,0.0
12,0.0,0.0,0.0,0.0,0.0,0.0,0.0,0.0,0.0,0.0,0.3537617593476069,0.6894993691562494,0.0,0.4092665530320884,-0.09485451671500021,0.0,0.0,0.0,0.0,0.0,0.0,0.0
13,0.0,0.0,0.0,0.0,0.0,0.0,0.0,0.0,0.0,0.0,0.0,-0.9058409895661963,0.4092665530320884,0.0,-0.5593396855706991,0.0,0.0,0.0,0.0,0.0,0.0,0.0
14,0.0,0.0,0.0,0.0,0.0,0.0,0.0,0.0,0.0,0.0,0.0,-0.14277619543200562,-0.09485451671500021,-0.5593396855706991,0.0,0.3063262758036512,0.0,-1.884551855255605,0.0,0.0,0.0,0.0
15,0.0,0.0,0.0,0.0,0.0,0.0,0.0,0.0,0.0,0.0,0.0,0.0,0.0,0.0,0.3063262758036512,0.0,-1.4551093905601822,0.04312760085709365,-0.5874358799428983,0.0,0.0,0.0
16,0.0,0.0,0.0,0.0,0.0,0.0,0.0,0.0,0.0,0.0,0.0,0.0,0.0,0.0,0.0,-1.4551093905601822,0.0,-0.1392253199215458,-0.9258985447813769,-0.7232861391753062,-0.37383109373592155,0.0
17,0.0,0.0,0.0,0.0,0.0,0.0,0.0,0.0,0.0,0.0,0.0,0.0,0.0,0.0,-1.884551855255605,0.04312760085709365,-0.1392253199215458,0.0,0.0,0.0,-1.9600174715224794,0.0
18,0.0,0.0,0.0,0.0,0.0,0.0,0.0,0.0,0.0,0.0,0.0,0.0,0.0,0.0,0.0,-0.5874358799428983,-0.9258985447813769,0.0,0.0,0.0,-1.0803603866026996,-1.5675077823215753
19,0.0,0.0,0.0,0.0,0.0,0.0,0.0,0.0,0.0,0.0,0.0,0.0,0.0,0.0,0.0,0.0,-0.7232861391753062,0.0,0.0,0.0,0.12235064574749786,-0.31309776020998803
20,0.0,0.0,0.0,0.0,0.0,0.0,0.0,0.0,0.0,0.0,0.0,0.0,0.0,0.0,0.0,0.0,-0.37383109373592155,-1.9600174715224794,-1.0803603866026996,0.12235064574749786,0.0,-1.8523007722775644
21,0.0,0.0,0.0,0.0,0.0,0.0,0.0,0.0,0.0,0.0,0.0,0.0,0.0,0.0,0.0,0.0,0.0,0.0,-1.5675077823215753,-0.31309776020998803,-1.8523007722775644,0.0
