,0,1,2,3,4,5,6,7,8,9,10,11,12,13,14,15,16,17,18,19,20,21
0,0.0,3.0706808019984106,2.7459965379215547,2.6283191764700997,0.0,0.0,0.0,0.0,0.0,0.0,0.0,0.0,0.0,0.0,0.0,0.0,0.0,0.0,0.0,0.0,0.0,0.0
1,3.0706808019984106,0.0,-1.8856739417077495,0.20134323656873337,-0.5256929718889014,0.0,0.0,0.0,0.0,0.0,0.0,0.0,0.0,0.0,0.0,0.0,0.0,0.0,0.0,0.0,0.0,0.0
2,2.7459965379215547,-1.8856739417077495,0.0,0.08177931529848122,-0.7725501744214017,0.0,0.0,0.0,0.0,0.0,0.0,0.0,0.0,0.0,0.0,0.0,0.0,0.0,0.0,0.0,0.0,0.0
3,2.6283191764700997,0.20134323656873337,0.08177931529848122,0.0,-0.5086007879283755,0.0,0.0,0.0,0.0,0.0,0.0,0.0,0.0,0.0,0.0,0.0,0.0,0.0,0.0,0.0,0.0,0.0
4,0.0,-0.5256929718889014,-0.7725501744214017,-0.5086007879283755,0.0,-1.3820671934638826,0.0,0.0,0.0,0.0,0.0,0.0,0.0,0.0,0.0,0.0,0.0,0.0,0.0,0.0,0.0,0.0
5,0.0,0.0,0.0,0.0,-1.3820671934638826,0.0,2.04371541238648,-1.2402516149635903,-1.2000146430870546,0.0,0.0,0.0,0.0,0.0,0.0,0.0,0.0,0.0,0.0,0.0,0.0,0.0
6,0.0,0.0,0.0,0.0,0.0,2.04371541238648,0.0,1.5160240984626296,1.4444397201494323,0.0,0.0,0.0,0.0,0.0,0.0,0.0,0.0,0.0,0.0,0.0,0.0,0.0
7,0.0,0.0,0.0,0.0,0.0,-1.2402516149635903,1.5160240984626296,0.0,-2.300910329481676,0.7887273176272208,0.6898362316848012,0.0,0.0,0.0,0.0,0.0,0.0,0.0,0.0,0.0,0.0,0.0
8,0.0,0.0,0.0,0.0,0.0,-1.2000146430870546,1.4444397201494323,-2.300910329481676,0.0,0.8242859295568654,0.7280095959073835,0.0,0.0,0.0,0.0,0.0,0.0,0.0,0.0,0.0,0.0,0.0
9,0.0,0.0,0.0,0.0,0.0,0.0,0.0,0.7887273176272208,0.8242859295568654,0.0,-1.8604887659214158,0.0,0.0,0.0,0.0,0.0,0.0,0.0,0.0,0.0,0.0,0.0
10,0.0,0.0,0.0,0.0,0.0,0.0,0.0,0.6898362316848012,0.7280095959073835,-1.8604887659214158,0.0,0.0,0.0,0.0,0.0,0.0,0.0,0.0,0.0,0.0,0.0,0.0
11,0.0,0.0,0.0,0.0,0.0,0.0,0.0,0.0,0.0,0.0,0.0,0.0,0.9960821100092813,1.1695503909273466,1.2477923184385185,0.0,0.0,0.0,0.0,0.0,0.0,0.0
12,0.0,0.0,0.0,0.0,0.0,0.0,0.0,0.0,0.0,0.0,0.0,0.9960821100092813,0.0,-0.0017317355000045637,0.20828748847803386,0.0,0.0,0.0,0.0,0.0,0.0,0.0
13,0.0,0.0,0.0,0.0,0.0,0.0,0.0,0.0,0.0,0.0,0.0,1.1695503909273466,-0.0017317355000045637,0.0,-1.0314898302508497,0.0,0.0,0.0,0.0,0.0,0.0,0.0
14,0.0,0.0,0.0,0.0,0.0,0.0,0.0,0.0,0.0,0.0,0.0,1.2477923184385185,0.20828748847803386,-1.0314898302508497,0.0,0.0,0.0,0.0,0.0,0.0,0.0,0.0
15,0.0,0.0,0.0,0.0,0.0,0.0,0.0,0.0,0.0,0.0,0.0,0.0,0.0,0.0,0.0,0.0,-2.252514956929837,-0.3328363346724384,-0.653038488247175,0.0,0.0,0.0
16,0.0,0.0,0.0,0.0,0.0,0.0,0.0,0.0,0.0,0.0,0.0,0.0,0.0,0.0,0.0,-2.252514956929837,0.0,-0.20807122343615705,-0.51727690244865,0.0,0.0,0.0
17,0.0,0.0,0.0,0.0,0.0,0.0,0.0,0.0,0.0,0.0,0.0,0.0,0.0,0.0,0.0,-0.3328363346724384,-0.20807122343615705,0.0,-0.8503563148707608,-1.296342470396983,-2.208943591238774,0.0
18,0.0,0.0,0.0,0.0,0.0,0.0,0.0,0.0,0.0,0.0,0.0,0.0,0.0,0.0,0.0,-0.653038488247175,-0.51727690244865,-0.8503563148707608,0.0,-2.217563645252295,0.0,-2.026783842346486
19,0.0,0.0,0.0,0.0,0.0,0.0,0.0,0.0,0.0,0.0,0.0,0.0,0.0,0.0,0.0,0.0,0.0,-1.296342470396983,-2.217563645252295,0.0,-1.5212296962297303,-1.9852446065576221
20,0.0,0.0,0.0,0.0,0.0,0.0,0.0,0.0,0.0,0.0,0.0,0.0,0.0,0.0,0.0,0.0,0.0,-2.208943591238774,0.0,-1.5212296962297303,0.0,-1.52745025341069
21,0.0,0.0,0.0,0.0,0.0,0.0,0.0,0.0,0.0,0.0,0.0,0.0,0.0,0.0,0.0,0.0,0.0,0.0,-2.026783842346486,-1.9852446065576221,-1.52745025341069,0.0
