,0,1,2,3,4,5,6,7,8,9,10,11,12,13,14,15,16,17,18,19,20,21,22,23
0,0.0,1.9760358536483702,-1.2628060594160277,-1.2233754867928364,0.0,0.0,0.0,0.0,0.0,0.0,0.0,0.0,0.0,0.0,0.0,0.0,0.0,0.0,0.0,0.0,0.0,0.0,0.0,0.0
1,1.9760358536483702,0.0,1.8713954491195808,1.0758202985052292,0.0,0.0,0.0,0.0,0.0,0.0,0.0,0.0,0.0,0.0,0.0,0.0,0.0,0.0,0.0,0.0,0.0,0.0,0.0,0.0
2,-1.2628060594160277,1.8713954491195808,0.0,-1.3853964663610316,0.0,0.0,0.0,0.0,0.0,0.0,0.0,0.0,0.0,0.0,0.0,0.0,0.0,0.0,0.0,0.0,0.0,0.0,0.0,0.0
3,-1.2233754867928364,1.0758202985052292,-1.3853964663610316,0.0,-0.5469708632235418,2.201051464253076,-1.5777173809187588,0.0,0.0,0.0,0.0,0.0,0.0,0.0,0.0,0.0,0.0,0.0,0.0,0.0,0.0,0.0,0.0,0.0
4,0.0,0.0,0.0,-0.5469708632235418,0.0,2.2147999366735123,-0.6011481049224622,-0.016204559251883913,0.0,0.0,0.0,0.0,0.0,0.0,0.0,0.0,0.0,0.0,0.0,0.0,0.0,0.0,0.0,0.0
5,0.0,0.0,0.0,2.201051464253076,2.2147999366735123,0.0,2.1367920442357446,1.3484987024080386,0.0,0.0,0.0,0.0,0.0,0.0,0.0,0.0,0.0,0.0,0.0,0.0,0.0,0.0,0.0,0.0
6,0.0,0.0,0.0,-1.5777173809187588,-0.6011481049224622,2.1367920442357446,0.0,-0.20340648082661622,0.0,0.0,0.0,0.0,0.0,0.0,0.0,0.0,0.0,0.0,0.0,0.0,0.0,0.0,0.0,0.0
7,0.0,0.0,0.0,0.0,-0.016204559251883913,1.3484987024080386,-0.20340648082661622,0.0,1.2623301981369384,1.404703600391618,0.7944576957563069,0.0,0.0,0.0,0.0,0.0,0.0,0.0,0.0,0.0,0.0,0.0,0.0,0.0
8,0.0,0.0,0.0,0.0,0.0,0.0,0.0,1.2623301981369384,0.0,0.6737848817806242,-0.29450647430716465,-0.7380861748010625,0.0,0.0,0.0,0.0,0.0,0.0,0.0,0.0,0.0,0.0,0.0,0.0
9,0.0,0.0,0.0,0.0,0.0,0.0,0.0,1.404703600391618,0.6737848817806242,0.0,0.7486909010482545,0.5903800892825861,0.0,0.0,0.0,0.0,0.0,0.0,0.0,0.0,0.0,0.0,0.0,0.0
10,0.0,0.0,0.0,0.0,0.0,0.0,0.0,0.7944576957563069,-0.29450647430716465,0.7486909010482545,0.0,-1.3506104756407633,-1.0514069164456754,0.0,0.0,0.0,0.0,0.0,0.0,0.0,0.0,0.0,0.0,0.0
11,0.0,0.0,0.0,0.0,0.0,0.0,0.0,0.0,-0.7380861748010625,0.5903800892825861,-1.3506104756407633,0.0,-1.8472916370201151,0.0,0.0,0.0,0.0,0.0,0.0,0.0,0.0,0.0,0.0,0.0
12,0.0,0.0,0.0,0.0,0.0,0.0,0.0,0.0,0.0,0.0,-1.0514069164456754,-1.8472916370201151,0.0,-2.0729367127459954,-1.3800387317476699,0.0,-1.639167974018763,0.0,0.0,0.0,0.0,0.0,0.0,0.0
13,0.0,0.0,0.0,0.0,0.0,0.0,0.0,0.0,0.0,0.0,0.0,0.0,-2.0729367127459954,0.0,-1.0924547374005553,-0.3037315619766992,-1.6409917204016453,0.0,0.0,0.0,0.0,0.0,0.0,0.0
14,0.0,0.0,0.0,0.0,0.0,0.0,0.0,0.0,0.0,0.0,0.0,0.0,-1.3800387317476699,-1.0924547374005553,0.0,-0.3236190756159743,-1.6611387075569153,0.0,0.0,0.0,0.0,0.0,0.0,0.0
15,0.0,0.0,0.0,0.0,0.0,0.0,0.0,0.0,0.0,0.0,0.0,0.0,0.0,-0.3037315619766992,-0.3236190756159743,0.0,-0.18667892104444195,0.0,0.0,0.0,0.0,0.0,0.0,0.0
16,0.0,0.0,0.0,0.0,0.0,0.0,0.0,0.0,0.0,0.0,0.0,0.0,-1.639167974018763,-1.6409917204016453,-1.6611387075569153,-0.18667892104444195,0.0,-1.6518073293233924,0.0,0.0,0.0,0.0,0.0,0.0
17,0.0,0.0,0.0,0.0,0.0,0.0,0.0,0.0,0.0,0.0,0.0,0.0,0.0,0.0,0.0,0.0,-1.6518073293233924,0.0,0.21099600444314673,-1.5252451501157316,0.0,0.0,0.0,0.0
18,0.0,0.0,0.0,0.0,0.0,0.0,0.0,0.0,0.0,0.0,0.0,0.0,0.0,0.0,0.0,0.0,0.0,0.21099600444314673,0.0,0.3419776841020317,-0.1049995762074489,-0.9140831346284035,0.0,-0.2827668963135403
19,0.0,0.0,0.0,0.0,0.0,0.0,0.0,0.0,0.0,0.0,0.0,0.0,0.0,0.0,0.0,0.0,0.0,-1.5252451501157316,0.3419776841020317,0.0,-0.8224282433899206,0.0,-0.5823536101598997,0.0
20,0.0,0.0,0.0,0.0,0.0,0.0,0.0,0.0,0.0,0.0,0.0,0.0,0.0,0.0,0.0,0.0,0.0,0.0,-0.1049995762074489,-0.8224282433899206,0.0,0.12364889350544503,-0.34631092623295673,-0.2119542455440842
21,0.0,0.0,0.0,0.0,0.0,0.0,0.0,0.0,0.0,0.0,0.0,0.0,0.0,0.0,0.0,0.0,0.0,0.0,-0.9140831346284035,0.0,0.12364889350544503,0.0,-0.07602436149840046,-0.3130926426437943
22,0.0,0.0,0.0,0.0,0.0,0.0,0.0,0.0,0.0,0.0,0.0,0.0,0.0,0.0,0.0,0.0,0.0,0.0,0.0,-0.5823536101598997,-0.34631092623295673,-0.07602436149840046,0.0,0.0
23,0.0,0.0,0.0,0.0,0.0,0.0,0.0,0.0,0.0,0.0,0.0,0.0,0.0,0.0,0.0,0.0,0.0,0.0,-0.2827668963135403,0.0,-0.2119542455440842,-0.3130926426437943,0.0,0.0
