,0,1,2,3,4,5,6,7,8,9,10,11,12,13,14,15,16,17,18,19,20,21,22,23,24
0,0.0,3.4417509563544293,-0.8986574141325353,2.547605345331191,0.0,0.0,0.0,0.0,0.0,0.0,0.0,0.0,0.0,0.0,0.0,0.0,0.0,0.0,0.0,0.0,0.0,0.0,0.0,0.0,0.0
1,3.4417509563544293,0.0,3.242446639017012,-0.5062548825321092,0.0,0.0,1.7922940387101791,0.0,0.0,0.0,0.0,0.0,0.0,0.0,0.0,0.0,0.0,0.0,0.0,0.0,0.0,0.0,0.0,0.0,0.0
2,-0.8986574141325353,3.242446639017012,0.0,2.563130946368646,0.0,0.0,-0.0692021862561224,0.0,0.0,0.0,0.0,0.0,0.0,0.0,0.0,0.0,0.0,0.0,0.0,0.0,0.0,0.0,0.0,0.0,0.0
3,2.547605345331191,-0.5062548825321092,2.563130946368646,0.0,-1.4981804476591665,-1.7275112324699708,1.7657613200223885,0.0,0.0,0.0,0.0,0.0,0.0,0.0,0.0,0.0,0.0,0.0,0.0,0.0,0.0,0.0,0.0,0.0,0.0
4,0.0,0.0,0.0,-1.4981804476591665,0.0,-1.323084520120599,1.7722754727976162,-0.6450216208962266,0.0,0.0,0.0,0.0,0.0,0.0,0.0,0.0,0.0,0.0,0.0,0.0,0.0,0.0,0.0,0.0,0.0
5,0.0,0.0,0.0,-1.7275112324699708,-1.323084520120599,0.0,1.7383105372957666,-0.3048218978692883,0.0,0.0,0.0,0.0,0.0,0.0,0.0,0.0,0.0,0.0,0.0,0.0,0.0,0.0,0.0,0.0,0.0
6,0.0,1.7922940387101791,-0.0692021862561224,1.7657613200223885,1.7722754727976162,1.7383105372957666,0.0,1.7613626713993282,0.0,0.0,0.0,0.0,0.0,0.0,0.0,0.0,0.0,0.0,0.0,0.0,0.0,0.0,0.0,0.0,0.0
7,0.0,0.0,0.0,0.0,-0.6450216208962266,-0.3048218978692883,1.7613626713993282,0.0,-1.243342441466263,0.0,0.0,0.0,0.0,0.0,0.0,0.0,0.0,0.0,0.0,0.0,0.0,0.0,0.0,0.0,0.0
8,0.0,0.0,0.0,0.0,0.0,0.0,0.0,-1.243342441466263,0.0,-1.0208506463577494,0.18240497379520423,0.1854176191382322,0.0,0.0,0.0,0.0,0.0,0.0,0.0,0.0,0.0,0.0,0.0,0.0,0.0
9,0.0,0.0,0.0,0.0,0.0,0.0,0.0,0.0,-1.0208506463577494,0.0,0.03232033994038696,0.04010228330591958,0.0,0.0,0.0,0.0,0.0,0.0,0.0,0.0,0.0,0.0,0.0,0.0,0.0
10,0.0,0.0,0.0,0.0,0.0,0.0,0.0,0.0,0.18240497379520423,0.03232033994038696,0.0,-1.0122977729523084,0.0,0.0,-1.068575333523233,0.0,0.0,0.0,0.0,0.0,0.0,0.0,0.0,0.0,0.0
11,0.0,0.0,0.0,0.0,0.0,0.0,0.0,0.0,0.1854176191382322,0.04010228330591958,-1.0122977729523084,0.0,-0.09872588970178123,0.0,-3.0410976435866495,-0.018716195584270345,0.0,0.0,0.0,0.0,0.0,0.0,0.0,0.0,0.0
12,0.0,0.0,0.0,0.0,0.0,0.0,0.0,0.0,0.0,0.0,0.0,-0.09872588970178123,0.0,-1.82279495639128,-0.08141482625952355,-0.3939521912257984,-0.4307323125859158,-0.1596477491201422,0.0,0.0,0.0,0.0,0.0,0.0,0.0
13,0.0,0.0,0.0,0.0,0.0,0.0,0.0,0.0,0.0,0.0,0.0,0.0,-1.82279495639128,0.0,0.0,-0.5543320630772685,-0.4171846181668181,0.0,0.0,0.0,0.0,0.0,0.0,0.0,0.0
14,0.0,0.0,0.0,0.0,0.0,0.0,0.0,0.0,0.0,0.0,-1.068575333523233,-3.0410976435866495,-0.08141482625952355,0.0,0.0,0.026580937818848845,-0.7903742564733813,0.0,0.0,0.0,0.0,0.0,0.0,0.0,0.0
15,0.0,0.0,0.0,0.0,0.0,0.0,0.0,0.0,0.0,0.0,0.0,-0.018716195584270345,-0.3939521912257984,-0.5543320630772685,0.026580937818848845,0.0,0.0,0.0,0.0,0.0,0.0,0.0,0.0,0.0,0.0
16,0.0,0.0,0.0,0.0,0.0,0.0,0.0,0.0,0.0,0.0,0.0,0.0,-0.4307323125859158,-0.4171846181668181,-0.7903742564733813,0.0,0.0,-0.9157185258750378,-2.03486129659872,0.0,0.0,0.0,0.0,0.0,0.0
17,0.0,0.0,0.0,0.0,0.0,0.0,0.0,0.0,0.0,0.0,0.0,0.0,-0.1596477491201422,0.0,0.0,0.0,-0.9157185258750378,0.0,-0.9221253296432728,0.0,0.0,0.0,0.0,0.0,0.0
18,0.0,0.0,0.0,0.0,0.0,0.0,0.0,0.0,0.0,0.0,0.0,0.0,0.0,0.0,0.0,0.0,-2.03486129659872,-0.9221253296432728,0.0,-1.1454413809421642,-1.732243570642918,0.0,0.0,0.0,0.0
19,0.0,0.0,0.0,0.0,0.0,0.0,0.0,0.0,0.0,0.0,0.0,0.0,0.0,0.0,0.0,0.0,0.0,0.0,-1.1454413809421642,0.0,-1.0935478493086883,-0.508525352171647,-1.3684301492388162,-0.5039173310692554,0.0
20,0.0,0.0,0.0,0.0,0.0,0.0,0.0,0.0,0.0,0.0,0.0,0.0,0.0,0.0,0.0,0.0,0.0,0.0,-1.732243570642918,-1.0935478493086883,0.0,0.0,0.0,-0.8260527362163489,0.0
21,0.0,0.0,0.0,0.0,0.0,0.0,0.0,0.0,0.0,0.0,0.0,0.0,0.0,0.0,0.0,0.0,0.0,0.0,0.0,-0.508525352171647,0.0,0.0,-0.2464285421169153,-0.1146838263901072,-1.1235278818087264
22,0.0,0.0,0.0,0.0,0.0,0.0,0.0,0.0,0.0,0.0,0.0,0.0,0.0,0.0,0.0,0.0,0.0,0.0,0.0,-1.3684301492388162,0.0,-0.2464285421169153,0.0,-0.4407634841512797,-0.9688759473174966
23,0.0,0.0,0.0,0.0,0.0,0.0,0.0,0.0,0.0,0.0,0.0,0.0,0.0,0.0,0.0,0.0,0.0,0.0,0.0,-0.5039173310692554,-0.8260527362163489,-0.1146838263901072,-0.4407634841512797,0.0,-1.4058940612259796
24,0.0,0.0,0.0,0.0,0.0,0.0,0.0,0.0,0.0,0.0,0.0,0.0,0.0,0.0,0.0,0.0,0.0,0.0,0.0,0.0,0.0,-1.1235278818087264,-0.9688759473174966,-1.4058940612259796,0.0
