,0,1,2,3,4,5,6,7,8,9,10,11,12,13,14,15,16,17,18,19,20,21,22
0,0.0,2.150941750037183,0.3695615251921096,0.1303387323990585,0.0,0.0,0.0,0.0,0.0,0.0,0.0,0.0,0.0,0.0,0.0,0.0,0.0,0.0,0.0,0.0,0.0,0.0,0.0
1,2.150941750037183,0.0,1.3325335493439254,0.9059919046901334,0.32666132201709547,0.0,0.0,0.0,0.0,0.0,0.0,0.0,0.0,0.0,0.0,0.0,0.0,0.0,0.0,0.0,0.0,0.0,0.0
2,0.3695615251921096,1.3325335493439254,0.0,0.504421729943066,-0.3133146813370758,-0.2930636749400409,0.0,0.0,0.0,0.0,0.0,0.0,0.0,0.0,0.0,0.0,0.0,0.0,0.0,0.0,0.0,0.0,0.0
3,0.1303387323990585,0.9059919046901334,0.504421729943066,0.0,-1.5336552685251585,-2.035319907726471,0.0,0.0,0.0,0.0,0.0,0.0,0.0,0.0,0.0,0.0,0.0,0.0,0.0,0.0,0.0,0.0,0.0
4,0.0,0.32666132201709547,-0.3133146813370758,-1.5336552685251585,0.0,-1.2938255008942232,1.7839386850207624,1.7235285084180756,0.0,0.0,0.0,0.0,0.0,0.0,0.0,0.0,0.0,0.0,0.0,0.0,0.0,0.0,0.0
5,0.0,0.0,-0.2930636749400409,-2.035319907726471,-1.2938255008942232,0.0,1.7442375895775122,1.6857780966807396,0.0,0.0,0.0,0.0,0.0,0.0,0.0,0.0,0.0,0.0,0.0,0.0,0.0,0.0,0.0
6,0.0,0.0,0.0,0.0,1.7839386850207624,1.7442375895775122,0.0,-1.2529474190195224,1.6508508205766443,-1.7315859671190144,0.0,0.0,0.0,0.0,0.0,0.0,0.0,0.0,0.0,0.0,0.0,0.0,0.0
7,0.0,0.0,0.0,0.0,1.7235285084180756,1.6857780966807396,-1.2529474190195224,0.0,1.6981996858175252,-1.2014744996472257,0.0,0.0,0.0,0.0,0.0,0.0,0.0,0.0,0.0,0.0,0.0,0.0,0.0
8,0.0,0.0,0.0,0.0,0.0,0.0,1.6508508205766443,1.6981996858175252,0.0,1.621265991916383,0.5666005108541053,-0.9278135017087648,0.0,0.0,0.0,0.0,0.0,0.0,0.0,0.0,0.0,0.0,0.0
9,0.0,0.0,0.0,0.0,0.0,0.0,-1.7315859671190144,-1.2014744996472257,1.621265991916383,0.0,1.044954488592238,1.378988872515541,0.0,0.0,0.0,0.0,0.0,0.0,0.0,0.0,0.0,0.0,0.0
10,0.0,0.0,0.0,0.0,0.0,0.0,0.0,0.0,0.5666005108541053,1.044954488592238,0.0,0.28533293111142455,0.0,0.0,0.0,0.0,0.0,0.0,0.0,0.0,0.0,0.0,0.0
11,0.0,0.0,0.0,0.0,0.0,0.0,0.0,0.0,-0.9278135017087648,1.378988872515541,0.28533293111142455,0.0,0.0,0.0,0.0,0.0,0.0,0.0,0.0,0.0,0.0,0.0,0.0
12,0.0,0.0,0.0,0.0,0.0,0.0,0.0,0.0,0.0,0.0,0.0,0.0,0.0,-2.5570997547290237,0.9151644567605756,-1.2343846123122395,0.0,0.0,0.0,0.0,0.0,0.0,0.0
13,0.0,0.0,0.0,0.0,0.0,0.0,0.0,0.0,0.0,0.0,0.0,0.0,-2.5570997547290237,0.0,0.8924921403815455,-1.1364029449425992,-2.011024031917723,0.0,0.0,0.0,0.0,0.0,0.0
14,0.0,0.0,0.0,0.0,0.0,0.0,0.0,0.0,0.0,0.0,0.0,0.0,0.9151644567605756,0.8924921403815455,0.0,0.9558564052391331,0.4615205450591612,0.0,0.0,0.0,0.0,0.0,0.0
15,0.0,0.0,0.0,0.0,0.0,0.0,0.0,0.0,0.0,0.0,0.0,0.0,-1.2343846123122395,-1.1364029449425992,0.9558564052391331,0.0,-1.0088951107340025,0.0,0.0,0.0,0.0,0.0,0.0
16,0.0,0.0,0.0,0.0,0.0,0.0,0.0,0.0,0.0,0.0,0.0,0.0,0.0,-2.011024031917723,0.4615205450591612,-1.0088951107340025,0.0,0.0,0.0,0.0,0.0,0.0,0.0
17,0.0,0.0,0.0,0.0,0.0,0.0,0.0,0.0,0.0,0.0,0.0,0.0,0.0,0.0,0.0,0.0,0.0,0.0,-1.064235844547075,-0.7819067424802413,-1.4141730538347448,0.0,0.0
18,0.0,0.0,0.0,0.0,0.0,0.0,0.0,0.0,0.0,0.0,0.0,0.0,0.0,0.0,0.0,0.0,0.0,-1.064235844547075,0.0,-1.6785185880709244,-3.2173064574049226,0.0,0.0
19,0.0,0.0,0.0,0.0,0.0,0.0,0.0,0.0,0.0,0.0,0.0,0.0,0.0,0.0,0.0,0.0,0.0,-0.7819067424802413,-1.6785185880709244,0.0,-2.150339288941551,-1.4837550671059436,-1.591678412993198
20,0.0,0.0,0.0,0.0,0.0,0.0,0.0,0.0,0.0,0.0,0.0,0.0,0.0,0.0,0.0,0.0,0.0,-1.4141730538347448,-3.2173064574049226,-2.150339288941551,0.0,-1.445557916065108,-2.1074844271643194
21,0.0,0.0,0.0,0.0,0.0,0.0,0.0,0.0,0.0,0.0,0.0,0.0,0.0,0.0,0.0,0.0,0.0,0.0,0.0,-1.4837550671059436,-1.445557916065108,0.0,-1.3982592616230398
22,0.0,0.0,0.0,0.0,0.0,0.0,0.0,0.0,0.0,0.0,0.0,0.0,0.0,0.0,0.0,0.0,0.0,0.0,0.0,-1.591678412993198,-2.1074844271643194,-1.3982592616230398,0.0
