,0,1,2,3,4,5,6,7,8,9,10,11,12,13,14,15,16,17,18,19,20,21,22,23
0,0.0,-0.5382888850045833,3.0209450956049078,0.19429034301115106,0.0,0.0,0.0,0.0,0.0,0.0,0.0,0.0,0.0,0.0,0.0,0.0,0.0,0.0,0.0,0.0,0.0,0.0,0.0,0.0
1,-0.5382888850045833,0.0,3.011806430382162,0.009542032444390634,0.0,0.0,0.0,0.0,0.0,0.0,0.0,0.0,0.0,0.0,0.0,0.0,0.0,0.0,0.0,0.0,0.0,0.0,0.0,0.0
2,3.0209450956049078,3.011806430382162,0.0,2.9953777474682983,0.0,0.0,0.0,0.0,0.0,0.0,0.0,0.0,0.0,0.0,0.0,0.0,0.0,0.0,0.0,0.0,0.0,0.0,0.0,0.0
3,0.19429034301115106,0.009542032444390634,2.9953777474682983,0.0,0.22942014199217609,0.2221118030069935,0.0,0.0,0.0,0.0,0.0,0.0,0.0,0.0,0.0,0.0,0.0,0.0,0.0,0.0,0.0,0.0,0.0,0.0
4,0.0,0.0,0.0,0.22942014199217609,0.0,-0.9657077777279163,-1.1815342969306009,0.0,0.0,0.0,0.0,0.0,0.0,0.0,0.0,0.0,0.0,0.0,0.0,0.0,0.0,0.0,0.0,0.0
5,0.0,0.0,0.0,0.2221118030069935,-0.9657077777279163,0.0,-0.48313192042064357,-0.33434927326857544,-0.506475012114921,0.0,0.0,0.0,0.0,0.0,0.0,0.0,0.0,0.0,0.0,0.0,0.0,0.0,0.0,0.0
6,0.0,0.0,0.0,0.0,-1.1815342969306009,-0.48313192042064357,0.0,-0.024283092886812623,-0.5136445539037775,0.0,0.0,0.0,0.0,0.0,0.0,0.0,0.0,0.0,0.0,0.0,0.0,0.0,0.0,0.0
7,0.0,0.0,0.0,0.0,0.0,-0.33434927326857544,-0.024283092886812623,0.0,-1.0431336065421,0.0,0.0,0.0,0.0,0.0,0.0,0.0,0.0,0.0,0.0,0.0,0.0,0.0,0.0,0.0
8,0.0,0.0,0.0,0.0,0.0,-0.506475012114921,-0.5136445539037775,-1.0431336065421,0.0,-1.5174479578665703,0.0,0.0,0.0,0.0,0.0,0.0,0.0,0.0,0.0,0.0,0.0,0.0,0.0,0.0
9,0.0,0.0,0.0,0.0,0.0,0.0,0.0,0.0,-1.5174479578665703,0.0,-1.4528898814545923,-0.15584118611978154,0.0,0.0,0.0,0.0,0.0,0.0,0.0,0.0,0.0,0.0,0.0,0.0
10,0.0,0.0,0.0,0.0,0.0,0.0,0.0,0.0,0.0,-1.4528898814545923,0.0,-0.4279739509699308,0.0,0.5014719424262813,0.0,0.0,0.0,0.0,0.0,0.0,0.0,0.0,0.0,0.0
11,0.0,0.0,0.0,0.0,0.0,0.0,0.0,0.0,0.0,-0.15584118611978154,-0.4279739509699308,0.0,0.0,0.3565391262533272,0.0,0.0,0.0,0.0,0.0,0.0,0.0,0.0,0.0,0.0
12,0.0,0.0,0.0,0.0,0.0,0.0,0.0,0.0,0.0,0.0,0.0,0.0,0.0,-0.05198798330305164,-0.8884828781622832,-0.620064433583983,0.0,0.0,0.0,0.0,0.0,0.0,0.0,0.0
13,0.0,0.0,0.0,0.0,0.0,0.0,0.0,0.0,0.0,0.0,0.5014719424262813,0.3565391262533272,-0.05198798330305164,0.0,0.14686470577726612,0.20203670057081952,0.0,0.0,0.0,0.0,0.0,0.0,0.0,0.0
14,0.0,0.0,0.0,0.0,0.0,0.0,0.0,0.0,0.0,0.0,0.0,0.0,-0.8884828781622832,0.14686470577726612,0.0,-0.7874424935660498,-0.5078429251072741,0.0,0.0,0.0,0.0,0.0,0.0,0.0
15,0.0,0.0,0.0,0.0,0.0,0.0,0.0,0.0,0.0,0.0,0.0,0.0,-0.620064433583983,0.20203670057081952,-0.7874424935660498,0.0,-0.5276313684815764,-2.1664446439274885,0.0,0.0,0.0,0.0,0.0,0.0
16,0.0,0.0,0.0,0.0,0.0,0.0,0.0,0.0,0.0,0.0,0.0,0.0,0.0,0.0,-0.5078429251072741,-0.5276313684815764,0.0,-0.44512289638042274,0.0,-1.0237900871634529,0.0,0.0,0.0,0.0
17,0.0,0.0,0.0,0.0,0.0,0.0,0.0,0.0,0.0,0.0,0.0,0.0,0.0,0.0,0.0,-2.1664446439274885,-0.44512289638042274,0.0,-1.5815342651017679,-0.17190666832079302,-0.6172788194199109,0.0,0.0,0.0
18,0.0,0.0,0.0,0.0,0.0,0.0,0.0,0.0,0.0,0.0,0.0,0.0,0.0,0.0,0.0,0.0,0.0,-1.5815342651017679,0.0,-0.18742739410793832,-0.5331580111925509,-2.3183820697402013,0.0,-1.6822928143176763
19,0.0,0.0,0.0,0.0,0.0,0.0,0.0,0.0,0.0,0.0,0.0,0.0,0.0,0.0,0.0,0.0,-1.0237900871634529,-0.17190666832079302,-0.18742739410793832,0.0,-1.0561657625482301,0.0,0.0,0.0
20,0.0,0.0,0.0,0.0,0.0,0.0,0.0,0.0,0.0,0.0,0.0,0.0,0.0,0.0,0.0,0.0,0.0,-0.6172788194199109,-0.5331580111925509,-1.0561657625482301,0.0,-0.7633409441382556,-0.9780613260972604,0.0
21,0.0,0.0,0.0,0.0,0.0,0.0,0.0,0.0,0.0,0.0,0.0,0.0,0.0,0.0,0.0,0.0,0.0,0.0,-2.3183820697402013,0.0,-0.7633409441382556,0.0,-1.4841244833637786,-1.9108889052596993
22,0.0,0.0,0.0,0.0,0.0,0.0,0.0,0.0,0.0,0.0,0.0,0.0,0.0,0.0,0.0,0.0,0.0,0.0,0.0,0.0,-0.9780613260972604,-1.4841244833637786,0.0,-1.6195205414503615
23,0.0,0.0,0.0,0.0,0.0,0.0,0.0,0.0,0.0,0.0,0.0,0.0,0.0,0.0,0.0,0.0,0.0,0.0,-1.6822928143176763,0.0,0.0,-1.9108889052596993,-1.6195205414503615,0.0
