,0,1,2,3,4,5,6,7,8,9,10,11,12,13,14,15,16,17,18
0,0.0,-0.11782264490877882,-0.5842261928000123,0.3876622344297009,0.0,0.0,0.0,0.0,0.0,0.0,0.0,0.0,0.0,0.0,0.0,0.0,0.0,0.0,0.0
1,-0.11782264490877882,0.0,0.17160059833927446,0.41435192771165025,0.0,0.0,0.0,0.0,0.0,0.0,0.0,0.0,0.0,0.0,0.0,0.0,0.0,0.0,0.0
2,-0.5842261928000123,0.17160059833927446,0.0,0.33540514150011513,0.0,0.0,0.0,0.0,0.0,0.0,0.0,0.0,0.0,0.0,0.0,0.0,0.0,0.0,0.0
3,0.3876622344297009,0.41435192771165025,0.33540514150011513,0.0,0.25673516293820253,1.9216177684895037,0.0,2.1278446662698776,0.0,0.0,0.0,0.0,0.0,0.0,0.0,0.0,0.0,0.0,0.0
4,0.0,0.0,0.0,0.25673516293820253,0.0,2.0396088055510226,1.8293327937203263,2.218934436940986,0.0,0.0,0.0,0.0,0.0,0.0,0.0,0.0,0.0,0.0,0.0
5,0.0,0.0,0.0,1.9216177684895037,2.0396088055510226,0.0,-0.7273762657184595,1.1517854033302508,0.06800718476783006,0.0,0.0,0.0,0.0,0.0,0.0,0.0,0.0,0.0,0.0
6,0.0,0.0,0.0,0.0,1.8293327937203263,-0.7273762657184595,0.0,1.1591988044803552,-0.0017930713412820259,0.7304728858058831,0.0,0.0,0.0,0.0,0.0,0.0,0.0,0.0,0.0
7,0.0,0.0,0.0,2.1278446662698776,2.218934436940986,1.1517854033302508,1.1591988044803552,0.0,0.7089024722104386,0.0,0.0,0.0,0.0,0.0,0.0,0.0,0.0,0.0,0.0
8,0.0,0.0,0.0,0.0,0.0,0.06800718476783006,-0.0017930713412820259,0.7089024722104386,0.0,1.0618623101689462,0.0,0.0,0.0,0.0,0.0,0.0,0.0,0.0,0.0
9,0.0,0.0,0.0,0.0,0.0,0.0,0.7304728858058831,0.0,1.0618623101689462,0.0,0.8036893339136328,0.0,0.0,0.0,0.0,0.0,0.0,0.0,0.0
10,0.0,0.0,0.0,0.0,0.0,0.0,0.0,0.0,0.0,0.8036893339136328,0.0,-0.8914586182228805,-0.12858859922556382,0.0,0.0,0.0,0.0,0.0,0.0
11,0.0,0.0,0.0,0.0,0.0,0.0,0.0,0.0,0.0,0.0,-0.8914586182228805,0.0,0.20258927136249072,0.6647748681717996,0.0,0.0,0.29607569981656606,0.0,0.0
12,0.0,0.0,0.0,0.0,0.0,0.0,0.0,0.0,0.0,0.0,-0.12858859922556382,0.20258927136249072,0.0,0.8455953062523456,0.0,0.0,0.3074555962310879,0.0,0.0
13,0.0,0.0,0.0,0.0,0.0,0.0,0.0,0.0,0.0,0.0,0.0,0.6647748681717996,0.8455953062523456,0.0,-1.0938583665294273,0.0,0.8364304764429072,0.0,0.0
14,0.0,0.0,0.0,0.0,0.0,0.0,0.0,0.0,0.0,0.0,0.0,0.0,0.0,-1.0938583665294273,0.0,-0.1060100027727397,0.7354456560621154,-0.8865129038590713,-1.2958652437407452
15,0.0,0.0,0.0,0.0,0.0,0.0,0.0,0.0,0.0,0.0,0.0,0.0,0.0,0.0,-0.1060100027727397,0.0,0.2832315539647663,-2.494138420216166,-2.880139245850716
16,0.0,0.0,0.0,0.0,0.0,0.0,0.0,0.0,0.0,0.0,0.0,0.29607569981656606,0.3074555962310879,0.8364304764429072,0.7354456560621154,0.2832315539647663,0.0,0.0,0.0
17,0.0,0.0,0.0,0.0,0.0,0.0,0.0,0.0,0.0,0.0,0.0,0.0,0.0,0.0,-0.8865129038590713,-2.494138420216166,0.0,0.0,-4.25073272422186
18,0.0,0.0,0.0,0.0,0.0,0.0,0.0,0.0,0.0,0.0,0.0,0.0,0.0,0.0,-1.2958652437407452,-2.880139245850716,0.0,-4.25073272422186,0.0
