,0,1,2,3,4,5,6,7,8,9,10,11,12,13,14,15,16,17,18
0,0.0,-2.638826458699413,-0.12430675141744711,-1.727316236062257,0.0,0.0,0.0,0.0,0.0,0.0,0.0,0.0,0.0,0.0,0.0,0.0,0.0,0.0,0.0
1,-2.638826458699413,0.0,-0.14166728668790188,-1.7315478745760602,0.0,0.0,0.0,0.0,0.0,0.0,0.0,0.0,0.0,0.0,0.0,0.0,0.0,0.0,0.0
2,-0.12430675141744711,-0.14166728668790188,0.0,-0.5367995376036104,0.23922221117928796,-1.01011048351124,0.0,0.0,0.0,0.0,0.0,0.0,0.0,0.0,0.0,0.0,0.0,0.0,0.0
3,-1.727316236062257,-1.7315478745760602,-0.5367995376036104,0.0,0.5682224554576207,-1.1574479358615264,-1.2236984131713873,0.0,0.0,0.0,0.0,0.0,0.0,0.0,0.0,0.0,0.0,0.0,0.0
4,0.0,0.0,0.23922221117928796,0.5682224554576207,0.0,0.47712658515104467,0.6592340452285872,0.0,0.0,0.0,0.0,0.0,0.0,0.0,0.0,0.0,0.0,0.0,0.0
5,0.0,0.0,-1.01011048351124,-1.1574479358615264,0.47712658515104467,0.0,-0.7053776508569543,0.0,0.0,0.0,0.0,0.0,0.0,0.0,0.0,0.0,0.0,0.0,0.0
6,0.0,0.0,0.0,-1.2236984131713873,0.6592340452285872,-0.7053776508569543,0.0,0.0,0.0,0.0,0.0,0.0,0.0,0.0,0.0,0.0,0.0,0.0,0.0
7,0.0,0.0,0.0,0.0,0.0,0.0,0.0,0.0,-0.9275044805437558,0.0,0.7391932422997706,1.414242002380247,0.0,0.0,0.0,0.0,0.0,0.0,0.0
8,0.0,0.0,0.0,0.0,0.0,0.0,0.0,-0.9275044805437558,0.0,1.3491508123806883,0.8874098342905683,1.4151539389855208,0.0,0.0,0.0,0.0,0.0,0.0,0.0
9,0.0,0.0,0.0,0.0,0.0,0.0,0.0,0.0,1.3491508123806883,0.0,0.1517545207609503,0.0,0.9228429160559672,0.8167445596699261,0.0,0.0,0.0,0.0,0.0
10,0.0,0.0,0.0,0.0,0.0,0.0,0.0,0.7391932422997706,0.8874098342905683,0.1517545207609503,0.0,1.5292650951927103,0.5395608926289344,0.5362212295208627,0.0,0.0,0.0,0.0,0.0
11,0.0,0.0,0.0,0.0,0.0,0.0,0.0,1.414242002380247,1.4151539389855208,0.0,1.5292650951927103,0.0,0.0,0.0,0.0,0.0,0.0,0.0,0.0
12,0.0,0.0,0.0,0.0,0.0,0.0,0.0,0.0,0.0,0.9228429160559672,0.5395608926289344,0.0,0.0,-0.4479869730326247,0.0,0.0,0.0,0.0,0.0
13,0.0,0.0,0.0,0.0,0.0,0.0,0.0,0.0,0.0,0.8167445596699261,0.5362212295208627,0.0,-0.4479869730326247,0.0,0.711653397445128,0.0,0.0,0.3607578140375987,0.0
14,0.0,0.0,0.0,0.0,0.0,0.0,0.0,0.0,0.0,0.0,0.0,0.0,0.0,0.711653397445128,0.0,-1.0010028863064648,-0.06348555330102268,0.5884458175184786,-0.5565048112510722
15,0.0,0.0,0.0,0.0,0.0,0.0,0.0,0.0,0.0,0.0,0.0,0.0,0.0,0.0,-1.0010028863064648,0.0,0.05121018669481896,0.0,-0.548708343188526
16,0.0,0.0,0.0,0.0,0.0,0.0,0.0,0.0,0.0,0.0,0.0,0.0,0.0,0.0,-0.06348555330102268,0.05121018669481896,0.0,0.24418793881916434,-1.5467384128016697
17,0.0,0.0,0.0,0.0,0.0,0.0,0.0,0.0,0.0,0.0,0.0,0.0,0.0,0.3607578140375987,0.5884458175184786,0.0,0.24418793881916434,0.0,0.0
18,0.0,0.0,0.0,0.0,0.0,0.0,0.0,0.0,0.0,0.0,0.0,0.0,0.0,0.0,-0.5565048112510722,-0.548708343188526,-1.5467384128016697,0.0,0.0
