,0,1,2,3,4,5,6,7,8,9,10,11,12,13,14,15,16,17,18,19
0,0.0,3.753329907691658,2.422743243679475,0.0,-0.5410671711051139,0.0,0.0,0.0,0.0,0.0,0.0,0.0,0.0,0.0,0.0,0.0,0.0,0.0,0.0,0.0
1,3.753329907691658,0.0,0.010974621925044992,0.0,1.9307940539152562,0.0,0.0,0.0,0.0,0.0,0.0,0.0,0.0,0.0,0.0,0.0,0.0,0.0,0.0,0.0
2,2.422743243679475,0.010974621925044992,0.0,-0.6653462809002757,1.9473962614504368,-0.04486151702134421,0.0,0.0,0.0,0.0,0.0,0.0,0.0,0.0,0.0,0.0,0.0,0.0,0.0,0.0
3,0.0,0.0,-0.6653462809002757,0.0,2.013022293084574,0.23003093721328133,0.41483080577571224,0.0,0.0,0.0,0.0,0.0,0.0,0.0,0.0,0.0,0.0,0.0,0.0,0.0
4,-0.5410671711051139,1.9307940539152562,1.9473962614504368,2.013022293084574,0.0,1.7840151208993498,0.0,0.0,0.0,0.0,0.0,0.0,0.0,0.0,0.0,0.0,0.0,0.0,0.0,0.0
5,0.0,0.0,-0.04486151702134421,0.23003093721328133,1.7840151208993498,0.0,-0.11095064713774529,0.0,0.0,0.0,0.0,0.0,0.0,0.0,0.0,0.0,0.0,0.0,0.0,0.0
6,0.0,0.0,0.0,0.41483080577571224,0.0,-0.11095064713774529,0.0,-0.5014910840565523,1.169570122397412,0.0,0.0,0.0,0.0,0.0,0.0,0.0,0.0,0.0,0.0,0.0
7,0.0,0.0,0.0,0.0,0.0,0.0,-0.5014910840565523,0.0,1.051172633120817,-0.037329185700386056,0.0,0.0,0.0,0.0,0.0,0.0,0.0,0.0,0.0,0.0
8,0.0,0.0,0.0,0.0,0.0,0.0,1.169570122397412,1.051172633120817,0.0,0.625151182803247,0.0,0.0,0.0,0.0,0.0,0.0,0.0,0.0,0.0,0.0
9,0.0,0.0,0.0,0.0,0.0,0.0,0.0,-0.037329185700386056,0.625151182803247,0.0,-1.1683698931769375,0.0,0.0,0.0,0.0,0.0,0.0,0.0,0.0,0.0
10,0.0,0.0,0.0,0.0,0.0,0.0,0.0,0.0,0.0,-1.1683698931769375,0.0,0.0,0.0,-0.8137541701955202,-0.9468855960725374,0.0,0.0,0.0,0.0,0.0
11,0.0,0.0,0.0,0.0,0.0,0.0,0.0,0.0,0.0,0.0,0.0,0.0,0.428248118609946,-0.5529285855393818,-0.5711915710447397,0.0,0.0,0.0,0.0,0.0
12,0.0,0.0,0.0,0.0,0.0,0.0,0.0,0.0,0.0,0.0,0.0,0.428248118609946,0.0,0.43153530476301805,0.28665467137764894,0.1884560073333337,0.0,0.0,0.0,0.0
13,0.0,0.0,0.0,0.0,0.0,0.0,0.0,0.0,0.0,0.0,-0.8137541701955202,-0.5529285855393818,0.43153530476301805,0.0,-1.9647943532597323,-0.9788956774024502,-0.828191507600687,0.0,0.0,0.0
14,0.0,0.0,0.0,0.0,0.0,0.0,0.0,0.0,0.0,0.0,-0.9468855960725374,-0.5711915710447397,0.28665467137764894,-1.9647943532597323,0.0,-1.3154801238478686,-0.8162165423268267,0.0,0.0,0.0
15,0.0,0.0,0.0,0.0,0.0,0.0,0.0,0.0,0.0,0.0,0.0,0.0,0.1884560073333337,-0.9788956774024502,-1.3154801238478686,0.0,-0.44485581371617405,-2.820876911204095,-1.5548983305308077,0.0
16,0.0,0.0,0.0,0.0,0.0,0.0,0.0,0.0,0.0,0.0,0.0,0.0,0.0,-0.828191507600687,-0.8162165423268267,-0.44485581371617405,0.0,0.0,0.0,-0.15372630120865446
17,0.0,0.0,0.0,0.0,0.0,0.0,0.0,0.0,0.0,0.0,0.0,0.0,0.0,0.0,0.0,-2.820876911204095,0.0,0.0,-1.3726308599978825,-0.6179704958622709
18,0.0,0.0,0.0,0.0,0.0,0.0,0.0,0.0,0.0,0.0,0.0,0.0,0.0,0.0,0.0,-1.5548983305308077,0.0,-1.3726308599978825,0.0,-0.7888249939205566
19,0.0,0.0,0.0,0.0,0.0,0.0,0.0,0.0,0.0,0.0,0.0,0.0,0.0,0.0,0.0,0.0,-0.15372630120865446,-0.6179704958622709,-0.7888249939205566,0.0
