,0,1,2,3,4,5,6,7,8,9,10,11,12,13,14,15,16,17,18
0,0.0,3.10674186962591,2.9553715882242484,2.663571782520595,0.0,0.0,0.0,0.0,0.0,0.0,0.0,0.0,0.0,0.0,0.0,0.0,0.0,0.0,0.0
1,3.10674186962591,0.0,1.707849158924211,1.5450866169382695,0.9729937828008889,0.0,0.0,0.0,0.0,0.0,0.0,0.0,0.0,0.0,0.0,0.0,0.0,0.0,0.0
2,2.9553715882242484,1.707849158924211,0.0,-0.4176756340504971,-2.787687827906384,0.0,0.0,0.0,0.0,0.0,0.0,0.0,0.0,0.0,0.0,0.0,0.0,0.0,0.0
3,2.663571782520595,1.5450866169382695,-0.4176756340504971,0.0,-0.9965518673627037,2.5197583826039263,0.0,0.0,0.0,0.0,0.0,0.0,0.0,0.0,0.0,0.0,0.0,0.0,0.0
4,0.0,0.9729937828008889,-2.787687827906384,-0.9965518673627037,0.0,2.506223667251684,1.783333982906246,-1.5818081996951394,0.0,0.0,0.0,0.0,0.0,0.0,0.0,0.0,0.0,0.0,0.0
5,0.0,0.0,0.0,2.5197583826039263,2.506223667251684,0.0,1.201179508391433,2.0452364301337487,0.0,0.0,0.0,0.0,0.0,0.0,0.0,0.0,0.0,0.0,0.0
6,0.0,0.0,0.0,0.0,1.783333982906246,1.201179508391433,0.0,1.656663490844458,-0.4554346939224097,0.0,0.0,0.0,0.0,0.0,0.0,0.0,0.0,0.0,0.0
7,0.0,0.0,0.0,0.0,-1.5818081996951394,2.0452364301337487,1.656663490844458,0.0,1.494052659172133,0.0,0.0,0.0,0.0,0.0,0.0,0.0,0.0,0.0,0.0
8,0.0,0.0,0.0,0.0,0.0,0.0,-0.4554346939224097,1.494052659172133,0.0,-0.9805955145921187,0.49622074731842686,1.5168645417176863,0.0,0.0,0.0,0.0,0.0,0.0,0.0
9,0.0,0.0,0.0,0.0,0.0,0.0,0.0,0.0,-0.9805955145921187,0.0,0.2901247645817066,1.4575101059048357,0.5137199153692333,0.0,0.0,0.0,0.0,0.0,0.0
10,0.0,0.0,0.0,0.0,0.0,0.0,0.0,0.0,0.49622074731842686,0.2901247645817066,0.0,1.0981703063376969,-0.18866329979826846,0.0,0.0,0.0,0.0,0.0,0.0
11,0.0,0.0,0.0,0.0,0.0,0.0,0.0,0.0,1.5168645417176863,1.4575101059048357,1.0981703063376969,0.0,0.7614265751486285,0.0,0.0,0.0,0.0,0.0,0.0
12,0.0,0.0,0.0,0.0,0.0,0.0,0.0,0.0,0.0,0.5137199153692333,-0.18866329979826846,0.7614265751486285,0.0,0.0,0.0,0.0,0.0,0.0,0.0
13,0.0,0.0,0.0,0.0,0.0,0.0,0.0,0.0,0.0,0.0,0.0,0.0,0.0,0.0,-0.7620024838088817,-1.1644306916306182,-0.9506866192689021,0.0,0.0
14,0.0,0.0,0.0,0.0,0.0,0.0,0.0,0.0,0.0,0.0,0.0,0.0,0.0,-0.7620024838088817,0.0,-1.7626055489050012,-0.5742097995848192,0.0,0.0
15,0.0,0.0,0.0,0.0,0.0,0.0,0.0,0.0,0.0,0.0,0.0,0.0,0.0,-1.1644306916306182,-1.7626055489050012,0.0,-0.4234548680486255,-1.9980193547943041,-1.715886468749588
16,0.0,0.0,0.0,0.0,0.0,0.0,0.0,0.0,0.0,0.0,0.0,0.0,0.0,-0.9506866192689021,-0.5742097995848192,-0.4234548680486255,0.0,-1.5618618374636004,-2.3201254429262996
17,0.0,0.0,0.0,0.0,0.0,0.0,0.0,0.0,0.0,0.0,0.0,0.0,0.0,0.0,0.0,-1.9980193547943041,-1.5618618374636004,0.0,-1.8713984188923938
18,0.0,0.0,0.0,0.0,0.0,0.0,0.0,0.0,0.0,0.0,0.0,0.0,0.0,0.0,0.0,-1.715886468749588,-2.3201254429262996,-1.8713984188923938,0.0
