,0,1,2,3,4,5,6,7,8,9,10,11,12,13,14,15,16,17
0,0.0,-0.13061726972508658,1.7623525088471486,0.0,1.7230972893268368,0.0,0.0,0.0,0.0,0.0,0.0,0.0,0.0,0.0,0.0,0.0,0.0,0.0
1,-0.13061726972508658,0.0,1.670884763640004,0.0,1.7233232879774851,0.0,0.0,0.0,0.0,0.0,0.0,0.0,0.0,0.0,0.0,0.0,0.0,0.0
2,1.7623525088471486,1.670884763640004,0.0,-0.6509754064500063,1.7753161884271047,0.0,0.0,0.0,0.0,0.0,0.0,0.0,0.0,0.0,0.0,0.0,0.0,0.0
3,0.0,0.0,-0.6509754064500063,0.0,1.7491053020359286,1.3694284892650788,-2.2220441461410747,0.0,0.0,0.0,0.0,0.0,0.0,0.0,0.0,0.0,0.0,0.0
4,1.7230972893268368,1.7233232879774851,1.7753161884271047,1.7491053020359286,0.0,0.4248175524623417,1.5263858729419504,0.0,0.0,0.0,0.0,0.0,0.0,0.0,0.0,0.0,0.0,0.0
5,0.0,0.0,0.0,1.3694284892650788,0.4248175524623417,0.0,1.3155054188762392,0.0,0.0,0.0,0.0,0.0,0.0,0.0,0.0,0.0,0.0,0.0
6,0.0,0.0,0.0,-2.2220441461410747,1.5263858729419504,1.3155054188762392,0.0,-0.7721337224828725,0.37883101507983696,0.8392981904392567,0.0,0.0,0.0,0.0,0.0,0.0,0.0,0.0
7,0.0,0.0,0.0,0.0,0.0,0.0,-0.7721337224828725,0.0,0.27601498371923916,0.0,0.9118426526324054,0.6467987640410139,0.35034067877168834,0.0,0.0,0.0,0.0,0.0
8,0.0,0.0,0.0,0.0,0.0,0.0,0.37883101507983696,0.27601498371923916,0.0,0.02311492194642311,0.341317916914884,-0.17788686499065934,0.0,0.0,0.0,0.0,0.0,0.0
9,0.0,0.0,0.0,0.0,0.0,0.0,0.8392981904392567,0.0,0.02311492194642311,0.0,-0.20496890077339544,-2.2935493937430596,0.0,0.0,0.0,0.0,0.0,0.0
10,0.0,0.0,0.0,0.0,0.0,0.0,0.0,0.9118426526324054,0.341317916914884,-0.20496890077339544,0.0,-0.23186671003434328,-1.1463741109594519,0.0,0.0,0.0,0.0,0.0
11,0.0,0.0,0.0,0.0,0.0,0.0,0.0,0.6467987640410139,-0.17788686499065934,-2.2935493937430596,-0.23186671003434328,0.0,-1.0450049658264313,0.0,0.0,0.0,0.0,0.0
12,0.0,0.0,0.0,0.0,0.0,0.0,0.0,0.35034067877168834,0.0,0.0,-1.1463741109594519,-1.0450049658264313,0.0,0.0,0.0,0.0,0.0,0.0
13,0.0,0.0,0.0,0.0,0.0,0.0,0.0,0.0,0.0,0.0,0.0,0.0,0.0,0.0,-2.4134362300725165,-2.9601256470537525,0.0,-3.076856977169544
14,0.0,0.0,0.0,0.0,0.0,0.0,0.0,0.0,0.0,0.0,0.0,0.0,0.0,-2.4134362300725165,0.0,-3.0307053524662932,-0.09263390615356162,-2.3053388009896763
15,0.0,0.0,0.0,0.0,0.0,0.0,0.0,0.0,0.0,0.0,0.0,0.0,0.0,-2.9601256470537525,-3.0307053524662932,0.0,-0.1272646888423848,-2.76603698059526
16,0.0,0.0,0.0,0.0,0.0,0.0,0.0,0.0,0.0,0.0,0.0,0.0,0.0,0.0,-0.09263390615356162,-0.1272646888423848,0.0,-0.2663173704435077
17,0.0,0.0,0.0,0.0,0.0,0.0,0.0,0.0,0.0,0.0,0.0,0.0,0.0,-3.076856977169544,-2.3053388009896763,-2.76603698059526,-0.2663173704435077,0.0
