,0,1,2,3,4,5,6,7,8,9,10,11,12,13,14,15,16,17,18,19,20
0,0.0,3.6225932780813697,2.309365798378993,1.4174688513919138,0.0,0.0,0.0,0.0,0.0,0.0,0.0,0.0,0.0,0.0,0.0,0.0,0.0,0.0,0.0,0.0,0.0
1,3.6225932780813697,0.0,-1.1405698385050635,1.20388176759629,0.0,0.0,0.0,0.0,0.0,0.0,0.0,0.0,0.0,0.0,0.0,0.0,0.0,0.0,0.0,0.0,0.0
2,2.309365798378993,-1.1405698385050635,0.0,1.2297753182104272,1.3871680913518212,1.7012059345192077,0.0,0.0,0.0,0.0,0.0,0.0,0.0,0.0,0.0,0.0,0.0,0.0,0.0,0.0,0.0
3,1.4174688513919138,1.20388176759629,1.2297753182104272,0.0,0.9698480349881851,1.3414186698829509,0.4343350608572084,0.0,0.0,0.0,0.0,0.0,0.0,0.0,0.0,0.0,0.0,0.0,0.0,0.0,0.0
4,0.0,0.0,1.3871680913518212,0.9698480349881851,0.0,0.4491584887136314,0.838343117919522,0.0,0.0,0.0,0.0,0.0,0.0,0.0,0.0,0.0,0.0,0.0,0.0,0.0,0.0
5,0.0,0.0,1.7012059345192077,1.3414186698829509,0.4491584887136314,0.0,1.226435453860102,0.0,0.0,0.0,0.0,0.0,0.0,0.0,0.0,0.0,0.0,0.0,0.0,0.0,0.0
6,0.0,0.0,0.0,0.4343350608572084,0.838343117919522,1.226435453860102,0.0,0.6256034135955624,-0.7417228821521809,-0.722575769365849,0.0,0.0,0.0,0.0,0.0,0.0,0.0,0.0,0.0,0.0,0.0
7,0.0,0.0,0.0,0.0,0.0,0.0,0.6256034135955624,0.0,0.7425536706456539,0.4055545913026479,0.0,0.0,0.0,0.0,0.0,0.0,0.0,0.0,0.0,0.0,0.0
8,0.0,0.0,0.0,0.0,0.0,0.0,-0.7417228821521809,0.7425536706456539,0.0,-1.7281289755793383,0.0,0.0,0.0,0.0,0.0,0.0,0.0,0.0,0.0,0.0,0.0
9,0.0,0.0,0.0,0.0,0.0,0.0,-0.722575769365849,0.4055545913026479,-1.7281289755793383,0.0,0.6424138055295274,-0.5591364574049135,0.45822902828186246,0.0,0.0,0.0,0.0,0.0,0.0,0.0,0.0
10,0.0,0.0,0.0,0.0,0.0,0.0,0.0,0.0,0.0,0.6424138055295274,0.0,0.0332154272518927,-1.2054962337951516,0.0,-2.34609865823321,0.0,0.0,0.0,0.0,0.0,0.0
11,0.0,0.0,0.0,0.0,0.0,0.0,0.0,0.0,0.0,-0.5591364574049135,0.0332154272518927,0.0,0.08174258132190006,0.027154321015550438,0.06226282039547687,0.0,0.0,0.0,0.0,0.0,0.0
12,0.0,0.0,0.0,0.0,0.0,0.0,0.0,0.0,0.0,0.45822902828186246,-1.2054962337951516,0.08174258132190006,0.0,-3.3357895939644044,-1.4186802024709773,0.0,0.0,0.0,0.0,0.0,0.0
13,0.0,0.0,0.0,0.0,0.0,0.0,0.0,0.0,0.0,0.0,0.0,0.027154321015550438,-3.3357895939644044,0.0,-1.3052822404992486,0.0,0.0,0.0,0.0,0.0,0.0
14,0.0,0.0,0.0,0.0,0.0,0.0,0.0,0.0,0.0,0.0,-2.34609865823321,0.06226282039547687,-1.4186802024709773,-1.3052822404992486,0.0,0.0,0.0,0.0,0.0,1.1333973173826366,0.0
15,0.0,0.0,0.0,0.0,0.0,0.0,0.0,0.0,0.0,0.0,0.0,0.0,0.0,0.0,0.0,0.0,-1.5530925728002447,-1.176361862144981,-1.9826123067874335,1.129914353146899,0.0
16,0.0,0.0,0.0,0.0,0.0,0.0,0.0,0.0,0.0,0.0,0.0,0.0,0.0,0.0,0.0,-1.5530925728002447,0.0,-1.067195188545497,-3.093022689746696,1.1474295961753687,-2.147358113721865
17,0.0,0.0,0.0,0.0,0.0,0.0,0.0,0.0,0.0,0.0,0.0,0.0,0.0,0.0,0.0,-1.176361862144981,-1.067195188545497,0.0,-1.230310354838041,0.0,-1.5339205536634888
18,0.0,0.0,0.0,0.0,0.0,0.0,0.0,0.0,0.0,0.0,0.0,0.0,0.0,0.0,0.0,-1.9826123067874335,-3.093022689746696,-1.230310354838041,0.0,0.0,-2.169555714292332
19,0.0,0.0,0.0,0.0,0.0,0.0,0.0,0.0,0.0,0.0,0.0,0.0,0.0,0.0,1.1333973173826366,1.129914353146899,1.1474295961753687,0.0,0.0,0.0,0.0
20,0.0,0.0,0.0,0.0,0.0,0.0,0.0,0.0,0.0,0.0,0.0,0.0,0.0,0.0,0.0,0.0,-2.147358113721865,-1.5339205536634888,-2.169555714292332,0.0,0.0
