,0,1,2,3,4,5,6,7,8,9,10,11,12,13,14,15,16,17,18,19,20,21,22,23
0,0.0,1.057438444335716,0.7461608925652906,-0.08955109178458892,0.0,0.0,0.0,0.0,0.0,0.0,0.0,0.0,0.0,0.0,0.0,0.0,0.0,0.0,0.0,0.0,0.0,0.0,0.0,0.0
1,1.057438444335716,0.0,-0.5601955287650873,-0.10821115689536098,1.9171166505363784,0.0,0.0,0.0,0.0,0.0,0.0,0.0,0.0,0.0,0.0,0.0,0.0,0.0,0.0,0.0,0.0,0.0,0.0,0.0
2,0.7461608925652906,-0.5601955287650873,0.0,-0.19194795688073196,1.9128983629173228,0.0,0.0,0.0,0.0,0.0,0.0,0.0,0.0,0.0,0.0,0.0,0.0,0.0,0.0,0.0,0.0,0.0,0.0,0.0
3,-0.08955109178458892,-0.10821115689536098,-0.19194795688073196,0.0,1.853965963178501,-0.4955407573968082,1.6672378253590736,0.0,0.0,0.0,0.0,0.0,0.0,0.0,0.0,0.0,0.0,0.0,0.0,0.0,0.0,0.0,0.0,0.0
4,0.0,1.9171166505363784,1.9128983629173228,1.853965963178501,0.0,1.862080041824077,-0.8312713315028186,-1.2265336637875797,0.0,0.0,0.0,0.0,0.0,0.0,0.0,0.0,0.0,0.0,0.0,0.0,0.0,0.0,0.0,0.0
5,0.0,0.0,0.0,-0.4955407573968082,1.862080041824077,0.0,1.7561539925486103,1.5875413309373667,0.0,0.0,0.0,0.0,0.0,0.0,0.0,0.0,0.0,0.0,0.0,0.0,0.0,0.0,0.0,0.0
6,0.0,0.0,0.0,1.6672378253590736,-0.8312713315028186,1.7561539925486103,0.0,-0.3382239585984247,0.0,0.0,0.0,0.0,0.0,0.0,0.0,0.0,0.0,0.0,0.0,0.0,0.0,0.0,0.0,0.0
7,0.0,0.0,0.0,0.0,-1.2265336637875797,1.5875413309373667,-0.3382239585984247,0.0,-1.5565826848360078,-1.4191700356502799,0.0,0.0,0.0,0.0,0.0,0.0,0.0,0.0,0.0,0.0,0.0,0.0,0.0,0.0
8,0.0,0.0,0.0,0.0,0.0,0.0,0.0,-1.5565826848360078,0.0,-0.8834757976933005,1.047271540682328,-0.952851424407098,0.0,0.0,0.0,0.0,0.0,0.0,0.0,0.0,0.0,0.0,0.0,0.0
9,0.0,0.0,0.0,0.0,0.0,0.0,0.0,-1.4191700356502799,-0.8834757976933005,0.0,1.1511061284158133,-3.097139782622978,0.0,0.0,0.0,0.0,0.0,0.0,0.0,1.3387388854882092,0.0,0.0,0.0,0.0
10,0.0,0.0,0.0,0.0,0.0,0.0,0.0,0.0,1.047271540682328,1.1511061284158133,0.0,1.114171390354152,-0.5021260052003469,0.3087857585779857,0.0,0.0,0.0,0.0,0.0,0.0,0.0,0.0,0.0,0.0
11,0.0,0.0,0.0,0.0,0.0,0.0,0.0,0.0,-0.952851424407098,-3.097139782622978,1.114171390354152,0.0,0.0,0.0,0.0,0.0,0.0,0.0,0.0,1.3373090535499044,0.0,0.0,0.0,0.0
12,0.0,0.0,0.0,0.0,0.0,0.0,0.0,0.0,0.0,0.0,-0.5021260052003469,0.0,0.0,0.044624140521249474,0.008561043476406283,-1.0164056492393798,0.0,0.0,0.0,0.0,0.0,0.0,0.0,0.0
13,0.0,0.0,0.0,0.0,0.0,0.0,0.0,0.0,0.0,0.0,0.3087857585779857,0.0,0.044624140521249474,0.0,-2.179967435138943,-0.09821593399434188,0.0,0.0,0.0,1.3970462296099642,0.0,0.0,0.0,0.0
14,0.0,0.0,0.0,0.0,0.0,0.0,0.0,0.0,0.0,0.0,0.0,0.0,0.008561043476406283,-2.179967435138943,0.0,-0.037291439937054964,0.0,0.0,0.0,0.0,0.0,0.0,0.0,0.0
15,0.0,0.0,0.0,0.0,0.0,0.0,0.0,0.0,0.0,0.0,0.0,0.0,-1.0164056492393798,-0.09821593399434188,-0.037291439937054964,0.0,-1.0150324225808338,-2.1208409684679417,0.0,0.0,0.0,0.0,0.0,0.0
16,0.0,0.0,0.0,0.0,0.0,0.0,0.0,0.0,0.0,0.0,0.0,0.0,0.0,0.0,0.0,-1.0150324225808338,0.0,-0.802551299234714,-1.360741735973978,0.0,-1.1970403672463412,0.0,0.0,0.0
17,0.0,0.0,0.0,0.0,0.0,0.0,0.0,0.0,0.0,0.0,0.0,0.0,0.0,0.0,0.0,-2.1208409684679417,-0.802551299234714,0.0,-0.7412989263508778,0.0,-1.3950245060738817,0.0,0.0,0.0
18,0.0,0.0,0.0,0.0,0.0,0.0,0.0,0.0,0.0,0.0,0.0,0.0,0.0,0.0,0.0,0.0,-1.360741735973978,-0.7412989263508778,0.0,0.0,-1.6133640079469478,0.0,0.0,0.0
19,0.0,0.0,0.0,0.0,0.0,0.0,0.0,0.0,0.0,1.3387388854882092,0.0,1.3373090535499044,0.0,1.3970462296099642,0.0,0.0,0.0,0.0,0.0,0.0,0.0,0.0,0.0,0.0
20,0.0,0.0,0.0,0.0,0.0,0.0,0.0,0.0,0.0,0.0,0.0,0.0,0.0,0.0,0.0,0.0,-1.1970403672463412,-1.3950245060738817,-1.6133640079469478,0.0,0.0,-1.3762095667061465,-0.5786778551726643,-1.052754525527797
21,0.0,0.0,0.0,0.0,0.0,0.0,0.0,0.0,0.0,0.0,0.0,0.0,0.0,0.0,0.0,0.0,0.0,0.0,0.0,0.0,-1.3762095667061465,0.0,-0.31961087292555396,-0.7979097099423851
22,0.0,0.0,0.0,0.0,0.0,0.0,0.0,0.0,0.0,0.0,0.0,0.0,0.0,0.0,0.0,0.0,0.0,0.0,0.0,0.0,-0.5786778551726643,-0.31961087292555396,0.0,-2.8564600263924333
23,0.0,0.0,0.0,0.0,0.0,0.0,0.0,0.0,0.0,0.0,0.0,0.0,0.0,0.0,0.0,0.0,0.0,0.0,0.0,0.0,-1.052754525527797,-0.7979097099423851,-2.8564600263924333,0.0
