,0,1,2,3,4,5,6,7,8,9,10,11,12,13,14,15,16,17,18,19,20,21,22,23,24
0,0.0,0.009094850649194514,3.083741098710273,2.759070815329383,0.0,0.0,0.0,0.0,0.0,0.0,0.0,0.0,0.0,0.0,0.0,0.0,0.0,0.0,0.0,0.0,0.0,0.0,0.0,0.0,0.0
1,0.009094850649194514,0.0,3.0516360792717596,2.7284301330439233,-0.15704267930891608,0.0,0.0,0.0,0.0,0.0,0.0,0.0,0.0,0.0,0.0,0.0,0.0,0.0,0.0,0.0,0.0,0.0,0.0,0.0,0.0
2,3.083741098710273,3.0516360792717596,0.0,-0.41166439822127815,2.4269036706921416,0.0,0.0,0.0,0.0,0.0,0.0,0.0,0.0,0.0,0.0,0.0,0.0,0.0,0.0,0.0,0.0,0.0,0.0,0.0,0.0
3,2.759070815329383,2.7284301330439233,-0.41166439822127815,0.0,2.473825623563529,-0.9543027109099212,-1.2720830996287238,0.0,0.0,0.0,0.0,0.0,0.0,0.0,0.0,0.0,0.0,0.0,0.0,0.0,0.0,0.0,0.0,0.0,0.0
4,0.0,-0.15704267930891608,2.4269036706921416,2.473825623563529,0.0,2.2025589892312185,2.0866325904043315,0.0,0.0,0.0,0.0,0.0,0.0,0.0,0.0,0.0,0.0,0.0,0.0,0.0,0.0,0.0,0.0,0.0,0.0
5,0.0,0.0,0.0,-0.9543027109099212,2.2025589892312185,0.0,-2.0789157953653814,-0.3677575800972751,0.0,0.0,0.0,0.0,0.0,0.0,0.0,0.0,0.0,0.0,0.0,0.0,0.0,0.0,0.0,0.0,0.0
6,0.0,0.0,0.0,-1.2720830996287238,2.0866325904043315,-2.0789157953653814,0.0,-0.5273000292690512,0.5700894559465643,0.0,0.0,0.0,0.0,0.0,0.0,0.0,0.0,0.0,0.0,0.0,0.0,0.0,0.0,0.0,0.0
7,0.0,0.0,0.0,0.0,0.0,-0.3677575800972751,-0.5273000292690512,0.0,0.28607085641807367,0.0,0.0,0.0,0.0,0.0,0.0,0.0,0.0,0.0,0.0,0.0,0.0,0.0,0.0,0.0,0.0
8,0.0,0.0,0.0,0.0,0.0,0.0,0.5700894559465643,0.28607085641807367,0.0,1.3567478645198578,-0.8733360923899169,0.0,0.0,0.0,0.0,0.0,0.0,0.0,0.0,0.0,0.0,0.0,0.0,0.0,0.0
9,0.0,0.0,0.0,0.0,0.0,0.0,0.0,0.0,1.3567478645198578,0.0,1.3309964562525771,0.0,0.10263890255252567,0.0,0.32634901580160913,0.0,0.0,0.0,0.0,0.0,0.0,0.0,0.0,0.0,0.0
10,0.0,0.0,0.0,0.0,0.0,0.0,0.0,0.0,-0.8733360923899169,1.3309964562525771,0.0,-0.8505353874946947,0.8951251036032977,-0.68229634294125,0.0,0.0,0.0,0.0,0.0,0.0,0.0,0.0,0.0,0.0,0.0
11,0.0,0.0,0.0,0.0,0.0,0.0,0.0,0.0,0.0,0.0,-0.8505353874946947,0.0,0.8778085113978995,-1.0684179146690274,0.7099416518676845,-0.8007540713655976,0.0,0.0,0.0,0.0,0.0,0.0,0.0,0.0,0.0
12,0.0,0.0,0.0,0.0,0.0,0.0,0.0,0.0,0.0,0.10263890255252567,0.8951251036032977,0.8778085113978995,0.0,0.9894730328675589,-1.0159748587818398,0.0,0.0,0.0,0.0,0.0,0.0,0.0,0.0,0.0,0.0
13,0.0,0.0,0.0,0.0,0.0,0.0,0.0,0.0,0.0,0.0,-0.68229634294125,-1.0684179146690274,0.9894730328675589,0.0,0.8622112919182796,-1.013000822526631,0.0,0.0,0.0,0.0,0.0,0.0,0.0,0.0,0.0
14,0.0,0.0,0.0,0.0,0.0,0.0,0.0,0.0,0.0,0.32634901580160913,0.0,0.7099416518676845,-1.0159748587818398,0.8622112919182796,0.0,0.6824836184972481,0.0,0.0,0.0,0.0,0.0,0.0,0.0,0.0,0.0
15,0.0,0.0,0.0,0.0,0.0,0.0,0.0,0.0,0.0,0.0,0.0,-0.8007540713655976,0.0,-1.013000822526631,0.6824836184972481,0.0,0.0,0.0,0.0,0.0,0.0,0.0,0.0,0.0,0.0
16,0.0,0.0,0.0,0.0,0.0,0.0,0.0,0.0,0.0,0.0,0.0,0.0,0.0,0.0,0.0,0.0,0.0,-0.40196042344946487,-1.2967633705140322,0.0,-1.4446925344370303,0.0,0.0,0.0,0.0
17,0.0,0.0,0.0,0.0,0.0,0.0,0.0,0.0,0.0,0.0,0.0,0.0,0.0,0.0,0.0,0.0,-0.40196042344946487,0.0,-0.8090692169723784,-0.9926261715209053,-0.2769113045246135,0.28132047545234484,0.0,0.0,0.0
18,0.0,0.0,0.0,0.0,0.0,0.0,0.0,0.0,0.0,0.0,0.0,0.0,0.0,0.0,0.0,0.0,-1.2967633705140322,-0.8090692169723784,0.0,-0.6047077896672417,-0.747733674447829,0.0,-0.8021738909593388,0.0,0.0
19,0.0,0.0,0.0,0.0,0.0,0.0,0.0,0.0,0.0,0.0,0.0,0.0,0.0,0.0,0.0,0.0,0.0,-0.9926261715209053,-0.6047077896672417,0.0,-0.030916045822424104,0.2614213624950478,0.0,0.0,0.0
20,0.0,0.0,0.0,0.0,0.0,0.0,0.0,0.0,0.0,0.0,0.0,0.0,0.0,0.0,0.0,0.0,-1.4446925344370303,-0.2769113045246135,-0.747733674447829,-0.030916045822424104,0.0,-0.10135231543706534,0.0,-1.6450031311656126,-1.250418622550743
21,0.0,0.0,0.0,0.0,0.0,0.0,0.0,0.0,0.0,0.0,0.0,0.0,0.0,0.0,0.0,0.0,0.0,0.28132047545234484,0.0,0.2614213624950478,-0.10135231543706534,0.0,0.0,0.0,0.0
22,0.0,0.0,0.0,0.0,0.0,0.0,0.0,0.0,0.0,0.0,0.0,0.0,0.0,0.0,0.0,0.0,0.0,0.0,-0.8021738909593388,0.0,0.0,0.0,0.0,-1.137657315281789,-2.3905402888056324
23,0.0,0.0,0.0,0.0,0.0,0.0,0.0,0.0,0.0,0.0,0.0,0.0,0.0,0.0,0.0,0.0,0.0,0.0,0.0,0.0,-1.6450031311656126,0.0,-1.137657315281789,0.0,-1.7970599919374655
24,0.0,0.0,0.0,0.0,0.0,0.0,0.0,0.0,0.0,0.0,0.0,0.0,0.0,0.0,0.0,0.0,0.0,0.0,0.0,0.0,-1.250418622550743,0.0,-2.3905402888056324,-1.7970599919374655,0.0
