,0,1,2,3,4,5,6,7,8,9,10,11,12,13,14,15,16,17,18,19,20,21,22
0,0.0,-0.4554526598522676,1.5846032115205018,2.3098998794987287,0.0,0.0,0.0,0.0,0.0,0.0,0.0,0.0,0.0,0.0,0.0,0.0,0.0,0.0,0.0,0.0,0.0,0.0,0.0
1,-0.4554526598522676,0.0,1.4755370562733128,2.295595456556897,-0.22449830718710853,0.0,0.0,0.0,0.0,0.0,0.0,0.0,0.0,0.0,0.0,0.0,0.0,0.0,0.0,0.0,0.0,0.0,0.0
2,1.5846032115205018,1.4755370562733128,0.0,2.24237099756183,-0.169118753939,0.0,0.0,0.0,0.0,0.0,0.0,0.0,0.0,0.0,0.0,0.0,0.0,0.0,0.0,0.0,0.0,0.0,0.0
3,2.3098998794987287,2.295595456556897,2.24237099756183,0.0,1.5798791140471862,0.5205106842199362,-0.4552538879859976,0.0,0.0,0.0,0.0,0.0,0.0,0.0,0.0,0.0,0.0,0.0,0.0,0.0,0.0,0.0,0.0
4,0.0,-0.22449830718710853,-0.169118753939,1.5798791140471862,0.0,1.7093404844659785,0.0,0.0,-2.444837385026656,0.0,0.0,0.0,0.0,0.0,0.0,0.0,0.0,0.0,0.0,0.0,0.0,0.0,0.0
5,0.0,0.0,0.0,0.5205106842199362,1.7093404844659785,0.0,-2.5472561347503997,0.0,0.631072627458923,0.0,0.0,0.0,0.0,0.0,0.0,0.0,0.0,0.0,0.0,0.0,0.0,0.0,0.0
6,0.0,0.0,0.0,-0.4552538879859976,0.0,-2.5472561347503997,0.0,0.9098599469029569,0.596217253750136,0.7109317503677791,0.0,0.0,0.0,0.0,0.0,0.0,0.0,0.0,0.0,0.0,0.0,0.0,0.0
7,0.0,0.0,0.0,0.0,0.0,0.0,0.9098599469029569,0.0,0.0,0.0,0.8801393276782694,0.0,0.0,0.10379998110317713,0.0,0.0,0.0,0.0,0.0,0.0,0.0,0.0,0.0
8,0.0,0.0,0.0,0.0,-2.444837385026656,0.631072627458923,0.596217253750136,0.0,0.0,-0.2871098138599206,0.0,0.0,-0.05327105043161629,0.0,0.0,0.0,0.0,0.0,0.0,0.0,0.0,0.0,0.0
9,0.0,0.0,0.0,0.0,0.0,0.0,0.7109317503677791,0.0,-0.2871098138599206,0.0,-0.17862023204271832,0.0,-0.4176842568438281,0.0,0.0,0.0,0.0,0.0,0.0,0.0,0.0,0.0,0.0
10,0.0,0.0,0.0,0.0,0.0,0.0,0.0,0.8801393276782694,0.0,-0.17862023204271832,0.0,0.07480362034393233,0.1799691183916452,0.0,-0.8276092371787896,0.0,0.0,0.0,-0.16249366588886371,0.0,0.0,0.0,0.0
11,0.0,0.0,0.0,0.0,0.0,0.0,0.0,0.0,0.0,0.0,0.07480362034393233,0.0,0.0,0.43262703820032505,0.0,0.0,-0.3149938248672229,0.0,0.0,-2.6797498315087056,0.0,0.0,0.0
12,0.0,0.0,0.0,0.0,0.0,0.0,0.0,0.0,-0.05327105043161629,-0.4176842568438281,0.1799691183916452,0.0,0.0,0.0,0.0,0.0,0.0,0.0,-0.32540821355247296,0.0,0.0,0.0,0.0
13,0.0,0.0,0.0,0.0,0.0,0.0,0.0,0.10379998110317713,0.0,0.0,0.0,0.43262703820032505,0.0,0.0,0.5660163014502348,0.4708023589154328,0.0,0.0,0.0,0.0,0.0,0.0,0.0
14,0.0,0.0,0.0,0.0,0.0,0.0,0.0,0.0,0.0,0.0,-0.8276092371787896,0.0,0.0,0.5660163014502348,0.0,-1.3579828101707663,0.0,-3.240196485724955,-0.5414616914099474,0.0,0.0,0.0,0.0
15,0.0,0.0,0.0,0.0,0.0,0.0,0.0,0.0,0.0,0.0,0.0,0.0,0.0,0.4708023589154328,-1.3579828101707663,0.0,0.0,-1.3441446511602133,-0.6518736783888718,0.0,0.0,0.0,0.0
16,0.0,0.0,0.0,0.0,0.0,0.0,0.0,0.0,0.0,0.0,0.0,-0.3149938248672229,0.0,0.0,0.0,0.0,0.0,0.0,-0.04338814367714471,-0.4600198515361611,-0.2521425156463445,-1.2264539891090636,-1.1713971980239197
17,0.0,0.0,0.0,0.0,0.0,0.0,0.0,0.0,0.0,0.0,0.0,0.0,0.0,0.0,-3.240196485724955,-1.3441446511602133,0.0,0.0,0.0,0.0,-0.8986870543417496,0.0,0.0
18,0.0,0.0,0.0,0.0,0.0,0.0,0.0,0.0,0.0,0.0,-0.16249366588886371,0.0,-0.32540821355247296,0.0,-0.5414616914099474,-0.6518736783888718,-0.04338814367714471,0.0,0.0,0.0,-0.6304810926010156,0.0,0.0
19,0.0,0.0,0.0,0.0,0.0,0.0,0.0,0.0,0.0,0.0,0.0,-2.6797498315087056,0.0,0.0,0.0,0.0,-0.4600198515361611,0.0,0.0,0.0,0.0,-0.7551642924637315,-2.619234146071342
20,0.0,0.0,0.0,0.0,0.0,0.0,0.0,0.0,0.0,0.0,0.0,0.0,0.0,0.0,0.0,0.0,-0.2521425156463445,-0.8986870543417496,-0.6304810926010156,0.0,0.0,0.0,0.0
21,0.0,0.0,0.0,0.0,0.0,0.0,0.0,0.0,0.0,0.0,0.0,0.0,0.0,0.0,0.0,0.0,-1.2264539891090636,0.0,0.0,-0.7551642924637315,0.0,0.0,-1.0618044399206072
22,0.0,0.0,0.0,0.0,0.0,0.0,0.0,0.0,0.0,0.0,0.0,0.0,0.0,0.0,0.0,0.0,-1.1713971980239197,0.0,0.0,-2.619234146071342,0.0,-1.0618044399206072,0.0
