,0,1,2,3,4,5,6,7,8,9,10,11,12,13,14,15,16,17,18,19,20,21,22,23
0,0.0,3.0323693806184955,2.5965394098026873,1.111717971071882,0.0,0.0,0.0,0.0,0.0,0.0,0.0,0.0,0.0,0.0,0.0,0.0,0.0,0.0,0.0,0.0,0.0,0.0,0.0,0.0
1,3.0323693806184955,0.0,1.743025842137532,2.912757449665564,1.5733576159354452,0.0,0.0,0.0,0.0,0.0,0.0,0.0,0.0,0.0,0.0,0.0,0.0,0.0,0.0,0.0,0.0,0.0,0.0,0.0
2,2.5965394098026873,1.743025842137532,0.0,2.6362195521178604,0.0988133637571755,0.0,0.0,0.0,0.0,0.0,0.0,0.0,0.0,0.0,0.0,0.0,0.0,0.0,0.0,0.0,0.0,0.0,0.0,0.0
3,1.111717971071882,2.912757449665564,2.6362195521178604,0.0,2.2803486499315073,2.563813752473576,0.0,0.0,0.0,0.0,0.0,0.0,0.0,0.0,0.0,0.0,0.0,0.0,0.0,0.0,0.0,0.0,0.0,0.0
4,0.0,1.5733576159354452,0.0988133637571755,2.2803486499315073,0.0,1.4710469488025557,0.0921059254608674,0.0,0.0,0.0,0.0,0.0,0.0,0.0,0.0,0.0,0.0,0.0,0.0,0.0,0.0,0.0,0.0,0.0
5,0.0,0.0,0.0,2.563813752473576,1.4710469488025557,0.0,0.42764737649880813,0.0,0.0,0.0,0.0,0.0,0.0,0.0,0.0,0.0,0.0,0.0,0.0,0.0,0.0,0.0,0.0,0.0
6,0.0,0.0,0.0,0.0,0.0921059254608674,0.42764737649880813,0.0,-0.023334293105130736,1.2649692052760377,0.14167416997959925,0.0,0.0,0.0,0.0,0.0,0.0,0.0,0.0,0.0,0.0,0.0,0.0,0.0,0.0
7,0.0,0.0,0.0,0.0,0.0,0.0,-0.023334293105130736,0.0,1.064510335742989,0.6076727263124994,-0.2650380511155839,0.6091976041295872,0.0,0.0,0.0,0.0,0.0,0.0,0.0,0.0,0.0,0.0,0.0,0.0
8,0.0,0.0,0.0,0.0,0.0,0.0,1.2649692052760377,1.064510335742989,0.0,1.5126929924461905,1.1488355420764302,0.0,-1.0889113402735189,0.0,0.0,0.0,0.0,0.0,0.0,0.0,0.0,0.0,0.0,0.0
9,0.0,0.0,0.0,0.0,0.0,0.0,0.14167416997959925,0.6076727263124994,1.5126929924461905,0.0,0.263147116607284,-1.7170361578292987,0.0,0.0,0.0,0.0,0.0,0.0,0.0,0.0,0.0,0.0,0.0,0.0
10,0.0,0.0,0.0,0.0,0.0,0.0,0.0,-0.2650380511155839,1.1488355420764302,0.263147116607284,0.0,0.25429293034991174,1.1675677928832373,0.09171427776515133,0.0,0.0,0.0,0.0,0.0,0.0,0.0,0.0,0.0,0.0
11,0.0,0.0,0.0,0.0,0.0,0.0,0.0,0.6091976041295872,0.0,-1.7170361578292987,0.25429293034991174,0.0,1.4936175245093948,0.0,0.0,0.0,0.0,0.0,0.0,0.0,0.0,0.0,0.0,0.0
12,0.0,0.0,0.0,0.0,0.0,0.0,0.0,0.0,-1.0889113402735189,0.0,1.1675677928832373,1.4936175245093948,0.0,0.0,0.0,0.0,0.0,0.0,0.0,0.0,0.0,0.0,0.0,0.0
13,0.0,0.0,0.0,0.0,0.0,0.0,0.0,0.0,0.0,0.0,0.09171427776515133,0.0,0.0,0.0,0.262729834082466,-0.08316949959921323,0.0,0.0,0.0,0.0,0.0,0.0,0.0,0.0
14,0.0,0.0,0.0,0.0,0.0,0.0,0.0,0.0,0.0,0.0,0.0,0.0,0.0,0.262729834082466,0.0,-0.7810939864963772,-0.38999000040999565,0.0,0.0,0.0,0.0,0.0,0.0,0.0
15,0.0,0.0,0.0,0.0,0.0,0.0,0.0,0.0,0.0,0.0,0.0,0.0,0.0,-0.08316949959921323,-0.7810939864963772,0.0,-0.8944418868369849,0.0,0.0,0.0,0.0,0.0,0.0,0.0
16,0.0,0.0,0.0,0.0,0.0,0.0,0.0,0.0,0.0,0.0,0.0,0.0,0.0,0.0,-0.38999000040999565,-0.8944418868369849,0.0,0.4312201766968774,-0.8966411540834722,0.0,0.0,0.0,0.0,0.0
17,0.0,0.0,0.0,0.0,0.0,0.0,0.0,0.0,0.0,0.0,0.0,0.0,0.0,0.0,0.0,0.0,0.4312201766968774,0.0,0.21988100720099313,-0.7903092457468452,0.0,0.0,0.0,0.0
18,0.0,0.0,0.0,0.0,0.0,0.0,0.0,0.0,0.0,0.0,0.0,0.0,0.0,0.0,0.0,0.0,-0.8966411540834722,0.21988100720099313,0.0,-0.013300008176222346,-1.9776461543657584,-0.6210260201293688,0.0,0.0
19,0.0,0.0,0.0,0.0,0.0,0.0,0.0,0.0,0.0,0.0,0.0,0.0,0.0,0.0,0.0,0.0,0.0,-0.7903092457468452,-0.013300008176222346,0.0,-0.6126896184328664,-2.3398213840121853,-1.0958577438793642,0.0
20,0.0,0.0,0.0,0.0,0.0,0.0,0.0,0.0,0.0,0.0,0.0,0.0,0.0,0.0,0.0,0.0,0.0,0.0,-1.9776461543657584,-0.6126896184328664,0.0,-0.8518403636386946,-1.6158009380551963,-1.2562622547274747
21,0.0,0.0,0.0,0.0,0.0,0.0,0.0,0.0,0.0,0.0,0.0,0.0,0.0,0.0,0.0,0.0,0.0,0.0,-0.6210260201293688,-2.3398213840121853,-0.8518403636386946,0.0,-1.344893196331764,-2.0189175851824848
22,0.0,0.0,0.0,0.0,0.0,0.0,0.0,0.0,0.0,0.0,0.0,0.0,0.0,0.0,0.0,0.0,0.0,0.0,0.0,-1.0958577438793642,-1.6158009380551963,-1.344893196331764,0.0,-1.8284989466351829
23,0.0,0.0,0.0,0.0,0.0,0.0,0.0,0.0,0.0,0.0,0.0,0.0,0.0,0.0,0.0,0.0,0.0,0.0,0.0,0.0,-1.2562622547274747,-2.0189175851824848,-1.8284989466351829,0.0
