,0,1,2,3,4,5,6,7,8,9,10,11,12,13,14,15,16,17,18,19,20,21,22,23,24
0,0.0,-0.26590859208402945,2.604882876892893,0.0,1.0950132863689568,0.0,0.0,0.0,0.0,0.0,0.0,0.0,0.0,0.0,0.0,0.0,0.0,0.0,0.0,0.0,0.0,0.0,0.0,0.0,0.0
1,-0.26590859208402945,0.0,2.596822396459077,0.0,1.0504362892602261,0.0,0.0,0.0,0.0,0.0,0.0,0.0,0.0,0.0,0.0,0.0,0.0,0.0,0.0,0.0,0.0,0.0,0.0,0.0,0.0
2,2.604882876892893,2.596822396459077,0.0,0.5119284510457051,1.9312621477656453,0.0,-0.9977868354008985,0.0,0.0,0.0,0.0,0.0,0.0,0.0,0.0,0.0,0.0,0.0,0.0,0.0,0.0,0.0,0.0,0.0,0.0
3,0.0,0.0,0.5119284510457051,0.0,2.064897603502222,0.09847683428360252,0.5880678357315603,0.0,1.6707826533249859,0.0,0.0,0.0,0.0,0.0,0.0,0.0,0.0,0.0,0.0,0.0,0.0,0.0,0.0,0.0,0.0
4,1.0950132863689568,1.0504362892602261,1.9312621477656453,2.064897603502222,0.0,0.0,1.836490948371494,0.0,0.5029713693679343,0.0,0.0,0.0,0.0,0.0,0.0,0.0,0.0,0.0,0.0,0.0,0.0,0.0,0.0,0.0,0.0
5,0.0,0.0,0.0,0.09847683428360252,0.0,0.0,1.0569136679743052,0.3212615610962998,1.7333543410846661,1.2741031996044685,0.0,0.0,0.0,0.0,0.0,0.0,0.0,0.0,0.0,0.0,0.0,0.0,0.0,0.0,0.0
6,0.0,0.0,-0.9977868354008985,0.5880678357315603,1.836490948371494,1.0569136679743052,0.0,0.0,1.5738267863245186,0.0,0.0,0.0,0.0,0.0,0.0,0.0,0.0,0.0,0.0,0.0,0.0,0.0,0.0,0.0,0.0
7,0.0,0.0,0.0,0.0,0.0,0.3212615610962998,0.0,0.0,1.6539891036492933,1.2403885997020963,0.0,0.0,0.0,0.0,0.0,0.0,0.0,0.0,0.0,0.0,0.0,0.0,0.0,0.0,0.0
8,0.0,0.0,0.0,1.6707826533249859,0.5029713693679343,1.7333543410846661,1.5738267863245186,1.6539891036492933,0.0,0.39914211503391306,0.0,0.0,0.0,0.0,0.0,0.0,0.0,0.0,0.0,0.0,0.0,0.0,0.0,0.0,0.0
9,0.0,0.0,0.0,0.0,0.0,1.2741031996044685,0.0,1.2403885997020963,0.39914211503391306,0.0,0.0,0.0,0.0,0.0,0.0,0.0,0.0,0.0,0.0,0.0,0.0,0.0,0.0,0.0,0.0
10,0.0,0.0,0.0,0.0,0.0,0.0,0.0,0.0,0.0,0.0,0.0,-0.7903037149874209,-0.5847693644622863,0.0,0.0,0.8411492993006057,0.0,0.0,0.0,0.0,0.0,0.0,0.0,0.0,0.0
11,0.0,0.0,0.0,0.0,0.0,0.0,0.0,0.0,0.0,0.0,-0.7903037149874209,0.0,-0.07182066971882678,0.0,0.0,0.7620774446637684,0.0,0.0,0.0,0.0,0.0,0.0,0.0,0.0,0.0
12,0.0,0.0,0.0,0.0,0.0,0.0,0.0,0.0,0.0,0.0,-0.5847693644622863,-0.07182066971882678,0.0,-0.07503868717132615,0.0,0.9095716576300754,0.0,0.0,0.0,0.0,0.0,0.0,0.0,0.0,0.0
13,0.0,0.0,0.0,0.0,0.0,0.0,0.0,0.0,0.0,0.0,0.0,0.0,-0.07503868717132615,0.0,-1.4224475612387861,1.1139338241385741,-0.7923756316804056,0.0,0.0,0.0,0.0,0.0,0.0,0.0,0.0
14,0.0,0.0,0.0,0.0,0.0,0.0,0.0,0.0,0.0,0.0,0.0,0.0,0.0,-1.4224475612387861,0.0,1.0395196841840317,-1.2145919631823445,-1.0329783270426034,0.0,0.0,0.0,0.0,0.0,0.0,0.0
15,0.0,0.0,0.0,0.0,0.0,0.0,0.0,0.0,0.0,0.0,0.8411492993006057,0.7620774446637684,0.9095716576300754,1.1139338241385741,1.0395196841840317,0.0,0.0,0.0,0.0,0.0,0.0,0.0,0.0,0.0,0.0
16,0.0,0.0,0.0,0.0,0.0,0.0,0.0,0.0,0.0,0.0,0.0,0.0,0.0,-0.7923756316804056,-1.2145919631823445,0.0,0.0,-2.642427718128754,-1.4457670558186582,-1.2711618557377062,0.0,0.0,0.0,0.0,0.0
17,0.0,0.0,0.0,0.0,0.0,0.0,0.0,0.0,0.0,0.0,0.0,0.0,0.0,0.0,-1.0329783270426034,0.0,-2.642427718128754,0.0,-1.6383194595136978,-1.321312328912034,0.0,0.0,0.0,0.0,0.0
18,0.0,0.0,0.0,0.0,0.0,0.0,0.0,0.0,0.0,0.0,0.0,0.0,0.0,0.0,0.0,0.0,-1.4457670558186582,-1.6383194595136978,0.0,-1.9732462667295867,-1.1147604666037987,0.0,0.0,0.0,0.0
19,0.0,0.0,0.0,0.0,0.0,0.0,0.0,0.0,0.0,0.0,0.0,0.0,0.0,0.0,0.0,0.0,-1.2711618557377062,-1.321312328912034,-1.9732462667295867,0.0,-1.0736326986872866,0.0,-1.5333109277214396,0.0,0.0
20,0.0,0.0,0.0,0.0,0.0,0.0,0.0,0.0,0.0,0.0,0.0,0.0,0.0,0.0,0.0,0.0,0.0,0.0,-1.1147604666037987,-1.0736326986872866,0.0,-2.2620430837753234,-1.9511123567334134,0.0,0.0
21,0.0,0.0,0.0,0.0,0.0,0.0,0.0,0.0,0.0,0.0,0.0,0.0,0.0,0.0,0.0,0.0,0.0,0.0,0.0,0.0,-2.2620430837753234,0.0,-2.359362451429785,-2.1528856569238717,-0.8575592013828873
22,0.0,0.0,0.0,0.0,0.0,0.0,0.0,0.0,0.0,0.0,0.0,0.0,0.0,0.0,0.0,0.0,0.0,0.0,0.0,-1.5333109277214396,-1.9511123567334134,-2.359362451429785,0.0,-3.4347590361483467,-0.9266236174764924
23,0.0,0.0,0.0,0.0,0.0,0.0,0.0,0.0,0.0,0.0,0.0,0.0,0.0,0.0,0.0,0.0,0.0,0.0,0.0,0.0,0.0,-2.1528856569238717,-3.4347590361483467,0.0,-0.9383835053084694
24,0.0,0.0,0.0,0.0,0.0,0.0,0.0,0.0,0.0,0.0,0.0,0.0,0.0,0.0,0.0,0.0,0.0,0.0,0.0,0.0,0.0,-0.8575592013828873,-0.9266236174764924,-0.9383835053084694,0.0
