,0,1,2,3,4,5,6,7,8,9,10,11,12,13,14,15,16,17,18,19,20,21,22,23
0,0.0,3.199432917048241,2.1450726504477116,2.1690051804656885,0.0,0.0,0.0,0.0,0.0,0.0,0.0,0.0,0.0,0.0,0.0,0.0,0.0,0.0,0.0,0.0,0.0,0.0,0.0,0.0
1,3.199432917048241,0.0,-1.5034803192694384,-0.13402542302511758,-1.3259484435773177,0.0,0.0,0.0,0.0,0.0,0.0,0.0,0.0,0.0,0.0,0.0,0.0,0.0,0.0,0.0,0.0,0.0,0.0,0.0
2,2.1450726504477116,-1.5034803192694384,0.0,-0.05912796556441124,-0.8186590380521671,-1.3584926141262856,0.0,0.0,0.0,0.0,0.0,0.0,0.0,0.0,0.0,0.0,0.0,0.0,0.0,0.0,0.0,0.0,0.0,0.0
3,2.1690051804656885,-0.13402542302511758,-0.05912796556441124,0.0,-0.43161533380913963,-0.3066120588799185,0.0,0.0,0.0,0.0,0.0,0.0,0.0,0.0,0.0,0.0,0.0,0.0,0.0,0.0,0.0,0.0,0.0,0.0
4,0.0,-1.3259484435773177,-0.8186590380521671,-0.43161533380913963,0.0,-0.608654122314473,0.41638814133636853,0.0,0.0,0.0,0.0,0.0,0.0,0.0,0.0,0.0,0.0,0.0,0.0,0.0,0.0,0.0,0.0,0.0
5,0.0,0.0,-1.3584926141262856,-0.3066120588799185,-0.608654122314473,0.0,0.6414628130241261,0.0,0.0,0.0,0.0,0.0,0.0,0.0,0.0,0.0,0.0,0.0,0.0,0.0,0.0,0.0,0.0,0.0
6,0.0,0.0,0.0,0.0,0.41638814133636853,0.6414628130241261,0.0,0.0702189993027517,0.0,0.0,0.0,0.0,0.0,0.0,0.0,0.0,0.0,0.0,0.0,0.0,0.0,0.0,0.0,0.0
7,0.0,0.0,0.0,0.0,0.0,0.0,0.0702189993027517,0.0,-0.2619298471097302,0.0,-1.5331338375509629,0.0,0.0,0.0,0.0,0.0,0.0,0.0,0.0,0.0,0.0,0.0,0.0,0.0
8,0.0,0.0,0.0,0.0,0.0,0.0,0.0,-0.2619298471097302,0.0,0.6662983297939364,-0.17856645833208964,-0.5122433368565579,0.0,0.0,0.0,0.0,0.0,0.0,0.0,0.0,0.0,0.0,0.0,0.0
9,0.0,0.0,0.0,0.0,0.0,0.0,0.0,0.0,0.6662983297939364,0.0,0.8072183805786056,-0.2908312684436101,0.0,0.0,0.0,0.0,0.0,0.0,0.0,0.0,0.0,0.0,0.0,0.0
10,0.0,0.0,0.0,0.0,0.0,0.0,0.0,-1.5331338375509629,-0.17856645833208964,0.8072183805786056,0.0,0.14416163765085332,0.0,0.0,0.0,0.0,0.0,0.0,0.0,0.0,0.0,0.0,0.0,0.0
11,0.0,0.0,0.0,0.0,0.0,0.0,0.0,0.0,-0.5122433368565579,-0.2908312684436101,0.14416163765085332,0.0,-0.5937083590889723,-0.6032038755886668,-0.3928611119955123,0.0,0.0,0.0,0.0,0.0,0.0,0.0,0.0,0.0
12,0.0,0.0,0.0,0.0,0.0,0.0,0.0,0.0,0.0,0.0,0.0,-0.5937083590889723,0.0,-1.06589370527996,-0.20937806608959614,0.0,0.0,0.0,0.0,0.0,0.0,0.0,0.0,0.0
13,0.0,0.0,0.0,0.0,0.0,0.0,0.0,0.0,0.0,0.0,0.0,-0.6032038755886668,-1.06589370527996,0.0,-0.6256831800683907,-1.1282017384666785,0.0,0.0,0.0,0.0,0.0,0.0,0.0,0.0
14,0.0,0.0,0.0,0.0,0.0,0.0,0.0,0.0,0.0,0.0,0.0,-0.3928611119955123,-0.20937806608959614,-0.6256831800683907,0.0,-0.8947480338062239,-0.5011526748198657,-1.4063959792105125,0.0,0.0,0.0,0.0,0.0,0.0
15,0.0,0.0,0.0,0.0,0.0,0.0,0.0,0.0,0.0,0.0,0.0,0.0,0.0,-1.1282017384666785,-0.8947480338062239,0.0,-0.5908558710535456,-1.7119650065515923,-0.4189125606168639,0.0,0.0,0.0,0.0,0.0
16,0.0,0.0,0.0,0.0,0.0,0.0,0.0,0.0,0.0,0.0,0.0,0.0,0.0,0.0,-0.5011526748198657,-0.5908558710535456,0.0,-0.4758873425143237,0.1318402734815807,0.0,0.0,0.0,0.0,0.0
17,0.0,0.0,0.0,0.0,0.0,0.0,0.0,0.0,0.0,0.0,0.0,0.0,0.0,0.0,-1.4063959792105125,-1.7119650065515923,-0.4758873425143237,0.0,-0.6485227912194458,-1.4231452903016946,0.0,-0.17794682522853336,0.0,0.0
18,0.0,0.0,0.0,0.0,0.0,0.0,0.0,0.0,0.0,0.0,0.0,0.0,0.0,0.0,0.0,-0.4189125606168639,0.1318402734815807,-0.6485227912194458,0.0,-0.48748703165058266,0.0,0.0,0.0,0.0
19,0.0,0.0,0.0,0.0,0.0,0.0,0.0,0.0,0.0,0.0,0.0,0.0,0.0,0.0,0.0,0.0,0.0,-1.4231452903016946,-0.48748703165058266,0.0,-1.0102159293525892,-0.33400141759489027,0.0,0.0
20,0.0,0.0,0.0,0.0,0.0,0.0,0.0,0.0,0.0,0.0,0.0,0.0,0.0,0.0,0.0,0.0,0.0,0.0,0.0,-1.0102159293525892,0.0,-0.6213446765461129,-1.1463775580079083,-0.36272714055854854
21,0.0,0.0,0.0,0.0,0.0,0.0,0.0,0.0,0.0,0.0,0.0,0.0,0.0,0.0,0.0,0.0,0.0,-0.17794682522853336,0.0,-0.33400141759489027,-0.6213446765461129,0.0,-0.7295096931496416,-0.08755277296408766
22,0.0,0.0,0.0,0.0,0.0,0.0,0.0,0.0,0.0,0.0,0.0,0.0,0.0,0.0,0.0,0.0,0.0,0.0,0.0,0.0,-1.1463775580079083,-0.7295096931496416,0.0,-0.7068964507998291
23,0.0,0.0,0.0,0.0,0.0,0.0,0.0,0.0,0.0,0.0,0.0,0.0,0.0,0.0,0.0,0.0,0.0,0.0,0.0,0.0,-0.36272714055854854,-0.08755277296408766,-0.7068964507998291,0.0
