,0,1,2,3,4,5,6,7,8,9,10,11,12,13,14,15,16,17,18
0,0.0,-0.5058504275122755,-0.4807663280630697,-0.6874182852690655,0.0,0.0,0.0,0.0,0.0,0.0,0.0,0.0,0.0,0.0,0.0,0.0,0.0,0.0,0.0
1,-0.5058504275122755,0.0,0.11767310012618162,-0.031671214684098684,1.5709404025857094,0.0,0.0,0.0,0.0,0.0,0.0,0.0,0.0,0.0,0.0,0.0,0.0,0.0,0.0
2,-0.4807663280630697,0.11767310012618162,0.0,-2.644992369375385,1.5937511395114845,0.0,0.0,0.0,0.0,0.0,0.0,0.0,0.0,0.0,0.0,0.0,0.0,0.0,0.0
3,-0.6874182852690655,-0.031671214684098684,-2.644992369375385,0.0,1.590633152038202,1.8765556886382182,0.0,0.0,0.0,0.0,0.0,0.0,0.0,0.0,0.0,0.0,0.0,0.0,0.0
4,0.0,1.5709404025857094,1.5937511395114845,1.590633152038202,0.0,1.9777834101066478,0.0,0.0,0.0,0.0,0.0,0.0,0.0,0.0,0.0,0.0,0.0,0.0,0.0
5,0.0,0.0,0.0,1.8765556886382182,1.9777834101066478,0.0,1.1590938050973116,0.0,0.0,0.0,0.0,0.0,0.0,0.0,0.0,0.0,0.0,0.0,0.0
6,0.0,0.0,0.0,0.0,0.0,1.1590938050973116,0.0,1.156907703124329,0.6003271694646639,-1.5527548100492157,0.0,0.0,0.0,0.0,0.0,0.0,0.0,0.0,0.0
7,0.0,0.0,0.0,0.0,0.0,0.0,1.156907703124329,0.0,-1.2669219615009313,0.6649238417297256,0.0,0.0,0.0,0.0,0.0,0.0,0.0,0.0,0.0
8,0.0,0.0,0.0,0.0,0.0,0.0,0.6003271694646639,-1.2669219615009313,0.0,0.5401605090114104,-0.17531094577608936,-0.7566065875080094,0.0,0.0,0.0,0.0,0.0,0.0,0.0
9,0.0,0.0,0.0,0.0,0.0,0.0,-1.5527548100492157,0.6649238417297256,0.5401605090114104,0.0,0.030490667047005184,0.0,0.0,-0.17838952483136042,0.0,0.0,0.0,0.0,0.0
10,0.0,0.0,0.0,0.0,0.0,0.0,0.0,0.0,-0.17531094577608936,0.030490667047005184,0.0,0.21042216081893828,-1.4462189122969076,-1.893659236518315,0.0,0.0,0.0,0.0,0.0
11,0.0,0.0,0.0,0.0,0.0,0.0,0.0,0.0,-0.7566065875080094,0.0,0.21042216081893828,0.0,0.0831399634236296,0.24448954258643976,-2.130003901213732,0.0,0.0,0.0,0.0
12,0.0,0.0,0.0,0.0,0.0,0.0,0.0,0.0,0.0,0.0,-1.4462189122969076,0.0831399634236296,0.0,-1.1748385919582203,-0.017167701176662966,0.0,0.0,0.0,0.0
13,0.0,0.0,0.0,0.0,0.0,0.0,0.0,0.0,0.0,-0.17838952483136042,-1.893659236518315,0.24448954258643976,-1.1748385919582203,0.0,0.1417257667305504,0.0,0.0,0.0,0.0
14,0.0,0.0,0.0,0.0,0.0,0.0,0.0,0.0,0.0,0.0,0.0,-2.130003901213732,-0.017167701176662966,0.1417257667305504,0.0,0.0,0.0,0.0,0.0
15,0.0,0.0,0.0,0.0,0.0,0.0,0.0,0.0,0.0,0.0,0.0,0.0,0.0,0.0,0.0,0.0,-1.081509154454679,-1.0501522962292071,-1.6096817917534072
16,0.0,0.0,0.0,0.0,0.0,0.0,0.0,0.0,0.0,0.0,0.0,0.0,0.0,0.0,0.0,-1.081509154454679,0.0,-0.7094793134178987,-1.5837909964289052
17,0.0,0.0,0.0,0.0,0.0,0.0,0.0,0.0,0.0,0.0,0.0,0.0,0.0,0.0,0.0,-1.0501522962292071,-0.7094793134178987,0.0,-1.3412677270096462
18,0.0,0.0,0.0,0.0,0.0,0.0,0.0,0.0,0.0,0.0,0.0,0.0,0.0,0.0,0.0,-1.6096817917534072,-1.5837909964289052,-1.3412677270096462,0.0
