,0,1,2,3,4,5,6,7,8,9,10,11,12,13,14,15
0,0.0,-0.31861850033924005,0.5450154322039462,2.9183554765545017,0.0,0.0,0.0,0.0,0.0,0.0,0.0,0.0,0.0,0.0,0.0,0.0
1,-0.31861850033924005,0.0,0.3777177727663885,2.9096811836671983,0.0,0.0,0.0,0.0,0.0,0.0,0.0,0.0,0.0,0.0,0.0,0.0
2,0.5450154322039462,0.3777177727663885,0.0,2.9310767197311085,-0.6793770798835205,0.0,0.0,0.0,0.0,0.0,0.0,0.0,0.0,0.0,0.0,0.0
3,2.9183554765545017,2.9096811836671983,2.9310767197311085,0.0,2.8803280057736558,0.1299662279125413,1.9367817153625848,0.0,0.0,0.0,0.0,0.0,0.0,0.0,0.0,0.0
4,0.0,0.0,-0.6793770798835205,2.8803280057736558,0.0,2.1344792887188158,-1.0175906612184293,0.0,0.0,0.0,0.0,0.0,0.0,0.0,0.0,0.0
5,0.0,0.0,0.0,0.1299662279125413,2.1344792887188158,0.0,1.8050452368715408,1.7928408953044201,1.6876576856324927,0.0,0.0,0.0,0.0,0.0,0.0,0.0
6,0.0,0.0,0.0,1.9367817153625848,-1.0175906612184293,1.8050452368715408,0.0,-0.24638971423562245,-0.6449041513460418,-0.9671709752334479,0.0,0.0,0.0,0.0,0.0,0.0
7,0.0,0.0,0.0,0.0,0.0,1.7928408953044201,-0.24638971423562245,0.0,-1.327690092445954,-0.21542216627001912,0.0,0.0,0.0,0.0,0.0,0.0
8,0.0,0.0,0.0,0.0,0.0,1.6876576856324927,-0.6449041513460418,-1.327690092445954,0.0,-0.33751465809904696,0.0,0.0,0.0,0.0,0.0,0.0
9,0.0,0.0,0.0,0.0,0.0,0.0,-0.9671709752334479,-0.21542216627001912,-0.33751465809904696,0.0,1.0907739500164682,0.0,0.0,0.0,0.0,0.0
10,0.0,0.0,0.0,0.0,0.0,0.0,0.0,0.0,0.0,1.0907739500164682,0.0,0.17396304366926288,-2.8817439470046016,0.0,0.0,0.0
11,0.0,0.0,0.0,0.0,0.0,0.0,0.0,0.0,0.0,0.0,0.17396304366926288,0.0,-0.4254442344389145,-2.3095767330307355,0.0,0.0
12,0.0,0.0,0.0,0.0,0.0,0.0,0.0,0.0,0.0,0.0,-2.8817439470046016,-0.4254442344389145,0.0,-0.5992957886834641,0.08419916348048737,-0.6269053105603073
13,0.0,0.0,0.0,0.0,0.0,0.0,0.0,0.0,0.0,0.0,0.0,-2.3095767330307355,-0.5992957886834641,0.0,-0.453070796392835,-0.7878891887297907
14,0.0,0.0,0.0,0.0,0.0,0.0,0.0,0.0,0.0,0.0,0.0,0.0,0.08419916348048737,-0.453070796392835,0.0,-1.1779061165591729
15,0.0,0.0,0.0,0.0,0.0,0.0,0.0,0.0,0.0,0.0,0.0,0.0,-0.6269053105603073,-0.7878891887297907,-1.1779061165591729,0.0
