,0,1,2,3,4,5,6,7,8,9,10,11,12,13,14,15,16,17,18,19,20,21,22,23,24,25
0,0.0,0.6511665435527981,0.18162460572002298,2.576433773893796,0.0,0.0,0.0,0.0,0.0,0.0,0.0,0.0,0.0,0.0,0.0,0.0,0.0,0.0,0.0,0.0,0.0,0.0,0.0,0.0,0.0,0.0
1,0.6511665435527981,0.0,-0.06287206726457747,2.593580511561692,2.2146112278278256,0.0,0.0,0.0,0.0,0.0,0.0,0.0,0.0,0.0,0.0,0.0,0.0,0.0,0.0,0.0,0.0,0.0,0.0,0.0,0.0,0.0
2,0.18162460572002298,-0.06287206726457747,0.0,2.5984088313598415,2.2214549092201206,0.0,0.0,0.0,0.0,0.0,0.0,0.0,0.0,0.0,0.0,0.0,0.0,0.0,0.0,0.0,0.0,0.0,0.0,0.0,0.0,0.0
3,2.576433773893796,2.593580511561692,2.5984088313598415,0.0,0.23515542190983899,2.126549022303329,1.9548352470442105,0.0,0.0,0.0,0.0,0.0,0.0,0.0,0.0,0.0,0.0,0.0,0.0,0.0,0.0,0.0,0.0,0.0,0.0,0.0
4,0.0,2.2146112278278256,2.2214549092201206,0.23515542190983899,0.0,2.0050098305799553,1.8355570771881513,1.8033488944436242,0.0,0.0,0.0,0.0,0.0,0.0,0.0,0.0,0.0,0.0,0.0,0.0,0.0,0.0,0.0,0.0,0.0,0.0
5,0.0,0.0,0.0,2.126549022303329,2.0050098305799553,0.0,-1.466127468395567,-0.8825298241888292,0.0,0.0,0.0,0.0,0.0,0.0,0.0,0.0,0.0,0.0,0.0,0.0,0.0,0.0,0.0,0.0,0.0,0.0
6,0.0,0.0,0.0,1.9548352470442105,1.8355570771881513,-1.466127468395567,0.0,-1.6515415620317766,1.1491257012118214,-1.5220089788204336,0.0,0.0,0.0,0.0,0.0,0.0,0.0,0.0,0.0,0.0,0.0,0.0,0.0,0.0,0.0,0.0
7,0.0,0.0,0.0,0.0,1.8033488944436242,-0.8825298241888292,-1.6515415620317766,0.0,1.1259493200901944,-1.751485708516197,0.0,0.0,0.0,0.0,0.0,0.0,0.0,0.0,0.0,0.0,0.0,0.0,0.0,0.0,0.0,0.0
8,0.0,0.0,0.0,0.0,0.0,0.0,1.1491257012118214,1.1259493200901944,0.0,0.7636772165560248,0.0,0.0,0.0,0.0,0.0,0.0,0.0,0.0,0.0,0.0,0.0,0.0,0.0,0.0,0.0,0.0
9,0.0,0.0,0.0,0.0,0.0,0.0,-1.5220089788204336,-1.751485708516197,0.7636772165560248,0.0,-0.8462732299916408,-1.9063495124082321,-2.3965225497025178,0.0,0.0,0.0,0.0,0.0,0.0,0.0,0.0,0.0,0.0,0.0,0.0,0.0
10,0.0,0.0,0.0,0.0,0.0,0.0,0.0,0.0,0.0,-0.8462732299916408,0.0,-1.4159551132555617,-0.8825768809641258,0.0,0.0,0.0,0.0,0.0,0.0,0.0,0.0,0.0,0.0,0.0,0.0,0.0
11,0.0,0.0,0.0,0.0,0.0,0.0,0.0,0.0,0.0,-1.9063495124082321,-1.4159551132555617,0.0,-1.5861909648592138,-1.2828587281978496,0.6040382621384929,0.0,0.0,0.0,0.0,0.0,0.0,0.0,0.0,0.0,0.0,0.0
12,0.0,0.0,0.0,0.0,0.0,0.0,0.0,0.0,0.0,-2.3965225497025178,-0.8825768809641258,-1.5861909648592138,0.0,-1.65227956297025,0.6372923714819616,0.0,0.0,0.0,0.0,0.0,0.0,0.0,0.0,0.0,0.0,0.0
13,0.0,0.0,0.0,0.0,0.0,0.0,0.0,0.0,0.0,0.0,0.0,-1.2828587281978496,-1.65227956297025,0.0,0.0,0.30825452407113485,0.0,0.0,0.0,0.0,0.0,0.0,0.0,0.0,0.0,0.0
14,0.0,0.0,0.0,0.0,0.0,0.0,0.0,0.0,0.0,0.0,0.0,0.6040382621384929,0.6372923714819616,0.0,0.0,-1.0264015182790798,0.0,0.0,0.0,0.0,0.0,0.0,0.0,0.0,0.0,0.0
15,0.0,0.0,0.0,0.0,0.0,0.0,0.0,0.0,0.0,0.0,0.0,0.0,0.0,0.30825452407113485,-1.0264015182790798,0.0,-0.48182449367682423,0.0,0.0,0.0,0.0,0.0,0.0,0.0,0.0,0.0
16,0.0,0.0,0.0,0.0,0.0,0.0,0.0,0.0,0.0,0.0,0.0,0.0,0.0,0.0,0.0,-0.48182449367682423,0.0,-1.1413265392667984,-0.3179180363560549,-1.19174827337471,0.0,0.0,0.0,0.0,0.0,0.0
17,0.0,0.0,0.0,0.0,0.0,0.0,0.0,0.0,0.0,0.0,0.0,0.0,0.0,0.0,0.0,0.0,-1.1413265392667984,0.0,0.015678852319722644,-0.7294129290062185,0.0,-0.5279846219910026,0.0,0.0,0.0,0.0
18,0.0,0.0,0.0,0.0,0.0,0.0,0.0,0.0,0.0,0.0,0.0,0.0,0.0,0.0,0.0,0.0,-0.3179180363560549,0.015678852319722644,0.0,-0.6091891072507568,-0.9145190762603148,0.0,0.0,0.0,0.0,0.0
19,0.0,0.0,0.0,0.0,0.0,0.0,0.0,0.0,0.0,0.0,0.0,0.0,0.0,0.0,0.0,0.0,-1.19174827337471,-0.7294129290062185,-0.6091891072507568,0.0,-1.799482573316274,-1.0042266500440091,0.0,0.0,0.0,0.0
20,0.0,0.0,0.0,0.0,0.0,0.0,0.0,0.0,0.0,0.0,0.0,0.0,0.0,0.0,0.0,0.0,0.0,0.0,-0.9145190762603148,-1.799482573316274,0.0,-1.42229428555415,-0.7597175599488826,-0.9714852955211567,-1.1175998010576216,0.0
21,0.0,0.0,0.0,0.0,0.0,0.0,0.0,0.0,0.0,0.0,0.0,0.0,0.0,0.0,0.0,0.0,0.0,-0.5279846219910026,0.0,-1.0042266500440091,-1.42229428555415,0.0,0.0,0.0,0.0,0.0
22,0.0,0.0,0.0,0.0,0.0,0.0,0.0,0.0,0.0,0.0,0.0,0.0,0.0,0.0,0.0,0.0,0.0,0.0,0.0,0.0,-0.7597175599488826,0.0,0.0,-4.209600084844457,-2.3244143797480623,-1.7960753026405702
23,0.0,0.0,0.0,0.0,0.0,0.0,0.0,0.0,0.0,0.0,0.0,0.0,0.0,0.0,0.0,0.0,0.0,0.0,0.0,0.0,-0.9714852955211567,0.0,-4.209600084844457,0.0,-2.4608850537532945,-1.8582428867531127
24,0.0,0.0,0.0,0.0,0.0,0.0,0.0,0.0,0.0,0.0,0.0,0.0,0.0,0.0,0.0,0.0,0.0,0.0,0.0,0.0,-1.1175998010576216,0.0,-2.3244143797480623,-2.4608850537532945,0.0,-2.3256489866348256
25,0.0,0.0,0.0,0.0,0.0,0.0,0.0,0.0,0.0,0.0,0.0,0.0,0.0,0.0,0.0,0.0,0.0,0.0,0.0,0.0,0.0,0.0,-1.7960753026405702,-1.8582428867531127,-2.3256489866348256,0.0
