,0,1,2,3,4,5,6,7,8,9,10,11,12,13,14,15,16,17,18,19,20,21,22
0,0.0,0.02890191468681822,1.934963957522836,-1.366793944831303,0.0,0.0,0.0,0.0,0.0,0.0,0.0,0.0,0.0,0.0,0.0,0.0,0.0,0.0,0.0,0.0,0.0,0.0,0.0
1,0.02890191468681822,0.0,1.8127052698514416,-0.39311489409773553,0.0,0.0,0.0,0.0,0.0,0.0,0.0,0.0,0.0,0.0,0.0,0.0,0.0,0.0,0.0,0.0,0.0,0.0,0.0
2,1.934963957522836,1.8127052698514416,0.0,1.4224779497534379,2.865524184597788,0.0,0.0,0.0,0.0,0.0,0.0,0.0,0.0,0.0,0.0,0.0,0.0,0.0,0.0,0.0,0.0,0.0,0.0
3,-1.366793944831303,-0.39311489409773553,1.4224779497534379,0.0,2.9950933742638046,-1.0912918818230122,-0.22090016864483272,0.0,0.0,0.0,0.0,0.0,0.0,0.0,0.0,0.0,0.0,0.0,0.0,0.0,0.0,0.0,0.0
4,0.0,0.0,2.865524184597788,2.9950933742638046,0.0,2.833440180311661,2.5405203536497796,0.0,0.0,0.0,0.0,0.0,0.0,0.0,0.0,0.0,0.0,0.0,0.0,0.0,0.0,0.0,0.0
5,0.0,0.0,0.0,-1.0912918818230122,2.833440180311661,0.0,-0.2370118016621992,1.367421777639095,0.6837184230288221,0.0,0.0,0.0,0.0,0.0,0.0,0.0,0.0,0.0,0.0,0.0,0.0,0.0,0.0
6,0.0,0.0,0.0,-0.22090016864483272,2.5405203536497796,-0.2370118016621992,0.0,1.1952811505126615,0.37129989569571714,0.0,0.0,0.0,0.0,0.0,0.0,0.0,0.0,0.0,0.0,0.0,0.0,0.0,0.0
7,0.0,0.0,0.0,0.0,0.0,1.367421777639095,1.1952811505126615,0.0,1.1415223549488929,0.0,0.0,0.0,0.0,0.0,0.0,0.0,0.0,0.0,0.0,0.0,0.0,0.0,0.0
8,0.0,0.0,0.0,0.0,0.0,0.6837184230288221,0.37129989569571714,1.1415223549488929,0.0,0.0,-1.4612235949460914,0.0,0.0,0.0,0.0,0.0,0.0,0.0,0.0,0.0,0.0,0.0,0.0
9,0.0,0.0,0.0,0.0,0.0,0.0,0.0,0.0,0.0,0.0,0.3444911142508289,-0.0380183313764263,1.0593942795626936,0.0,0.0,0.0,0.0,0.0,0.0,0.0,0.0,0.0,0.0
10,0.0,0.0,0.0,0.0,0.0,0.0,0.0,0.0,-1.4612235949460914,0.3444911142508289,0.0,-0.6090826070823179,0.9722750916911566,0.0,0.0,0.0,0.0,0.0,0.0,0.0,0.0,0.0,0.0
11,0.0,0.0,0.0,0.0,0.0,0.0,0.0,0.0,0.0,-0.0380183313764263,-0.6090826070823179,0.0,0.7551148769165877,0.32249846128459847,-1.3437347283015892,0.0,0.0,0.0,0.0,0.0,0.0,0.0,0.0
12,0.0,0.0,0.0,0.0,0.0,0.0,0.0,0.0,0.0,1.0593942795626936,0.9722750916911566,0.7551148769165877,0.0,1.1639181976594348,0.6711572774113226,0.0,0.0,0.0,0.0,0.0,0.0,0.0,0.0
13,0.0,0.0,0.0,0.0,0.0,0.0,0.0,0.0,0.0,0.0,0.0,0.32249846128459847,1.1639181976594348,0.0,0.02552726267135324,0.8232522178087589,0.0,0.0,0.0,0.0,0.0,0.0,0.0
14,0.0,0.0,0.0,0.0,0.0,0.0,0.0,0.0,0.0,0.0,0.0,-1.3437347283015892,0.6711572774113226,0.02552726267135324,0.0,0.44572815603690197,0.0,0.0,0.0,0.0,0.0,0.0,0.0
15,0.0,0.0,0.0,0.0,0.0,0.0,0.0,0.0,0.0,0.0,0.0,0.0,0.0,0.8232522178087589,0.44572815603690197,0.0,0.41756058622897424,0.0,0.0,0.0,0.0,0.0,0.0
16,0.0,0.0,0.0,0.0,0.0,0.0,0.0,0.0,0.0,0.0,0.0,0.0,0.0,0.0,0.0,0.41756058622897424,0.0,-0.10808307514391415,-0.6831936646350378,0.0,0.0,-0.6969391226482372,-0.7416669946121638
17,0.0,0.0,0.0,0.0,0.0,0.0,0.0,0.0,0.0,0.0,0.0,0.0,0.0,0.0,0.0,0.0,-0.10808307514391415,0.0,0.0,0.1552247224641651,0.0,-0.8802149396189742,0.0
18,0.0,0.0,0.0,0.0,0.0,0.0,0.0,0.0,0.0,0.0,0.0,0.0,0.0,0.0,0.0,0.0,-0.6831936646350378,0.0,0.0,0.5815670131911161,-0.3621639356838261,-0.1572122804779301,-0.6061487800562038
19,0.0,0.0,0.0,0.0,0.0,0.0,0.0,0.0,0.0,0.0,0.0,0.0,0.0,0.0,0.0,0.0,0.0,0.1552247224641651,0.5815670131911161,0.0,0.0,-0.2975218822531894,0.3523867462553804
20,0.0,0.0,0.0,0.0,0.0,0.0,0.0,0.0,0.0,0.0,0.0,0.0,0.0,0.0,0.0,0.0,0.0,0.0,-0.3621639356838261,0.0,0.0,-0.9036393712619061,-0.6068927196270061
21,0.0,0.0,0.0,0.0,0.0,0.0,0.0,0.0,0.0,0.0,0.0,0.0,0.0,0.0,0.0,0.0,-0.6969391226482372,-0.8802149396189742,-0.1572122804779301,-0.2975218822531894,-0.9036393712619061,0.0,-0.1005637775411608
22,0.0,0.0,0.0,0.0,0.0,0.0,0.0,0.0,0.0,0.0,0.0,0.0,0.0,0.0,0.0,0.0,-0.7416669946121638,0.0,-0.6061487800562038,0.3523867462553804,-0.6068927196270061,-0.1005637775411608,0.0
