,0,1,2,3,4,5,6,7,8,9,10,11,12,13,14,15,16,17,18,19,20,21,22
0,0.0,1.7830553703987233,2.727260399311277,2.7559576603062923,0.0,0.0,0.0,0.0,0.0,0.0,0.0,0.0,0.0,0.0,0.0,0.0,0.0,0.0,0.0,0.0,0.0,0.0,0.0
1,1.7830553703987233,0.0,2.5758181317373654,2.614249392161737,0.0,0.0,0.0,0.0,0.0,0.0,0.0,0.0,0.0,0.0,0.0,0.0,0.0,0.0,0.0,0.0,0.0,0.0,0.0
2,2.727260399311277,2.5758181317373654,0.0,0.8503826473495067,0.5532940745349856,2.2199038544783227,0.0,0.0,0.0,0.0,0.0,0.0,0.0,0.0,0.0,0.0,0.0,0.0,0.0,0.0,0.0,0.0,0.0
3,2.7559576603062923,2.614249392161737,0.8503826473495067,0.0,0.1448346238152596,2.275102783152278,0.0,0.0,0.0,0.0,0.0,0.0,0.0,0.0,0.0,0.0,0.0,0.0,0.0,0.0,0.0,0.0,0.0
4,0.0,0.0,0.5532940745349856,0.1448346238152596,0.0,2.350588232602271,0.0,0.0,0.0,0.0,0.0,0.0,0.0,0.0,0.0,0.0,0.0,0.0,0.0,0.0,0.0,0.0,0.0
5,0.0,0.0,2.2199038544783227,2.275102783152278,2.350588232602271,0.0,-1.1581128056978403,1.607946003623122,0.0,0.0,0.0,0.0,0.0,0.0,0.0,0.0,0.0,0.0,0.0,0.0,0.0,0.0,0.0
6,0.0,0.0,0.0,0.0,0.0,-1.1581128056978403,0.0,1.5518188400304085,0.0,0.8919315724479899,0.6316098428123117,0.0,0.0,0.0,0.0,0.0,0.0,0.0,0.0,0.0,0.0,0.0,0.0
7,0.0,0.0,0.0,0.0,0.0,1.607946003623122,1.5518188400304085,0.0,0.0,0.016903079176667165,0.8119245126357352,0.0,0.0,0.0,0.0,0.0,0.0,0.0,0.0,0.0,0.0,0.0,0.0
8,0.0,0.0,0.0,0.0,0.0,0.0,0.0,0.0,0.0,1.0413040901328685,0.7525908877473341,0.909304050529386,0.0,0.0,0.0,0.0,0.0,0.0,0.0,0.0,0.0,0.0,0.0
9,0.0,0.0,0.0,0.0,0.0,0.0,0.8919315724479899,0.016903079176667165,1.0413040901328685,0.0,0.6994988521426477,0.0,0.0,0.0,0.0,0.0,0.0,0.0,0.0,0.0,0.0,0.0,0.0
10,0.0,0.0,0.0,0.0,0.0,0.0,0.6316098428123117,0.8119245126357352,0.7525908877473341,0.6994988521426477,0.0,0.6085252062665907,0.0,0.0,0.0,0.0,0.0,0.0,0.0,0.0,0.0,0.0,0.0
11,0.0,0.0,0.0,0.0,0.0,0.0,0.0,0.0,0.909304050529386,0.0,0.6085252062665907,0.0,0.9689563508108735,0.0,0.0,0.0,0.0,0.0,0.0,0.0,0.0,0.0,0.0
12,0.0,0.0,0.0,0.0,0.0,0.0,0.0,0.0,0.0,0.0,0.0,0.9689563508108735,0.0,0.08814399936014118,1.084974097545994,0.0,0.0,0.0,0.0,0.0,0.0,0.0,0.0
13,0.0,0.0,0.0,0.0,0.0,0.0,0.0,0.0,0.0,0.0,0.0,0.0,0.08814399936014118,0.0,0.8116426665563249,-1.5491245287226558,0.0,0.0,0.0,0.0,0.0,0.0,0.0
14,0.0,0.0,0.0,0.0,0.0,0.0,0.0,0.0,0.0,0.0,0.0,0.0,1.084974097545994,0.8116426665563249,0.0,0.709809144344101,0.0,-0.5157131083287759,0.0,0.0,0.0,0.0,0.0
15,0.0,0.0,0.0,0.0,0.0,0.0,0.0,0.0,0.0,0.0,0.0,0.0,0.0,-1.5491245287226558,0.709809144344101,0.0,-0.9297695145647524,-0.18951723133947587,0.0,0.0,-1.0641949414527967,0.0,-0.857866846348792
16,0.0,0.0,0.0,0.0,0.0,0.0,0.0,0.0,0.0,0.0,0.0,0.0,0.0,0.0,0.0,-0.9297695145647524,0.0,0.0,0.0,0.0,-1.5628056090266536,-0.8214057523648788,0.0
17,0.0,0.0,0.0,0.0,0.0,0.0,0.0,0.0,0.0,0.0,0.0,0.0,0.0,0.0,-0.5157131083287759,-0.18951723133947587,0.0,0.0,0.0,0.0,0.0,0.0,-2.097380052180266
18,0.0,0.0,0.0,0.0,0.0,0.0,0.0,0.0,0.0,0.0,0.0,0.0,0.0,0.0,0.0,0.0,0.0,0.0,0.0,-0.37018731767212126,-0.386132251882478,-0.939572783156983,-0.31182495025787693
19,0.0,0.0,0.0,0.0,0.0,0.0,0.0,0.0,0.0,0.0,0.0,0.0,0.0,0.0,0.0,0.0,0.0,0.0,-0.37018731767212126,0.0,-1.675883124830992,-0.7654814663260521,0.0
20,0.0,0.0,0.0,0.0,0.0,0.0,0.0,0.0,0.0,0.0,0.0,0.0,0.0,0.0,0.0,-1.0641949414527967,-1.5628056090266536,0.0,-0.386132251882478,-1.675883124830992,0.0,-0.4728643183388441,-2.056340842612413
21,0.0,0.0,0.0,0.0,0.0,0.0,0.0,0.0,0.0,0.0,0.0,0.0,0.0,0.0,0.0,0.0,-0.8214057523648788,0.0,-0.939572783156983,-0.7654814663260521,-0.4728643183388441,0.0,-0.48773547666370803
22,0.0,0.0,0.0,0.0,0.0,0.0,0.0,0.0,0.0,0.0,0.0,0.0,0.0,0.0,0.0,-0.857866846348792,0.0,-2.097380052180266,-0.31182495025787693,0.0,-2.056340842612413,-0.48773547666370803,0.0
