,0,1,2,3,4,5,6,7,8,9,10,11,12,13,14,15,16,17,18,19,20,21,22
0,0.0,2.9799505275758347,-1.1607635298682315,-1.196443824860523,0.0,0.0,0.0,0.0,0.0,0.0,0.0,0.0,0.0,0.0,0.0,0.0,0.0,0.0,0.0,0.0,0.0,0.0,0.0
1,2.9799505275758347,0.0,2.8480734017756313,2.3610849343432507,-0.331900896840982,0.0,0.0,0.0,0.0,0.0,0.0,0.0,0.0,0.0,0.0,0.0,0.0,0.0,0.0,0.0,0.0,0.0,0.0
2,-1.1607635298682315,2.8480734017756313,0.0,-1.1965682835472944,2.2461445394322936,0.0,0.0,0.0,0.0,0.0,0.0,0.0,0.0,0.0,0.0,0.0,0.0,0.0,0.0,0.0,0.0,0.0,0.0
3,-1.196443824860523,2.3610849343432507,-1.1965682835472944,0.0,2.2628418192518627,1.7375957320852387,-0.13685933260072783,0.0,0.0,0.0,0.0,0.0,0.0,0.0,0.0,0.0,0.0,0.0,0.0,0.0,0.0,0.0,0.0
4,0.0,-0.331900896840982,2.2461445394322936,2.2628418192518627,0.0,0.35341356732897156,2.0508452736294904,0.0,0.0,0.0,0.0,0.0,0.0,0.0,0.0,0.0,0.0,0.0,0.0,0.0,0.0,0.0,0.0
5,0.0,0.0,0.0,1.7375957320852387,0.35341356732897156,0.0,1.8605243286261564,1.8040096193052242,1.563378312722999,0.0,0.0,0.0,0.0,0.0,0.0,0.0,0.0,0.0,0.0,0.0,0.0,0.0,0.0
6,0.0,0.0,0.0,-0.13685933260072783,2.0508452736294904,1.8605243286261564,0.0,0.08400926878646135,-0.05074575656030979,0.0,0.0,0.0,0.0,0.0,0.0,0.0,0.0,0.0,0.0,0.0,0.0,0.0,0.0
7,0.0,0.0,0.0,0.0,0.0,1.8040096193052242,0.08400926878646135,0.0,0.4749445041825755,0.0,0.0,0.0,0.0,0.0,0.0,0.0,0.0,0.0,0.0,0.0,0.0,0.0,0.0
8,0.0,0.0,0.0,0.0,0.0,1.563378312722999,-0.05074575656030979,0.4749445041825755,0.0,0.0,0.0,0.0,0.0,0.0,0.0,0.0,0.0,0.0,0.0,0.0,0.0,0.0,0.0
9,0.0,0.0,0.0,0.0,0.0,0.0,0.0,0.0,0.0,0.0,-1.1916730847855623,1.1897730475276156,0.21077316262135734,0.0,0.0,0.0,0.0,0.0,0.0,0.0,0.0,0.0,0.0
10,0.0,0.0,0.0,0.0,0.0,0.0,0.0,0.0,0.0,-1.1916730847855623,0.0,1.1136780251332272,0.1595220218785967,0.4791594530700141,0.0,0.0,0.0,0.0,0.0,0.0,0.0,0.0,0.0
11,0.0,0.0,0.0,0.0,0.0,0.0,0.0,0.0,0.0,1.1897730475276156,1.1136780251332272,0.0,0.6949130578212095,-0.12143465186353639,0.0,0.0,0.0,0.0,0.0,0.0,0.0,0.0,0.0
12,0.0,0.0,0.0,0.0,0.0,0.0,0.0,0.0,0.0,0.21077316262135734,0.1595220218785967,0.6949130578212095,0.0,0.07400030232134391,0.37272320955383614,-0.3904672152660721,0.0,0.0,0.0,0.0,0.0,0.0,0.0
13,0.0,0.0,0.0,0.0,0.0,0.0,0.0,0.0,0.0,0.0,0.4791594530700141,-0.12143465186353639,0.07400030232134391,0.0,-0.15777242613080203,-0.6989371486465741,0.0,0.0,0.0,0.0,0.0,0.0,0.0
14,0.0,0.0,0.0,0.0,0.0,0.0,0.0,0.0,0.0,0.0,0.0,0.0,0.37272320955383614,-0.15777242613080203,0.0,-0.2654943390308859,0.0,0.0,0.0,0.0,0.0,0.0,0.0
15,0.0,0.0,0.0,0.0,0.0,0.0,0.0,0.0,0.0,0.0,0.0,0.0,-0.3904672152660721,-0.6989371486465741,-0.2654943390308859,0.0,0.0,0.0,0.0,0.0,0.0,0.0,0.0
16,0.0,0.0,0.0,0.0,0.0,0.0,0.0,0.0,0.0,0.0,0.0,0.0,0.0,0.0,0.0,0.0,0.0,-0.9459079205832525,-0.6807766870398688,-2.4479485187264225,0.0,0.0,0.0
17,0.0,0.0,0.0,0.0,0.0,0.0,0.0,0.0,0.0,0.0,0.0,0.0,0.0,0.0,0.0,0.0,-0.9459079205832525,0.0,-1.1897768247558196,-0.9844502088848784,-1.1325770640038582,0.0,0.0
18,0.0,0.0,0.0,0.0,0.0,0.0,0.0,0.0,0.0,0.0,0.0,0.0,0.0,0.0,0.0,0.0,-0.6807766870398688,-1.1897768247558196,0.0,-0.6353321094947019,-2.1759345314138767,0.0,0.0
19,0.0,0.0,0.0,0.0,0.0,0.0,0.0,0.0,0.0,0.0,0.0,0.0,0.0,0.0,0.0,0.0,-2.4479485187264225,-0.9844502088848784,-0.6353321094947019,0.0,-0.7504010120176827,-0.08090001162607331,-1.2035418859812217
20,0.0,0.0,0.0,0.0,0.0,0.0,0.0,0.0,0.0,0.0,0.0,0.0,0.0,0.0,0.0,0.0,0.0,-1.1325770640038582,-2.1759345314138767,-0.7504010120176827,0.0,0.04637035257134734,-1.380908172397018
21,0.0,0.0,0.0,0.0,0.0,0.0,0.0,0.0,0.0,0.0,0.0,0.0,0.0,0.0,0.0,0.0,0.0,0.0,0.0,-0.08090001162607331,0.04637035257134734,0.0,-0.45300532047913583
22,0.0,0.0,0.0,0.0,0.0,0.0,0.0,0.0,0.0,0.0,0.0,0.0,0.0,0.0,0.0,0.0,0.0,0.0,0.0,-1.2035418859812217,-1.380908172397018,-0.45300532047913583,0.0
