,0,1,2,3,4,5,6,7,8,9,10,11,12,13,14,15,16,17,18,19,20
0,0.0,-1.3668414225995855,-0.38206594244021,3.203585422882767,0.0,0.0,0.0,0.0,0.0,0.0,0.0,0.0,0.0,0.0,0.0,0.0,0.0,0.0,0.0,0.0,0.0
1,-1.3668414225995855,0.0,-0.1818814218110626,3.2105224571559634,-2.1653110345350046,0.0,0.0,0.0,0.0,0.0,0.0,0.0,0.0,0.0,0.0,0.0,0.0,0.0,0.0,0.0,0.0
2,-0.38206594244021,-0.1818814218110626,0.0,3.1798061672943865,-0.3569501457091227,-1.0055159926122599,-0.3272252742490407,0.0,0.0,0.0,0.0,0.0,0.0,0.0,0.0,0.0,0.0,0.0,0.0,0.0,0.0
3,3.203585422882767,3.2105224571559634,3.1798061672943865,0.0,3.1917244773754683,2.9136280522542934,0.0,0.0,0.0,0.0,0.0,0.0,0.0,0.0,0.0,0.0,0.0,0.0,0.0,0.0,0.0
4,0.0,-2.1653110345350046,-0.3569501457091227,3.1917244773754683,0.0,-0.08590028524737303,-0.8103443451100784,0.0,0.0,0.0,0.0,0.0,0.0,0.0,0.0,0.0,0.0,0.0,0.0,0.0,0.0
5,0.0,0.0,-1.0055159926122599,2.9136280522542934,-0.08590028524737303,0.0,0.05029621035903575,0.0,0.0,0.0,0.0,0.0,0.0,0.0,0.0,0.0,0.0,0.0,0.0,0.0,0.0
6,0.0,0.0,-0.3272252742490407,0.0,-0.8103443451100784,0.05029621035903575,0.0,0.0,0.0,0.0,0.0,0.0,0.0,0.0,0.0,0.0,0.0,0.0,0.0,0.0,0.0
7,0.0,0.0,0.0,0.0,0.0,0.0,0.0,0.0,0.06372853703516,1.4337088630760042,1.419535303511252,-0.8719186871731632,0.0,0.0,0.0,0.0,0.0,0.0,0.0,0.0,0.0
8,0.0,0.0,0.0,0.0,0.0,0.0,0.0,0.06372853703516,0.0,1.2230195706406057,1.2472835633036525,0.0,0.9592350374153394,0.0,0.0,0.0,0.0,0.0,0.0,0.0,0.0
9,0.0,0.0,0.0,0.0,0.0,0.0,0.0,1.4337088630760042,1.2230195706406057,0.0,-0.6463115810427311,0.0,0.0,0.0,0.0,0.0,0.0,0.0,0.0,0.0,0.0
10,0.0,0.0,0.0,0.0,0.0,0.0,0.0,1.419535303511252,1.2472835633036525,-0.6463115810427311,0.0,0.0,-2.0437288257262907,0.0,0.0,0.0,0.0,0.0,0.0,0.0,0.0
11,0.0,0.0,0.0,0.0,0.0,0.0,0.0,-0.8719186871731632,0.0,0.0,0.0,0.0,1.1948159396979232,-1.6500226710692112,-2.733756347388383,0.0,0.0,0.0,0.0,0.0,0.0
12,0.0,0.0,0.0,0.0,0.0,0.0,0.0,0.0,0.9592350374153394,0.0,-2.0437288257262907,1.1948159396979232,0.0,0.0,0.0,0.0,0.0,0.0,0.0,0.0,0.0
13,0.0,0.0,0.0,0.0,0.0,0.0,0.0,0.0,0.0,0.0,0.0,-1.6500226710692112,0.0,0.0,-1.453574081425406,0.8703695980403341,0.0,0.0,0.0,0.0,0.0
14,0.0,0.0,0.0,0.0,0.0,0.0,0.0,0.0,0.0,0.0,0.0,-2.733756347388383,0.0,-1.453574081425406,0.0,0.8137813196662155,0.0,0.0,0.0,0.0,0.0
15,0.0,0.0,0.0,0.0,0.0,0.0,0.0,0.0,0.0,0.0,0.0,0.0,0.0,0.8703695980403341,0.8137813196662155,0.0,0.49171792288914407,0.0,0.0,0.0,0.0
16,0.0,0.0,0.0,0.0,0.0,0.0,0.0,0.0,0.0,0.0,0.0,0.0,0.0,0.0,0.0,0.49171792288914407,0.0,0.03575928712570183,-0.6129725301757188,-0.5640410779806267,0.0
17,0.0,0.0,0.0,0.0,0.0,0.0,0.0,0.0,0.0,0.0,0.0,0.0,0.0,0.0,0.0,0.0,0.03575928712570183,0.0,-1.3420719041753397,-1.1365671507064614,-2.155327337732181
18,0.0,0.0,0.0,0.0,0.0,0.0,0.0,0.0,0.0,0.0,0.0,0.0,0.0,0.0,0.0,0.0,-0.6129725301757188,-1.3420719041753397,0.0,-1.3158802455425282,-2.535842427869684
19,0.0,0.0,0.0,0.0,0.0,0.0,0.0,0.0,0.0,0.0,0.0,0.0,0.0,0.0,0.0,0.0,-0.5640410779806267,-1.1365671507064614,-1.3158802455425282,0.0,-1.422807626018062
20,0.0,0.0,0.0,0.0,0.0,0.0,0.0,0.0,0.0,0.0,0.0,0.0,0.0,0.0,0.0,0.0,0.0,-2.155327337732181,-2.535842427869684,-1.422807626018062,0.0
