,0,1,2,3,4,5,6,7,8,9,10,11,12,13,14,15,16,17,18,19,20,21,22
0,0.0,1.452036749914597,0.9530166240658063,0.7389281404170808,0.0,0.0,0.0,0.0,0.0,0.0,0.0,0.0,0.0,0.0,0.0,0.0,0.0,0.0,0.0,0.0,0.0,0.0,0.0
1,1.452036749914597,0.0,-0.49568254913518967,-1.4285021570095784,-0.6369967767372567,0.0,0.0,0.0,0.0,0.0,0.0,0.0,0.0,0.0,0.0,0.0,0.0,0.0,0.0,0.0,0.0,0.0,0.0
2,0.9530166240658063,-0.49568254913518967,0.0,-1.0753969825853305,-0.1483124544017988,-1.2848144502948988,0.0,0.0,0.0,0.0,0.0,0.0,0.0,0.0,0.0,0.0,0.0,0.0,0.0,0.0,0.0,0.0,0.0
3,0.7389281404170808,-1.4285021570095784,-1.0753969825853305,0.0,-0.4333511837788858,-1.3091151739897124,0.0,0.0,0.0,0.0,0.0,0.0,0.0,0.0,0.0,0.0,0.0,0.0,0.0,0.0,0.0,0.0,0.0
4,0.0,-0.6369967767372567,-0.1483124544017988,-0.4333511837788858,0.0,-0.4919394564535643,0.00658367186347838,-3.094763218731691,0.0,0.0,0.0,0.0,0.0,0.0,0.0,0.0,0.0,0.0,0.0,0.0,0.0,0.0,0.0
5,0.0,0.0,-1.2848144502948988,-1.3091151739897124,-0.4919394564535643,0.0,-0.23127126109837254,-1.2113244221235016,0.0,0.0,0.0,0.0,0.0,0.0,0.0,0.0,0.0,0.0,0.0,0.0,0.0,0.0,0.0
6,0.0,0.0,0.0,0.0,0.00658367186347838,-0.23127126109837254,0.0,-0.46284789698474715,0.0,-0.6190489857652325,0.0,0.0,0.0,0.0,0.0,0.0,0.0,0.0,0.0,0.0,0.0,0.0,0.0
7,0.0,0.0,0.0,0.0,-3.094763218731691,-1.2113244221235016,-0.46284789698474715,0.0,1.9452246186433246,-0.16275367540817307,-0.07416085647438854,0.0,0.0,0.0,0.0,0.0,0.0,0.0,0.0,0.0,0.0,0.0,0.0
8,0.0,0.0,0.0,0.0,0.0,0.0,0.0,1.9452246186433246,0.0,1.9333265222833766,1.6340353030928991,0.0,0.0,0.0,0.0,0.0,0.0,0.0,0.0,0.0,0.0,0.0,0.0
9,0.0,0.0,0.0,0.0,0.0,0.0,-0.6190489857652325,-0.16275367540817307,1.9333265222833766,0.0,0.08239891301130149,0.0,0.0,0.0,0.0,0.0,0.0,0.0,0.0,0.0,0.0,0.0,0.0
10,0.0,0.0,0.0,0.0,0.0,0.0,0.0,-0.07416085647438854,1.6340353030928991,0.08239891301130149,0.0,-0.6099203742725915,0.0,0.0,0.0,0.0,0.0,0.0,0.0,0.0,0.0,0.0,0.0
11,0.0,0.0,0.0,0.0,0.0,0.0,0.0,0.0,0.0,0.0,-0.6099203742725915,0.0,-2.0694476010478873,-1.057549314572264,0.0,0.0,0.0,0.0,0.0,0.0,0.0,0.0,0.0
12,0.0,0.0,0.0,0.0,0.0,0.0,0.0,0.0,0.0,0.0,0.0,-2.0694476010478873,0.0,-0.9626835689711637,-1.6466548538250305,0.0,0.0,0.0,0.0,0.0,0.0,0.0,0.0
13,0.0,0.0,0.0,0.0,0.0,0.0,0.0,0.0,0.0,0.0,0.0,-1.057549314572264,-0.9626835689711637,0.0,-0.7747099332410309,0.0,0.0,0.0,0.0,0.0,0.0,0.0,0.0
14,0.0,0.0,0.0,0.0,0.0,0.0,0.0,0.0,0.0,0.0,0.0,0.0,-1.6466548538250305,-0.7747099332410309,0.0,-1.6447138235681227,-0.12599109780980844,-1.5586243580311856,0.0,0.0,0.0,0.0,0.0
15,0.0,0.0,0.0,0.0,0.0,0.0,0.0,0.0,0.0,0.0,0.0,0.0,0.0,0.0,-1.6447138235681227,0.0,-0.3417415249469323,-3.093681710312597,0.0,0.0,0.0,0.0,0.0
16,0.0,0.0,0.0,0.0,0.0,0.0,0.0,0.0,0.0,0.0,0.0,0.0,0.0,0.0,-0.12599109780980844,-0.3417415249469323,0.0,-0.5103709965638356,0.0,0.0,0.0,0.0,0.0
17,0.0,0.0,0.0,0.0,0.0,0.0,0.0,0.0,0.0,0.0,0.0,0.0,0.0,0.0,-1.5586243580311856,-3.093681710312597,-0.5103709965638356,0.0,-0.40393057358129786,-0.5805892994911493,0.0,0.0,0.0
18,0.0,0.0,0.0,0.0,0.0,0.0,0.0,0.0,0.0,0.0,0.0,0.0,0.0,0.0,0.0,0.0,0.0,-0.40393057358129786,0.0,-1.729801660342553,-1.0934136051255658,0.0,0.0
19,0.0,0.0,0.0,0.0,0.0,0.0,0.0,0.0,0.0,0.0,0.0,0.0,0.0,0.0,0.0,0.0,0.0,-0.5805892994911493,-1.729801660342553,0.0,-1.2444830484087082,-0.8887815379509943,-0.5755562554319396
20,0.0,0.0,0.0,0.0,0.0,0.0,0.0,0.0,0.0,0.0,0.0,0.0,0.0,0.0,0.0,0.0,0.0,0.0,-1.0934136051255658,-1.2444830484087082,0.0,-0.5866307804983217,-0.8673719190221373
21,0.0,0.0,0.0,0.0,0.0,0.0,0.0,0.0,0.0,0.0,0.0,0.0,0.0,0.0,0.0,0.0,0.0,0.0,0.0,-0.8887815379509943,-0.5866307804983217,0.0,-0.5705931737696157
22,0.0,0.0,0.0,0.0,0.0,0.0,0.0,0.0,0.0,0.0,0.0,0.0,0.0,0.0,0.0,0.0,0.0,0.0,0.0,-0.5755562554319396,-0.8673719190221373,-0.5705931737696157,0.0
