,0,1,2,3,4,5,6,7,8,9,10,11,12,13,14,15,16,17,18,19,20,21
0,0.0,-0.3491967627459298,2.8447845357521757,-0.9072212913841715,0.0,0.0,0.0,0.0,0.0,0.0,0.0,0.0,0.0,0.0,0.0,0.0,0.0,0.0,0.0,0.0,0.0,0.0
1,-0.3491967627459298,0.0,2.839181008000886,-0.9206388455795439,0.0,0.0,0.0,0.0,0.0,0.0,0.0,0.0,0.0,0.0,0.0,0.0,0.0,0.0,0.0,0.0,0.0,0.0
2,2.8447845357521757,2.839181008000886,0.0,2.7894364987299687,2.62833424488204,2.602998001175251,0.0,0.0,0.0,0.0,0.0,0.0,0.0,0.0,0.0,0.0,0.0,0.0,0.0,0.0,0.0,0.0
3,-0.9072212913841715,-0.9206388455795439,2.7894364987299687,0.0,-1.445272799150419,-1.0429328145381367,0.0,0.0,0.0,0.0,0.0,0.0,0.0,0.0,0.0,0.0,0.0,0.0,0.0,0.0,0.0,0.0
4,0.0,0.0,2.62833424488204,-1.445272799150419,0.0,-0.6408428467901797,0.1376660660816558,0.0,0.0,0.0,0.0,0.0,0.0,0.0,0.0,0.0,0.0,0.0,0.0,0.0,0.0,0.0
5,0.0,0.0,2.602998001175251,-1.0429328145381367,-0.6408428467901797,0.0,-0.3928954636816819,0.0,0.0,0.0,0.0,0.0,0.0,0.0,0.0,0.0,0.0,0.0,0.0,0.0,0.0,0.0
6,0.0,0.0,0.0,0.0,0.1376660660816558,-0.3928954636816819,0.0,-0.5134674087004042,0.0,0.0,0.0,0.0,0.0,0.0,0.0,0.0,0.0,0.0,0.0,0.0,0.0,0.0
7,0.0,0.0,0.0,0.0,0.0,0.0,-0.5134674087004042,0.0,-0.8577331270793618,-1.3602014885190135,-1.034002378687057,0.0,0.0,0.0,0.0,0.0,0.0,0.0,0.0,0.0,0.0,0.0
8,0.0,0.0,0.0,0.0,0.0,0.0,0.0,-0.8577331270793618,0.0,-1.0140972494851241,-0.3250116355584804,0.0,0.0,0.0,0.0,0.0,0.0,0.0,0.0,0.0,0.0,0.0
9,0.0,0.0,0.0,0.0,0.0,0.0,0.0,-1.3602014885190135,-1.0140972494851241,0.0,-0.7610793237267521,0.0,0.0,0.0,0.0,0.0,0.0,0.0,0.0,0.0,0.0,0.0
10,0.0,0.0,0.0,0.0,0.0,0.0,0.0,-1.034002378687057,-0.3250116355584804,-0.7610793237267521,0.0,-0.3566218428979727,0.0,0.0,0.0,0.0,0.0,0.0,0.0,0.0,0.0,0.0
11,0.0,0.0,0.0,0.0,0.0,0.0,0.0,0.0,0.0,0.0,-0.3566218428979727,0.0,-0.6167111554802063,0.0,-1.2974114742952223,0.0,0.0,0.0,0.0,0.0,0.0,0.0
12,0.0,0.0,0.0,0.0,0.0,0.0,0.0,0.0,0.0,0.0,0.0,-0.6167111554802063,0.0,1.4457541308680757,-1.0416556490692535,-1.0684109893932694,0.0,0.0,0.0,0.0,0.0,0.0
13,0.0,0.0,0.0,0.0,0.0,0.0,0.0,0.0,0.0,0.0,0.0,0.0,1.4457541308680757,0.0,1.3845451566765803,1.4607825054588721,1.0777960729964462,0.0,0.0,0.0,0.0,0.0
14,0.0,0.0,0.0,0.0,0.0,0.0,0.0,0.0,0.0,0.0,0.0,-1.2974114742952223,-1.0416556490692535,1.3845451566765803,0.0,-0.930158173959279,-0.6653973314183502,-1.188730896547623,0.0,0.0,0.0,0.0
15,0.0,0.0,0.0,0.0,0.0,0.0,0.0,0.0,0.0,0.0,0.0,0.0,-1.0684109893932694,1.4607825054588721,-0.930158173959279,0.0,-0.22427141215595706,-0.7532858757722058,0.0,0.0,0.0,0.0
16,0.0,0.0,0.0,0.0,0.0,0.0,0.0,0.0,0.0,0.0,0.0,0.0,0.0,1.0777960729964462,-0.6653973314183502,-0.22427141215595706,0.0,-1.3898906566014706,0.0,0.0,0.0,0.0
17,0.0,0.0,0.0,0.0,0.0,0.0,0.0,0.0,0.0,0.0,0.0,0.0,0.0,0.0,-1.188730896547623,-0.7532858757722058,-1.3898906566014706,0.0,-0.9124843958547034,0.0,0.0,0.0
18,0.0,0.0,0.0,0.0,0.0,0.0,0.0,0.0,0.0,0.0,0.0,0.0,0.0,0.0,0.0,0.0,0.0,-0.9124843958547034,0.0,-0.053930610524225125,-1.034950072377168,-1.3282366498435036
19,0.0,0.0,0.0,0.0,0.0,0.0,0.0,0.0,0.0,0.0,0.0,0.0,0.0,0.0,0.0,0.0,0.0,0.0,-0.053930610524225125,0.0,-0.013058382102833832,-0.23468416035701334
20,0.0,0.0,0.0,0.0,0.0,0.0,0.0,0.0,0.0,0.0,0.0,0.0,0.0,0.0,0.0,0.0,0.0,0.0,-1.034950072377168,-0.013058382102833832,0.0,-1.0726260930786782
21,0.0,0.0,0.0,0.0,0.0,0.0,0.0,0.0,0.0,0.0,0.0,0.0,0.0,0.0,0.0,0.0,0.0,0.0,-1.3282366498435036,-0.23468416035701334,-1.0726260930786782,0.0
